30.795256044131136 0.9132136656090185
30.676766582397427 0.9155369482345384
31.358522570769686 0.9365328546762931
31.23696376221023 0.9294047059582681
31.65783632444816 0.92927385189757
30.938315513832237 0.901671378128635
31.556662469425465 0.9383995050033401
31.483053297886556 0.9372910120810704
29.61769843036938 0.8669073211139305
32.14997761453927 0.8902907527081295
32.59988375867096 0.9062093701715639
29.390719129503648 0.8731169404222213
30.592351179063648 0.89611831389254
28.67801303810865 0.7593096305023752
29.282109893104447 0.8723809347829661
30.67246204192713 0.8071368752879671
30.846910004409533 0.9230078126087086
31.312713594254017 0.9463994589443866
29.884344773193252 0.8581203805112668
30.20115753893044 0.9057656270151901
30.737647471450483 0.911784120154566
28.55885462161217 0.7323165881359984
31.024438930502036 0.9362171591502426
30.791626412826073 0.8116243297998026
29.642772132229034 0.882640104945003
32.17002933846261 0.892086381526903
29.174215470893103 0.7378108501019909
29.612445996101435 0.824879404608696
32.153397337756374 0.8930003368855174
28.95758399192793 0.7479001794499163
32.39710131187372 0.9482704498021021
31.26490542254851 0.9426366708328415
31.002908651417037 0.9304877616671942
30.58082831403855 0.80944829141436
29.81661748865117 0.8525731938499835
30.80235983882757 0.821148263431051
29.385668233021814 0.85230752812594
31.83791615452658 0.9156948391837679
30.55303098891395 0.8973750838115718
29.724180250845222 0.9104607521929834
30.662983047537065 0.9213101442982596
32.78365503622904 0.908812224660681
29.461917551828606 0.8858999359773124
29.4797236135328 0.8061128137710503
31.025688854563043 0.926477362524846
29.66667758497259 0.9079930736337147
30.736363524033795 0.9250356090041969
29.13733140003157 0.7737535702333866
31.06142240041903 0.9279910087766564
31.049653949910038 0.9296190999834274
29.240435915116073 0.8209782179634167
31.646332667238887 0.9134571975721897
31.755912301941052 0.9464015763193842
32.42210087312395 0.9125164032689482
29.180352321314178 0.8138638662588705
32.46816192968501 0.9522908775874884
29.3719320512383 0.8884803162947583
31.275872830392668 0.9130686248708403
30.729183386046422 0.9309205728007711
31.235941974029853 0.9317000983146824
29.39802612606779 0.782091392146351
29.24707666379708 0.8708584040185942
32.24751574668038 0.8856590803977294
29.178400192076307 0.8241357982822914
30.389954897205854 0.9194666223137442
30.707134460696036 0.9327313260201275
29.345731629352084 0.8109370783334321
29.033038145330746 0.7684711476689823
29.127621282128775 0.8054757285473
32.85009004770605 0.9128206287125314
29.99009737274094 0.9036762693941525
31.521746450880002 0.9446537462193452
29.577518380970748 0.8678099174792164
30.444843864177344 0.893177165180378
30.892989950636736 0.9284372936246424
29.5824183224871 0.8136786809622758
31.65125545041187 0.9122991959828177
31.56676913939837 0.9392791456331462
30.869692464269363 0.9301258071195795
28.827361541715476 0.774238915450598
31.554433240215868 0.9466431123909677
30.736519378234405 0.9211039427140544
30.39099621671771 0.7932058398094233
29.225816563128355 0.8800021985006379
31.284169360766363 0.9425274933505481
31.477232316827553 0.9111969433585856
30.801811456490448 0.9234966490103849
31.870003657011875 0.9511455563774597
30.552528414280165 0.8968855168708881
30.576276714975236 0.9292925242525459
30.176281313185463 0.9056905440164197
32.38607856228362 0.9472360604063967
28.696019858792233 0.7352300018459411
29.04492238596849 0.8455154518197011
31.856075253002373 0.9167779527794704
31.60201619352803 0.913397966854022
30.165649719742163 0.9129310346063264
30.0505087722999 0.9094046297440915
29.427313581152156 0.7904154652910789
29.508409613725238 0.7951702611059164
30.801769723097898 0.940820116171512
30.621901353063855 0.9212916404347212
30.61253802417834 0.9369147378339491
31.735699237991938 0.935598695882977
30.713502713997038 0.9305336991937969
28.644643290098003 0.7567979245553038
31.56678236984211 0.9350682232939065
29.942012780546513 0.9102060895724778
30.549698371505233 0.9131554622063395
30.239988263965007 0.9074768387004566
29.45412584696735 0.7866933647366927
31.44136895880502 0.9103227412951316
31.90335855363767 0.9519539723440921
32.820567520951386 0.910792644983193
30.22451169170353 0.9100329318451925
31.4413478417926 0.9389609125819663
32.38412101758271 0.8998801168062319
31.4289579402393 0.941233373408368
31.218275368476426 0.9352641202716103
31.474545397803286 0.9101160937331836
30.592342621282977 0.9257664163876038
29.5222291281657 0.8339217987631505
29.10622080040571 0.7560528268504048
29.13910106119711 0.7693541385519906
30.6799295376563 0.7927704735559783
29.841939969835003 0.8514586733377334
29.20319503801707 0.7406845990076742
29.295058276811087 0.8798606209479609
32.850334303331714 0.9142771472571258
29.57938077600376 0.8340185880694101
29.255922026568953 0.8159943034062853
30.562324002533707 0.8971491137963443
29.485088203552266 0.8734775816919998
30.61861652275866 0.9365520862883748
29.836377029654543 0.9152253939083819
30.99070623861387 0.9032132910574522
31.584553802694145 0.9125887934854934
30.945171167730766 0.9256803804654873
29.044348011106372 0.7602780426512042
32.92399287966472 0.944194080115246
30.69983035127003 0.9292253512949761
31.35737992543185 0.9429788813351889
30.593795420238138 0.92765293031428
29.330409827853224 0.808257482744405
30.60745573610159 0.9193806262743496
30.121668777221107 0.918725851548853
31.13869006095076 0.937362362888492
31.010047786671908 0.928241446510038
30.788647837136118 0.795943666040727
33.09732681852818 0.9492743495715976
30.92072323126981 0.9178512445392004
31.099056136146128 0.9382814571493447
31.439939660624773 0.926666210730181
31.199270194466465 0.9285872761365105
28.683754969931094 0.7492549438106229
29.802885025490077 0.9062180622988192
30.807436983139453 0.9200457900159376
30.631461168948046 0.9347401437727034
31.640860757457755 0.9280642833618511
29.387841121000164 0.8605396144651748
31.534477158357326 0.9130939354989835
29.315443138037914 0.8040582093886622
29.30403250336317 0.8010525635646103
32.17686764130845 0.9124790282412144
29.4811956818846 0.7964058897914003
29.037643193415015 0.8402818264858549
31.299704478218672 0.9335043267351716
29.339676663919807 0.8663550253376118
31.60612631503064 0.9298169554901067
31.236040639087825 0.9323539353443667
32.37365569905431 0.8952345294105586
30.75834048593777 0.9202201374577326
29.419691254607283 0.8247734050788593
31.703813152765427 0.945127054939657
30.076448335495073 0.9074662275129498
28.8892424018349 0.7720792258478976
31.45401719947622 0.9489401789481613
29.55823931878351 0.8213229718510308
32.494938582435864 0.9013045913015618
30.530299809662743 0.927439154056801
29.527881117651738 0.8773778599511288
30.817772682227236 0.8120935984082258
30.873196771186283 0.9284586866981428
29.43398456642619 0.8709693606354472
32.03830232320418 0.9515019495169291
28.66475665944927 0.7457427356092781
30.622986118118067 0.9203255126259753
32.59532700404834 0.9606614235731815
31.575438042862483 0.9124283457950925
30.451538885316523 0.8916469148117374
30.34503275818696 0.92108756683429
30.622780803009356 0.9012097153578065
30.279958363977656 0.9198213043786715
29.555746747610275 0.8828542157202556
32.21980860805909 0.9115664844234458
29.546973947955756 0.8924593410260678
29.238449041419106 0.8657476593344857
30.615254469729972 0.7919309071697919
29.439888971443455 0.785060692815838
30.873945721803217 0.8582061296466817
31.033995871333374 0.9288758872567106
30.709136545701643 0.9328595972088912
30.91048464901817 0.9240075229817314
31.585587919390594 0.9126387907193757
30.61550345894687 0.9017882192234029
30.562717215950453 0.8965055135184961
30.817150780554385 0.9183882659985033
32.51197819327023 0.903940412768196
29.849120715875305 0.8556425201754546
30.93961559785429 0.9236890183912388
29.214706880124602 0.8040010135364832
29.496272007155856 0.8140790091780912
30.75219212789246 0.9182411026893078
29.42378479401146 0.7899455571339586
30.477577841775698 0.8433626491387404
29.355610169472087 0.8603646595736412
32.15363423744655 0.8937256341885141
31.073669349362426 0.930446645591481
30.766941298248476 0.808032986565421
29.11557356113142 0.7545520830750047
30.619275721431578 0.9279380781054586
28.853997602559012 0.7723917642234448
30.712978893928835 0.9179470708396317
31.24696222748948 0.9415187572981647
31.58157367228801 0.948160459626313
32.4958108642443 0.8999369958691685
32.16043916915956 0.8902843327204307
30.244743262959297 0.9117755565430543
30.768956733182172 0.808564871592181
30.69292745911121 0.9320913248785421
31.569060181922126 0.9135075349654336
29.210795036139118 0.7060745172968661
29.405910991016285 0.7894163767294384
32.6289299935257 0.9591246745146365
30.73239749924602 0.9206147629069604
31.553392696630766 0.940244829874011
30.804194622963767 0.8542224067858732
28.862649222054024 0.7769577141225946
31.247366391514376 0.930282106539593
32.52425150018189 0.956273465785062
31.09853770665179 0.9310853838853544
31.640632617053484 0.9402902647572499
29.597845992247088 0.8245312739869939
29.602010240440162 0.8805175212620351
30.402434473969215 0.8289522890301931
29.790827516314238 0.9061785913053356
30.821419995182502 0.917083792834183
31.71842403873238 0.9347383713137978
30.66900554424629 0.9030471218702779
29.175307996297253 0.7978732534163825
29.45416012651714 0.8106685818382777
31.416749049194998 0.938270421807072
32.441477692863714 0.8957676201110364
28.8434580081 0.765987478735671
30.983535177954117 0.8173727184926766
32.293684965036505 0.9135023068328778
30.531293928207436 0.8368797604622039
29.434432786568507 0.8669977297465762
29.415609632297766 0.8063382042701597
31.367452517623086 0.9330028977371531
29.618036295647563 0.8211865923122911
29.0675807202531 0.7548390214166611
30.149849738426298 0.9067843228333239
29.02418331413578 0.7515651444885144
29.256165346489453 0.8793723279746288
29.491567874934486 0.8690580589955795
29.646554753679453 0.828396738087679
29.41363712557535 0.8595395276421176
31.213488393757657 0.9290249646489694
29.120358474172082 0.75154640185953
30.21751319118394 0.9175765559270291
29.362006308612237 0.8849917344899095
31.561587480805557 0.9130561298742651
31.220727994339015 0.910771818914106
29.22045159908499 0.7955958335222422
30.934274898714996 0.9185242184282909
31.012927083319862 0.9230310624843824
29.37661920961258 0.8314043027682996
30.913717389793224 0.9333156334444782
29.44645229828772 0.809986050849887
29.94911122143822 0.9162793987744247
29.117685120069904 0.7227432645868243
29.537199687587346 0.878883873851032
31.40463416612318 0.9389696971230074
30.463614869794682 0.8935758599268157
31.36550114987784 0.9371756503195042
30.614851410738247 0.935873102243821
30.263313560607283 0.9202299536524988
30.80639823374552 0.8253720886709742
29.058792283857215 0.772453926763917
29.240217441718507 0.8630476730726414
28.98488041577895 0.8402579331600272
30.764250879531634 0.9243960629029389
29.292057488576113 0.803955953681209
29.448546729240277 0.7928745229273844
30.920806301506442 0.9173842449845293
31.12468352560505 0.9292235632311291
32.22766761365408 0.9121331265984741
29.745096535749063 0.9133871395881163
30.159870526410405 0.9188386906097193
30.936576588671766 0.9011643107295262
29.09887623653303 0.7669910631521926
28.611768225892288 0.7366270477819943
31.09500311860095 0.9370056150077639
31.31217615349673 0.9428725426633113
30.869311766658495 0.9340335677397174
28.89263942056551 0.7507544269459944
29.016201743320394 0.7610668385093665
30.50257053239999 0.9137956766031984
30.098215668095214 0.918593780783831
29.026346364589713 0.7508234965105823
31.181275328576014 0.9181513419633996
29.425777116386712 0.8169737566921456
28.859905535108325 0.7510189368064373
31.60859947248532 0.9236052774302431
32.234235870244994 0.9118328644635452
30.239057472285428 0.9188430872731963
31.66152697886449 0.9143513190791546
29.49839452148113 0.8662305232535735
30.73060656354269 0.7917985736940619
30.641959524609696 0.9156946923006427
29.455817294090885 0.88936533910067
29.099389868019728 0.7645330452697358
31.51244006658753 0.9125674763139009
30.730051318153993 0.852572174993796
30.921069367738838 0.9299850433350335
29.948943445463065 0.900270074095692
29.52923422918742 0.8741098165923532
30.725454628768183 0.9338729945627581
31.178137090307423 0.9289749233618951
30.177637745692124 0.9071106143445314
30.78462169706072 0.8164823316614598
29.191412275877195 0.8787529029010283
29.521601604998686 0.7986091941081334
29.60137729460466 0.8792918053914495
30.246585403807117 0.9190781992158004
32.506171871333 0.8977996913754573
31.105250114460926 0.926642502112683
29.712540417148944 0.911448627033663
32.195595243348556 0.889652509732151
29.373930762034405 0.8858280716468776
29.60497062185918 0.9218176806342813
30.412001011748178 0.7935675720447111
31.115795622581622 0.9263377947507079
32.427814239937 0.9020097123236431
32.149066190970096 0.8901974016636196
29.459258395988982 0.8701006931789675
30.58288676823849 0.8970343518962876
29.497794690138107 0.893654352245763
29.44560251542569 0.8905615662360502
30.029995069304903 0.9089249565651658
29.27231262440391 0.8448028319888672
30.873561965821942 0.9140061810490001
31.253408457722273 0.9295424194514843
31.874469520944476 0.9535389309756216
30.854899342525894 0.9148137272634305
28.7849359852561 0.7690216516526748
30.777326989010515 0.9397596383260488
29.18346958418781 0.7445404935154156
30.14118600291563 0.9183485661885507
32.23975686182118 0.9111580873371696
30.350742194229568 0.776407706176718
29.850318025532022 0.906400135646077
29.41901901050653 0.8249227517694597
29.13180771762753 0.7663780498649447
30.609401011540434 0.9360537532493376
30.630284908760792 0.9368452569533213
29.225872791232256 0.824258941063171
30.746027428276935 0.9152805433336126
28.705338536759527 0.7470417069720702
29.353045758789538 0.8546266573093659
30.359292655554423 0.9222819690922118
31.49051763653987 0.9483714836323056
29.433125077078934 0.7897538733330438
32.166415308262074 0.9127959074248002
29.50568539425095 0.8819687768477452
30.63345966241263 0.8998215215659965
29.280767414600778 0.867273630882004
29.389886669273025 0.8128939765253281
31.22928871668894 0.9245929101320863
31.214746878618826 0.929536130235759
30.788857195311536 0.9287322119724882
31.89352784266625 0.9235468817750555
31.18471267409058 0.9256404564751498
30.827975455374663 0.915468502551697
28.716540315876145 0.7481621832502248
31.18794718521901 0.9273074457363926
31.27413561874623 0.9405517628497706
29.226191982205897 0.8696172636320203
29.506978675728355 0.81718243039658
32.406865687181465 0.8992645605405974
29.13817913388114 0.7480044945531884
30.59708646873716 0.9213581572033922
30.909505710621282 0.928250104945865
30.24446818245043 0.913802888337744
30.781541704365992 0.9122886910462296
30.736951063725613 0.8033155640620397
31.799972041643567 0.9417048443721948
30.654165217140637 0.7963997290058586
31.176242451605066 0.9238599347908107
31.91345960440364 0.9464931434670504
29.032567275864928 0.7461397689312578
29.118661328385997 0.7505580636648658
31.189463975373886 0.9292846764783322
31.05352293584595 0.9291033211619644
29.184271772255194 0.7922761614731486
30.02733414660149 0.9096663121661633
29.08762283455724 0.7131765257412712
32.80635050507178 0.9141370992623149
29.459602190793525 0.8759868321228779
28.67056629373398 0.7426696069639422
30.980823928792802 0.8292156367179616
30.826361960114774 0.9117958636239719
30.69817684467604 0.9348289193438336
30.71287175669773 0.8075683799318047
29.33676290098775 0.8689788262844165
32.31119646580167 0.8963218947173065
29.52397585105118 0.8819966278955179
31.5012448605115 0.9126002487762916
29.351031480624247 0.8743516051042644
31.387843386106425 0.9402069319345951
29.221219898217413 0.7972043879198689
29.428824788712127 0.8596609854143312
31.49465489461937 0.9492588150456746
30.87919011347795 0.9144773540715035
30.507448792810948 0.8507740256766629
29.412523452304697 0.859635588102516
29.816403808269108 0.9059097549648737
30.0447111669874 0.9086612967486354
31.579132596066533 0.9480330823457912
30.906668983544247 0.9230371116911985
32.513389757753465 0.9091743412673776
30.917782591518574 0.9144165322034817
31.21459408671693 0.9353179267592813
30.645378248383736 0.9215062618141626
32.12450793035211 0.8848269085101272
29.01091069363975 0.8407763462868835
31.26035124311725 0.912383449901173
29.79714298176908 0.9049323249257463
31.207340626359134 0.9110209352718195
29.951543072934598 0.9102691386350724
28.863346951483287 0.7594481607598335
29.40191826040051 0.7811942086225736
30.984038130467596 0.9201849012766695
29.053252923565424 0.7833469015855683
30.653973229926223 0.9153546219343932
30.011562173948512 0.9062300377802087
32.453148200049554 0.9552485155829014
29.041541205757404 0.7722731691829267
29.85043896282675 0.898134577545736
30.777390025879953 0.811966887141622
31.06931266252955 0.9230236986563969
31.02334446487175 0.9036862644019142
30.03110992714044 0.9086952850316437
28.688344603109993 0.7377310630111273
29.256238622687682 0.8049560130499734
30.301996480252974 0.926300625116675
29.25495221296428 0.8678281029786932
31.633479832148915 0.9122637185401645
29.20279290510181 0.8743134494915779
30.60612486134434 0.9365659843286818
31.839161317981564 0.9182264622539562
30.92376583286729 0.9228290806863247
29.667420200911252 0.8188450853569584
30.047819712228115 0.9102558149946431
29.543560526721883 0.8841445253356022
29.658341789767697 0.8819112315046806
31.269568519055625 0.9387688769294544
29.09187723808879 0.7806783006424637
31.253551483844326 0.9330155037732919
32.40875053057295 0.8910508654814526
31.218730660040418 0.9321224209423243
32.59586794092195 0.8993939656083326
29.375674183518456 0.7840346610620158
31.935061295822 0.9538857659827304
29.452755080406895 0.8807135960725277
29.92432428671812 0.9028384981204969
31.141139265440817 0.9277207754417348
29.448419460499377 0.8870070009370485
31.558159632919388 0.948237378280107
31.4582660577352 0.9093948532810175
29.605015336701687 0.8774854111039699
29.67900850952333 0.8891245123315167
30.458280606370298 0.8935379826553644
31.65823523250444 0.9408513676938302
30.879051371040394 0.93232496331273
28.717542841479982 0.7447994043392769
29.244344850697512 0.802155857710119
30.250327864015553 0.9150591507517967
31.474914557850223 0.9116832443780101
31.860647814202423 0.9523180029912429
28.768683747658322 0.7803036125577919
29.260933836731326 0.8082809374401931
32.30132039899309 0.8937804024200632
31.547475166559728 0.9475697691593808
30.6617992429787 0.7979138013623124
30.971803672266947 0.9021752622801448
30.498705366327883 0.7885697532235121
28.627217916539713 0.7472016664726128
31.594761808293484 0.9124735376426784
29.146457372210236 0.7663217576021742
31.276194841676155 0.938034411758244
30.87424141696617 0.9222431092846909
29.467475807641254 0.8771353018517525
30.633515309239904 0.9368037408313318
29.43901210119673 0.8582960942337471
30.107380154947986 0.9191257758390284
30.553739680556404 0.9281155634000369
30.13201223224398 0.9197605641509666
31.61797450900769 0.9132125018112067
32.21381343722742 0.8943839084654701
29.797611850499543 0.8945042072189485
32.182917268907595 0.8940454999225697
29.91679609487866 0.9172896258570231
29.82807097054467 0.9053878034615505
30.979405513422073 0.9253396519625137
31.606078951499185 0.9130408385567581
30.4991473056209 0.9232608299492946
30.980063475054756 0.9327161335132998
31.182355549985083 0.9256431904644825
30.843784468077192 0.9223419212556635
32.320968749068506 0.8981075728464013
30.37576773369665 0.9223840458561656
30.58740935157585 0.9196462246329079
29.07663429168677 0.7705788093615035
30.930386044865212 0.9219456685918728
29.055681399356395 0.7906855353603194
30.942519769943214 0.9307740519719199
28.711368255527795 0.7381101874578275
29.056200550043492 0.756152431811528
31.482345445712344 0.9332098021016094
29.727774782606595 0.8912019044820316
31.927772107926017 0.92279090277595
28.929769720978786 0.8373276739050124
29.98468112705631 0.9121840825169174
31.836456149614357 0.9467289490285049
30.044907535454648 0.9081189624834943
30.613211222551065 0.9188466882916422
30.81225052326717 0.9281568412920881
31.611663778127664 0.9122786976825303
30.90552480205435 0.9173511294475168
31.0150022917021 0.9345352930340738
32.54824788976386 0.8890148092114805
29.32632678330643 0.866664738650829
31.615519263809297 0.9127387016855808
30.558416301823957 0.7956634031041258
30.073411481641244 0.9062034083408477
30.915122371725957 0.9233863776084806
29.098714556912277 0.7535314876485906
29.847453857058813 0.8550349166204585
31.091233386597207 0.9279870556745176
29.48544497320748 0.8850997144686267
29.50481982822023 0.7955677761910911
29.003813245491937 0.7537001846652338
29.916963495298457 0.9099429386875897
29.681702657845292 0.8789071524022352
31.240119685791832 0.911251078016831
29.460608523875745 0.811454235140605
30.49338911566538 0.8948528636156348
30.59472208198921 0.9287502019387444
29.576308899721067 0.8783352949884362
28.740334582150922 0.7703271120603503
30.6330244221021 0.9186408650826191
32.48125353306356 0.8994357155405088
30.34213986479123 0.7845739271189386
30.599539374881775 0.9372962976030894
29.65653390171704 0.8890811617558155
30.90248143203427 0.9176808091403567
31.078839465600822 0.9208705185161056
30.872704344102534 0.9170149507486152
32.47714036912565 0.8923445610464633
30.56679843814708 0.8951341052738095
30.685816659670397 0.9276593939715528
31.13374361518845 0.939229882420437
31.829362587290042 0.9453664094989084
28.912641364271387 0.8248117170636777
31.00875969295137 0.9210024783878913
30.344098673733207 0.9236330212622197
32.39697011920741 0.9137558167796077
29.384064101822833 0.8658197143844114
29.28966308634271 0.8706150569818891
30.782922184116117 0.917402717192035
28.59206828536014 0.7355266565291774
30.236511403805405 0.918502019884643
30.803289552633338 0.9228374985244745
28.953125655016304 0.73724190241251
29.015329694784285 0.7405088589134295
29.657393711512263 0.8299437690349252
32.317645217828336 0.9509786960731563
31.002647773656072 0.9360864919309521
30.598285275769058 0.9365648738425953
31.221356059045192 0.9295631168132349
31.246589411479384 0.9293134972637274
30.55204709458973 0.9273679814240269
31.442531164894156 0.939474046500883
30.789338625729606 0.9175332981641586
29.177021068577314 0.7305690399277333
32.26687685012833 0.9125950857739691
29.049699565835773 0.7217427615451412
30.752105431603844 0.807535946259125
31.573380560758842 0.9490981690576274
30.41382249526158 0.7877800112771375
29.165662742906076 0.7505928381841002
30.69667917184699 0.9287667856801991
32.44194662428958 0.9130943022808656
30.940566440371057 0.9325365219470391
28.906588744501143 0.7753476408661729
29.232399276218025 0.7952846840732616
29.539756297600096 0.8822227049275679
30.214596225243557 0.9210008315838305
31.05351565850333 0.9280193506607095
30.417952280829738 0.9203738382064331
32.56895368581455 0.9072151253768399
30.642519661510704 0.9032341429962276
31.925129220656263 0.9537016146902991
30.567658039537005 0.8970736165075962
31.402088220446633 0.9385507141953493
30.742463182543606 0.8591226231109395
30.134618259272802 0.9207592729489129
32.48681402880054 0.9003859061453708
31.749390841478302 0.9390210614744069
29.436529914578795 0.8581463402723453
28.810902463985222 0.7650408426766314
30.488674068352832 0.8948569285852432
30.90756094531942 0.9286640606022555
29.010546959754162 0.7418787687230561
31.53958961323507 0.9124881255131249
30.639885610255867 0.9122728193169597
29.008475656360755 0.7408925293283845
28.697776815784486 0.7497342741792387
30.867477963959114 0.9274394027079959
32.13306174809474 0.8800123408118532
28.98965322569702 0.762095960047185
30.717885971193503 0.8101590675262589
29.06592797993916 0.76635550272927
29.226241599489896 0.819690569246515
29.560421319037744 0.8208468838113271
28.974223549462295 0.7456942015554301
30.61635605149067 0.9012095679293821
29.31237481300421 0.8661234697999184
30.741739169803452 0.9310157927864366
29.093697450742916 0.7952653060005053
30.477618289239523 0.921883798436484
30.91917125020863 0.929270390662155
31.517051681987994 0.9453077524779065
33.39420481349186 0.9574295724946407
29.698493570161936 0.8968431358032574
31.04361996698412 0.9360256989933851
29.073019716227048 0.7010763115096011
29.863547293321982 0.8871976244784785
30.247337636507726 0.9079489893448129
29.382950554999336 0.7833469478521677
28.674175594948643 0.7417238848645209
29.11404840855392 0.7347732208555982
32.18701342174794 0.8843817788726531
30.64576503949069 0.9314510661372244
32.169758969047464 0.8849377145190884
29.62774767518834 0.8781423406502379
30.280854622211884 0.9236279901809391
30.94540895834337 0.9321029592984028
30.571990917735512 0.8979815904559679
29.447054747367588 0.8678000830954172
32.95142286213525 0.9419635873270357
30.403975977115458 0.7886169319059737
31.30088123326272 0.9405192699025804
30.910260137144512 0.8057509349114649
29.258196998498498 0.8092040216472398
30.782473545804443 0.7901164813257457
30.883891691521576 0.8640616692007989
29.135972274164693 0.7591580644160001
29.232656925175885 0.8661579980552297
30.82095621970279 0.9222442290812942
30.962508273980667 0.9030039442228919
30.510435684265858 0.7850604857873251
30.142967025891064 0.9209869400371131
29.87487487396165 0.9099228429347287
31.012856651250623 0.9039470814239283
31.221875102778988 0.9123947018401782
29.445873708769923 0.793337460738324
30.90756500503026 0.9268660328478432
31.15732361293339 0.9301043925562678
29.25642533454905 0.8162386802621976
30.30259331623451 0.9183732768541314
31.60866467504013 0.9379876590156297
29.337907845293827 0.8519862270760308
29.464890129955236 0.8100472192119086
28.822272388773076 0.772990456096031
30.96470651005673 0.901413685023083
29.012623450255273 0.8439337291470776
30.25891230342319 0.9137233213206235
29.58885137938559 0.919191847536795
31.557847144255128 0.9425833554483537
28.848236833498405 0.7740794734994582
28.685295882410795 0.7371181913891064
30.678192194444787 0.9269255729364122
29.58668360486991 0.8683933543758604
31.240617599403507 0.9292589806527793
30.11037238363486 0.9213136571276583
30.445460172362665 0.9032889798589203
32.57906890275169 0.959935685049571
31.84645266903327 0.9481965679592588
31.29292331840922 0.9294928178933867
30.933440054500206 0.9016574667337902
29.050916170869307 0.7688351247015329
32.26429644351777 0.8932379634742736
31.225187212742718 0.9351427526982916
31.28983845132765 0.9291142142382965
32.220924697941676 0.9123958781509165
30.57527049238416 0.8003562444274178
31.19454574618748 0.9371354981478358
29.954757741837575 0.9129468440931352
30.539179741670246 0.9245291621398346
30.980117690475048 0.9030486949665998
31.39221103294905 0.9408769334851733
31.53379807806526 0.9408643248448746
29.275806470175084 0.8322928574225761
29.776634259709564 0.9095870367902656
31.044976547177473 0.9227192341482824
30.918381087496535 0.9290333945178717
30.416589268791082 0.7983924224107606
31.280274342994968 0.9279044196510936
28.75032714232299 0.7782046650648
30.890509314187767 0.9336930357257063
30.653858348018947 0.9237293119723948
28.795560165280616 0.7728236712534468
29.40155680621707 0.82610094725815
29.5939639331542 0.823907743167871
31.428387002726446 0.9111290307186006
31.578589268069464 0.9399564384121878
31.859263713076743 0.9523270363453709
30.109498461354697 0.9192244590208387
32.00217762366097 0.9501938678350581
31.37827207595329 0.9377788295591295
31.90882567635105 0.9230501405579798
30.653559669281393 0.9026753322477318
31.057455603783065 0.9295369602007212
31.082869811090802 0.9279008321299592
30.932696290667018 0.9279489077166975
29.01310073562218 0.7590225641415296
29.2130369584409 0.7342710235011684
32.517251970965916 0.9004496091535554
30.816875645314546 0.8215687116652824
29.027377561518062 0.7744619087280333
29.030136931977694 0.7467354418460567
31.707300044705825 0.9484068933170146
29.67928570217417 0.8297758300846484
30.000017392963905 0.9085576711556332
28.781124182315732 0.7561247859718496
30.73456913186909 0.9129671874510009
30.890467528449005 0.9320290657525598
31.2782618210128 0.9427846460387317
29.4992912927623 0.8720954459215533
29.432996717624256 0.8323613596676162
28.852746898701955 0.7635783351593457
32.63607935997311 0.9098969924058588
30.849770446772048 0.9340755472453806
29.457530720486353 0.8053754120939518
29.567022205981313 0.8717522633942129
31.234074182838285 0.9395196659749794
29.717559168962232 0.9015506528784956
30.979270411094006 0.9036851894998896
30.84399330062881 0.851532161644569
28.966125479671156 0.7421671489067289
32.55389883705974 0.8963589277145133
29.360949203716636 0.8612911618373135
31.654911581954792 0.9461031742183706
30.62972152390579 0.9220941349896066
32.36843248158944 0.9468460182983692
31.588781031040227 0.9129647282174207
31.820581695513287 0.9474385068303457
29.41518753494151 0.8232806851194004
29.601049337113558 0.8829991426777004
28.967261933102595 0.7315279953767948
30.74629419967176 0.9154421839130055
28.91835369949089 0.7632429589724118
29.804780922612263 0.8525570834966493
29.525544112105408 0.8151300212162994
31.164887636646917 0.934854193366355
30.5095705410783 0.7951497175315448
29.553942415233113 0.818399223437122
32.62169116731364 0.9087488948233121
30.043664240250575 0.9089341169211682
29.69110721528046 0.9069591155876158
31.887034304746045 0.9231423815526068
32.213997713168766 0.9132913015338752
32.15087625648538 0.9114806517783135
30.719681257762552 0.9153170173930736
30.919895330452654 0.9242493887862011
30.665650348029807 0.9338483087932857
31.136423964258704 0.9418882695824954
30.5288251812664 0.9096506605908742
30.965163678930136 0.9023941651629064
31.507251631416587 0.9454714956992544
31.499730584222213 0.948833944549463
31.222089546465575 0.9336160493902521
31.179664000402344 0.9282772287594564
28.643863149932915 0.7571475644188461
30.962113871674646 0.9026844334519208
29.447257773746855 0.7918427658577415
29.49319189378126 0.8113283644539576
28.614720571388386 0.7407707677644157
29.116511307746926 0.7584567039596478
29.713789061637335 0.8321671390476518
29.27821258488878 0.8673496157775707
32.23108484797318 0.8913535811790876
29.45131874740496 0.8659474554945648
29.074454573489078 0.768594258387704
30.382426578279645 0.9259647012480625
30.460953024056217 0.893685609992875
30.47972575546587 0.8922489467456556
32.25672466136917 0.8917436143058212
29.596489548445383 0.8785575372790837
30.872642324802865 0.9135172680012454
31.57801663603028 0.9489458888362294
29.489709556199482 0.875481370138224
29.4805725005849 0.8657943364417964
28.917324616426285 0.7869626163273663
32.46485673853044 0.9141086778559157
30.625368990233408 0.9112908155307838
30.01437715423048 0.9084224888015903
29.42624488772017 0.8660220867978317
32.541903934542816 0.9541240439730057
28.71682777876691 0.739682370089495
29.55005939046964 0.8894636148295161
29.1999866885631 0.7999351820213021
31.17588861237575 0.9271401976043115
30.110050723746276 0.9197100981260508
29.663416947839934 0.8810207675902715
29.15687307552634 0.7393075825658831
30.57809718360709 0.8052253742835482
30.98730708835335 0.9028460540945312
29.874838814442306 0.8563340260289227
29.380104914874657 0.8524210789367096
30.484142859095826 0.7917917555421473
29.901008698365526 0.8582764662098976
30.74369993685456 0.9324812504151279
30.695366038761215 0.8079244228066984
30.9532729344997 0.9228154410011663
29.95914353845481 0.8611734307055757
31.255720606806662 0.9404941637245601
29.906002167172918 0.9169370904199206
29.16139757505801 0.7862756894723861
30.885935489150267 0.9164210911765169
29.343370893365154 0.8270777004776239
31.371877702009883 0.942117406544143
29.34220167030454 0.8454258614465118
31.335927612715256 0.9384393664859324
30.465130336969565 0.9213810501923774
29.319617161182133 0.8680620509945988
30.88407931140971 0.9150116541329223
32.35220097192791 0.8955775370411827
29.241135288252885 0.796290807008621
29.990028135316777 0.9018152692802066
32.17211540439851 0.888060392865338
31.03734198286924 0.9271905243645145
30.530388640753255 0.7909791035628768
29.716487392465936 0.8311611545900917
30.405138068755562 0.9182420061647886
30.106030858798988 0.9100566387890291
28.691573866934217 0.7344209196279804
29.419474910912115 0.87031556504918
29.55020392897869 0.8651859025745825
29.48518339127704 0.7957670895505918
29.327674015753225 0.863306412941778
31.52879360587507 0.9360983445576381
32.45612669343265 0.9134214747386474
30.78241148694364 0.9327466765026351
31.583209091738084 0.9120243441821493
29.157494905733813 0.7534210905644452
28.966611703392164 0.8349481575849992
31.549419693301978 0.9517931378340477
29.59516333725893 0.8256079052923674
30.86178917334297 0.9280371543534672
30.673931636822562 0.9028687122619474
30.920826119150583 0.9178020985900481
30.470567738668557 0.9208991136142812
32.37070781601638 0.8904899239353762
29.034884326527024 0.7441362331377126
30.898455368377068 0.9221810707012874
30.701386667052212 0.9308242195533125
30.770394055314803 0.9181698975109716
31.036488763889718 0.9293230287785019
31.552572812102483 0.9122216187467407
29.39722571497874 0.7855730693804777
30.447885134346148 0.8924276466607206
29.45673147662316 0.8095757091568476
31.468455241543275 0.9114952680692938
30.934170330178393 0.9323486419772583
29.92189813408448 0.8961905159362289
29.094703403618638 0.7298190915662851
29.560371305483795 0.869174075635888
29.81335595500559 0.9046105044446329
29.549649758831322 0.8824194296100574
29.051216756931307 0.7589545352870387
32.1547323659653 0.8930557623457421
29.680128403047558 0.908411716447063
29.251796360404896 0.8078047988240654
32.14791223570789 0.9112518935098496
28.68163826261849 0.7539348535998458
30.381414404821435 0.9205450570439191
31.670773812631516 0.9127584214987977
29.023488727645486 0.848549934847217
30.602326157490907 0.9295086667304904
29.504880962834736 0.878109039956239
29.425299006479065 0.7899818542456156
30.013176489571507 0.9096893498123878
28.978480728383165 0.7419470081571279
28.681543104748094 0.760671157985218
30.07547573914822 0.910001753361905
30.82059276895986 0.9212259731343719
30.728055930843936 0.9139531264593749
31.23207595217565 0.9334779642602938
30.945983695502566 0.9320593988923552
30.80292308583214 0.9228671597907984
28.739020085310365 0.7552859947855012
29.19214992789133 0.8764935324007981
29.5967258998646 0.8193794344090761
29.462068499509133 0.794506972313978
31.505136747637593 0.9134497969641134
33.12193826274731 0.9489297073013544
31.04774744336258 0.9295928961145684
28.716717138437783 0.7615845335992226
28.984275340575877 0.7559930028830733
32.62802654144514 0.9600929033288781
31.16111674590008 0.9397971126050518
29.68637491139986 0.9148000581902838
32.828776803054616 0.9066831472317344
32.53312521743277 0.9033655004600782
29.342828715279015 0.8589899947772068
29.38459144032397 0.7852571376964658
29.624588434598984 0.8842404466314717
28.98954306895845 0.7386024788668266
29.626239399694185 0.7537518856040964
29.52063118814978 0.8329395007982977
30.736756162431192 0.9279614461701045
31.3367016224425 0.942346609775535
29.485080011263626 0.8102326056240761
32.25063815655711 0.8976184508835541
28.708283109698055 0.7707533621183387
30.64323292218859 0.9109055624612856
29.364551733679637 0.8763952577592696
30.876026221034003 0.920173384892041
29.16170210396224 0.7536841743254978
29.731481910656555 0.9230134418680881
32.32987336933935 0.8948625945074453
29.077322514639746 0.7546194577070897
30.621537206479687 0.8997920083685881
30.035050824293286 0.9095207468840464
29.396073244516344 0.8911925119356326
30.023979644876746 0.9024129187665332
30.672711512349537 0.9032704251184885
31.600977840585873 0.9276010230203325
29.26435142558099 0.868321841488922
30.81782543928012 0.915289858894515
28.947493584798465 0.7538876288373005
31.1695215562887 0.9372617160515306
30.36269688470567 0.7801040371948871
30.813925266349305 0.9308576372760633
31.91546079070804 0.9537065740330629
31.008874106982187 0.9332736943594234
29.85561526423908 0.9065660317864171
32.11716147908228 0.8854307111317744
29.546535327682435 0.8655618176380562
30.620977742203262 0.925877790141713
31.054174587341347 0.9197849490459931
31.498436685731967 0.9114269268111743
30.61485773592002 0.9036670662941991
31.839363904594823 0.9185741077613646
31.230382114371395 0.9400412718692869
29.157016497340095 0.8752297015683305
29.15241633856082 0.8773696076334367
28.82786114460628 0.759639674723184
29.735096956257408 0.9011379740824126
29.97163086780617 0.9141335880679567
31.496866041354718 0.9247623323083235
31.67739307671239 0.9329279516316469
29.67714694316949 0.8291732985199999
29.03841924261433 0.7777015572933352
29.60552908913389 0.885575699846493
30.880029653551194 0.9287920879819129
28.71389308729909 0.7348264042186526
30.74881851680649 0.9353770777854651
29.27373312336398 0.8198967739728388
31.447124875959688 0.9363730713101303
29.06930941902037 0.7646180133661004
31.637297432239507 0.9130930334433239
29.556365542797565 0.8200003471639876
29.019884625745735 0.7732597644308883
31.57233326024123 0.94869913233665
28.559547607069923 0.7387963169929684
29.44341947504974 0.8578631977010611
31.6086796240565 0.9264642207884177
32.394528904421264 0.8959205164120966
30.641793534277863 0.9371667920806853
30.83409108118747 0.8116926464241163
30.596849619384315 0.9357305971665786
29.488908468686716 0.8152868597639552
29.77343220342705 0.9030431389092509
31.032909859231864 0.925068058235583
30.778796774046313 0.8018888547004863
31.58618813001338 0.9514287310899804
30.972521471865182 0.9161804169778056
31.73984972201574 0.950371070306215
31.2320348303681 0.9400121386100466
30.17432678265303 0.9181952175215281
32.58939708685497 0.8961383516999221
29.083761863802373 0.7372004665732342
32.23689918487719 0.8930870475594206
30.739927452443524 0.9147194972252807
29.11169984358674 0.7820051698247813
29.432484281271453 0.7909910859920909
29.0488419352915 0.7411191015781031
30.730292686580164 0.9134405168338169
31.508812981905315 0.9381264033830796
29.340479744297273 0.8543532214921286
29.436485743926816 0.8128265980963755
31.25118776096834 0.9420539938303985
31.522304851247114 0.9396857195889662
30.639714101053745 0.9215495063334689
29.281936964991893 0.8185194484364112
30.52442139563095 0.8048845120210749
31.748616873102698 0.9480796867215149
29.41367185451858 0.8504413786844907
29.626405639010812 0.8359999492011114
32.76838609491796 0.9093503389938055
29.46430053756512 0.8605897916983846
31.114694357619488 0.9354390129227711
31.654901616436327 0.9425339966218682
29.095958006972793 0.7676264473989496
30.01212128028952 0.9071632384239091
30.60322890361605 0.9009038631565712
29.566241310789906 0.8198010315615569
31.838599893872566 0.9517939823425452
30.690498228989192 0.9344918167710935
32.3991967364908 0.9113168901088186
31.04397268734295 0.9232756367220193
29.44558067379058 0.8675779607565484
31.623509875140922 0.9395563549094682
29.941442910175912 0.8981685922073739
29.311456218595232 0.8142769421824546
29.682213520555152 0.8875379392201449
30.210389487321816 0.9062525796628952
31.281640830300613 0.9425637589302424
30.964155887026024 0.8156439390290181
31.387999373457845 0.9419752671795152
29.604204525604807 0.9167038263906457
30.069607686643955 0.9111156086635686
31.78413874022724 0.9414191557786887
29.384536740509883 0.8869238895382167
30.95211832444509 0.8134928840006337
30.975883495465588 0.8192832460170958
30.628070889411664 0.9030808543223051
28.685806828807095 0.7439377290471787
30.603864824036698 0.9171004659715715
30.183943969340067 0.9145213880824868
30.653624508902745 0.8111579953937675
30.959259017693192 0.9231437173367028
30.48100888054862 0.8445460650899351
30.107108461449958 0.9185080610929983
29.570055294972505 0.8157676617546216
32.32888698621357 0.8977208463476443
30.568461238658635 0.8969414779579077
31.27361500295613 0.940977936058607
31.912252990757473 0.9224603592575655
29.549134457904994 0.8899775357765659
30.349879956351906 0.7903382256561268
31.029006581916928 0.9045153373938639
31.65412212656925 0.9306260732653682
30.300424616093316 0.914021274170619
29.099827876975013 0.7595045362946259
31.680914113193246 0.9461504455516183
29.358825344920348 0.8678845943450804
29.01564148323411 0.835023817173785
32.96140328054287 0.9468334413628094
30.755290567074027 0.8016880727628765
31.514062724583816 0.9395582755170087
30.617573861097135 0.9281271360657123
29.40138364798368 0.7863418374930116
29.649076307274562 0.8703098704296357
32.430368397476414 0.9130753217341343
28.64852662796277 0.7509800615198334
30.786976757027045 0.9339899908566196
32.51173423181665 0.8958803702529384
29.79460501077024 0.9037474818452531
28.713267620367574 0.738497004655874
30.87369731045679 0.9283807581190984
31.341688942389684 0.932242208828495
30.804273643895502 0.8075635844230571
31.019452548374854 0.9262445761689956
29.480982683345545 0.8645312343502113
30.08483259581059 0.9119370603138767
28.875115191470627 0.7798593241944077
31.103836068851137 0.938492770460335
29.279361542088473 0.8116818209558543
30.77799023523694 0.931566060293797
31.825079241698656 0.9167842738844607
31.376014659432233 0.9393365530860479
30.621380103254996 0.9191394216396517
30.80304092254081 0.9249691078139046
30.711474556565427 0.9291971942450168
30.84017509230987 0.9165663019884138
31.58477015914283 0.9406527788762759
31.87555812488569 0.9515333916061263
30.93287269164941 0.9207439004394087
30.789024162398505 0.9179416916380176
29.134965535157832 0.7309901760962705
29.616063775028483 0.8829941642656528
32.20978070325899 0.9114915858340986
30.585313823419757 0.9251427245184952
30.87151431876706 0.9142213703764496
29.141228418108565 0.8197672989227458
30.115011168967797 0.9208000690531559
31.960266006928183 0.948136992756749
32.56074624591389 0.9563412510342378
32.13680903334409 0.8824774146951367
30.70660623993 0.9239569591335216
29.821958491407585 0.90527923027405
29.316792064247966 0.8704290173475808
32.18153181476116 0.9117081841475054
30.56565506913239 0.9188738113143882
31.39714621284174 0.9410395980650113
30.016272676889123 0.9050104467954853
30.787385844978623 0.9181292266056712
30.599455420857655 0.9183538866597932
31.46400166534322 0.9108732134259
30.473427973551537 0.8936806188988798
30.550770982778587 0.8958380802260021
29.484536233898663 0.7971835267141888
28.835341434985814 0.7905200016271484
30.667433385584843 0.7896157901776621
31.44415485621828 0.9101596122189697
29.815309676841633 0.9043416678884691
32.560059197572805 0.9501823690614423
31.240570260090404 0.9414810106799429
30.811726570433944 0.9245663150765705
31.033001232033808 0.9248705976185567
30.952506897680415 0.8225147266225952
29.40651052382927 0.7873456917029804
31.267553599953946 0.933588758741831
31.610247966301873 0.9130286380422997
31.8963731383265 0.9476591146273289
29.295610021859527 0.8231402288507684
31.25146986332403 0.9328964423614161
29.83460005006641 0.9066844770655771
30.06755781436674 0.9072048522808176
31.191224266110183 0.9315488891077476
32.10561403364548 0.8874265337949097
30.98767428680219 0.9255376726148068
31.011791158943712 0.9250272454862887
31.91866378822478 0.922232504733558
30.58867942652565 0.8042188292525625
29.57571892420406 0.807449961092937
31.955503689581786 0.9504450613631209
31.324340245936714 0.9368322771778581
30.10642513852494 0.920953892356957
29.82978277427688 0.9072280612979722
31.22963877220556 0.9313253799943961
31.5334326317469 0.9105385922311218
30.439848986144 0.7991797460107064
31.293305457527126 0.9385636960904489
29.22928606091557 0.8202485392513832
29.052130115508845 0.7579491282049033
30.874171587046465 0.9269730792756231
31.31529685222446 0.9426764317967291
29.7837702209744 0.8025765376255465
31.139414856454803 0.9285407979865558
31.226658810583046 0.9398738172847655
32.634761497383394 0.9607842764700217
30.25923981863397 0.9098849267431521
29.386713257395893 0.7839513893710288
29.482387536178326 0.8720125699210056
31.69712334026514 0.9555731727574969
33.35016508058333 0.9575947954693504
32.49770310077882 0.9088603223202981
29.351581871468465 0.8248047996622847
31.07276594947067 0.9305644503448488
28.797783429762326 0.7758681280172386
29.662092289171888 0.8842944922263037
31.68456164720512 0.9360721151169967
30.99868507846356 0.9240224639857226
30.659662407800283 0.9114528102359117
30.138751524064467 0.9206125001168395
31.236550638896425 0.9116358901412065
29.883612017016667 0.9011178134090289
30.54958073191631 0.8966373373629023
29.437070221660548 0.8552208799675176
31.938022123546293 0.9493939621456996
29.47207066802989 0.7956220124586981
32.107373966450815 0.88340927043697
29.905819286345817 0.8862840080801632
29.396437300397782 0.8302827972751589
31.008197916700638 0.9230548816338091
30.69854231603881 0.9132889918610716
29.42263294579923 0.8600115261497908
29.450885037250845 0.8741421788374624
30.54258939390648 0.8099277766202693
29.618141883937636 0.8893117991779936
30.645810396699233 0.9273173879236807
29.644171032921975 0.8790687367691381
30.773522832230572 0.9163879782205822
30.925747494133184 0.9321635509522407
29.64771450270238 0.8276157491848801
32.96360138481305 0.9475106161912625
30.687189421040504 0.9319092105733017
30.656107777879093 0.7940132018275807
29.403658023996048 0.858451269720789
30.95231192309061 0.9180579391748195
32.442350092258295 0.8965437641350029
30.873103329257695 0.9141944347550702
30.782987932193706 0.85127977287606
30.50666346074256 0.9178937729219782
30.633999898737684 0.9311826350722161
28.700712193899825 0.7346855393466355
30.054933451806036 0.9083462427030488
30.81449902231062 0.8143645621134753
30.656983708287065 0.9294042060534599
29.192178007086923 0.7507706322185098
31.01689502950686 0.9251968943532611
31.686980142407243 0.9519550363447127
30.77344594333839 0.8019686239188571
32.4389678248148 0.8822340018817623
31.417725095025816 0.9408187815771429
29.380919505757667 0.8863289821746306
30.545717344807635 0.9239274790755209
31.242103205566213 0.9430129608781663
30.65618542686501 0.936336211051414
30.865475800466825 0.9192500118333105
31.330416148739637 0.9310225824305204
30.675367863485658 0.9078392810020853
29.499325930671706 0.812373385658531
29.908240556076535 0.9097952055330915
29.55239595994373 0.8190548950513251
30.589275240024154 0.926283926028326
31.561580558852857 0.945448933788653
32.43778041858084 0.899980648384745
30.72585977907094 0.9180162707257563
29.243804746258746 0.8670752682061482
29.325047271271465 0.8126209497312991
32.23093324821766 0.8896965107301313
32.21449719878832 0.8918508215020675
32.36063853574731 0.8958967081485205
29.528366321602064 0.8786270206122335
29.322892037825717 0.8733122171321931
32.76387200844973 0.9060004902340248
29.40784070951398 0.8593850490754236
31.281384783973575 0.940914369876564
31.888996206930088 0.9419238601576375
31.367132393488152 0.9426444324054849
29.862739948187198 0.8561161483984685
31.29287599701922 0.9393885977387315
31.33685249721511 0.92487548824102
29.516142243345968 0.8156854758235564
29.159733906219923 0.804334643635681
31.89705118823295 0.9532494674139638
30.89381489615458 0.9144442401871427
32.09899588262347 0.8918607052612032
30.779284710788524 0.9247059043486492
29.131199622512845 0.8697780384314816
31.807560427361036 0.9162380018496425
30.67973461041893 0.9279599397547578
30.113227821479484 0.9042941731830503
28.99981863060992 0.8392034815016091
30.610725055012878 0.921189317469962
30.551582783865385 0.8964353879987963
31.38379058629793 0.9385115558564715
30.119571390512405 0.9194377910911891
32.185076365771565 0.8869445578920161
31.242507502325164 0.9416708063431052
30.87408671834792 0.8119976484064352
29.350979093103934 0.8726318359216625
28.875329948019512 0.7704801727222428
28.986057955422826 0.7347366527057847
30.6337513715172 0.9037176773449813
32.17593171048754 0.9157388479280967
30.68221435695992 0.904636120210185
31.548757722445103 0.9128294183809755
30.91262039406515 0.9290578950158978
31.583639467790267 0.9132952896804157
31.470965833892024 0.9460744884940795
29.590336332114898 0.8208510872629795
29.6189466516093 0.826886170620485
31.435881378549936 0.9098466672440534
32.51073855695329 0.8946265890255054
30.76176416359075 0.8062264311973416
30.105846108755227 0.903789595010823
29.816924448919085 0.9051803494242319
28.89139744586277 0.7531743874174819
29.664811334028457 0.9163175826861172
31.040311152833816 0.9385292244656698
30.18062316037657 0.9209833295744088
29.512467547159694 0.8908649979585398
29.351307802153958 0.8688930163290305
30.646597088362014 0.9315869704830848
30.61777589205525 0.9198771153144712
32.26674213080984 0.8909024493626433
29.276959996877885 0.868979876462079
29.4500026549851 0.8603923659982748
31.548513665758513 0.9322872587816528
29.418508220674898 0.7899599016780402
29.45249449200475 0.793445467224557
31.730939602008515 0.930607197670367
30.755746337215413 0.9292077373559537
30.043973034101374 0.9084400931271135
31.21918687168312 0.9307820992362059
31.30186121698262 0.933594401464848
30.533275895851084 0.8972126209487801
31.527872514181922 0.9422689508295663
30.99775071789079 0.9299869583481285
28.661072726381764 0.756302450603944
30.249445558371168 0.9177396868000902
31.531457753094312 0.9449605909607811
30.221045808295955 0.9137932855458712
29.036094325255377 0.8350479706709264
29.85840425981457 0.85275105922472
29.141869279607533 0.8068314759401164
30.861143264144513 0.920929140104859
28.98044990067028 0.7473259221513484
30.625210226669807 0.9013795559226462
30.08175988877941 0.9065685368638315
31.64262316140618 0.9473085095966266
31.425593512206113 0.9468113932346965
30.592791675841234 0.9357606281334748
29.203452971046296 0.8055561308600943
31.47352844244999 0.9106590754636485
30.932006544499075 0.9185974163864444
30.652624707881778 0.9206265040632582
31.824046666363035 0.9500808125394147
29.002727931331176 0.7486504657256191
30.12489574922033 0.9208679226957739
29.06045203904565 0.7354059274054215
30.35008347857175 0.9224953789815925
30.231880301991353 0.9178775581465125
29.812202020273702 0.9049359827921627
28.978479166178076 0.8389473076259653
29.41586974454937 0.7879161945358308
30.988155937241167 0.821299683576895
30.447524821490592 0.8925859778624738
30.2554633548727 0.9213910461068247
29.16921762211829 0.876100820614594
32.390825667268764 0.8952235083441796
29.530560364381166 0.8627834309672876
31.93209563217801 0.923782351394728
29.445305826496377 0.8121979297707936
28.815104919781014 0.7781965327170478
30.654289298499087 0.9029563951507257
29.47383565552429 0.8130376912818426
31.082529133323426 0.9390198172712073
30.607314042938736 0.9319027662271588
30.62121895165831 0.9354759168941106
29.95515786815154 0.90409382879205
31.212627443553544 0.9109444514267361
29.452326260101394 0.8764702939468474
29.299903517478327 0.8214543086907528
30.72051099929826 0.9249955726725092
31.072288598337842 0.929947014411509
30.988652807232455 0.9259782068840835
32.31322540193438 0.895551453424824
29.45774703000285 0.8731979090181053
29.15316347866511 0.7561123642436482
29.81878815079274 0.851426614482134
30.488988901044642 0.8933283162849518
31.474290365706143 0.9455188468121717
31.549924239322664 0.9100181463556233
29.05250282240158 0.7314134908360908
30.918658930523616 0.9320848749391809
30.9272344016723 0.9168294352199039
29.232785571341118 0.8156013857377925
29.84508000594488 0.8867713125023089
29.031880309310264 0.7560181346327666
30.934549947772116 0.9183634215651315
30.273767382974114 0.9156328489227552
29.580994700334603 0.9113382861922631
29.440865646179542 0.8270018700473797
31.51661820078125 0.9113832918579198
32.29945847880129 0.8945152146246695
28.594395508343602 0.7387516753153935
32.55611008518724 0.906041546510514
31.320890059429015 0.927123705999785
28.811034736492566 0.7709702693695909
30.23677693616093 0.919991193967928
31.613544603378774 0.9402515936310075
30.95358994534804 0.927616427129721
30.98847192012245 0.82055715421721
30.443509599933183 0.8933194183688613
30.44360713207325 0.8936421215020649
30.86715725544844 0.8094955705859073
29.826774055042762 0.85481454904187
30.606590242329546 0.9187422093260751
29.648063014344615 0.9197507266889479
28.78626179849837 0.7769751329860751
30.108362850390378 0.9133474197583964
29.822807412782147 0.8546432974523124
29.534580856498156 0.8836534037301145
30.64586034113978 0.9017307630996847
31.828261077013984 0.9175360278688562
29.030072466964086 0.7601700527441154
30.054964143546048 0.9031607972348118
31.906881710824962 0.9217525377358133
30.61952139539626 0.7981446152638721
31.560444564198257 0.9306298885451271
29.087975636621923 0.7188374731340905
31.002727169576602 0.9228208136411501
31.379440144966026 0.9379570431894692
32.40924080036606 0.8922124498090728
30.413390602710606 0.9207478815389942
29.57269979118944 0.8201587057781673
32.07638574346019 0.8932517969044779
28.672576177593136 0.7347514075846687
29.4961310123999 0.890391394890553
29.477236357791572 0.8649192962088839
28.992589854326347 0.8404444879160674
30.85679712298763 0.9257328084051711
30.05133379257444 0.9090902032116581
30.944101953400057 0.9239792459448948
30.915564589152975 0.9230219591203503
30.790480261044344 0.9268243375293594
32.47089664907461 0.892776626559091
28.790743335993334 0.7900118024928273
31.457518306160956 0.9478659239903919
30.93990025614405 0.9013141331529607
28.83539349999928 0.7772865845497359
31.87306275491592 0.9527102332689952
29.764414667494098 0.9208678803438487
30.880206886631694 0.9277513000126857
31.017187019109205 0.9304054038331169
32.55537946962732 0.9039237346355304
28.79439189287432 0.7707311174754832
31.912205237995966 0.9525093410138713
29.365170819341152 0.859538490150985
30.86197450167738 0.9320399242986913
29.154739127878937 0.7636693541159566
29.789706332176152 0.8525308910110725
29.66477677385836 0.8897371574245113
30.61163662779654 0.8480445507382324
30.58988320997836 0.8560866965250057
30.88494322118368 0.8704310808163547
31.13278772574796 0.9270092310253798
31.22594202510259 0.9290540418456962
29.020890801531927 0.8403824482469225
30.531578606655142 0.9209672790497588
31.64594383345719 0.9133948068781809
32.62548975516304 0.9115234510341216
30.839285405836513 0.8095644326313786
29.56049872210192 0.8399658553920769
28.970823823354618 0.7416429111017111
29.52688448217987 0.8174084528661358
31.614591061579553 0.9119640230045875
29.493973640040757 0.8786068339428034
30.601730821146997 0.9230975978814405
30.620928083096082 0.9361932634252867
30.407741308424214 0.782337736378109
31.602139415186706 0.9491459919608825
29.151965406398006 0.8107814672287796
30.513070703058922 0.7853999212259394
29.435225622949265 0.7918320643976108
28.598186129343727 0.7460332795424475
30.52407573763423 0.7983199488167615
29.796000889375634 0.8520831488465727
32.24547970446875 0.8989588196598425
28.85738943624416 0.8261407896544002
29.661021925273406 0.8314413969524884
29.95652305228594 0.9036134149393393
28.817338047593 0.7784547380565174
29.497014211744666 0.8140043659370977
29.416030810794037 0.8662209578604738
31.548284679025087 0.9134898992335572
32.516959098394935 0.9561077888585517
29.374322818738236 0.8304503002601548
29.697965015169313 0.8770108931739128
29.576827435262434 0.8922447411416395
31.60215751763213 0.9276365443316023
29.12833667844201 0.7649300594389762
30.997836103634402 0.9256882469126508
30.630994639039486 0.9371300312711004
29.787436600860616 0.90459519817333
31.869762143253567 0.9166633278417851
30.098898374451345 0.9021235791635666
31.665134092550026 0.9189311157988599
29.532262131382836 0.8902430168207894
29.045453472721434 0.7557546553735303
30.45285295083119 0.8937526516837094
32.225385329207576 0.9125594400597816
30.591589602612483 0.8021527615063494
30.88510046101732 0.8663999550824824
31.466315760701605 0.9121787565291621
30.371427622010295 0.7898626078547918
32.398503871817745 0.9117226799033843
30.49355764886041 0.8930128529844289
30.855257920975717 0.9180296054074433
31.27450609491016 0.943109130838266
30.78760962238887 0.9375936097819151
30.718713814984095 0.9334003102412498
31.0555417496721 0.9296810981741088
32.59833275116798 0.901439552546695
31.193625812978397 0.9262027010975189
30.80540916695093 0.935181835309366
30.972611308181605 0.9640662317039936
34.47913154053227 0.9819703966238181
33.17166743791019 0.9709760115798451
34.035409546939476 0.9401802990828568
36.49949947896088 0.9865468632662464
30.963937631480075 0.9669314446165612
31.207771281457806 0.9435862144414255
32.84415593805229 0.9707118499137376
31.090626964750363 0.9427321078435887
33.17498267391509 0.970918467195091
31.53111843565644 0.9480875419421091
30.83397931759455 0.9638134495109197
29.976521895342934 0.9370445359892913
32.716802446294466 0.968657209564861
34.487806920249525 0.9822503092547686
31.137000863458816 0.9683162793107422
31.260280791593935 0.9671278932848292
36.57097552210336 0.9868347320930406
36.51844246979173 0.9868257599629404
36.629387690065904 0.9843048401516147
30.029095164719738 0.9396640346755932
31.310986533658554 0.9685443673515388
31.293045469130423 0.9439699089934169
34.52746562147398 0.9501291054962151
33.163050095712386 0.9710851049455226
36.530381846545396 0.9865773404383675
31.54821002568614 0.9488943897722555
34.013279708955196 0.9423027037112369
34.512128517577985 0.9823566827983076
34.223722139736964 0.9763280873762457
31.180835763740184 0.9653648576575596
31.250016778049932 0.967667205646891
31.210738597122827 0.9672476038892193
33.14158736273344 0.971108999868524
34.364415722561745 0.9766411066690457
29.931899925043183 0.9375508058380184
34.26805757598328 0.9772119471472421
34.424292488381425 0.9828467519495642
29.956374991667673 0.940650720610065
31.47836496093881 0.9624300452483758
30.771147253118446 0.9093158534804557
32.22766944759104 0.9509244346949473
32.2443598645572 0.9519321574825628
30.047601453248483 0.9394548744364468
31.25350546877883 0.963232048535519
30.884245672695663 0.9634471103854504
36.503743678529325 0.9866676540654314
34.02008532799448 0.9430077917924526
30.634289865137866 0.9075494044305831
36.53617641689106 0.9843201415920849
34.5184422100671 0.949566751701861
34.92205191064079 0.9851000051443208
36.834841716134136 0.9840189180811428
30.901503214689562 0.9633437492844759
36.388207022271835 0.986383614539252
30.956280956185907 0.962131164082716
34.455157079755566 0.9825454291156404
36.5290218065953 0.986664933296087
30.66860515071072 0.9072397502669093
30.89193242597375 0.9626931420218724
34.66881380311537 0.9831722857399794
32.14770553577986 0.9507920809211504
30.800091475027294 0.9104171917300149
32.190027166591534 0.9511553466989974
34.505031378105 0.9500845351547317
33.25925966049106 0.9719948924913057
36.873205161435195 0.9841179655631028
31.46222815522504 0.9459848183197405
30.684062050094703 0.907847540200372
34.527451295596705 0.9501090836982704
31.3519503157789 0.9688673548072819
34.30817594233198 0.9780986418095958
31.53589318843448 0.9610430064676453
32.881207306016094 0.970312003037686
36.680492906504576 0.9839673833513691
29.981239787578488 0.9431515617853965
34.324194133816434 0.978525096015385
34.26458481643869 0.9822931801430187
31.265290100209803 0.9652537087546773
30.874837434160725 0.9627360537901475
34.02636936133557 0.9419460912484233
32.164237271869176 0.9507820474570546
34.39747955225187 0.977233241476625
34.44291355322221 0.9819326884790086
34.197246344699835 0.982185217515255
30.836297404245194 0.910526289061514
30.970953344528006 0.9661758999745943
32.84632889138389 0.9702641426549379
31.421675953524165 0.9663861741981326
30.852477240134913 0.9642741001095924
30.899671710771663 0.962742204125362
33.19647579084651 0.9710880160402521
29.957364767362293 0.9388629570273687
31.002962599462943 0.9625319855764489
32.16540533584897 0.9509358408449508
34.077614070085666 0.9428041351326277
32.13674258305821 0.9512951177612046
32.88857836168216 0.9711618241872952
34.04131203630104 0.9418559172450326
30.820228287593984 0.9647333780814978
34.56472722864465 0.9494296064595333
32.79972300440393 0.9701638821696887
33.20918435491181 0.9715084179929193
34.06912739929298 0.9425588675976676
30.705374319045752 0.9079625147217872
29.824759697131608 0.9353558898990653
32.77280590676626 0.9685456446335745
34.23713237467587 0.9775976658761035
31.178053557885246 0.9676638683490495
33.21358177842425 0.9710468014113216
34.56988871006048 0.9500216173631458
30.834824002303197 0.9636620851236949
34.6103419046281 0.984187085159139
34.05666843741338 0.9410185533882902
31.261574933543187 0.9667388487659533
34.63616613701101 0.9496114310995858
34.46037879193852 0.982974409852779
36.43708427833461 0.9865650251705064
31.17824395654178 0.968951610912501
32.24718192800785 0.9512028145238781
34.069347673602444 0.9420279965352003
32.72703093950406 0.9694318571878348
31.307396481686652 0.9680780169037038
36.737720625608546 0.9844728602835667
31.457578207562168 0.9643975365785269
31.381664628470443 0.9457724276921138
36.94098599343016 0.9846929140542362
36.50625584291617 0.9867148278172564
31.112473655604536 0.9622605733800962
34.425528004714735 0.981945318862548
34.327022538331356 0.9811229867653648
34.199029292444735 0.9822578718114189
33.22554297085149 0.9714527033312892
30.66305391210793 0.9075138597299676
29.77827290063344 0.9356509296219285
32.80593313522996 0.9695421410148324
31.139519632097414 0.9425084196799703
30.871611484337606 0.9632623721737908
34.47128560990093 0.9825933666340695
32.17505069889489 0.9508694623101838
34.39404373107094 0.9502080719395324
31.057741087644906 0.9648157077397602
34.4365610222802 0.982297657649431
34.461858979508484 0.9497742852208979
34.28250389817316 0.9778755202656455
34.33421808803511 0.9777901868004251
34.39341015943425 0.9813693600266766
31.119934605091398 0.956658588266064
34.734316456270726 0.9833672308389935
31.54916681479913 0.9482785112561792
36.73650022089645 0.9843531639714422
36.69873922286672 0.9835028539081799
30.752441258787595 0.9088276838857873
