30.742559587731865 0.8806821986313296
30.792605228747647 0.8828227357638393
31.898667719125662 0.9554880015881773
32.50171468307793 0.9392561894195797
32.34665740140309 0.9345226461946469
31.46935272714419 0.9225034745626386
31.884832968896024 0.926014975238954
32.97014015057546 0.9475115564993358
29.888359913796595 0.888878451938441
31.67059184466944 0.8823949811146454
32.24687687112998 0.9028999155481272
29.484619317425 0.8897288503940759
31.10090805414089 0.9161418998343229
28.928330566495568 0.7710146514575972
29.314505515338105 0.8882487918772978
30.771902680162455 0.7798609236392939
31.501642984726132 0.9391224830073495
31.983765777903926 0.9484715234015108
30.631916826825474 0.9294994449069681
30.968608664898255 0.925180387171929
30.792020126473155 0.8817519431294536
28.733517352861266 0.7360483485770488
31.6381360319641 0.9382184165208187
30.911662917276892 0.7821589275707368
29.844482243339996 0.8934028047718293
31.75559775827832 0.889305146768828
29.07418342774088 0.6756431267381136
30.08059884351752 0.9016768793792382
31.805995090029565 0.8918252725264117
28.88120130396601 0.6866196069988025
33.588566985895085 0.9578411926578057
31.965322202225774 0.9459366826647397
31.682218901594545 0.9477298364963718
30.296876714745785 0.7769650128037413
30.495218481137563 0.9251743823332783
30.96243646213769 0.790253672016778
29.520231598355807 0.8653959918461765
32.330179805746596 0.9186436641482923
31.04252428693265 0.9145213327805646
30.07935311800488 0.9316266837506858
31.707967104496063 0.9541434841863661
32.67038012298947 0.899165407706221
29.59651756572315 0.9081758256169271
30.01607539465233 0.8728610141243689
31.538688137753965 0.9457155156828834
29.901877079457467 0.9217229804654439
31.054431859848126 0.901422213111703
29.139959589494666 0.7329986185135452
31.678323488141867 0.9499949496637268
31.67067863340246 0.9480066404896416
29.464638713467522 0.8028840402789118
31.921897181469497 0.9096305919006815
33.788893374206665 0.9638275457197453
32.75108393331585 0.9211578330233469
29.094721945429693 0.7478288741187009
33.64469681689926 0.9621911267023349
29.46366269534191 0.9093096769602856
31.572230751923563 0.9376574805842692
31.728006421020368 0.93785514690947
31.757346791416246 0.9516116676031618
29.656674722724215 0.847108202526403
29.289769936168284 0.8845300242906148
31.708441918246297 0.88184381822078
29.155744675674406 0.7711743845834426
31.618522149480338 0.9460991667309734
31.705492664948412 0.9406052018322381
29.19929938900256 0.7668707189619561
29.05202542434814 0.7243851871651987
28.925449400655037 0.710531069913377
32.82782870487217 0.905071536883587
30.919069758352045 0.9211644984697493
32.41723288474974 0.9645916934685171
29.655973300818893 0.8568276577715861
31.010774430086784 0.9078244167914197
32.02535061886684 0.9523016904930601
29.498425434799685 0.7212655074596178
31.91058161547728 0.9072432609583718
32.150060841003985 0.9468106369014688
32.01383944764896 0.9541052648187025
29.06539615452971 0.7828926535125964
33.34233090947927 0.9623951752941282
31.0746840355337 0.9036347141389303
30.523510354968874 0.764288621416935
29.73759996512758 0.915082855331149
32.504134435551386 0.954812546676437
31.87268789705459 0.9114705028327982
31.332699230741554 0.9273789717185448
32.807777659820786 0.9682598247830284
31.075172620607834 0.9169024290021279
31.758626351667964 0.9532866858119176
30.830206589130007 0.9185674747153041
33.5184463381881 0.9550356867742537
28.991233838775045 0.7204843704790826
29.369491697211778 0.8917685570602268
32.35690399121195 0.9202024518653816
31.900105934444767 0.9090267281310863
31.05779768235667 0.9284641213301046
30.72533316890505 0.9390425064848906
29.6541501744238 0.8590450378560694
29.88570541470553 0.8750226359569954
32.28396155168625 0.9736180151283784
31.699900604531482 0.9550439852706846
31.787623136179576 0.9659313361017783
32.60287666683058 0.9464214011319649
31.53353110227906 0.9375704262830687
28.87985162284999 0.7851499085223461
33.18364751828311 0.9414240088599005
30.376292651270994 0.9400347830873046
30.91998462757019 0.8945624406796473
30.996556874968455 0.9266817287515831
29.589059745651607 0.8336646663276679
31.797857906710483 0.9095637005518571
32.87200530100689 0.9707497801035478
32.921429573826586 0.906637851419453
30.906469291473726 0.9256319921569057
31.81740080728885 0.9358768982287576
32.19011443677045 0.8936961061232188
31.967716734450583 0.9634770526644428
32.45654462656724 0.9543654902904445
31.76892263075894 0.9078945281922617
31.440863402879188 0.9360054545801574
29.490870546007592 0.8193193375380997
29.08841961697896 0.6990732699240885
29.138773438509688 0.7290107756532739
30.774144553856537 0.7583302890855665
30.41609015270009 0.9186700622341316
29.27217425879413 0.7050198864495459
29.82669428997076 0.9193229281617858
33.002687825969346 0.9132834127214454
29.578919138488224 0.8257627439031329
29.46689946088413 0.7873988235081344
31.06453604069248 0.9144617185976284
29.650534989206896 0.8926855152037494
31.761585564580326 0.9656897584459272
30.113944454285946 0.9330332443996096
31.52153445837701 0.9234932582947297
31.93143949736832 0.9135053992344929
31.031642816933036 0.9088225576311028
29.022046587688493 0.7179571803377744
33.18694355366924 0.9400649482614807
31.801964497211337 0.9381869684864491
31.406661492948537 0.9200907281974259
31.39423862229755 0.9294469365547816
29.212651316679104 0.7650261038103943
31.76630636308664 0.9564855946744822
31.216640085022842 0.949080815257049
31.817086784224426 0.9413023235519512
31.632468789512686 0.9509730211669003
30.86335292843853 0.7580824559201953
33.69173219156475 0.9551519372213698
31.502908349736074 0.9321362349410234
31.82677287582992 0.9419812815556651
32.64880109973806 0.9297671995180593
31.71743151186131 0.9456263470612248
28.918381775034 0.7489600965337063
30.713847217067013 0.9370009916737565
31.466068906146187 0.9349957902595069
31.858287659612063 0.9593320198058153
32.227849177169496 0.9294550998072543
29.549813884027095 0.8707250749148588
31.93672599850133 0.9140518787692483
29.254475155983968 0.7744762395815294
29.233555503504274 0.7708701139165578
32.354803185961416 0.9144834099025696
29.773179784284608 0.8696130794379645
29.36041998960308 0.8862767693648819
31.790122278231912 0.9499938095151425
29.432385424051112 0.8762462026438038
33.109008043145366 0.9348401458079983
31.81164354519383 0.9529011239064197
31.868340017857616 0.8940414284455853
31.264447027661156 0.9224205668975167
29.635649080941697 0.8026961398674028
33.82010493703311 0.9625602902151033
31.104597834735834 0.9302509905342652
29.19527293642572 0.7738835313256295
32.037430184097616 0.9461152572603627
29.94432336342694 0.8927492967168575
32.2695517456203 0.9026287099695712
31.40120877198966 0.927778544871891
30.066463443144666 0.9047572623183503
30.936710641817196 0.7779973996469564
30.708335083916907 0.8972364015513721
29.711248158329965 0.898605921249425
33.17580617503196 0.9710582242363623
28.94289287886078 0.7368582944240081
31.77683578643416 0.9569325965100292
34.37529618589474 0.9759696677957761
31.922013754334504 0.9127350159770456
31.00687797309847 0.904680883111957
31.728082595222908 0.9507129914603062
31.152033216823703 0.9122267800028505
31.54192117062772 0.9495654530287886
29.72825519978911 0.9036095399221283
32.365934927791756 0.913708581964548
30.18955342676225 0.9329508885531002
29.35987965877823 0.8827626075051189
30.728643386528447 0.7607973686901238
29.543181357356772 0.830078809142511
31.037872122616065 0.8504305322721757
31.63257208993827 0.9518990434420362
31.783368488615512 0.9510221093395844
31.180704911720262 0.901688266091495
31.954434816243538 0.9148569183804143
31.1418716110948 0.9129340334366332
31.09086749065789 0.9161505428637046
31.375456668001597 0.9407819707635755
32.23331246947153 0.9030523326409808
30.649523139617042 0.9320918854779392
30.933366271357144 0.9088382698685574
29.0671913042153 0.7532531701831252
30.32006357324461 0.9084731712721734
31.340630556403156 0.9373713389602882
29.66297697573612 0.8584452018153755
30.638227293292996 0.8422993846123862
29.42701332736899 0.866971885970133
31.731963035016236 0.8882992797953835
31.73130765676085 0.9495416603607868
30.905073326970417 0.7742331817970268
29.128589305092714 0.7089132329651665
31.469500888622157 0.9341436221734737
29.164739327605133 0.7725470068651605
31.278077008221356 0.9385147048152168
31.897655574571285 0.9458735309068179
32.49730460504925 0.9656738489369059
32.28059640787114 0.8971558191632965
31.7034763530041 0.881244120015565
31.110718047369353 0.933001780363216
30.88996073988417 0.772678646492687
31.573134485529 0.9391082069585012
31.935318813167434 0.9154062237140826
29.202103699328696 0.6540409445992201
29.797471205525436 0.8743543604214354
34.288122012754386 0.9749018773053553
30.91528640175348 0.8984749276896921
32.22564855211556 0.9497590243804512
30.959392129436445 0.8525730616799434
29.164201061273815 0.7826947195836821
31.67953374135577 0.9590946954303406
33.946594284331205 0.9685505596247137
31.702568164142313 0.9528507977916578
32.28347890567854 0.9504261598544343
30.054886302599 0.8986210565803469
29.908124448768895 0.9070867216105309
30.562075294055596 0.8298541260963395
30.730707902836794 0.9362173873487253
31.359808781667358 0.9381535732526533
32.63713845223491 0.9427198910491119
31.17129621296526 0.9138133526239623
29.092093185839808 0.7594575364569762
30.126244815805503 0.896224636547497
32.69474295423396 0.9405141634539549
32.0144913888134 0.8845231158491736
29.0467408299817 0.7581012508381738
30.662363479493656 0.7842909313521241
32.387779341578 0.9162092080559325
30.68624539201277 0.8405864444996363
29.68800661600321 0.8907714990879266
29.327395243714612 0.7850560974283276
31.81311190073831 0.9489027444485897
29.974794070880165 0.8870099106430183
29.036033993205635 0.7324184501437818
30.820018207428536 0.9132741878796946
28.944057020903866 0.6954082459480545
29.765282789572133 0.9081868229749415
30.070504196295875 0.896005128273887
30.104474343621032 0.8915752191356547
29.61337265933245 0.8824859037574957
31.65087227787492 0.9585660680543316
29.120931690856878 0.7060585030280156
31.397830919955222 0.9434259866741034
29.61745047811204 0.8923897651079532
31.902382409975804 0.9138812831618088
31.506260229074034 0.9370862846261909
29.218656005136726 0.7553529852154103
31.51942600809592 0.9322122862852413
31.520087885799096 0.9404591063519002
29.302044190876444 0.7746170252173404
32.078386544676704 0.9536839529861877
30.09990544428403 0.8936668885658156
30.3878096147552 0.9469243580870341
29.022783730724907 0.6764649350076589
29.72338335805727 0.9082846801773055
31.96225955408473 0.9597224421168631
31.041555326288396 0.9101985378562335
31.98345162823066 0.9588897592958671
31.808565776630612 0.966009451421465
31.374384295830158 0.9441746869365665
30.970869858790458 0.801270405164098
29.05401657769438 0.710813664393883
29.310883905631947 0.875781274006251
29.31045087937697 0.9036095058477962
31.41434137284982 0.9303027647137362
29.202323370651676 0.7729378707890233
29.73151679930813 0.866698649544963
31.48130843897272 0.9312100049917622
31.168035566101437 0.9074277954120623
32.34455174905427 0.9143898551693459
30.1133085184792 0.9347438291130198
31.190771848910003 0.9361455084129168
31.48660140308522 0.9218444875980314
29.100606549635067 0.7227578178397805
28.805274762383355 0.7418938664604718
31.739549779096837 0.9384266553398131
32.81428102543976 0.970227328708223
30.914343788061586 0.9107658224229337
29.018106642912635 0.7339115096258163
28.980061099836195 0.7141557884234128
30.62679863094836 0.8906345732470863
31.14015576300978 0.9492366991139648
28.947565625309807 0.6963713908349077
32.18558561297977 0.9213601083956178
29.34739384655724 0.7469034525007453
29.12193015813793 0.7306919503705468
32.199757677740934 0.921692698414881
32.351516318650766 0.9131735714805636
31.20328180685043 0.9345187209004379
31.913520336258273 0.9097064269985329
29.608031543256853 0.8829072386530898
30.834622263674984 0.7588320116240433
30.561335001958856 0.8941795255437524
29.711468234406475 0.9019585306835333
28.99221285065431 0.7254017809932434
31.818403430336623 0.9128564121106509
30.894722841066283 0.8600452901050771
31.614694574649107 0.9409342980792327
30.697343365206976 0.9171452206865931
30.04211816102385 0.8934959191476876
31.846259829948423 0.9539370684734667
31.66713171036615 0.9441507293374704
31.226220744773578 0.9273953214587592
30.474119873643826 0.7785285341645344
29.649550325165123 0.9141647008832078
29.82866668952375 0.8684686146827866
29.709731765424856 0.894541571792995
31.22145672075021 0.9400021347915356
32.26520240820784 0.8975894243038994
31.10949870171146 0.9044656772472516
30.077781986841977 0.9290764637031731
31.691726183790408 0.8802337904057745
29.497026729589546 0.9025230856794725
29.98736420933284 0.9493862702870615
30.497859549969245 0.754492750724961
31.24376360566703 0.9013752869473155
32.17918368646063 0.9034701185420906
31.80165857111495 0.8911848225457859
29.738940415017446 0.892379866267389
31.11877375798757 0.9163823471094457
29.651676749598074 0.919535316392832
29.577971500205994 0.9126838434694663
30.712810425704266 0.9399360197320056
29.143174723658575 0.76620098038269
31.46521610393044 0.9299915693206882
31.709523541853876 0.9586685338231948
32.912607104667366 0.9732853663083698
31.47372237947577 0.9300816808721835
29.072171657639608 0.7692196421946661
32.14717010628055 0.969340207645735
29.10746121234888 0.6921472225332537
31.177826012195045 0.9486687725625444
32.3746477509909 0.9136962203840797
30.43514579817279 0.7356604969588404
30.736272980255407 0.9358714899572039
29.36922143327349 0.7958896411149993
29.10855907039929 0.7166498389220427
31.763478080491897 0.965989252757129
31.827868990721527 0.9658023338677696
29.144057860400984 0.7532664846875158
30.78835396268635 0.8822212871213202
28.97045615443173 0.740699991556734
29.478631818958128 0.8716884378403825
31.829251821344627 0.9559698359995672
32.47491576183815 0.965246055795321
29.76817820013818 0.8660577080247026
32.35776334376364 0.9145504904410938
30.143660889927997 0.9180387901719603
31.116327475414074 0.91636412804523
29.34036711166901 0.8705525268317589
29.262272050370637 0.7715572846833679
32.19812129629857 0.9268959094505468
31.71768785757432 0.9470595489833792
31.761342757443177 0.9345008675757338
32.37391933893164 0.9211282830034105
31.60741931643581 0.9394232556168421
30.805524427507788 0.8810598318882106
28.98416201785116 0.7326700348653805
31.62970777303218 0.9405765390565973
32.42585046596409 0.9542838596522546
29.33841301383883 0.8913645037195678
29.34929451876318 0.7820943679260244
32.06231973162103 0.8963767413458146
29.162929669720256 0.7337749688328954
31.691772869610194 0.9546124753359172
32.06240164816067 0.9519918864151966
31.216049023146496 0.9469978364617273
31.32329680100697 0.9335661626752012
30.83676574994974 0.7739192434766748
32.99281253829646 0.9595000624243253
30.766568715586363 0.7612842578914315
32.30706186716482 0.9286985630077094
32.85377523762682 0.9597105828302767
28.988037003688703 0.6983660674652122
29.1204804288328 0.7222531151147179
31.657235457929353 0.9444396702112531
31.63076932259003 0.9525056966058534
29.06443538568839 0.7059456997244088
30.72954498169704 0.93875811582517
29.00206521480841 0.6677615743731803
32.97641900603556 0.9107492845473241
29.563282179609686 0.8845632290541946
28.971754050362456 0.7289847938633855
30.98623241185008 0.8030518527898685
30.79910806688966 0.870989300374815
31.898019674654037 0.9595616525039957
30.839469776321458 0.7809483064111049
29.46213718438073 0.8907690994234871
32.16376521877818 0.8939737484833805
30.093373757883715 0.91353575766452
31.788220438923076 0.9125328127401483
29.859921162746808 0.8999497510426053
31.958854277736528 0.9617005077565274
29.082850363626264 0.7515008811267431
29.52036374209285 0.8702157887802229
32.43871522354104 0.9672930290943017
31.46867728574431 0.9299521424233463
30.70860627168723 0.853686952834406
29.496250104757536 0.8649994776509892
30.695050317047926 0.9362278336708405
30.798466925508396 0.9399320289050771
32.43097027238062 0.9664579767923343
31.46803551354715 0.9352524443898521
32.35719835888822 0.9084273559811842
30.95243087569124 0.8841408821707369
32.523307133718205 0.9562164346986657
31.685033908783154 0.9542996482719784
31.712892199160837 0.8825035507259261
29.32769056958151 0.8805068112239283
31.524821505598606 0.936915949188799
30.737682086556283 0.9357827132380707
31.51445455589591 0.9365367774486062
30.453911657388982 0.9407092227080198
29.124943454953005 0.7441508954522192
29.59241256046365 0.8393764420843801
31.472513882902714 0.9383249871711917
29.16402660555326 0.7465020213269274
30.681160169643352 0.8796898997831425
30.86180604539301 0.9254106637426035
33.806624799735594 0.9670870031738158
29.061602125312188 0.7328672383725778
30.234628561058038 0.92303973678235
30.887835567673818 0.7774449669789317
30.980343641215114 0.8908150802711198
31.51868509896065 0.9231461146795379
30.7451211016528 0.9398569787162027
29.01230488096591 0.7333750461902055
29.173924770319722 0.76621672491928
31.647271529917106 0.9607907829266304
29.687460943357312 0.8917405454112813
31.881291408098413 0.9077642272229816
29.63123035796918 0.8969282405719179
31.848993972584733 0.9661318980969491
32.29521880155264 0.9205904405141959
31.48594058919102 0.9426011223686367
29.916242232919956 0.8565559082388319
30.782384928125875 0.9401685535668306
29.723013708801297 0.9050315296921178
29.968375783758717 0.9110628080914164
32.677181946645334 0.9630206515146055
29.109684041312306 0.741501934524715
32.684747017868055 0.9484824805441133
32.08271833417705 0.8808253342929387
31.764133716680647 0.9515621065194516
32.317003431008175 0.8975405061142404
29.65810875970074 0.8603563638191833
32.96718633324265 0.97407326637116
29.587877204950452 0.898226581797792
30.371959192593746 0.9282220654497213
30.949971270695535 0.8897918732466096
29.703860815739432 0.8946919635291367
32.454063906967164 0.9654392035248675
31.777881006837738 0.9084521576352961
29.866626541124973 0.9019687712026094
29.90482679252921 0.916667661153046
31.051476523784448 0.9096563886330427
33.596638419029276 0.9568076044688835
31.918429800650397 0.9531472134457518
29.002174642459792 0.7312888617614399
29.158975502114682 0.7651429269462646
31.32420261481069 0.9354121415924458
31.871270557552265 0.911847685366723
32.83563656592763 0.9714059692133473
28.945660056291874 0.8127672540276051
29.116490701662002 0.7587594750005333
31.82905472518304 0.8910200056350691
32.43618732475089 0.9646897629127259
30.608085455224913 0.7532453992136275
31.48442947514392 0.9221280576265765
30.476573149620126 0.7469913498083879
28.886191620367818 0.7523093867790128
31.88100625734777 0.9093593859651549
29.176095235317995 0.7469362735381975
32.89297092575374 0.9579264303623946
31.4619049659678 0.9357159076031708
29.72066776715062 0.8990773392914128
31.821462460174757 0.965765315444023
29.673147143107887 0.8716583406341561
31.16705141344662 0.9482360146018897
31.460042868084138 0.9321222166388756
31.17591250785212 0.9479439508561002
31.900150493057527 0.9096299889412394
31.739768096153398 0.8866564978809656
30.173700686623267 0.9168267570361578
31.74595470001148 0.8849145502122392
30.43116698039003 0.9478152334807445
30.755988353876855 0.9358113781443915
31.523488610590707 0.9439275536543974
31.890236760087465 0.908841969558108
31.2936326095234 0.9291836596612606
32.07469108054786 0.9568593470239449
32.179669026692565 0.92978839423991
31.31837844245097 0.9265826945439318
32.07590366232195 0.8934507230571768
31.659113281003965 0.9481678565881111
31.749544928895524 0.9561118230136809
29.08200660519391 0.7315734892974387
31.077531653642104 0.8980513186965688
29.08800750058076 0.7270536965512706
32.10795767684332 0.957436074556535
29.0045509670382 0.7336920165321714
28.95142050087225 0.6942687714479033
32.681884087108386 0.9392796296970272
30.111798065204887 0.9052310316096437
32.382903654564814 0.9207275111039427
29.219266563226817 0.8969028361593709
30.430641451159353 0.9411006920889877
32.78334822198253 0.9582606112059693
30.753301836545784 0.9392623773725934
31.764026579819046 0.9561825774831275
31.51161761209242 0.9416199540135024
31.932213507106972 0.9131354517847287
31.489183158797232 0.932003251850895
31.68250294071059 0.9335373913070677
32.13010734605615 0.8763285428682199
29.433447919804834 0.8831984987123228
31.914424931991267 0.9086374481324584
30.684116292497187 0.7588628610612244
31.00189980808054 0.92978509630032
31.064074744471576 0.9010072354973484
28.989577525268324 0.7004486499904804
30.543149800053104 0.928757507741914
30.83814179097218 0.897361485171825
30.12101048296431 0.9161510186840056
29.771269295029185 0.8648783931268424
28.927865937798835 0.6931431929309966
30.33473114680969 0.9389372362035066
29.799267653428345 0.8807151760548322
31.526196316371514 0.9360416735229495
30.20504682734581 0.9005782582549725
31.059392443457718 0.9085382462193445
31.755017096825156 0.9500770829076535
29.746971717959006 0.8776195472830485
29.03175080131287 0.7920348396685807
31.808429229948615 0.957037558472656
32.2723835612896 0.8974337358662323
30.45218222083033 0.7503355169157313
31.767455281262134 0.9657874979930846
29.96712674104236 0.9166479436178419
31.41123229206389 0.9331057134332158
32.19934406063384 0.9227274115273595
31.418785694064603 0.9330132960356537
32.17976406977012 0.8867414426353619
31.02393878358825 0.9140598386827573
31.442844343404126 0.9367219585959652
31.760134853681954 0.9411690188332389
32.70467557307986 0.9623163380900887
29.15455782139951 0.8670646558278374
30.903234368850846 0.8959863872888184
31.60874578202329 0.9509261426303852
32.76716701183695 0.9217274416470842
29.880904008950488 0.8852678853655666
29.790465684126843 0.9021741910305667
31.34137968398271 0.9367222244863631
28.778189494227362 0.7353555894582661
31.194041522332697 0.9377850217100291
31.151918976861737 0.9064411270147702
28.908604834886184 0.6693398261086324
28.90175486358926 0.6692448411513388
30.179976928425475 0.8988799871045533
33.484892834983114 0.9553154358912254
30.805465210692823 0.9006301475126786
31.788700462038406 0.9654348693175849
31.659329522460343 0.9587988048265222
31.650262098022036 0.9584103509576212
31.481103352878883 0.9317895050041568
32.94652801883561 0.949237113608915
31.348952675362366 0.9406589717539086
29.135159342172372 0.6750630706385762
32.396551397033335 0.9143152964447078
29.097566019672513 0.6748110296054204
30.71012073625365 0.768294789910895
33.52050124738324 0.9666598387862976
30.510899074755425 0.7466860839218135
29.152579487812474 0.7125833667269181
31.458574535089063 0.9300765019079069
32.76626382344609 0.9211571058278651
32.1233167952472 0.9598854664180297
29.099732560752294 0.7546492340618965
29.176385536201753 0.7709391104601405
29.81648948968184 0.8854309359653806
31.189947738699697 0.9444576241429808
31.611889128586906 0.9505749309494007
31.260585796216425 0.9259308272537106
32.26251835760786 0.9051481277861753
31.14509894459223 0.9141541181332998
32.986220354803926 0.9736553911976785
31.098858712708623 0.9168598018341362
31.872656463194843 0.9465689688218468
30.901108368147096 0.8653790859261081
31.16838876605992 0.9480693857803478
32.21198974643922 0.894540829545959
32.823693778352336 0.953133881369279
29.524562381712165 0.8724401124818374
29.07762706502116 0.7532720752350727
31.07230911942148 0.910083577730013
32.11366225776543 0.9565007076952522
28.97899368277201 0.6869701132648594
31.919999295835808 0.9140077666202655
30.826095006101358 0.8883814406109993
28.953009518346825 0.6749343245863946
28.950176090254587 0.7318435908602606
31.501484103032794 0.9345194983241295
31.546271056794165 0.857048541179835
29.01669956002902 0.7081765074202524
30.67747085942584 0.7758540529732006
29.067626609156022 0.7107416787868439
29.498129419461296 0.8085136894695789
29.976628050552257 0.8952521784834349
28.8808032970475 0.674194942429752
31.160790244418788 0.9120032080009446
29.413438159027393 0.885465747144804
31.758448895919642 0.9390955846883925
28.983063357874958 0.7420963148248314
31.22739232022377 0.9290187067463643
31.514404758057356 0.9388718800738272
32.45464395456085 0.9666715507079203
34.61655024577545 0.973650878148091
30.158253829661398 0.9160002894744502
31.305121617107012 0.9229686176344555
29.01932967259368 0.6642118485828501
30.048794129233368 0.8988607731993048
31.071966458144622 0.9245797919789042
29.681587553648402 0.8603586059317133
28.972349063429373 0.7315019706566201
29.05584731585439 0.6688098707513641
31.66353614422681 0.8805473565743798
31.82827579766662 0.9471554358673249
31.605067593192047 0.875088503482391
29.85913745199398 0.9034607810727644
31.52084617759277 0.9521044290792162
32.045523154347066 0.9541841271753806
31.02384287539217 0.9140266525397523
29.92957433305002 0.8868735164711775
33.17994748991186 0.9375041126334486
30.51156065282897 0.7548106709574459
32.51958193269108 0.957660322929
30.866434139300047 0.7693067491255462
29.24781090423282 0.7838565712856963
30.88616682653631 0.7520798651624302
31.088571463374652 0.8685926510467161
29.176672949559116 0.7323970154966858
29.341102389420158 0.8907722206693178
31.406740431833704 0.9390827988443805
31.481235854684662 0.9231543232221179
30.569613359114086 0.7426545968319703
31.162726659516196 0.9479411827091482
30.39100943303683 0.9405288926080735
31.458719256617705 0.9220877239506773
31.504783642506453 0.9376999796945938
29.76313433253455 0.869851651242528
30.91743590310878 0.8954967339717557
31.15548043928214 0.9088209346585295
29.419563483715297 0.7848072896427225
31.41984716124064 0.9400511292558703
33.25496074008386 0.9463297747837239
29.51994648047751 0.8663321218900424
30.1768011907852 0.8979564847931778
29.091866726054853 0.768896687208895
31.458263907073594 0.9193773401613479
29.353827091613116 0.8833784720672743
31.07730959554693 0.9342290951980715
29.864382885465584 0.9418409042118154
33.13173566595933 0.9535185642431275
29.09798386151619 0.7722885072565393
28.969016792710324 0.7271308905926696
31.478845883930234 0.9338159666442988
29.777347098936787 0.8835709873714965
31.660508420807936 0.9582012933376831
31.195169457253368 0.9484752124843221
30.519157491105386 0.8706328344980502
34.29021512611695 0.9747752786840569
32.779092576708166 0.9663649736989949
31.691969668825493 0.9589241964286762
31.46797762321377 0.9224066755548684
29.08001324154755 0.7224354739308653
31.9451109927722 0.8809804888116647
31.371615677772276 0.9221684728290728
31.690602309310812 0.9590563208715253
32.402632551394746 0.9160788956429041
30.526798632359018 0.7577019420592949
32.471095654320465 0.9587701963917682
30.406773381795755 0.9444152878026377
31.295985220852984 0.9313273069716568
31.489322096191078 0.9228812898435171
32.04068017801086 0.9633369475828627
33.238308304697355 0.947678656226523
29.262578917538555 0.8003231018215806
30.059617340122674 0.9288635667289211
31.042422942118417 0.8911440101733833
31.09807787499717 0.9069480352799851
30.54064868802129 0.7647169611486514
31.28226271994943 0.907698503109314
29.010716406990458 0.8214013918077991
31.932930420049004 0.964901447424574
31.368879222299746 0.935599179661006
29.05683640864573 0.7749503107005682
29.676097933312327 0.8226329091483913
30.107286962388102 0.903556855975085
31.848181884260217 0.910435679434088
33.14796101189318 0.9465902518813822
32.902747067269566 0.9722809722123613
31.16331481422212 0.9484110769670563
33.0603923898473 0.9687950971793053
31.864351703785697 0.9563156772680571
32.33474323367113 0.9204307006163898
31.143983080111987 0.9127367912772959
31.677065104918185 0.9535249157922351
31.141770777704572 0.909561075370835
31.46379401096079 0.9359003057473199
28.92883951892901 0.7145447966518009
29.107714236954575 0.6939512364265298
32.282624467690994 0.9020333656038795
30.956144655460314 0.797913645011927
29.06026277546035 0.7165229046329918
29.0651723220829 0.7035847530323749
33.41219453990022 0.9647513836689068
30.205628414295077 0.8976673211875295
30.716056206089842 0.9400627335098755
28.945281075427708 0.7495249736085363
31.292897883098007 0.9350694800280273
31.672152048052244 0.9510883129991242
32.7097666049591 0.9712459672779247
29.65653349589941 0.8924998148805012
29.400089102371968 0.7783832252696221
29.14853273911199 0.7453997207454378
32.304554174223384 0.908184548461485
31.78389168850071 0.9548572280185407
29.382594867064892 0.7899932297958528
29.684595346131513 0.870076785920011
32.57755313893271 0.9635900266573753
30.206713284376853 0.9204146946115811
31.491546008801443 0.9226889722757224
31.0371032877314 0.8500064760352615
28.88815916049289 0.6777973944989146
32.32426369749183 0.8973674559317658
29.43383247126427 0.8658399644741873
33.295144304787115 0.9617779749844098
31.723293739030773 0.9546454785717357
33.54070150038416 0.9544063044600887
31.93939757808458 0.9151607297553109
32.73003991364477 0.9651045561293383
29.386683510477557 0.8013409301783242
29.934496506015037 0.9085795162577663
28.898730900579068 0.6622038758318285
30.783097865202905 0.8866107185614259
29.074386608010784 0.7474378274497885
30.51607234681375 0.9276333614963835
30.259402303317415 0.901841553716905
31.17360331543487 0.9198410632927319
30.56906204561169 0.7532052667608768
30.411865312582886 0.9073955790476379
32.281190875540645 0.9084648361908767
30.694526656209803 0.9393672979416352
30.029733701879717 0.917748532316896
32.32450147734856 0.9202002699128242
32.318076623763254 0.9149268495788461
32.32562604489942 0.9127226029727319
31.305516992488734 0.9380934673257733
30.992868838324803 0.9014986791173616
31.833705097885044 0.9551401170234528
31.9000504919237 0.9466777661603042
30.627742005074833 0.8768890133628051
31.477454193048523 0.9226436303802668
31.853274398547235 0.9367607495813395
32.47625163232462 0.9673423742462233
31.158335383757386 0.9011782032599885
31.632948213795522 0.9424507863474768
28.83013137322607 0.7701095053355966
31.47274692392688 0.9223501564069886
29.72131669314348 0.8664732102488959
30.222453280379607 0.8916471667035375
28.874864514346466 0.7405455883992866
29.001920362668415 0.6802256660010213
30.2664366985136 0.9031489371115292
29.36034682968844 0.8792445367609666
31.819844021395998 0.8941227813349346
29.65213645674411 0.8924549323925983
28.94437923396778 0.7210468175111107
32.06550466846172 0.9675865599971025
31.042947001275532 0.910040235840393
31.052741810702006 0.9091856263241683
31.71137884595879 0.8843407482387199
29.76071217120461 0.8808844077046178
31.496051489416782 0.9290614577770859
32.49170260594052 0.9685726577206021
29.71590316037037 0.8960729746781818
29.603270596284332 0.8803536416156803
29.135331922271792 0.7891219974902249
32.754731994371014 0.921749068688799
30.781814610133264 0.8873300664951692
30.734756652518506 0.9382931562207456
29.97413780003091 0.8910148173591123
33.83519188112203 0.9653760284268291
28.992796044774124 0.7310878061091406
30.127835389941925 0.9238935105067037
29.15942481024722 0.7715828304939686
31.142931503081574 0.9072897722012221
31.16795050351987 0.9491092288200745
29.921006116765845 0.9019561612037572
28.981535914267464 0.6925408222860077
30.69470034380053 0.7773923131523489
31.50429456013143 0.9229881071403603
30.5882315513282 0.9285950766842612
29.503655691558215 0.8595550814883004
30.57592038572231 0.7574428222393618
30.67775681207135 0.9333927630213885
31.962533181979143 0.9460426286599175
30.38689317305363 0.7740083196458711
31.463074526874294 0.9393324929346001
30.80145118902273 0.9352152038668956
31.883230387769213 0.9438438210863086
30.418288868991436 0.9481864372647734
29.102381488208625 0.7534789935581367
30.86251928421971 0.8848504242266187
29.338975952826733 0.8017289145074353
32.587197517480874 0.9595678604203738
29.511217959671185 0.8586981610411566
31.91384755226927 0.9584683673519442
31.27641522546523 0.9268396369316199
29.783791533052742 0.8892141807191295
31.468721634351255 0.9304269856609386
32.055884228033946 0.8869461148563754
29.156489495184914 0.757556592172776
30.753416506062422 0.9188505361509834
31.741509452769986 0.8867370145686273
31.572517465883173 0.9484640144235047
30.584155018623914 0.7510646128710826
30.26781925233489 0.8945734123638045
31.186466710702568 0.9180004407381903
31.107345549616813 0.9326301118401642
28.981166295275358 0.7144061357358213
29.70831384908926 0.897242243656069
29.787745688112267 0.882931250695108
29.76919783916422 0.8717144091736436
29.505910387362363 0.8801425073179537
32.679403158022474 0.9411353970028303
32.755725569403694 0.922078094181731
31.807936032449323 0.9427625870617669
31.898806452649055 0.9130193996347261
29.153577487569407 0.7167819028772837
29.230968866388235 0.8846109983053074
31.996806723364752 0.9530444067971192
30.117704035769762 0.9047195866177241
31.501495274211884 0.9317018786659068
31.171445188301487 0.9140571163307758
31.505518145852296 0.9324870518915055
31.3480530676644 0.9264802807876478
31.97272558440155 0.8713949138272076
28.952023775958313 0.685226637452099
31.47032711245334 0.9359137828911622
31.500298569849523 0.9363878854863957
31.362181598352027 0.9377234304591346
31.68436939092224 0.9546513799752926
31.94046035323669 0.9147599814029954
29.73399688239164 0.8679384271936157
30.98401884862943 0.9076602842312224
30.180236050624252 0.8978193655667256
31.796737453687996 0.9102186962821806
32.09172370689789 0.9574589370630503
30.70358286989569 0.9127968485677255
28.91049335628796 0.6669165971212924
29.69838764914334 0.8710065099671893
30.795052706687155 0.9368131056981049
29.84540191219881 0.8899089108881253
28.900963635950504 0.6867342720512289
31.782051496057644 0.8917986745368244
29.96242088139688 0.9257367300675315
29.14385355820948 0.7696544127326984
32.35921412318339 0.9140155920557659
28.965740901244835 0.7415879200470128
31.21065617655102 0.9249173270779494
31.8824962242747 0.907417339747366
29.3846880719927 0.9111765804508541
31.4055127909276 0.9331454725372255
29.671056804262008 0.8906183098372252
29.641312213091837 0.8568086879631992
30.708372568348473 0.9400378242092773
28.89319050213261 0.6764936910559088
28.909300932981573 0.7732084478736041
31.15565982129406 0.9436427136830035
31.428899652959018 0.9399504281443807
31.341407498392712 0.9388967260932273
32.51796443556765 0.9549792803134274
32.08657331223989 0.9556192020989049
30.812061215177422 0.8951482937624159
28.965286616421835 0.7559514863169381
29.673808563557248 0.9052167895164361
29.974729006999542 0.8889587330816089
29.77293175664352 0.8712228346089853
31.855359468089468 0.9136837603314465
33.53710503515879 0.947115436400439
31.62450989569617 0.9463223157940965
28.88274564454939 0.7773244408048691
28.92952050340024 0.6963839718352449
34.298616590636925 0.9748725563637268
31.807402270044037 0.9433438809423649
29.98004540625611 0.9366509031908106
32.7150798614329 0.8896268591867631
32.298427903093554 0.9083864890007545
29.452064342387672 0.8738314719315723
29.673734207295514 0.8627522112011305
29.76379608297669 0.9020505937542573
28.948254723883906 0.69324174460081
29.331975241260643 0.618872914624373
29.473872814722558 0.7855200015912852
31.810774432626797 0.9402239122084628
32.536656078435755 0.952886971566816
30.18898385148841 0.8956364920595211
32.0817006827579 0.89208289007175
28.927147988620796 0.8020301095690417
30.681286823031826 0.878281458983398
29.444230378233833 0.8841764643138565
31.47970599839223 0.9366385090708246
29.123067212212696 0.7151600248291383
30.085439514401028 0.9512031719495564
31.788424309662297 0.8871280869981262
28.96762569564636 0.686624648439818
31.147451087725173 0.9190153430399176
30.741352853268957 0.9395309346990637
29.561052690450012 0.9181564458271123
30.950520098140867 0.9218398949276193
31.14943993692691 0.9147897450669324
32.13720524182781 0.926325326691853
29.334685125876145 0.8776128957176801
30.82133960034666 0.8877341912249694
29.058099212125224 0.7547975794011462
31.26826258253228 0.9263388704600506
30.474531882094173 0.7401711383949788
31.462293964548145 0.943681554145535
32.94739546281089 0.9741570589399063
31.315448768997133 0.9135618628994966
30.715323635492865 0.9360179711897981
31.64535327051999 0.8688492859989417
29.608890432990435 0.8581950682866677
31.64864039981946 0.9460334524353399
31.015662339243413 0.8950067766385533
31.815125738370384 0.9114417372615936
31.13724796637908 0.9141606178910601
32.323795676752496 0.9218267279694311
31.854484593049627 0.9409359292273659
29.578648676782407 0.8992533255532454
29.51942132267499 0.9043726142614282
29.12851132346331 0.7462365620127568
30.19399468371549 0.9185413940055214
30.393594597363226 0.9446502626283932
32.057203364210004 0.918634640836272
32.550599285793226 0.9412900036414534
30.134538524447482 0.900563929020913
28.997313793112212 0.7399169687002929
29.99394178146172 0.8930938486308316
32.01235470004718 0.9518470740316778
29.01444154427626 0.7142196726836713
31.95820305078117 0.9587402127586511
29.284620453018864 0.7922063946087192
31.99699836479249 0.9414484487807853
29.095296959151216 0.7379516581040994
31.829979715751215 0.9091598693845578
29.926702778528234 0.8914356190005911
28.964891210981794 0.7057828021914037
32.45567980850885 0.9671478213530931
28.7929218903296 0.7522086753687828
29.656145957372388 0.8675508639518202
32.22891340203304 0.9247727531668756
32.18023496272004 0.8939025582723926
31.789584731891495 0.9654358301546414
30.926259291684318 0.7727756971419102
31.772281879608194 0.9661102128126086
30.364864906509652 0.9121602476088865
30.258474334136196 0.932105936071765
31.578412385249205 0.9460879971390945
30.89550412242124 0.7658585529148378
32.038812556625665 0.9537010916256218
30.9393413183405 0.8810106691665391
34.26035568427259 0.9746106392227172
32.57376961719313 0.9632896698429765
31.155038033531106 0.9388843819324287
32.36559074614252 0.8943944015458085
28.919928949540235 0.6687068265720714
31.704533328689607 0.8873837838051353
30.87504883981095 0.8867600287015984
29.25403088714845 0.7481359474000697
29.808485263375996 0.874394831342624
28.990155666351576 0.6986582689298396
31.340842272775316 0.936199942891685
32.79549351091894 0.9450523907417695
29.592196236194546 0.8727293852647536
29.286185469166654 0.7755878192411158
31.894618177474158 0.9457070792618955
32.950555913093005 0.9524282418327371
31.74199057193754 0.9547506184867444
29.54029458795116 0.8043216657047564
30.68041573817967 0.7740097552363406
33.796838711113935 0.9668493842635905
29.62878789237129 0.8675828544473586
29.58955962571723 0.791486426616634
32.83217329101845 0.9033971345456856
29.519710141777033 0.8669852234774815
31.714170784413106 0.9358479860205668
32.32902252082709 0.9554982593203
28.9973657445756 0.6951477406936559
30.767406416398867 0.9395426415714712
31.11676226308642 0.9120625046090078
29.989641214842827 0.8944142949432465
32.930909512354404 0.9724192491953991
31.970464491634534 0.9637995766286208
32.74826709318043 0.9203206233254881
32.040265276788176 0.9180998935790388
29.70207530276573 0.8931553099397869
33.49667798499158 0.9544871081781098
30.78141866575602 0.9206288611065897
29.260634494964695 0.7767864748871647
30.099804322308238 0.8939983646948637
30.993792762510942 0.9235560843998082
32.76660057655868 0.969351948621568
30.91973519736324 0.7796725142947211
32.3056508083051 0.958934002273039
29.864819049247053 0.9383826488372483
30.98870933599944 0.935236130763101
32.959140742897866 0.9589478035853767
29.57266436407709 0.8967093629590197
30.917975479446923 0.77520985284518
30.661793872085763 0.7884774683138479
31.149620786571205 0.9141425566959065
28.968476267485777 0.726029426210664
30.811424512155433 0.8997270547811942
31.233462655799286 0.9339216196501571
30.798580154382954 0.7908881138884085
31.44400449459553 0.9387653432946611
30.643179951999514 0.852223282912862
31.19039891461336 0.949212802229307
29.86237952151351 0.8745269602904863
32.014840620904856 0.8900313215745835
31.05317783528954 0.9135431241924324
32.62853455926899 0.9658557338008464
32.31785155334122 0.9198777643369359
30.10933653475931 0.9212421307507063
30.46271942619322 0.7434095887306539
31.523625218972356 0.9228930113887156
32.2819365815197 0.9311458350653523
31.462384684642434 0.9347396245078836
29.023560987527194 0.707139668157824
33.823670876141975 0.9650617024853064
29.50653094270805 0.894884304309609
29.34617461096832 0.8692901020893529
33.039141987704014 0.9393073373681312
30.913203274043735 0.7633064528776633
32.03786236963033 0.9445369366132729
31.61526760393282 0.9353076994128317
29.780328648060163 0.8720692201230711
29.895930697769977 0.8887271987726865
32.74954333798223 0.9217700123364241
28.949497894308163 0.7488610128941541
32.02129389366394 0.9479551304814505
32.21547732287837 0.8923920100632617
30.77470756559103 0.9366886493768227
28.99423320633288 0.7183754669716279
31.551466166370133 0.9385910794707901
31.81179185823001 0.9503960941094586
30.94892956394831 0.7742842387577596
31.662761544197593 0.9496597473192393
29.673172807683493 0.872502791203885
31.27220894553115 0.9501654134523773
29.205053375634613 0.7827879784300904
31.723420123643677 0.9386303475149107
29.131784161796297 0.7627511477360257
31.86478859602246 0.9440386870094785
32.371893326725626 0.9200040370719953
31.91391067811133 0.9595023467312673
31.781943254250436 0.9564634758699454
31.329643556585882 0.9284709882933849
31.74603742709076 0.9380960722294952
30.965854048508994 0.8873236646583693
32.175108678532425 0.9464889256488338
32.838538530854485 0.9698653226217706
31.479114767169804 0.9404745113110867
31.37259398226312 0.9417701208934097
29.005120102253027 0.6566970746028816
29.93954251052748 0.8878491154348294
32.30924322485449 0.9134167981581626
31.602480198441892 0.9288216130151989
31.485865453874517 0.9299030469468219
29.060521201908855 0.7518069226356147
31.116667406936173 0.9482826533910383
32.88027028547538 0.9623385009454958
33.98346708249056 0.9700527110348478
31.590415366565004 0.8660435336823181
31.271282421185056 0.925062062781713
30.700461997015122 0.9368938866270136
29.37114156456014 0.8789619398397012
32.2967140499467 0.9124806915214112
31.742205075779474 0.9569898443539876
32.00851549222599 0.9640808061977905
30.80229881598177 0.9223642661625302
30.85612146514888 0.9022148675593995
30.670314317540388 0.8928873774395626
31.81470315188519 0.9116240052185614
30.979464948771284 0.9073520109751191
31.08109401522782 0.9168265075209311
29.799971424562813 0.8728347607599634
29.11713061101793 0.8317996559835985
30.79087834982608 0.7576096029650958
31.783283722921844 0.9074906123991758
30.73821618315729 0.9361635805704803
33.74946815026293 0.9594708946442225
32.719839668342246 0.9690716677532241
30.97938377569658 0.9017403978109801
31.646308283899458 0.9450201034493554
30.964893814579547 0.7922649774558376
29.74906700528878 0.870174441560665
32.64706931770669 0.946329889381504
31.95522809281357 0.9153923808861544
32.87055773744172 0.9605315633902807
29.243395699213668 0.7853955618933283
31.801380928583896 0.9548224895854102
30.726499116161968 0.9356071490401826
31.12592820330351 0.9377250248687077
31.761213617250448 0.950810932998077
31.639691023857207 0.8757801549656973
30.939528895300604 0.9021853513855933
31.716878104582086 0.9465642061432974
32.34692129236679 0.9197707843799381
30.58700509758949 0.7749104175576614
29.366895351820798 0.7152384811776366
33.06567000772973 0.9691404084500047
32.721966906104235 0.9541020790570308
31.14792447253761 0.94905499615464
30.784362557935935 0.9367346532676777
31.72981273053199 0.950778135637067
31.916486995194493 0.9130058414083271
30.57894070703169 0.7742714837090178
32.632560177020814 0.9621472762173076
29.203448766487135 0.758242963131375
28.980175531125347 0.7196845477639217
31.45592860988989 0.9337039699413472
32.50114159619009 0.9533590284680308
29.43781665429278 0.6716497685644376
31.625813491915164 0.9406267742551477
32.63947113912252 0.9649523620140186
34.2750120246756 0.9750338287671063
31.087710660204802 0.9341071366146345
29.758141389330902 0.8707369384135054
29.705726687819457 0.8925799465828473
32.28978911739273 0.9582522990219106
34.67328887429635 0.9743822973070159
32.302939784621266 0.9080740205026192
29.374658623859954 0.8054465036563324
31.692861699322687 0.9505340809797066
29.031222617373462 0.7678241012704663
29.903732282651262 0.9112867069562397
33.347944224710915 0.942194114158709
31.14599292915321 0.9017355801778172
30.70081578973211 0.872307505852262
31.132646626577333 0.9479763297135722
31.525634607095995 0.9374878906332362
30.248676914565984 0.9240937107577795
31.02872993823583 0.9131829637846466
29.53584271096709 0.8626329793446951
32.928238251284654 0.9641024262248394
29.788195556024046 0.8729627409718878
31.713508636188855 0.8752145485708835
30.093865851981853 0.9020285116757549
29.364833660000286 0.8052279826597443
31.49418151155266 0.9387019231510738
31.316671729067203 0.9339095886436787
29.494718775200997 0.8738594085550793
29.682635849165568 0.9061510996478677
30.273411874387143 0.7690843606287118
29.96595671610018 0.9200905148494343
31.39192115200786 0.9271030163400942
29.823439521120516 0.8858742527817981
31.36246318974404 0.9403045020167222
32.043692825712384 0.9538095648841663
30.133971362137025 0.9043696331783688
33.381300838191585 0.9488536711183534
31.49928549175003 0.9383840929061512
30.76188874038255 0.7608262863936305
29.569025469504794 0.8661712325209032
31.54709100673753 0.9318894801858074
32.1793951546473 0.889305723077666
31.504422182030684 0.9294299854253264
30.95309925847122 0.8564888087750815
31.238246592671643 0.9240843607150289
31.40917245242393 0.932134262550628
28.982710288596287 0.711699876509835
30.766122811269973 0.9392798675770033
30.806310448594157 0.7924828094721849
31.601085474815914 0.9390071057492906
29.059524195733665 0.7082761518033067
31.629289425654747 0.9473585523576098
32.08234515581114 0.9511283021283594
30.842793250509573 0.7591548299599008
31.977628718653364 0.8628468287900147
32.018061165577066 0.9626120877887546
29.594535189060554 0.8890321408361039
31.386417691611484 0.9230125172671815
31.60400213948826 0.9389688268208771
31.82380334993932 0.965599746134011
31.484813386786904 0.939229426031417
31.7878833273318 0.9468729787575912
30.70892970269412 0.8685939720544755
30.244291851997907 0.8948078078163144
30.389999101358246 0.9380944152994286
29.94247891643319 0.8910682647359975
31.410693157181164 0.937283796916116
31.916883408555876 0.941502683108657
32.210279338762625 0.9006350494246668
31.3516565143108 0.9371596254593452
29.382408556891324 0.8844057755225302
29.252052020027534 0.7567259620448803
31.846155686965183 0.8902740141752178
31.719242236687514 0.8840807950632097
32.1258272985849 0.896217397903169
29.70259943652175 0.9051712805059141
29.799265556545315 0.9033189200116662
32.78091615215022 0.8926733607638769
29.5164656193338 0.8750410850313368
32.68962176247029 0.9672303826806146
32.997653436472035 0.9590951954598002
32.508835937701775 0.958397646594885
30.63686508747736 0.9321944539452144
32.4107042903775 0.9508506671276987
32.39407192486793 0.9300905262889907
29.355891894596155 0.7818957686408136
29.33994471816616 0.7837387258677234
32.95006294279983 0.9736242830882034
31.504505402223508 0.9304824337633536
31.701712807017447 0.884301640091598
31.37240691870547 0.9271865060358705
29.557225181939152 0.889402465026808
32.33073715483245 0.9188863313299942
31.339079181720564 0.9399471373696421
30.79055587139424 0.9161194083791858
29.308760597741585 0.880087640581266
31.71208040819815 0.954318176566002
31.088510233782984 0.9164237938530175
32.846971810245584 0.9575490519403623
31.13128831836025 0.949144073481666
31.795028265055034 0.8861856060410437
31.79267462433563 0.9420397694336315
30.845967971341995 0.7840095591589948
29.457736563165295 0.8873484445745061
29.1935205503318 0.7618794066264849
28.895774948845677 0.6788751201955114
31.163307350559485 0.914817132888977
32.62535991993336 0.9316541892549214
31.186053168602687 0.9144836708745282
31.88804295910776 0.9092390157399155
30.969452493933485 0.908081455793502
31.904121786689423 0.9142299629624824
32.417527921631866 0.9650416071161089
30.012384673163904 0.8893346793602337
30.07475045636342 0.887812514352487
31.7312589081616 0.9087573172812552
32.19936228082234 0.8911557548066651
30.904425546268918 0.7691281609537087
30.849036067241045 0.9226024316371999
30.785559199509557 0.9370108752235672
29.057400064324803 0.7391079389884306
29.96980095950605 0.9389204073887878
31.75790340482162 0.9398388930810581
31.268474623447197 0.9404656708107985
30.15261434209635 0.9283159630065282
29.463692003749777 0.8788679363715799
31.723123925703575 0.9386372775688852
31.747880154444598 0.9570010605730072
31.808172800220973 0.8874173494777116
29.754528910298372 0.8924158198187189
29.62389318233476 0.8828308507530759
33.24581268672438 0.9412274040103842
29.803966374701115 0.8740201039127918
29.747166470129905 0.8670841444831147
32.43681348448659 0.9311088605310864
31.774417963143367 0.9361524321955207
30.740663924914852 0.9391084093954023
31.71129254274114 0.9474451545931845
32.617942446639965 0.9491686437604093
31.053679681570006 0.9150023249025255
31.869580425671877 0.9394774078410737
31.596772351944317 0.9488721673692337
28.869282351140203 0.7787102376784946
31.311810767413633 0.9414095821248539
32.00966473550746 0.9438003836950521
31.404796827290188 0.9414670772983424
29.340178642497968 0.8659153728357112
30.50623358736731 0.921283483909858
29.263997904184688 0.7708019151937993
31.465927632856925 0.9405150974468117
28.898282719029574 0.6800813384924917
31.180612395380535 0.9127444881282609
30.945433529872165 0.9187353784309994
33.225218064459625 0.9616708945174522
31.94216421960331 0.9473968058294984
31.83525599424819 0.966148013837661
29.317093425464126 0.7699528716256815
31.82379733404659 0.9087017983813565
31.465402284278774 0.9325971831444512
31.726577013075776 0.9543009591215965
34.14875168078777 0.9718642678487542
28.912183197523554 0.6812549834269258
31.184955871277054 0.9484582631710704
28.94495328365375 0.6799297569989248
31.769917093832287 0.9577198061934297
31.50627482972286 0.9438011422929949
30.73520116862126 0.9361059398562411
29.316827716103205 0.8673211166959345
29.746032886410863 0.8674182630013064
30.649473153036304 0.7961177817689187
31.03378160064846 0.9084584719637762
31.398180283360322 0.9510205508579743
29.661386538501272 0.9083960278989733
32.051107520292646 0.8847982582967503
29.70098397055612 0.8765502070345086
32.34508004484151 0.9216388882107158
29.371535649789177 0.7893927569892375
29.061381672939884 0.813134924411143
31.15802285358306 0.913436750876474
30.337218698093814 0.9089850357413356
31.446398343104157 0.9285940638382492
31.77683148835648 0.9577541275390704
31.806891877400115 0.9658329300313417
30.36384631010288 0.9318582081148536
31.499880095900565 0.9360316873573489
30.05194182594903 0.9083978185220266
29.22367951613594 0.7654328880986037
31.384613349469944 0.9288203470747033
31.670003404732046 0.9496783531806862
31.617658324302333 0.945238573037481
32.054985287010815 0.8904094147829833
29.688087553065827 0.9018262379556521
29.16980131517979 0.7402823180665371
30.4547587109573 0.9215899480382749
31.063821389108817 0.9099061478517758
32.49880198312579 0.9658718070172788
31.985229682140265 0.9138387270103799
28.94611728904211 0.6716323850181285
32.07404136952472 0.9545341797703676
31.48947774848366 0.931086931144327
29.16065571470389 0.7581286118912326
30.031207029081727 0.902337223338049
28.914236948177287 0.6836697588134325
31.160365657064915 0.8961657438389224
31.27248329117492 0.9502104703907853
29.81515751379287 0.9296270525442492
29.768939210895418 0.8285120021403439
31.87416858819264 0.9116999708816613
32.16682833277743 0.8935186561238404
28.79795559879311 0.7393344759040666
32.380397387249545 0.908478367105433
32.64723212267819 0.9312559536516727
29.117766133783817 0.7749985969456553
31.547649539291474 0.9459880953416024
33.6023297271064 0.9583018869009694
31.64191189614302 0.9470903823599185
30.964060193231603 0.7880058147957334
31.013318085262753 0.9081338828085568
31.002175854341374 0.9078196207309182
30.573037726647367 0.7824166000855012
30.66787567376654 0.9330691894208741
31.25205375330563 0.9199513837823562
29.987729685091043 0.9444640571821025
29.025541060373637 0.79064015146059
31.06594745122106 0.9346237407665314
30.568139340463283 0.9295949569018256
30.153281312085195 0.9189372660430132
31.169682257645324 0.9129037964970532
32.33729964564125 0.9204451164066635
28.953572456390617 0.7058625220539568
30.73382849144847 0.9130291085556154
32.381884632068406 0.919493455697304
30.71931478073546 0.7585600024207032
32.83764992521182 0.9377278987533277
29.031548024499173 0.6568413604500798
31.045566569732422 0.8986503240385195
31.87771449463222 0.9568562536822687
32.24975181419706 0.8905904598863765
31.19470564132068 0.9239611078056241
29.987817062221403 0.8921746940116949
31.76844346865234 0.8883484295951976
28.9681252478843 0.7164555285707173
29.80467027788574 0.9017468894891328
29.50632708657341 0.8709744824524136
29.377264753245328 0.8770304424710059
30.81927664203669 0.8945672359016699
30.741086906159452 0.9390727444955395
31.577621554466994 0.9428149255337414
31.502803121372605 0.9422943126583119
31.398365733116815 0.9328142233002242
32.19342363384871 0.8888286329572378
29.0254364818079 0.8355632321235625
32.42591957081772 0.9657272813238782
31.48601881787711 0.9220944829972569
29.117048354716445 0.7872718964919074
32.90510515922399 0.9724183338914167
30.168143613174397 0.9507334013939042
31.99073943789682 0.9516814914439231
31.21806314797791 0.9146773123914859
32.39169137806128 0.905278454160562
29.086250703489824 0.7629469554559338
32.876892210380085 0.9719348932675915
29.43794149026054 0.8753300892707978
31.5969182635736 0.9484234367658321
29.04504047797189 0.7223351576743469
30.446677230341137 0.9255775931378853
29.92624696914112 0.9197764646722442
30.813523470392745 0.8565854625072373
30.79560894027029 0.8572259857219854
31.104929202118868 0.8716603768914563
31.575952565727263 0.9386485563211072
32.179910628821226 0.9336935848598964
29.312370876559793 0.8695568462721454
31.316749049082514 0.9249603106562306
31.91209131567117 0.9089848781806151
32.30194345517292 0.9102678262869823
30.795119429857326 0.7715259289908805
29.534917841324177 0.8217555060326875
28.8878903898118 0.6810388591595651
30.396553499923492 0.9111976216486506
31.894974208992444 0.907865821377819
30.09414165550059 0.912773942626894
31.356973497188825 0.9329294624860759
31.80162698214771 0.965728727451466
30.5321239408472 0.7501695845349076
32.456581357118715 0.9690791503113299
29.350586679609144 0.7839683527057514
30.60401776164629 0.7450383289522213
29.769062484284504 0.8720920322399212
28.84974152181709 0.7703320117195769
30.522499687682078 0.7671828584028135
30.466031167530076 0.9262144029531716
32.17241597894875 0.8998981608555361
29.09580606584598 0.8673449589907105
30.230154144628052 0.9036163458822479
30.789551968088645 0.9189570811652642
29.009781294566054 0.7972756318856536
30.29763535784302 0.9045676844559013
29.71524434782872 0.8941889428441576
31.858967201426253 0.9090638549629431
33.9705196067607 0.9702222518257764
29.337530562887494 0.7830626141227277
29.76446958308788 0.8756356041935206
29.75657884502453 0.922628510963487
32.2163515753919 0.9258209815576925
29.1152618598672 0.7179818226709684
31.5755336826845 0.945673348761276
31.79893146089672 0.9654921418955738
30.736680181919652 0.936887841072398
32.36095358042825 0.9196064347838782
30.788299982534394 0.918969026454015
32.15591230704376 0.9287571156431799
29.729586577545263 0.911303434753893
28.96340404750148 0.7045655096703047
31.077579781798587 0.9107248797218511
32.39527984263877 0.9159461106529604
30.6755861992132 0.7600473274328425
31.08996389364398 0.8640285489924853
31.820613088680787 0.9110025188351872
30.464854135991885 0.745806083537775
32.74700197113785 0.9204470920096546
31.061479884358015 0.9096061481823184
30.88916644084216 0.8886406832267608
32.77799288685535 0.9719631615972901
32.05288319649672 0.9660325662972947
31.88772073403211 0.9562813747254788
31.66748569202047 0.9470444601912532
32.268983308177994 0.8958670350195871
32.35792586138612 0.9369027980278973
31.969692276069665 0.9473273861644831
30.972611308181605 0.9640662317039936
34.47913154053227 0.9819703966238181
33.17166743791019 0.9709760115798451
34.035409546939476 0.9401802990828568
36.49949947896088 0.9865468632662464
30.963937631480075 0.9669314446165612
31.207771281457806 0.9435862144414255
32.84415593805229 0.9707118499137376
31.090626964750363 0.9427321078435887
33.17498267391509 0.970918467195091
31.53111843565644 0.9480875419421091
30.83397931759455 0.9638134495109197
29.976521895342934 0.9370445359892913
32.716802446294466 0.968657209564861
34.487806920249525 0.9822503092547686
31.137000863458816 0.9683162793107422
31.260280791593935 0.9671278932848292
36.57097552210336 0.9868347320930406
36.51844246979173 0.9868257599629404
36.629387690065904 0.9843048401516147
30.029095164719738 0.9396640346755932
31.310986533658554 0.9685443673515388
31.293045469130423 0.9439699089934169
34.52746562147398 0.9501291054962151
33.163050095712386 0.9710851049455226
36.530381846545396 0.9865773404383675
31.54821002568614 0.9488943897722555
34.013279708955196 0.9423027037112369
34.512128517577985 0.9823566827983076
34.223722139736964 0.9763280873762457
31.180835763740184 0.9653648576575596
31.250016778049932 0.967667205646891
31.210738597122827 0.9672476038892193
33.14158736273344 0.971108999868524
34.364415722561745 0.9766411066690457
29.931899925043183 0.9375508058380184
34.26805757598328 0.9772119471472421
34.424292488381425 0.9828467519495642
29.956374991667673 0.940650720610065
31.47836496093881 0.9624300452483758
30.771147253118446 0.9093158534804557
32.22766944759104 0.9509244346949473
32.2443598645572 0.9519321574825628
30.047601453248483 0.9394548744364468
31.25350546877883 0.963232048535519
30.884245672695663 0.9634471103854504
36.503743678529325 0.9866676540654314
34.02008532799448 0.9430077917924526
30.634289865137866 0.9075494044305831
36.53617641689106 0.9843201415920849
34.5184422100671 0.949566751701861
34.92205191064079 0.9851000051443208
36.834841716134136 0.9840189180811428
30.901503214689562 0.9633437492844759
36.388207022271835 0.986383614539252
30.956280956185907 0.962131164082716
34.455157079755566 0.9825454291156404
36.5290218065953 0.986664933296087
30.66860515071072 0.9072397502669093
30.89193242597375 0.9626931420218724
34.66881380311537 0.9831722857399794
32.14770553577986 0.9507920809211504
30.800091475027294 0.9104171917300149
32.190027166591534 0.9511553466989974
34.505031378105 0.9500845351547317
33.25925966049106 0.9719948924913057
36.873205161435195 0.9841179655631028
31.46222815522504 0.9459848183197405
30.684062050094703 0.907847540200372
34.527451295596705 0.9501090836982704
31.3519503157789 0.9688673548072819
34.30817594233198 0.9780986418095958
31.53589318843448 0.9610430064676453
32.881207306016094 0.970312003037686
36.680492906504576 0.9839673833513691
29.981239787578488 0.9431515617853965
34.324194133816434 0.978525096015385
34.26458481643869 0.9822931801430187
31.265290100209803 0.9652537087546773
30.874837434160725 0.9627360537901475
34.02636936133557 0.9419460912484233
32.164237271869176 0.9507820474570546
34.39747955225187 0.977233241476625
34.44291355322221 0.9819326884790086
34.197246344699835 0.982185217515255
30.836297404245194 0.910526289061514
30.970953344528006 0.9661758999745943
32.84632889138389 0.9702641426549379
31.421675953524165 0.9663861741981326
30.852477240134913 0.9642741001095924
30.899671710771663 0.962742204125362
33.19647579084651 0.9710880160402521
29.957364767362293 0.9388629570273687
31.002962599462943 0.9625319855764489
32.16540533584897 0.9509358408449508
34.077614070085666 0.9428041351326277
32.13674258305821 0.9512951177612046
32.88857836168216 0.9711618241872952
34.04131203630104 0.9418559172450326
30.820228287593984 0.9647333780814978
34.56472722864465 0.9494296064595333
32.79972300440393 0.9701638821696887
33.20918435491181 0.9715084179929193
34.06912739929298 0.9425588675976676
30.705374319045752 0.9079625147217872
29.824759697131608 0.9353558898990653
32.77280590676626 0.9685456446335745
34.23713237467587 0.9775976658761035
31.178053557885246 0.9676638683490495
33.21358177842425 0.9710468014113216
34.56988871006048 0.9500216173631458
30.834824002303197 0.9636620851236949
34.6103419046281 0.984187085159139
34.05666843741338 0.9410185533882902
31.261574933543187 0.9667388487659533
34.63616613701101 0.9496114310995858
34.46037879193852 0.982974409852779
36.43708427833461 0.9865650251705064
31.17824395654178 0.968951610912501
32.24718192800785 0.9512028145238781
34.069347673602444 0.9420279965352003
32.72703093950406 0.9694318571878348
31.307396481686652 0.9680780169037038
36.737720625608546 0.9844728602835667
31.457578207562168 0.9643975365785269
31.381664628470443 0.9457724276921138
36.94098599343016 0.9846929140542362
36.50625584291617 0.9867148278172564
31.112473655604536 0.9622605733800962
34.425528004714735 0.981945318862548
34.327022538331356 0.9811229867653648
34.199029292444735 0.9822578718114189
33.22554297085149 0.9714527033312892
30.66305391210793 0.9075138597299676
29.77827290063344 0.9356509296219285
32.80593313522996 0.9695421410148324
31.139519632097414 0.9425084196799703
30.871611484337606 0.9632623721737908
34.47128560990093 0.9825933666340695
32.17505069889489 0.9508694623101838
34.39404373107094 0.9502080719395324
31.057741087644906 0.9648157077397602
34.4365610222802 0.982297657649431
34.461858979508484 0.9497742852208979
34.28250389817316 0.9778755202656455
34.33421808803511 0.9777901868004251
34.39341015943425 0.9813693600266766
31.119934605091398 0.956658588266064
34.734316456270726 0.9833672308389935
31.54916681479913 0.9482785112561792
36.73650022089645 0.9843531639714422
36.69873922286672 0.9835028539081799
30.752441258787595 0.9088276838857873
