31.90410442351887 0.9361683842019066
31.348667165288052 0.9379526482131476
33.4478025413314 0.9679817863552036
33.99517858298809 0.9591212919607837
33.83095957703016 0.9602607424658861
31.794461230030343 0.9380784370310218
32.53792480289289 0.9599262660555908
34.312076709105426 0.9625777664124338
30.532468998760464 0.9296308336799921
32.59899431877153 0.9029596684096437
32.79033987719833 0.9139942410578838
29.893213500074314 0.9196666849457327
31.527024658045008 0.9362890250678296
29.2509764286229 0.8345048996183712
29.80500432017699 0.9170887532615736
30.80352657034107 0.8270064244502315
32.632017871479206 0.9645945259957545
32.20966308476738 0.9667294329043532
31.2315641446472 0.9447601647546826
31.58732328324688 0.951753298012849
31.46448223104152 0.933639262248055
29.126501174454855 0.8118005181017448
32.439807367528964 0.9529063019527187
30.919117790298706 0.8298967702338813
30.199518504401226 0.9162381435995576
32.757731220858005 0.9131989274359118
29.444727582937492 0.7827084061498998
30.55379680998119 0.9196212975302476
32.72950959013236 0.9086849772941036
29.33226598267687 0.8090627512908249
34.89963985902972 0.9706739763745765
32.584893130382525 0.9568659933659606
32.79555328816757 0.9683805221297489
30.642618711415956 0.8487688368611184
31.044997218961193 0.9393930349215551
30.920088583670378 0.8475684518067264
30.289627847915376 0.918636670535602
33.05907698505744 0.9255278368037166
31.506137212790463 0.9374623328101012
30.60185316114869 0.9560233466720862
32.51723001463989 0.9680928922041048
33.13079719739439 0.9152887591381785
30.038869661942588 0.9309115836479175
30.35852769767662 0.894558761598625
33.224995628361995 0.9630314492057762
30.38695439118981 0.9473287025154133
31.566868053691604 0.9451235453236901
29.372480725978818 0.8225378071288227
32.8463318519763 0.9688215421942786
32.82008151920444 0.9686504737453822
29.638703417930632 0.8466369837705237
32.657408022609424 0.9171366632831134
35.19018192624768 0.9740210955081685
33.21749300995948 0.9297291939674416
29.51926207733466 0.8512815765035555
35.04701367117745 0.9727309615209729
29.998693794221666 0.9314654820128432
31.997856507343222 0.9506915409209239
32.69169016675172 0.9567245215600652
33.396187835280074 0.9678949731042668
30.060797286290082 0.8737758442071013
29.80218120174664 0.9169560774924357
32.65091645908039 0.9013988737852071
29.5567764032998 0.856889924671242
32.32731531891034 0.9656943191789723
32.4856251473949 0.9558075977785317
29.548855551788872 0.8324493971190728
29.45365603136574 0.8233820854778817
29.398775055976483 0.8325588954140983
33.28420393749412 0.9217538868572688
31.512375048440788 0.950297031089896
33.543118509642184 0.9776529114761526
29.8719646177714 0.8846789151101134
31.40989886053644 0.9295212592217919
33.12744195713523 0.9706507736663548
30.259522597185814 0.8677753231090337
32.64081503878347 0.9149688375067612
32.95461226275628 0.9613508789070639
33.10808300755405 0.9710801473908989
29.44406555767875 0.848489579444398
34.90220027913733 0.9726478016879506
31.61041533200004 0.9434355001534288
30.528001006726168 0.8267633761713329
30.279392500040046 0.9447511826137494
33.658390035778396 0.9742453727741218
32.60849348444113 0.9212311690706194
31.94500548322877 0.9494256125970911
34.34374694799357 0.9791504476556706
31.487241285491315 0.9370488662483651
32.404826160760756 0.9693956693825689
31.495788373435197 0.9510309702715665
34.74558721332561 0.9657623993959976
29.225028894950206 0.8062970121646913
29.78271979049934 0.9312081152701973
33.06938743846175 0.9270254466639277
32.68418919308802 0.9160732169504965
31.702182062635682 0.9542199782389496
31.89954235847471 0.9578266338303074
30.047340800232778 0.8865270505758518
30.38653524428308 0.9004939499888998
32.89671238027611 0.9804377318020852
32.47460631790693 0.9684186324268069
32.792178624937705 0.9757900091947609
34.00985490897911 0.9641554773705009
32.410607117104384 0.9547573439498788
29.333365477545854 0.8493821500630547
34.4444678491861 0.9627197361890769
30.933374166910347 0.9615701886889132
31.315018896935193 0.9352705884940862
31.635761540040875 0.953977866738638
29.98082806824872 0.8650978863357822
32.56247048325119 0.9200776187851589
34.40665283195705 0.9795990027034857
33.430794220116724 0.9279442489835429
31.599956559416455 0.9559899687319676
32.50378303445709 0.9633573002861692
32.672250436383614 0.9156405172750517
33.68367251952402 0.9728912235951647
33.72122222564047 0.9688550173663789
32.538179695388834 0.9194565830427767
32.344601862800104 0.9544359092375658
29.776541225820186 0.854277007322108
29.36968619129566 0.7889071820542181
29.575723505069156 0.8303706616772236
30.816274808428076 0.8264848570828953
30.942947322881516 0.9334525031105062
29.69345054071168 0.812083963001819
30.363599876713046 0.9462683982872991
33.51161795030827 0.9307172310013024
29.86479840019347 0.8560718069737272
29.657970733850256 0.8378377972624774
31.50705619135941 0.9367274092262433
30.341551111436186 0.9329994945956414
32.81938498350917 0.9756712724255825
30.688765660838424 0.9568943637219957
31.855904881454933 0.9387687024365708
32.51117235026334 0.9245816621521954
32.07896247289834 0.9481158632464467
29.398245227758963 0.8156053977171007
34.50479529557331 0.964705342032551
32.80162977697277 0.9571759920314974
32.296575048016436 0.9570141291134514
32.25949233017772 0.9506435649245826
29.54321002124592 0.8269132328484589
32.57035412608788 0.9705784381220663
32.330472743114164 0.9638291355594046
32.472262714614175 0.9550471568293912
33.33449238782179 0.9660853503711664
30.863905654193147 0.8225988596324111
34.89480348227039 0.9695255438328291
31.84725536132993 0.9459266125164593
32.42992530789655 0.954511034229367
33.96544848768119 0.953170372719283
33.2672812383857 0.9648996515492457
29.27610314173284 0.8188872986758626
31.952143291744854 0.9563873433799062
32.610222767122934 0.960609815476936
32.54431975590048 0.9726673277444625
33.7002933503241 0.9567305428154541
30.304344272883903 0.9234896267628357
32.54113430936059 0.924752168446559
29.56995365398121 0.8302995770377536
29.55981107396167 0.8225615173503127
33.17967940832191 0.922119822845528
30.23975131202689 0.8963583714035879
29.73988743595244 0.9253460169838849
33.39913620613407 0.9659887731449945
29.875694081808803 0.9137209941071875
34.302754816002206 0.958731268213726
33.41040502080249 0.9685679756808826
32.893090202231015 0.9144702846906632
31.919121552197648 0.9480856716797876
29.807855958014407 0.8460638012281234
35.38610848741038 0.9741212892154697
31.64348138636866 0.9549731730291314
29.535522230314463 0.8465701005061486
32.420838689900435 0.9661826703072227
30.361909128588263 0.9104913005795258
33.0086152775487 0.9196823734987991
32.23655772781142 0.9508002274841478
30.726996789588917 0.9398034453292322
30.917454620320868 0.8392547644648278
31.760508684914647 0.9453751767774058
30.358467117434905 0.9328191579215861
34.94623776543505 0.9816145631715434
29.32892043213399 0.8155921532260408
32.687493995001475 0.9714104779170555
35.842480835840604 0.981560656116699
32.50218274060474 0.9238782521703391
31.418198436015157 0.9273469038305355
32.41781569769192 0.9677473459488792
31.53383621880307 0.9304920999135299
32.29210401923661 0.9676526823535179
30.19477943354234 0.9352886093983619
33.21120931239659 0.9225942767177376
30.86453777146382 0.955016075014605
29.891296601998324 0.9235529398672665
30.77012475061768 0.819862035173388
29.925494157116177 0.8609448643309396
31.044848607786154 0.8829401172235937
33.32414419029119 0.9658943542398682
32.55250171575454 0.9693734105821649
31.76413206840122 0.944590783373468
32.544103559096925 0.9248743296133866
31.521752062586845 0.9307051472608145
31.509070360276606 0.9362348531044076
32.51594380291521 0.9643183139704722
33.01132986313033 0.9211292185046313
31.29426479852595 0.9471555516694794
32.05197184329347 0.9466123790604953
29.37646016909119 0.822999240831429
30.76410502479586 0.926141792278993
32.531623827980056 0.9640796811336114
30.062791832426914 0.8859400018768003
30.669448504990363 0.8754884214840825
29.888937845070423 0.9103624855583866
32.58702180722946 0.9053880319395137
32.80356293363709 0.9683876408121803
30.919521333903393 0.8342914555844494
29.416049816620983 0.7939115692544871
32.31354750090803 0.9512553020140997
29.5020796476583 0.848997212334714
32.443694870768354 0.9636631704643747
32.55996179202323 0.9569662790842892
33.59686564668216 0.9777084052404819
33.271075579922254 0.9172949101535642
32.77232896241931 0.9071443297624411
31.74439073253035 0.9585503511393573
30.907531986158865 0.8346550423503879
32.502043255748106 0.9555433278640839
32.55006790826017 0.9251348669780971
29.555784614312092 0.7471990117938498
30.261709915573682 0.8995562951747538
35.81238604345393 0.9807426607373271
31.5334573273214 0.9439157448681266
32.973099026573024 0.9620656586782429
30.99311256738747 0.8804458107753749
29.552237283768818 0.8489721013532259
32.64822766846002 0.971126895148924
35.33652066211664 0.9759586831982626
32.85320671316266 0.9696450455128979
33.033663768128136 0.9625464359968665
30.506971209091304 0.9160698252605789
30.50330457308846 0.9375177815958815
30.5654566989831 0.8617381492822621
32.04811893680665 0.9569322771687201
32.536984942235875 0.9635343695270758
34.09044593843064 0.9628836909636245
31.583106010197728 0.9319570298802959
29.378436033008303 0.8208386689613963
30.5037837266933 0.9140612989555664
34.13158534282768 0.9636365671083427
32.741455083652525 0.9133045984196387
29.261602614100426 0.8263461744309579
30.989189998119947 0.8542464038170616
33.258976871205796 0.9249057784623878
30.702437773099618 0.8731283570676349
30.348041309559946 0.9284383359211091
29.663672213057488 0.831748958996186
33.39285100465982 0.9651491980491731
30.391468905352422 0.9044618580276297
29.377007323370904 0.8256021376540568
31.54613153961552 0.9514283040044955
29.275281024614085 0.776419285512546
30.306924069156665 0.9432859829825206
30.75876205400703 0.9361854434489151
30.490986814106282 0.9109867807445031
30.328371641741427 0.9229764714425417
32.596583039112026 0.9707209543824598
29.35102032221858 0.800522861751236
32.147152463795706 0.9638531391136629
30.025740628508583 0.9254834613441789
32.486180618926156 0.9247957316968148
31.926671707597553 0.9504624444532311
29.415574887855442 0.8152728673459897
31.86591257253086 0.945766323096692
33.156205485372965 0.9600472114794227
29.56649748617729 0.8451802353845893
33.149001145347114 0.9728132528848579
30.46651453954035 0.912344099101932
30.93510854159525 0.9630153230540173
29.462091394345634 0.774450299286017
30.440508334919336 0.9405029789822967
33.53159953470425 0.9706322395685123
31.47400451318792 0.9316249367293916
33.50619781728538 0.9688660137549581
32.82583883519066 0.9754275320485194
31.95011309206067 0.9625504506017989
30.98170950364689 0.851815207350738
29.440574686497577 0.8233162875331131
29.777535081014065 0.9137879974934942
29.704957590425035 0.9404228016430989
32.03159024358292 0.9522152406727021
29.52877060112719 0.8299811010921694
30.17816419221283 0.8925771741219986
31.833255578842614 0.9453814929363451
31.6819070622733 0.9486266422476012
33.23534635215292 0.923094856891331
30.635933458612435 0.9584329648332734
31.853327901134463 0.9598840054171823
31.80544359451214 0.9372569639750512
29.511124358121428 0.825845930239331
29.222452654395305 0.8167264755045875
32.395743430742506 0.9535230693220069
34.07079907297239 0.9761606276588966
31.872023440447204 0.9526741482572356
29.308414679707845 0.8136274558541694
29.317547946252887 0.8157487372349126
31.146471302194257 0.932480841851763
32.24790670823322 0.9637052373953436
29.238728796644914 0.7926705282925144
33.65842572905132 0.9508635772272461
29.853340557836987 0.851023795059668
29.444257043811838 0.807126571922453
33.553736208898584 0.9522242720064407
33.2107102288421 0.9223319427575868
31.851661218156174 0.9579565836633409
32.70976619510981 0.9171903442482408
30.34481877353217 0.9259226648040094
30.83557754435027 0.8207788369411786
31.59483314446704 0.9363268211662893
30.12951636934091 0.9295231335947125
29.38718198894434 0.8234126476530286
32.659028886218195 0.9233748620837912
30.94143156887825 0.8874667856664722
32.19293202388525 0.9558813949411694
31.33114650892525 0.9482642561599011
30.705599852253393 0.9346167286908568
32.55121410553804 0.9703044946493348
33.279884005691116 0.96569681166875
32.028318665410694 0.957929894483732
30.829148558178115 0.8491107435999993
30.25366168013139 0.9438019382613375
30.296122200912063 0.8956148793112227
30.15542122099599 0.9209619635040985
31.879328243407258 0.9604301616950338
33.273103011432916 0.9171095936276014
31.57838838027879 0.9467463278820744
30.60491101477321 0.9552105271129695
32.70816602854592 0.9045018552167322
29.96403837435951 0.9262838990727943
30.55604441381163 0.9647076919819098
30.545729795396888 0.822901475474131
32.20180812384005 0.9506255860892381
32.74938864673328 0.919821637363584
32.69500027524869 0.9051703635161427
30.318334389530644 0.927924333153952
31.51939297917698 0.93541651250713
30.188173774827206 0.9439483531190466
30.136436474619316 0.9396647849453739
31.880618184387004 0.9578482985907661
29.527128301899932 0.8586660063637161
31.852376057326598 0.9458315901392287
32.64445800065821 0.9709166984775607
34.49271584253231 0.981154536538061
31.834385159237485 0.9456968439733097
29.42202887642779 0.8363693521258427
32.80355707047932 0.9782078812376945
29.48230137646219 0.7945957403736388
32.30485434887778 0.9635642131022604
33.212907545998796 0.922610819534685
30.482912067225513 0.8090682048745672
31.997282886175206 0.95596439024871
29.65635636012475 0.8367999319201993
29.35876111659986 0.8056705893368261
32.795758125539486 0.9758366634724855
32.8104035082843 0.9755569162900835
29.588527762245178 0.8534494330221031
31.05555099061148 0.9324041292216408
29.36323341136073 0.8252438617270523
29.950709867699416 0.9157008846859712
32.51562789451731 0.971060212007513
33.55667648472127 0.9788405691698323
30.239091349511426 0.8920631886195084
33.17427700523627 0.9216159120328179
30.771410326166308 0.946514502172666
31.63644939125166 0.9385835860480951
29.766927142605624 0.9111769567599988
29.587377318782252 0.8339169053357461
33.75610547906646 0.9548532488728242
33.28383625572212 0.9650620213803572
32.689850221943296 0.9568192917858179
33.084192563861066 0.9270290945924718
33.20155245977638 0.9614304288960123
31.250620682288957 0.9335483660521623
29.267189723168862 0.8166173494769879
33.20961658544729 0.9627989425891692
33.414694356981755 0.9726997359705651
29.83941463303716 0.9201177761465562
29.72820816647736 0.8383130546217102
32.64344111840755 0.913116258493514
29.351001787981 0.8199524421758609
32.47789601613671 0.9682141150658936
33.06468966683966 0.9714707316273178
31.77209792031612 0.9637427610523881
32.45637219044652 0.9613589258982553
30.850281915329543 0.820362502950584
34.539114484493496 0.9741894150965822
30.79477448475417 0.8238080308174942
33.74979412578638 0.952673693412395
34.53337752043836 0.9759864120966731
29.320010354019104 0.7765546794576693
29.347257225262947 0.8118941597952714
33.26929664240298 0.9648036392164654
33.351383543577235 0.9657645358701966
29.363156979908723 0.821733657681819
31.923860535484057 0.9579923936636278
29.4067185599869 0.7715976261894246
33.524180387393706 0.9317934787500585
30.01199421435574 0.9217045117220353
29.268612815352895 0.809611152301717
31.114914077283807 0.8583442805132193
31.3600268416365 0.9324753760913478
32.546634288265096 0.9733110629472341
30.86841957870325 0.8362981871531349
29.903027602938465 0.921006032574348
32.7372167626256 0.9151253640262249
30.681466147939382 0.9436899385547732
32.66911312245168 0.9218886165322254
30.397779791166364 0.9339875408854129
33.664410027647946 0.9724058683894353
29.37355718127876 0.8139945894836891
29.944709736541718 0.908223300920727
33.526908768158464 0.9802936722932797
31.845845960334746 0.9456648749264402
30.738930757205956 0.8810075511842459
30.29139495511219 0.9216870685765333
31.97170537080484 0.9562194221052042
31.94403642751313 0.9580147997383223
33.608451903268936 0.9795523311445784
32.616893641200576 0.9650382942857089
33.026979349773036 0.92412349386511
31.81077609870382 0.9392488335135198
33.80430606127255 0.970224717638913
32.47094125959406 0.9679624548536978
32.69039938976839 0.9027231993440129
29.675132114290335 0.9239137639155136
31.95380904635058 0.9498308932302395
32.02307526473134 0.9566970248095852
31.89649854408946 0.9496786464755534
30.94817795228606 0.958661874691972
29.402293523384117 0.8191119041370394
29.993255641082378 0.8686305022853585
33.12017927332713 0.9587245697545282
29.37940412339435 0.8275334518636582
31.0121548885745 0.9338396460315737
31.478746793386676 0.9529720450902937
35.203161755072834 0.9760939893068534
29.45079737151815 0.8306858972716484
30.769393752533844 0.9485083679997963
30.907691669914712 0.8429660508845358
31.5019123521274 0.9411871036135437
31.851210845801248 0.9384007691724
31.980152002634018 0.9584869983708493
29.28708494264653 0.8178445041784023
29.46444380290133 0.8266146353684021
32.13577144732957 0.970771277864485
30.12538216057756 0.9262149233110817
32.67702248955567 0.9158012543713774
30.108302508959213 0.9305727442032745
32.85238286604151 0.9758930603704657
33.11137476670697 0.928476623763778
32.66671049154384 0.9659187463626233
30.26523619548479 0.8832360476783436
31.927668045694247 0.9579968853650294
30.219888972086906 0.9374996392766297
30.525253069812045 0.9376364376002948
33.85303907937116 0.9721440291907479
29.518148113053826 0.83130271485856
34.29811790516564 0.9646448445981086
33.01246565267479 0.9012085037742873
33.38560460862116 0.967827684518244
33.246491583637955 0.9143791643438336
30.06951150752945 0.8872010475949247
34.58265624215901 0.9814942104448916
30.020159972490884 0.9268015935793676
30.969367389882628 0.9518181356287096
32.14818845114243 0.9464956155932372
30.136706156418768 0.9297534629756312
33.549220377803685 0.9788989602046979
32.52574877130207 0.9196586418813856
30.496900139449146 0.9377558259809835
30.54517528075896 0.942653090846394
31.48235316936054 0.9308628173965053
34.899246969505235 0.9687038943929617
33.01626798533209 0.971468997302238
29.262168098475062 0.8153640159725466
29.458537155230516 0.8188504585803761
32.162772122992294 0.961643615308013
32.670812693384235 0.9218714830636878
34.34068209650098 0.9803187420030419
29.401508971760762 0.8661429635189835
29.427605578618543 0.8221564560811492
32.76010763114364 0.9091055312201771
33.59054792174863 0.9773499867207271
30.747934043215807 0.8230758091999224
31.819332832304532 0.9374272284394285
30.605499213359792 0.8198698561896975
29.18186601623544 0.8241278949458485
32.63142491553058 0.9155567621789575
29.41522918619868 0.8270093041615202
34.51859760596275 0.9719843393647146
32.618436443901814 0.9639570848222853
30.341479126489904 0.9336937393854345
32.84094437729437 0.9759814556442823
30.365134581989864 0.9214633807452742
32.31832305367523 0.9637902970925022
32.343525863143405 0.9535863043537757
32.28613579565176 0.9633790937060239
32.647183240147356 0.9159273090739438
32.67463621407204 0.9068085052448291
30.716943794552037 0.9436946758107296
32.70571549519355 0.8921555232616181
30.95226024125184 0.9647907166143566
32.00359340650043 0.956284600415926
33.21841400160014 0.962669007489737
32.60979819208457 0.9149229012174259
32.22603205025296 0.9526709309013217
33.16798397410332 0.9732390185374197
33.73327467476702 0.9569678192699278
31.988363769779376 0.951276251815169
32.694850782136676 0.9119002833250635
32.4093650975245 0.9669460596789201
32.58868476513152 0.9707152337049001
29.49154990314757 0.8286811933251387
31.67488044316922 0.9387938078846484
29.464466904393948 0.8280752828704203
33.23344142346731 0.9735426383419201
29.21353788585136 0.8121480156713428
29.332748648871053 0.8118586840097377
34.057489501840486 0.9595851398054269
30.80289825070058 0.945484531201827
33.12654772416557 0.9267015863299367
29.622501602346144 0.935620071572487
30.989770007232856 0.9606948106596838
34.371999255698206 0.9747614278723907
31.944046735478654 0.9577523267137009
32.6092034562864 0.9708487134058694
32.50907738834948 0.9656607786946184
32.554177208070136 0.9237787891520175
31.848918673240316 0.9461103535729763
32.36013065468838 0.9510167183879864
33.231634386645275 0.9031950055790733
29.907036416129166 0.9196855374407836
32.62547930388635 0.9159223376621944
30.714027632657892 0.8219052923631273
31.61706522133813 0.9551626513713645
31.8550827475009 0.9466081916045834
29.478184466988544 0.8133429588611298
31.11780979450758 0.9427401276240358
31.842830136029594 0.9426142517177868
30.73335837514381 0.9447516522785118
30.25990914538795 0.8923985953859118
29.279582179635003 0.7988013584088176
30.879204095519825 0.957614295899674
30.11213788266012 0.9034044782120487
31.921271638604523 0.9496538960175638
30.60554894882433 0.9175859429972266
31.534212016767885 0.9304741279779154
32.415331718716885 0.9688244394550773
30.06090708056174 0.9072005800739773
29.424544719566363 0.8603886305095698
32.69447707186825 0.9712826045026927
32.99611785850235 0.9157817486993569
30.471671899538705 0.8074029551654173
32.78714365419174 0.9756681938752022
30.53047821807828 0.9415454583162868
32.56959095118162 0.9625911964371381
33.77264725414963 0.9523280158844899
32.5449987943119 0.9615289973976572
33.3033354006383 0.9076614234743984
31.50781221099098 0.9360768449293076
32.311728572463494 0.9548284434455331
32.467494023263214 0.955803505203749
34.16200821303439 0.9731185450373803
29.534360686156592 0.9096665848660557
32.0831181530446 0.9409669175673345
32.40280821322942 0.9693736444577095
33.2566943010734 0.9308715449658267
30.58163721687162 0.9299730856767455
30.335183042535622 0.9389748405717009
32.486195411711066 0.9638959066053938
29.078855072537753 0.8122785208662782
31.7970632953327 0.9598405320003465
31.60689469360209 0.9433199808310171
29.27108865962994 0.7783278614913295
29.284245350223426 0.7623665696637578
30.599767294289858 0.918156548366604
34.92052084952966 0.9715364463717449
31.874214233953865 0.9514070628102825
32.837477712942594 0.9754857156459652
32.59296483773824 0.9707884336338737
32.62041861609472 0.9707386751715773
32.39501414051751 0.9533270386446796
34.292015420796446 0.963910434326262
32.54684468970244 0.9639824618327895
29.495035281309306 0.781964526586639
33.22588867209697 0.9227284216874015
29.44105332261998 0.798453407665276
30.859413279204663 0.8309463207695297
35.04696031805562 0.9766925577850036
30.557720330502313 0.8178608258507065
29.672950386400025 0.8243349155355868
32.34707888061755 0.9518401546700522
33.247178471916385 0.9291196745452327
33.2455641553759 0.9745575422634035
29.384507770852565 0.8265742491618641
29.475603306898247 0.8271859740567773
30.27111463410051 0.9217524048571757
31.867487168651895 0.9637370997656984
33.27601005669482 0.9645641549125985
32.139226719116664 0.94950242127024
32.86656805714558 0.9124327870020505
31.556091149851046 0.930565030065021
34.536251296421966 0.9812502408095939
31.479575395744508 0.9356135462263774
32.7792753995534 0.9609455925413497
30.949455851500026 0.8937032824883746
32.27291797535682 0.9632720717956438
33.16168458546176 0.9131548554136625
34.347151557553666 0.9697264743970387
30.01303022943993 0.9077643937313823
29.396902113204646 0.8196439768630597
31.518819375468613 0.9301325328526099
33.19496453321964 0.9729741061460309
29.28000506859004 0.7855820360753715
32.507761899363416 0.9245310705771494
31.403556993134686 0.9355457539407089
29.29008751757278 0.7744212178957757
29.28270988977271 0.8120684777843553
32.114158196504015 0.9540596488227208
32.59955129620379 0.8970922733261343
29.42199504179961 0.8210644151160504
30.810158796126146 0.8372233886444534
29.3194123169363 0.8004899969547747
29.648495604591428 0.8519594610436946
30.443486980572693 0.9129953042441457
29.240260213704126 0.7782026909814029
31.528196903513496 0.9304822551423438
29.915539612782087 0.9226218529173579
32.719796534449536 0.9570428352480977
29.369186298297635 0.8249745429980488
32.20093169028256 0.9506506490337399
32.11260339658799 0.9543642323164124
33.57336741998506 0.9778365209171622
36.20866131681245 0.983707928034993
30.78431941343089 0.9491504461439686
32.03650627285587 0.958020625946952
29.39471074242209 0.7767397440112582
30.44113958564409 0.9182960700778747
31.691879535623315 0.9535071248596283
30.088649979048192 0.8876266027705993
29.320903338167327 0.814524240509584
29.506987497551904 0.7821739739808131
32.73166587408636 0.9017903125737369
32.51943639604225 0.9708624107330629
32.60855754933025 0.8936879399318443
30.482613136130595 0.9357799936697371
32.04301117710269 0.9669598398292141
33.23301143863518 0.9731478928498534
31.527864396954048 0.9366101124360585
30.628199049388286 0.9317977271994382
34.374040003240026 0.9620992196150557
30.54657377954827 0.8187268932072319
33.65233254955689 0.974433705560924
30.972105556685715 0.8310331293196528
29.479902261539106 0.8326415243994263
30.864633173158555 0.8132480507534259
31.07386394374696 0.8996638844443043
29.404620456657273 0.8211851318341454
29.882069506467275 0.9249348872089607
32.55227602044191 0.9640617508850061
31.837366960762424 0.9388767107507845
30.61801110033631 0.8143963458838995
32.289890322031816 0.9630768417548353
30.885539901149674 0.9590621952274896
31.808360292157136 0.9388671491091284
31.923432023232582 0.9504308838034053
30.20074168488407 0.8964754759292654
31.343472243674867 0.9483544944476683
32.28629305242287 0.9498731373759737
29.60887317325334 0.8385445312233522
32.15418092288167 0.963193290907585
34.54736371988365 0.9660290962980345
30.270701844195862 0.9188581695177234
30.54758857073235 0.9164191401709627
29.430682465529717 0.8453218053154987
31.79334364415736 0.9365215334509559
29.7134448982274 0.9271605056440588
31.693559952075255 0.9587486571865151
30.444742898217267 0.9572779114665837
34.64362688586877 0.9679999627930181
29.502386703186133 0.8459848104850094
29.28319229284648 0.8143388457775885
32.35048501336952 0.9535797233274267
30.466421870732727 0.9239939029065468
32.63248166534489 0.9704607786379115
32.270917780949276 0.963414365088462
31.03989092712329 0.9250800765349905
35.7711017300154 0.9804627124213791
34.245371556765136 0.9759282452875796
32.70184693494784 0.9710541328267379
31.79180365921015 0.937678180961838
29.488568983366967 0.8219985418120722
32.572927208085424 0.906615627251322
32.68401725570278 0.9588137283410475
32.655828647367116 0.9712140457249471
33.24518350340359 0.9247853426678825
30.68038774100438 0.8261662813360685
33.84523840586648 0.9715717946246953
30.916241423556315 0.9613234414635736
32.203117999816186 0.9529585264629078
31.812943873043388 0.9385298564995088
33.64712918898126 0.9723219554285517
34.60717571501537 0.9682103952582672
29.55265429161189 0.8436983950568839
30.509725132952138 0.9493366437225403
31.428788573606532 0.9396077223270225
31.667167816463056 0.9461776533373866
30.558653561887784 0.8185386264629813
32.667420304452676 0.953797331690634
29.43817940243461 0.8800681359297917
32.839008868894545 0.97670503940164
32.38949982279105 0.9649454782292161
29.410283158014092 0.8489951747516491
29.835861241625796 0.8552287716144021
30.586035091788276 0.9205987237678616
32.61453856373848 0.9216663922935635
34.569766689772855 0.9664767675489717
34.43519918795546 0.9806899977068412
32.301955767962156 0.9633824413044226
34.779225557576666 0.9803598823204258
33.54437296572855 0.9695011826615706
33.08369669711321 0.9263810123419477
31.53429612242948 0.9308566688621251
33.32262797215547 0.9659333869704605
31.872822085014512 0.9487489783847545
32.10495219240206 0.9546968600950643
29.31189403083135 0.8209640802179978
29.581787627023633 0.8071881465481908
33.42112279676643 0.9225376601283706
30.929345488621223 0.8493007031318834
29.408152479825404 0.8221869296389277
29.278922718769106 0.7996842117890086
34.960779508875206 0.975104503343441
30.61766803977286 0.9169017186579285
31.895717960594116 0.9580435186207832
29.190139090852693 0.8182167190513174
32.413102174835316 0.9609730167854441
32.737822278525826 0.9718612153542093
34.19911418547834 0.9773879396054483
30.331650968968397 0.9317966324971285
29.66521184547205 0.8472185759817578
29.4290090572435 0.8201989997571193
32.897416722671544 0.914638778899671
32.823559142672124 0.97422779482021
29.721491349259775 0.8333980473401121
29.942629754937595 0.8956713833754447
34.04746905153394 0.9746595907455725
30.810941156726454 0.950374425292276
31.832045257384426 0.9388457560961264
31.0174232341879 0.8798480536711324
29.22432274244391 0.7826582519116124
33.2136498978289 0.9132257968927971
29.892588508627902 0.9117760939155618
34.808641278769834 0.9719619771041246
32.52571655804316 0.9684188243094859
34.7906870779867 0.966978909210165
32.54029702375908 0.9247056926210474
34.2397035094142 0.9756903147099765
29.666899481828327 0.8418410586682858
30.51855562931772 0.9358874146430305
29.253396930226355 0.7731998796727892
31.186981889753483 0.9346812145460287
29.36925998711462 0.824113742897051
31.065618764052516 0.941497933026348
30.68654967105612 0.9196037472781483
32.459057712634376 0.9590026699500586
30.619184547001204 0.8230494665199964
30.86302421991585 0.9241248839503775
32.89758448083833 0.914731089151855
31.889957129644554 0.9577896673589985
30.46937577546597 0.9383698887240126
33.05821892149288 0.9264433381744894
33.184146701405915 0.9218775927552112
33.140753124858115 0.9200351357618165
32.49651006452789 0.961501333430526
31.7583323519333 0.9470573358887403
32.489011629947356 0.9698886568219781
32.63096968657392 0.956751285313287
31.126069084362584 0.9303561417004078
31.831443571168023 0.9388616901003495
32.55356710854634 0.9651184232639575
33.572658454539415 0.9794247305018139
32.10259983520268 0.9475766098589785
33.229250655236065 0.9637301999190234
29.218120369807394 0.8318584054802743
31.789743236480174 0.9380022924489086
30.165192767704873 0.8935301345139091
30.573078321256247 0.9087996014452525
29.18424392613072 0.8170614556667412
29.30807403262118 0.7818818875954122
30.76187513097932 0.9227637666443745
29.80285837296041 0.9109086104338029
32.88757015178535 0.9151898694535526
30.31601161684961 0.929907951315492
29.382542478427162 0.8185641454283752
32.65048384431593 0.9761155474877232
31.47075599753013 0.9307587511051609
31.491248182995278 0.9298596802146097
32.75441603627806 0.9059404823276976
30.004695597793628 0.9043906934327101
31.86499643045878 0.9446878495836314
33.58146873754276 0.9796118338476293
30.349318474909875 0.9320123144104661
30.348528382353127 0.9248558399215578
29.367254312233968 0.8483619063288297
33.26310612048913 0.9310873501479998
31.291379723998606 0.9336481371181545
31.915305822815135 0.957797674316034
30.61255446091228 0.9347749836171669
35.04716390585758 0.972690337438193
29.22517899470939 0.8076580959922319
30.783510796337804 0.9505358668905284
29.46185061655423 0.8256578809298347
32.32031785293367 0.9486887369544036
32.35154802016796 0.9644063713062464
30.51906789948643 0.9337170845962504
29.53130352397478 0.810741433264671
30.710349361040876 0.8229760670894765
31.84805887418961 0.9392616577993645
31.18500491625067 0.9435367730225039
30.246280689012522 0.9166373487470508
30.579550996253282 0.8114008988074569
31.358514763974974 0.9484090682415296
32.904713340969934 0.9593069106316032
30.72407542855892 0.8479569760361129
32.67290791855244 0.9650867303129265
31.486417404090382 0.9495717205421818
32.522921200217496 0.9567034975624599
30.942915398202288 0.9652013168579653
29.371532419437024 0.8106451649710215
31.196238388809697 0.9333655699866106
29.574251702674953 0.8445364664675967
33.729089179322294 0.976138147428902
30.211604666353313 0.9143540659278422
33.58828851276111 0.9712555084832188
32.1648839883784 0.9521736779069015
30.259754335463796 0.9218345430197283
31.865702669508856 0.9459779151173495
32.68238541177319 0.9123605531983581
29.433498805862722 0.8150234635817144
31.48849163232324 0.9506609020284463
32.716189181939114 0.9034402838954974
33.34939855040831 0.965384254738135
30.62707847553623 0.8194045581595725
30.715513952133385 0.9146415159838832
32.11613429576288 0.9487832437411204
31.66963631537572 0.9569344624180075
29.305884528867434 0.796662019668552
30.35423074350113 0.9319248773654348
30.40881923389682 0.9279336657942199
30.270013792401926 0.8991479111825144
29.98095531880761 0.9222995181750837
34.256890245984295 0.9609773893324693
33.29092124342676 0.9314457900728481
32.75162517438538 0.9574435723572446
32.46051835301087 0.9227961237690462
29.407289465463986 0.8102607966167285
29.620313750792647 0.9228371658390501
32.54069435951224 0.971626865760528
30.609101837167646 0.9224397414858394
32.07655648598304 0.9531038243092163
31.58020365669256 0.9321257943754052
31.841487272235884 0.9460283878682979
32.15435583347817 0.9506918786155043
32.604560909485286 0.9038898201193071
29.315431320369044 0.7676028120647447
32.644189527070736 0.9650900146630484
32.356030830411534 0.9525129968156509
32.54840861156056 0.96386576522032
33.3894932506781 0.9673407424333055
32.527360524953686 0.9245918052412484
30.15086187304537 0.893314500608381
31.46060322729834 0.9296557102274896
30.548144141060366 0.9158230197779612
32.63151025111434 0.9216096594604102
33.15211351152619 0.97327294230594
31.396280182677646 0.9478280169268485
29.390903696973982 0.7735750779226951
29.979610630689983 0.9003356325377583
32.06182755873735 0.956748848459934
30.215078250404176 0.9248862531553489
29.29843052450532 0.7875235528564211
32.82605857711227 0.9179055306866094
30.419513573628425 0.9482314663202571
29.420231200182876 0.827932038270182
33.14421560315243 0.9209904155098481
29.288800179213027 0.8233426602252265
32.14040065693159 0.9505843474801053
32.65820258330343 0.9149827139288035
29.787385994624177 0.944349313595468
32.273703409126526 0.9523361845346325
30.07182753899138 0.9214014746673622
30.030365256177795 0.8850747285112475
31.880528790294473 0.9580910998370069
29.280791048163106 0.7869876819561006
29.247895859579085 0.838941422268324
31.693066979818703 0.9608868074798805
32.59730784000094 0.9639411151481089
32.53437559104048 0.9625471946988138
33.75673237276496 0.9689883461739994
33.15930120241945 0.9731616771080996
31.27818311986743 0.9445269853920125
29.342135422496142 0.8260103776208451
30.11459108073972 0.9322318303792989
30.43279805376455 0.907708987300818
30.197809526291174 0.8968799524274773
32.62835797309732 0.9234309540330592
34.995444655723375 0.9705579602931795
32.79540572763955 0.967357826195698
29.314662865764582 0.8383362306827783
29.266667544884758 0.7911013587166391
35.69099714091701 0.9805592532645862
32.530299133356465 0.9543354279238908
30.449199555856154 0.954485297097668
33.194313804753534 0.9146833354195062
33.07704505080023 0.9258540359633409
29.907541593987027 0.9139919350739228
30.09293758428751 0.8891254177833205
30.251392079811662 0.9319518740056189
29.272612214983905 0.7965228479852821
29.943020962540476 0.79175342866078
29.70397958884945 0.8480499371397503
32.759480344744965 0.9576527562705884
33.72701866417468 0.9759708481242549
30.587061912108474 0.9138081749931655
32.66746413889868 0.9143556846639422
29.342499703571264 0.8646655262291215
31.02681395478323 0.9324070802879296
29.901017928697723 0.9175526174131851
32.60504178442694 0.9631984377009895
29.640170546036607 0.8285299385135283
30.676090388865646 0.9672708361808496
32.7515403423902 0.9041272370381155
29.292305453740283 0.7903978880411773
31.58238292719065 0.9379681084192161
31.9454371606324 0.9583976298157734
30.140771087945616 0.9419132403960945
31.514915212973506 0.9493482150763055
31.51262921582195 0.9312350412748048
33.49803310375589 0.9532637934509635
29.79312854515552 0.9142013625470997
31.2279546255542 0.9343829187017257
29.329784196852383 0.8217298612236865
32.55634112294016 0.9588801962782056
30.49047932053645 0.8075678102815559
32.55361297176581 0.9690314114809419
34.50890595615793 0.9814924075873935
32.17885870568293 0.9552229057545619
31.9788550212752 0.9561138102509618
32.54527028156067 0.8901018099093745
29.839653364711495 0.8858317227606206
32.346998200750875 0.9663883208087085
32.11728198257043 0.9392450874260713
32.689099614513744 0.9220125986768628
31.49558136287829 0.9308329046860689
33.109021971850325 0.9292020916291319
32.559994656253075 0.9563750699701075
30.044515916749923 0.926845972694016
30.106246447958227 0.931197556143373
29.462557272276193 0.8229280051011982
30.802595484877926 0.9520344380399709
30.93901580429893 0.9610389069708434
33.45789975969394 0.9519753216914277
33.92353547969791 0.961808763948872
30.623780601599535 0.9188588444099347
29.341682095666293 0.8228762072105819
30.73380170801321 0.9414026038956539
33.15999262164171 0.9685010370093835
29.249381553963197 0.8007897524099148
32.623813048918656 0.9714707083281173
29.509846908442228 0.8333698825306892
32.7758459423477 0.9587266072794052
29.470713084455305 0.8316976469025144
32.628639146719806 0.9151587489059886
30.347744143466254 0.9097687475637072
29.347097366798444 0.8171354123331288
33.583648918319355 0.9795942331726637
29.183227027907222 0.8284624182067604
30.37183957157768 0.92039108243836
33.574324556920764 0.9522357489455765
32.882907077563374 0.9150397863935024
32.83106260844513 0.9757800917692022
30.951192014211045 0.8428122356918297
32.79773132955613 0.9756794180359661
30.836952942604757 0.9291295133296622
30.914213405208407 0.9564394821062723
33.16826317729367 0.9617243462101627
30.927222982892346 0.8273507141444438
32.53219465678584 0.9717910496094246
31.626507753517068 0.9390042737330876
35.90710475929736 0.9822686871924056
33.992130872717695 0.9741892395559847
31.74457647547916 0.9596380721897928
33.541915049153005 0.918790857353232
29.366269187833073 0.7647827217244881
32.665102173919486 0.8969344147320129
31.457603397116113 0.9360553087265951
29.415735367271225 0.8121839762443919
30.297148315380255 0.9012071360966121
29.297349551181867 0.7924945143795737
32.49719142487874 0.960713025529825
34.17021726009533 0.964045559147202
30.312245186343457 0.9200479480813769
29.61553128772668 0.8316878725815027
32.55204519883905 0.9570495168498677
34.48252933683187 0.968440258994094
32.58465021526316 0.9688557264190496
29.714417219894194 0.8443548532440162
30.68177240473025 0.8331134884941048
35.35798285284257 0.9759183938243962
30.360804362337454 0.918026292941754
29.851056007624006 0.8516393444872361
33.283572442181075 0.9219280533839093
29.978355730892524 0.9048624486170164
32.40332836667634 0.9522523179051262
33.14506726959736 0.9644468057770804
29.259766964962463 0.7942648177792525
31.926452345405863 0.9582497200867675
31.485198568964815 0.9287017459913801
30.417616685847406 0.9121219431491987
34.403450663642275 0.9804970799471209
32.585398915291776 0.9743506000136113
33.25718242565578 0.9300068571497375
33.516406218844786 0.9515610262366664
30.348703523001866 0.9279875657971083
34.76580987049616 0.9672158280487951
31.42892315087842 0.9484653159691145
29.498977411533932 0.8207247506970456
30.757422696998947 0.9407270373130828
31.554882764313867 0.9499180541177787
34.09527613851354 0.9764056205653482
31.071002710150584 0.8434557826543205
33.26193171875019 0.9730909565667851
30.36268805149649 0.9548533658789016
31.64121997471584 0.9589007771817745
34.47885928961274 0.9733123025163934
30.065460530300534 0.9259346510611393
31.055110527702375 0.8378980566472938
31.005970087006027 0.8550529378334156
31.505591758321508 0.9308329536499992
29.31044207314644 0.8088209975200267
31.258043376128455 0.9326097800971223
31.789588379421602 0.955002691524699
30.801007762988096 0.8411841660898496
33.08498428110411 0.9587357776102696
30.67263510570293 0.8831959087029023
32.32750822762207 0.96427171648802
30.264109770800026 0.8941413860454167
32.57953343995842 0.9076239207704349
31.515377475440122 0.9362605695910362
34.08864507594395 0.9760256475936344
33.04828050096886 0.925365284005466
30.74157765769921 0.9480948110480536
30.50677229307118 0.8164182403222527
31.900765176450918 0.9392061387292432
33.78213285921312 0.958457862584444
32.125603733650934 0.9591653503251819
29.281672281044386 0.7918663780161205
35.384124838581336 0.9754366638662298
29.98486385765165 0.9271613797376436
29.688701988138018 0.9092951694799559
34.452696428044945 0.9652880516289547
30.904027459260504 0.8222941841964615
32.849951204878096 0.9616642896858518
32.60860319614031 0.9549972687177151
30.24808604671973 0.8984377925317438
30.511751881995366 0.9264756240064503
33.22060231271325 0.9297775764160483
29.354762075121968 0.8320236540386495
32.97821226657668 0.9599558912273232
33.17086203987229 0.9075606910787145
32.02587964060916 0.9569812267891301
29.22303638508104 0.8030088724484449
32.13787273549939 0.9551497521151806
33.426499595755025 0.9649975128947451
30.933966918909622 0.8404368202790143
32.7955754435806 0.9674100734067796
30.3657728886434 0.924241549936122
31.788508181216365 0.9642965987722733
29.596622632124586 0.8555262601527344
32.405039354780946 0.9535202372579769
29.433519237553725 0.8235461519704137
32.80564736897437 0.958632087412102
33.06499833470246 0.9270758012368043
33.65131275953519 0.9718595812977943
32.63966713219775 0.9707065898813121
32.01744293485621 0.9524600068672785
32.71036297664552 0.9570154684468084
31.597420110122663 0.9360472734093405
32.95947455697652 0.9623352355292296
34.29105796279563 0.9790482122020413
32.656531420691344 0.9644736109553818
32.56661255836757 0.9644823981930204
29.461781548193162 0.7645873926195602
30.67983425592413 0.9386057363125591
33.195338058742784 0.9209194111027658
32.57591788432913 0.9531529136623847
31.8410919768025 0.9457716626869134
29.467121676525935 0.8510235119665167
32.233670566990334 0.9630793008554323
34.56987927537987 0.9779001083815952
35.34891186139161 0.9772592636879089
32.69954102677282 0.897936736118983
31.967207185677104 0.950533587088788
31.98171831902613 0.956910422854911
29.81791158482293 0.914106708830117
33.13987198519503 0.920167913991066
32.56678109959693 0.9706638644057324
33.68554133923165 0.973491779491298
31.47777545534264 0.9530169642340095
31.851477901890057 0.9417576208330616
31.054034339651384 0.9373181641095182
32.613044842475404 0.9216068930501655
31.448007848989278 0.9296804894968557
31.50771960471942 0.9362592146505467
30.269294305921335 0.9002489549575108
29.591245896591822 0.8879573206759771
30.82982614681572 0.8205162740514418
32.52009625355853 0.9189423996051093
32.04641873156507 0.9565358088049171
35.069814626227654 0.9693575046424125
34.12869384258322 0.9767696102944629
31.643140256101443 0.9508434922960728
32.7057347401935 0.9663681580822955
31.087046623834865 0.8523003920316656
30.185583094513376 0.8943602303491424
34.28246975340088 0.9642519366752836
32.54483819865236 0.9255079809416314
34.582837925346475 0.9767786501724192
29.477910859087196 0.8308872051596651
33.44182541015341 0.9695402497797134
31.985377105672942 0.9566921494486899
31.67119746616631 0.9587845493254267
33.3825314189501 0.9679210917914569
32.720357719322934 0.9051207405624676
31.964205343592656 0.9446533334609037
32.76473402249454 0.9658388906755542
33.04805099505598 0.925974492327977
30.6999358771941 0.8369232813184069
30.279315917332248 0.8640958352323677
34.789519847908636 0.9801988231202439
34.35217195209807 0.9687948388207666
32.214406511918725 0.9633767870667043
32.017784016784525 0.9565373837858971
33.3417828709814 0.9675106999474902
32.48855122162708 0.923171189734841
30.602457848840313 0.8314915714401818
33.88695307475799 0.9717789288451206
29.62078383456792 0.8581540354181202
29.34993487878479 0.8175031627349348
32.02493857973154 0.9522256910094397
33.67607522658871 0.9758082749532855
30.385237009810353 0.8400286154186554
33.16429862601122 0.9621547500381875
34.037439952901344 0.9754560575931221
35.67980613458148 0.9805911685919494
31.679530508392602 0.9571906613174471
30.214516854282124 0.8957562157546828
30.330741086580773 0.9298437151598684
32.924325294772366 0.976170135446772
36.36386428591974 0.9841730024779111
32.84004472104299 0.918453146750241
29.60960677257747 0.8500417521364818
32.80562725710159 0.9683736089026672
29.403095826142437 0.8378528839456567
30.47364030780323 0.9382777296086683
34.721434552650614 0.9639424715437925
31.856419720243487 0.9458389669937359
31.457247070669496 0.9335715027494135
32.25569568469594 0.9629265396670704
31.93744983218771 0.9503660523084975
30.84048768491174 0.9491014537925178
31.50342180138983 0.9361554069425815
29.94809663383525 0.9095395487929492
34.59016267776696 0.9778669697995216
30.230434109316576 0.8984964748723929
32.5649722998347 0.8971619037878075
30.503888294260015 0.9203537333791149
29.624523174438842 0.8434197830511586
33.08619581638461 0.9585722103826351
32.49204406527072 0.9584948650466306
30.01294718935864 0.9130181787197249
30.406109247953005 0.9375863219211982
30.599732752637102 0.846132200041898
30.54432061532053 0.9459670039082864
32.292384347533776 0.9529696672690365
30.102230325949083 0.9091395120922364
32.55220092302612 0.963943996151412
33.14133883995574 0.9732808476153969
30.63416737039667 0.922248654199624
34.78891253593381 0.9694814892036285
32.38105583113301 0.953490003425637
30.80305466155801 0.823661206536838
30.297138909013736 0.9192420710721425
31.89172820028108 0.9458830149943986
33.34587776441885 0.9106537989521635
31.879354647806558 0.9448816165610113
30.96169018262802 0.8839325466000575
32.118805191724505 0.9487561434864944
32.37263732697253 0.9538478376304246
29.217929244699263 0.7992392981509661
31.922782666656087 0.9578195424809481
30.925290379178737 0.8456768616738864
32.70333632376583 0.9555224633218957
29.520994429867464 0.822544485786506
33.19223670869416 0.9623984818807555
32.74262608616844 0.970545292853655
30.858000781887863 0.8194281602515535
33.07398912120648 0.9008033904866933
33.65801425440728 0.972309935240131
30.00960905975706 0.9245826239614486
32.20373843251624 0.947838909523795
31.966904939230552 0.9588745946976578
32.85117977938766 0.9758524949772602
32.654264008823176 0.9635195330747738
33.343633489528905 0.9631346784461031
31.363776722705744 0.926850258627932
30.643834484760934 0.9131455604622671
30.902165426711083 0.9572095141081728
30.346424391183284 0.9103439212171194
32.30250353584524 0.9534423147941277
32.39841345655329 0.9636867137034988
32.95535251426962 0.9199226380172645
32.532207246550676 0.9634308613100958
29.82039304928975 0.9156597452878428
29.733214295249763 0.8567473209796406
32.75444088142906 0.9075329834013252
32.91488720085772 0.9149668426749009
32.65375216333626 0.9164790075425401
30.42822876175539 0.9394951824213829
30.334982589547323 0.9378748527213168
33.308093597404685 0.9187709756721185
29.96757334699476 0.9140541489115194
33.98511709576703 0.9749773170400824
34.572959214669844 0.9744754672952547
33.704559910264855 0.9761651755678392
31.310266979257616 0.9477334848724238
33.54022957361248 0.97415357028715
34.03197614929143 0.9568746986632625
29.71737191307057 0.8346093910806188
29.513580055142757 0.8340908245878729
34.467263830071786 0.9810933162110171
31.869614201598758 0.9460024475798897
32.7981780278203 0.9100504955138049
32.01127523406662 0.9515205862067753
29.977106436466272 0.9235293373990356
33.13237301889729 0.9268592675483733
32.4236427607746 0.9674196086400314
31.46968232401102 0.9484857933974274
29.70440957877559 0.923342082629309
32.52359964940181 0.9684905097422699
31.481536083523253 0.9360049579666995
34.58655211007671 0.972248094517958
32.26486907705096 0.9640975796201163
32.67729259378093 0.9052285807747193
32.18078101577737 0.963081252373223
31.00872395649898 0.8392290214742019
29.873987555361158 0.9183217174331093
29.518439206192518 0.8440263429697704
29.256732344049045 0.7780003114979891
31.526983767842495 0.9315152213907323
33.90243194674441 0.943841653705658
31.594026321404385 0.9313099938730673
32.673633783933 0.915453778739229
32.04291099537591 0.9503921401146184
32.513878272186346 0.9252184832424265
33.527348080447894 0.9768994322013402
30.46243678288102 0.9078912405926939
30.449333747603653 0.9084509186514503
32.583976495576046 0.9199351495418724
33.12357308546806 0.9095554584190623
30.88334960441824 0.8327861857456511
31.49564179158694 0.9511231676609091
32.068953617302 0.9572423487152698
29.30824781735105 0.8162587200218155
30.44500322486639 0.9558333614565397
32.39502786361491 0.9551563271061704
31.887632550283442 0.962166505457686
30.82279118179082 0.953532647862045
29.894028030834882 0.9167164079625912
32.73478029086901 0.9573851900967838
32.598486149173816 0.9711574075962498
32.872632033422455 0.9128000281746592
30.196916453950628 0.9265127479165436
30.369467210618467 0.9257151353446234
34.63023392166855 0.9633348597187029
30.28785348111306 0.8998145716111491
30.20751438764806 0.8943279874697535
33.968108430389854 0.9586250134968546
32.7486231302411 0.9563881850798415
31.90455316460415 0.9577170535901967
33.35249969912491 0.966548168076239
34.29582551596825 0.9658449113762456
31.512562328226828 0.9367316986391768
32.368565846053585 0.9615546546079379
32.69636637415587 0.9683353485303948
29.313329599879403 0.8426657815979647
31.902032236173888 0.9597694144035349
32.45021769041878 0.9649371372463801
32.20693975609558 0.9642110346618318
29.70395989567393 0.9059775609589605
31.011581584666455 0.9348914625732235
29.45067468116826 0.8294763910470646
32.6488916271697 0.9643732236123291
29.22802286786879 0.7792956322005935
31.52358030615357 0.9312082529454883
31.568249624105253 0.9476042294164976
34.70114860524019 0.9718845403057074
32.286636211671784 0.9667975180603119
32.844819674974445 0.9758697032607109
29.504102344597058 0.8250697368965417
32.64599285778373 0.919697776351486
31.82437289218944 0.9462654983144907
32.53136341963578 0.9684188711352363
35.76696008332105 0.9803441730660125
29.214637600333685 0.788513654063523
32.29765960472483 0.9638772946756932
29.3683363084236 0.7689489149082606
32.40120308100351 0.9709001363374179
32.24711229357228 0.9640936557710945
31.99745193826933 0.9563004107282389
29.63179362477359 0.9092516842376093
30.216953788807096 0.8926090799864991
30.998731511561033 0.8590460235957273
31.453849001249438 0.9302830875190317
31.950053910782373 0.9651238403786466
30.21196737246108 0.9398124760899513
32.65662089481098 0.9082697061048008
30.34988900158137 0.9205122561191804
33.077065567660796 0.9278801554541151
29.73090494667874 0.8367967109591697
29.49670577562052 0.8766646719746332
31.511767533565216 0.9306214562615572
30.783305903943678 0.9257698222032547
32.195628739628 0.9600726769572471
32.52181894629219 0.9712483586154055
32.82525585734342 0.975767733430188
30.928129509934443 0.9547014509419279
31.92237648346943 0.9500899449166463
30.738055843165167 0.9432550255553916
29.46799297253261 0.8384915149363605
32.0431071428186 0.9519776792718483
32.813534208339405 0.9686303378738297
32.76065870631199 0.9632481213213899
32.65703954482014 0.9137280031634378
30.40833982800796 0.936613646243299
29.397001886254394 0.8292853054706294
30.97328637627948 0.9354924351849491
31.503608695476508 0.9309235108899234
33.53541151164468 0.977536779967425
32.527068148823474 0.9232164336098766
29.35219778667014 0.7701263621538358
33.20699029891779 0.9740659897805365
31.842957026410893 0.9449800449960375
29.555806025996425 0.8517891413798389
30.444532945194204 0.9209752681069734
29.266714844416832 0.7791251261503642
31.704377578493116 0.9342691972858779
31.81016169284211 0.965094535952979
30.34188373064191 0.9501632138769494
29.91627949951672 0.8559251772064886
32.569381428962124 0.922846060650426
32.653739216248496 0.9118671163380442
29.104924449776426 0.8121450984778922
32.89109926990341 0.9182031194685053
34.066751052969025 0.9567596810356463
29.428373681514643 0.8468095375389973
32.293401201345795 0.9658393249524989
35.04498671318328 0.9729260916467282
32.73528528567553 0.966115479647864
31.08818858098288 0.8505780548636086
31.450365877418598 0.929578790971154
31.46327076594916 0.9301371770825602
30.91895660044209 0.8511272447780069
31.3243563329764 0.948176610509451
32.12709940145064 0.950454364850096
30.61572083010673 0.9629440607933434
29.44356475798201 0.8605537647932684
31.722472165430027 0.9589467743695784
31.188272847638906 0.9454791960886715
30.763687650696276 0.9446661147650336
31.559640015543554 0.9306105086090666
33.120901886652504 0.9275132132506685
29.2806568782293 0.7931544862073718
31.38231912298275 0.949642210461372
33.03727610732407 0.9257678616743519
30.746237871209008 0.8252604499610378
34.284396998206425 0.9576210387570462
29.498652400079315 0.7620633377744426
32.02396622434326 0.941828345221967
33.54049108716033 0.9700705794238259
32.92061548662171 0.9111877096744563
32.089421492619785 0.9484696440779454
30.422730309507408 0.9099726955608803
32.67835039250952 0.9120806521889124
29.29594353018247 0.8085381682319177
30.270102831007783 0.9347824994829026
30.004353971698173 0.9080954830892735
29.67225773521427 0.9201785508567247
31.823271644046514 0.9430966491059753
31.93479213622291 0.9575302311938673
32.63969536238178 0.9649236179190104
32.679810577988846 0.9658546536182059
32.03746388670344 0.9523903242325132
33.1583894792188 0.9083514593100321
29.503788899060986 0.886726512807522
33.51712037371911 0.9777934636000333
31.80214041447539 0.9374282692905264
29.510251233300686 0.8549903080128227
34.435154674829114 0.9808404593057534
30.71885141558392 0.9657007197839197
33.0104741529533 0.970254926526703
31.91829556237531 0.9489185992617087
32.88084193774641 0.9161665757992069
29.365864573342026 0.8319887476066424
34.35609029990794 0.9795182061730867
29.978448382638273 0.9170028856497078
32.67739063275285 0.9718596650928016
29.464726853189376 0.8258260672020818
30.99865412334104 0.9401659779292528
30.55587368785643 0.9452396335416027
30.820988056253192 0.8810630950140099
30.842285862396885 0.8854702508255187
31.108653867608773 0.899710416879565
33.14230041684938 0.9612317090309342
33.961724350071336 0.9593874493709064
29.660920976492573 0.9145068168203675
32.19988814840186 0.9514164209528797
32.6907862153275 0.916751074385073
32.98081629690086 0.9155798280806822
30.92764957627646 0.8327263010849368
29.83189706940881 0.8527808247634394
29.279282851982256 0.7735505525691335
30.8794436794237 0.9293066157423119
32.627633602463526 0.9143910024739561
30.767469833549193 0.9438918282617997
32.21521032685871 0.9521886950207951
32.814956587838054 0.9754539905212847
30.562051798714588 0.8115988858860967
33.614169323300175 0.9800802616513111
29.522101649036205 0.8340905691120415
30.638430032961544 0.8098485382519118
30.263981648578632 0.8974895511678163
29.270647143896046 0.8438142939684231
30.65306242751379 0.8287296471415342
31.013135890615825 0.9406333700124666
32.73923740301514 0.9167346809938929
29.411215994116816 0.9078363111697061
30.672968176732542 0.9225279981336432
31.519539118466646 0.9519397597187986
29.464483017272475 0.8570206627770418
30.706443703511027 0.9226734692665232
30.31696708233721 0.9298053957572499
32.68149683204292 0.915221164402158
35.383448905137094 0.9775407704816939
29.56958052662803 0.8479395869019238
30.09542126286191 0.8979494298349493
30.243611687760293 0.9444220889270807
33.68804239362244 0.9562317432293803
29.61126972195121 0.8272340072584579
33.25980622157366 0.9643059343916667
32.81870915221896 0.9756331700900323
31.998955260807552 0.9567533929080919
33.1303524214856 0.927432720707642
31.463617743254133 0.9507326851955401
33.37102819615917 0.9442720480772123
30.208810101433397 0.9420517319725762
29.406011354319986 0.8124754434443225
31.513238407010125 0.9315936443547553
33.25703784208481 0.9246336997088392
30.73649283839277 0.8266252360597887
31.095362863170696 0.8966980513031693
32.612528213078654 0.9217610842432346
30.49246143906146 0.815249035847064
33.23163207574677 0.9297271928828712
31.475528660491157 0.9296066003930037
31.644976712293044 0.9390703271521017
34.19547682317285 0.9782050818480817
32.68382128797909 0.9755018101025192
32.46712115675529 0.9697062628438309
32.75347119785651 0.9682370251141583
33.262907804450045 0.9112567541534702
34.02842996977648 0.9607508074061132
32.953201927653886 0.9599242892575162
30.972611308181605 0.9640662317039936
34.47913154053227 0.9819703966238181
33.17166743791019 0.9709760115798451
34.035409546939476 0.9401802990828568
36.49949947896088 0.9865468632662464
30.963937631480075 0.9669314446165612
31.207771281457806 0.9435862144414255
32.84415593805229 0.9707118499137376
31.090626964750363 0.9427321078435887
33.17498267391509 0.970918467195091
31.53111843565644 0.9480875419421091
30.83397931759455 0.9638134495109197
29.976521895342934 0.9370445359892913
32.716802446294466 0.968657209564861
34.487806920249525 0.9822503092547686
31.137000863458816 0.9683162793107422
31.260280791593935 0.9671278932848292
36.57097552210336 0.9868347320930406
36.51844246979173 0.9868257599629404
36.629387690065904 0.9843048401516147
30.029095164719738 0.9396640346755932
31.310986533658554 0.9685443673515388
31.293045469130423 0.9439699089934169
34.52746562147398 0.9501291054962151
33.163050095712386 0.9710851049455226
36.530381846545396 0.9865773404383675
31.54821002568614 0.9488943897722555
34.013279708955196 0.9423027037112369
34.512128517577985 0.9823566827983076
34.223722139736964 0.9763280873762457
31.180835763740184 0.9653648576575596
31.250016778049932 0.967667205646891
31.210738597122827 0.9672476038892193
33.14158736273344 0.971108999868524
34.364415722561745 0.9766411066690457
29.931899925043183 0.9375508058380184
34.26805757598328 0.9772119471472421
34.424292488381425 0.9828467519495642
29.956374991667673 0.940650720610065
31.47836496093881 0.9624300452483758
30.771147253118446 0.9093158534804557
32.22766944759104 0.9509244346949473
32.2443598645572 0.9519321574825628
30.047601453248483 0.9394548744364468
31.25350546877883 0.963232048535519
30.884245672695663 0.9634471103854504
36.503743678529325 0.9866676540654314
34.02008532799448 0.9430077917924526
30.634289865137866 0.9075494044305831
36.53617641689106 0.9843201415920849
34.5184422100671 0.949566751701861
34.92205191064079 0.9851000051443208
36.834841716134136 0.9840189180811428
30.901503214689562 0.9633437492844759
36.388207022271835 0.986383614539252
30.956280956185907 0.962131164082716
34.455157079755566 0.9825454291156404
36.5290218065953 0.986664933296087
30.66860515071072 0.9072397502669093
30.89193242597375 0.9626931420218724
34.66881380311537 0.9831722857399794
32.14770553577986 0.9507920809211504
30.800091475027294 0.9104171917300149
32.190027166591534 0.9511553466989974
34.505031378105 0.9500845351547317
33.25925966049106 0.9719948924913057
36.873205161435195 0.9841179655631028
31.46222815522504 0.9459848183197405
30.684062050094703 0.907847540200372
34.527451295596705 0.9501090836982704
31.3519503157789 0.9688673548072819
34.30817594233198 0.9780986418095958
31.53589318843448 0.9610430064676453
32.881207306016094 0.970312003037686
36.680492906504576 0.9839673833513691
29.981239787578488 0.9431515617853965
34.324194133816434 0.978525096015385
34.26458481643869 0.9822931801430187
31.265290100209803 0.9652537087546773
30.874837434160725 0.9627360537901475
34.02636936133557 0.9419460912484233
32.164237271869176 0.9507820474570546
34.39747955225187 0.977233241476625
34.44291355322221 0.9819326884790086
34.197246344699835 0.982185217515255
30.836297404245194 0.910526289061514
30.970953344528006 0.9661758999745943
32.84632889138389 0.9702641426549379
31.421675953524165 0.9663861741981326
30.852477240134913 0.9642741001095924
30.899671710771663 0.962742204125362
33.19647579084651 0.9710880160402521
29.957364767362293 0.9388629570273687
31.002962599462943 0.9625319855764489
32.16540533584897 0.9509358408449508
34.077614070085666 0.9428041351326277
32.13674258305821 0.9512951177612046
32.88857836168216 0.9711618241872952
34.04131203630104 0.9418559172450326
30.820228287593984 0.9647333780814978
34.56472722864465 0.9494296064595333
32.79972300440393 0.9701638821696887
33.20918435491181 0.9715084179929193
34.06912739929298 0.9425588675976676
30.705374319045752 0.9079625147217872
29.824759697131608 0.9353558898990653
32.77280590676626 0.9685456446335745
34.23713237467587 0.9775976658761035
31.178053557885246 0.9676638683490495
33.21358177842425 0.9710468014113216
34.56988871006048 0.9500216173631458
30.834824002303197 0.9636620851236949
34.6103419046281 0.984187085159139
34.05666843741338 0.9410185533882902
31.261574933543187 0.9667388487659533
34.63616613701101 0.9496114310995858
34.46037879193852 0.982974409852779
36.43708427833461 0.9865650251705064
31.17824395654178 0.968951610912501
32.24718192800785 0.9512028145238781
34.069347673602444 0.9420279965352003
32.72703093950406 0.9694318571878348
31.307396481686652 0.9680780169037038
36.737720625608546 0.9844728602835667
31.457578207562168 0.9643975365785269
31.381664628470443 0.9457724276921138
36.94098599343016 0.9846929140542362
36.50625584291617 0.9867148278172564
31.112473655604536 0.9622605733800962
34.425528004714735 0.981945318862548
34.327022538331356 0.9811229867653648
34.199029292444735 0.9822578718114189
33.22554297085149 0.9714527033312892
30.66305391210793 0.9075138597299676
29.77827290063344 0.9356509296219285
32.80593313522996 0.9695421410148324
31.139519632097414 0.9425084196799703
30.871611484337606 0.9632623721737908
34.47128560990093 0.9825933666340695
32.17505069889489 0.9508694623101838
34.39404373107094 0.9502080719395324
31.057741087644906 0.9648157077397602
34.4365610222802 0.982297657649431
34.461858979508484 0.9497742852208979
34.28250389817316 0.9778755202656455
34.33421808803511 0.9777901868004251
34.39341015943425 0.9813693600266766
31.119934605091398 0.956658588266064
34.734316456270726 0.9833672308389935
31.54916681479913 0.9482785112561792
36.73650022089645 0.9843531639714422
36.69873922286672 0.9835028539081799
30.752441258787595 0.9088276838857873
