31.758963175377403 0.9479906361516711
31.7141209242654 0.9369804294131246
32.67754033968535 0.9621920335853098
32.012936250085566 0.9423125664608996
32.19187184955511 0.9529079577864976
31.34596638381413 0.9314804895421482
32.90193604587031 0.967596055235669
32.170276558428945 0.94986328239075
30.24715561028005 0.9130863436467939
33.04579069970043 0.9179604031352536
33.328413875103635 0.9287333635823677
30.019334234851645 0.9271882525926758
31.577821775163954 0.9266357238438754
29.447886248890942 0.8727693202996201
30.072696815944013 0.9302525284132196
31.002071021079697 0.870855368058042
31.779971871749755 0.9435611391357834
32.5973062425106 0.9692530526095453
30.816968680424925 0.9365038509639619
31.433753909143828 0.9438050054194197
31.883962303244303 0.9457208245482387
29.2769609265153 0.8464205523397916
31.63976822745679 0.9538771479342043
31.13291543157569 0.8750508989885278
30.126838782094293 0.9224817814173101
33.14860256433569 0.9199658582855667
29.64315443344274 0.8809944297062682
30.23774644102925 0.9069720679515288
33.20503069803631 0.9194568543069304
29.342306989413558 0.863205228404094
32.88345476232791 0.9728189498436108
31.701140604754904 0.9546676301982506
31.57073156827861 0.9466227238492156
30.87650935103887 0.8931865152295616
31.02633217037813 0.9465737939821952
31.156094552527904 0.8732931328823057
30.106027708306065 0.9067066734341275
33.19585279746876 0.9289033654339762
31.545837157398616 0.9274927725549841
30.402335693767295 0.9541725488797842
32.127804772850695 0.9591550865056303
33.61872796891261 0.9300503660301063
30.12423357597305 0.937169429518975
30.667586529492404 0.9153183802199253
32.52783882243054 0.957529836395598
30.528457842507738 0.9590487222516755
31.86323453913956 0.9477901304715775
29.553607914169426 0.891708836274512
31.608803034923394 0.9480680294291481
31.567242310322055 0.9468882801109914
29.620505319887116 0.8669156723974925
32.86685828531675 0.9185018986913539
34.39621029010069 0.9648003614776577
33.53358437733282 0.9339844103158318
29.887756378787632 0.9190328791266735
32.827387368591594 0.9708406506003775
30.18100480974029 0.9387296878062741
32.11904808191885 0.9518449296101523
32.41652564417708 0.9495356794186322
32.87892308661376 0.9627685396764872
29.91462758237467 0.8702466354349587
30.030792536168974 0.928401777634067
33.028364454684535 0.916498272371488
29.831456805634232 0.914860257799946
32.05170379318766 0.9609609128123875
31.34977365885204 0.9423922191196501
29.612430931673153 0.8651721791224053
29.559443579109978 0.8645092118926274
29.58424490397249 0.889518595173741
33.74953375998305 0.9343938943055711
31.2417842966438 0.9387062200091889
32.16941840716589 0.9664392204376037
29.838761151044103 0.902493915266602
31.369109476952396 0.9165795919599445
33.11022405256768 0.960993240766705
30.641272182591845 0.9084351693310946
32.85997367654628 0.917141845212463
33.24045803778438 0.9634548911727584
33.12278421906962 0.9604255404278828
29.630291809502467 0.8592234084188123
32.407131733133276 0.9590983632393325
31.774617221532857 0.9445266476443546
30.713419374759926 0.8621172613732321
30.35905936132313 0.9474380666093654
33.68521450708304 0.9743994561028393
32.9935492672218 0.9200491627030786
31.355361966423757 0.939052704054668
33.36768106618348 0.9772876248906839
31.557487527181728 0.9259419584694332
31.960773017284218 0.9679672355726897
31.36149677937261 0.943384460771567
32.80319859529864 0.968163833588815
29.36034152279957 0.8595171989475143
29.942276723035555 0.9281182403427274
33.19508827431298 0.9336779079279588
32.81300576275561 0.9143310790083075
31.276763796455384 0.9443468821730154
31.583295732716596 0.943061682036769
30.16228929151252 0.8975124185918814
30.130976641677766 0.8899071065020511
32.195335655942216 0.971450705534343
32.09575285223826 0.9592798240961833
32.03280768243106 0.9682731830865671
32.30664275947193 0.9489966083071442
31.3014264645285 0.9414383150889937
29.520377900588866 0.8632352527476889
34.22992767490203 0.9631535568348275
30.654347000091477 0.9537275554842835
31.80276299934096 0.9445464619453411
31.477844278310087 0.9454260409293109
29.979703964963036 0.8743190980825446
33.00711883086215 0.9220470196099712
33.41223693852697 0.9777520418729054
33.87838481095877 0.9409033114862096
31.508645134663077 0.9464221153751977
32.70088156011798 0.9658302372048669
33.39753932360977 0.9279325012138576
32.80525981282151 0.9661612856913668
34.291714533246356 0.9708113037021411
32.98697562498082 0.9217066354055053
31.249685867113868 0.9383531164159916
29.62855160411852 0.8558031482133251
29.647940495443027 0.8868300629461146
29.688516381155022 0.8707459271570835
31.05710262711357 0.8758623426221015
30.943579861921286 0.9436124827893495
29.842768025820952 0.8525473290680953
30.404799364432144 0.9465673993934137
33.91997381774567 0.9384371533965802
29.697681506749998 0.8531798571468345
29.676900058548455 0.8612403484086708
31.547763700771405 0.9274814175570445
30.2649850236855 0.922341848222322
32.04835051459962 0.9684416349809921
30.490172001032533 0.9534510313982286
31.342610567327192 0.931612645754525
33.163317152738244 0.9300677172549575
31.64109307566232 0.9518843294777737
29.376530937599213 0.8658806480305785
34.71211057522307 0.9694912354039295
32.50352194504769 0.951206669541043
32.93421594212627 0.9679674563111086
31.267046708672797 0.9411102911038185
29.628995764083143 0.8628427113869207
32.20826323097679 0.9609296117301173
31.45906863610541 0.9473137395320547
31.649843371558518 0.954410413978175
32.57990574194378 0.9590077405944197
31.13557130949551 0.8777356035839646
34.79499345536999 0.9684074965489127
31.74468346177256 0.9420928648130746
31.657350928500072 0.9536647840591765
32.11948095379096 0.9518143562307412
32.79651150853273 0.9608100585471226
29.292014389980537 0.8616812227939948
31.357511707599347 0.9372048053645865
31.7554799747777 0.9420931585263205
32.00234616991154 0.9690884742329016
32.170958567575006 0.9514699839946302
30.201795887960582 0.9190995231468021
33.15435038507334 0.9303229822735037
29.539484511013864 0.8445488073575025
29.548887816094084 0.8481116070634754
32.48354791654926 0.9205351915099105
30.187654827202728 0.8966582427603533
29.90712755876828 0.9221495781551052
32.635350477339735 0.9634293482862337
29.986196819960217 0.9253999880292527
34.07863850649743 0.9588571871672911
32.874939766859356 0.9623122386354667
33.349427043532735 0.9266648127009698
31.39181767101388 0.9444723484408863
29.80599820068669 0.8658757422948749
34.7036860647427 0.9677058340691604
31.204218566697286 0.9373468675800346
29.45336808624829 0.8709719659291111
32.554780670131116 0.9691408872726165
30.383946600400662 0.9178210789225248
33.48188177002398 0.9306143601380796
31.239722623068914 0.9404605290451051
30.755782664990065 0.936060398037862
31.096794789288683 0.8689435742253235
32.58311021062477 0.9646604633404732
30.117271052342815 0.9092777949409335
35.406961178534374 0.9836061654929967
29.52468658679023 0.8400257132560637
32.24657404600315 0.9613468375724024
33.12302762541543 0.9741522515793805
33.08846159261388 0.9289862813505746
31.397017766541314 0.9160061596169855
32.01300676744878 0.9606777118377816
31.41310215593563 0.9200928233381181
32.07070972020661 0.9631438399678612
30.017059690744855 0.924314653639374
32.63508014898832 0.9254173092180908
30.91612400041026 0.9478199005900321
29.90162889151592 0.9211188338604535
30.955459384906394 0.8663458294536481
30.076378601670424 0.8851017059650256
31.242779393328743 0.912162521021435
32.58162407457132 0.9587803033932443
32.03342564919028 0.9693851781923561
32.032796109545096 0.9454661749253587
33.08298917989217 0.9252152784847817
31.381595501737255 0.919987448998217
31.5536907320833 0.9259892516476818
31.49301995894419 0.9361988437027958
33.482623077980584 0.937456114150898
30.884425500799754 0.9402478154315567
31.632632536218466 0.949519112216395
29.457835611471527 0.858310092558311
30.92968687240546 0.9292142996317079
31.48988377038004 0.9372931042306276
30.127985341889058 0.8960442639331028
30.880465891227566 0.9071065489978786
29.981396570415207 0.922180641667783
32.991011491135424 0.917316673934035
31.58440640812848 0.9457266530841655
31.15976872302735 0.8760854119947088
29.65302499695597 0.8849981256708951
31.32666871994498 0.941681175200682
29.42705663192204 0.8716445635344331
31.460767998343098 0.9346620592928834
31.67181027200676 0.954844621987916
32.19793149992612 0.9664480505934558
32.78565903296831 0.926161725277734
33.19973340624215 0.9125762365868757
31.43354616850585 0.9451854109287101
31.187123899429523 0.8824829779788351
31.320981445392544 0.9431693746807791
33.0730055640313 0.9252771873087375
29.84474922391427 0.8646383534091363
30.092565166196252 0.8941570730023853
33.05363169128124 0.9726006688834943
31.845189627875776 0.9419467093205125
33.224036791531134 0.9635984076536029
31.186633235285605 0.9117338274306303
29.501471475476038 0.8683349403995385
32.862298039077594 0.9695528781612442
33.060690976909505 0.973198311573954
31.617721750638445 0.946804552872996
33.320225859741875 0.9645220952595561
30.19579681082519 0.9052322550932951
30.27629022480855 0.9264511989419506
30.79638762870681 0.9011906125980262
31.393453080150877 0.9367872504064706
31.479025549186318 0.9368652773164382
32.4823085888975 0.9532270645876341
31.422430966111218 0.9203792198655583
29.341360341596005 0.8385397643262108
30.898734100302683 0.9295497449698664
32.057551815637424 0.9556032257960526
33.40795869148947 0.9269437677957885
29.44249321743829 0.8791718603991328
31.24896205073505 0.9013602592165197
32.62003760592493 0.9270549637163292
30.907006965706625 0.9070286525870207
30.14520267718197 0.9148255524995195
29.611305465387826 0.8481418749145442
32.67728933941318 0.9623684297408549
30.14131214129395 0.8938345306473936
29.338185407299488 0.862696383532699
31.41463397087027 0.9430423448768451
29.449689413700327 0.8655908668523379
30.35885374837235 0.9448134980908821
30.76901886222606 0.9297108994893918
30.776959817432434 0.9248254541900366
30.132692347788968 0.9128252145535624
32.847235772915965 0.969448132428643
29.57333852392834 0.8905356275302645
31.89669532628496 0.9589553735399136
30.434124904888364 0.9478204583057148
33.09674208028208 0.9307753606813941
32.080581151517876 0.9510828737949492
29.3943304034209 0.8476605405761702
31.72950268773036 0.9410786365634306
32.468292189221295 0.9556261408414687
29.77626943643375 0.8930850854627508
33.11214177912986 0.9613445916799971
30.8291217120022 0.9275535815325696
30.72752308221665 0.9563824209212162
29.684148322492852 0.8636419437059863
30.284053002553467 0.9267510992097875
32.73957536829378 0.9647418152948204
31.362878547834534 0.9174408645608777
32.70380083932338 0.963748729409977
32.071497986789296 0.9685943490957797
31.359016529199607 0.9463265653499862
31.174948731968364 0.8797600668729034
29.52684371559792 0.8630127762749543
29.922075437883265 0.9200802259130654
29.746075141898054 0.9270353781512362
31.369355095371517 0.9402095268956482
29.503245908212 0.8467711971149396
30.111349898358924 0.8926528930486753
31.71871632780032 0.9410262889468627
32.19002898470237 0.9526609631790764
32.632797733812666 0.925805620626205
30.44708859079644 0.9535642896793862
31.354051275627985 0.9458545713055502
31.349189366358704 0.9311321761531045
29.61857049819487 0.8667004090814607
29.367960930199295 0.8478883261091418
31.615505246926354 0.9555449708025081
34.562181749220294 0.9743228725388413
32.4598829624444 0.9684942550383703
29.476314345368895 0.8795494289933312
29.2886860824615 0.8631853126459013
31.459709084505008 0.9346931315836079
31.440595959442014 0.9478674606165184
29.435295041585654 0.8685276999520993
31.9130075540842 0.9436913374799918
30.207469238163448 0.9091017555849402
29.35277821914066 0.8486406930293772
32.27922546946167 0.9498759611745555
32.62804745628713 0.9257981606856747
31.37279220010672 0.9451747820658913
32.86873992720984 0.9188481894227011
30.246131709621768 0.9196157806233577
31.048125938128152 0.8613959787769594
31.28876810008667 0.9441658036917734
30.438833789629722 0.9477610563396833
29.413685669424034 0.8697202607396132
33.002904862269716 0.922310485303724
31.147590094469813 0.9161756339645868
31.442854752461834 0.9416477766928042
31.099508433697423 0.9359259995423233
30.724868123225253 0.9319760391722304
32.029938200367226 0.96763693328416
32.84271551288396 0.9617675391330778
31.758557541435472 0.9545667429548389
31.05309499284667 0.8960055814573452
30.381401697201447 0.9469384399591236
30.206930475176925 0.8954829656295824
30.062886971597223 0.9256056853768966
31.37187077472889 0.9484845820554378
32.72238984804788 0.9220157625404598
32.04375927371848 0.9474812344280593
30.412938707438837 0.9522710087889426
33.20454013215662 0.9218211154449549
30.119019947576035 0.9344913104870936
30.47638640397047 0.957456794983681
30.79789343624907 0.8726344016065473
32.37975423753173 0.9489521186956469
33.32991698663086 0.9268651588209338
32.96665320708519 0.9126017627828524
30.203434631668593 0.9151053108884509
31.568586182623836 0.9264712478365531
30.01646555924827 0.9298034720773731
30.03543162707643 0.9291379874849844
31.56431401486079 0.9429824912308519
29.78734521730069 0.9111051724784107
31.82332310739056 0.9449238838732757
32.85837658417361 0.9698796569989728
33.417210566838946 0.9779751425944917
31.810057745566702 0.9447609444967421
29.653838283093528 0.8644871746444398
32.15543755053617 0.9702787856206615
29.653244169776563 0.8816815436830006
31.460582323955926 0.9480365217249075
32.61518175172463 0.9250975652521521
30.665609902768658 0.8513784028030826
31.395323479200098 0.9365807056241046
29.5825126753832 0.8503822929713134
29.624637783210723 0.8908760308427813
32.060477370784355 0.9689156993677926
32.04469387242914 0.9681618292790688
29.947943218437327 0.9204794891758666
31.817268988253282 0.9468285420829994
29.55936758378499 0.8474459208890237
29.892661137571114 0.9127731870261648
32.16769610154168 0.9634384188434671
32.18318228691378 0.9672997051083266
30.11915560101056 0.894887306720499
32.49118734941917 0.9211045454814024
30.81742089655588 0.94100173940713
31.629050388102495 0.9277967256453854
29.968351584230927 0.9248874153111919
29.668991686496 0.8643024953242476
31.80270412932314 0.9457555021967202
32.80054236202889 0.9587549466501225
32.42368612108994 0.9509092095799547
33.10917474122366 0.9273257390815891
32.763907697499185 0.9606117535339161
31.9305447098308 0.953100275148402
29.42427812461734 0.8605990524083987
32.77711699845783 0.9610746723569594
33.55123667310229 0.9722053403331482
30.03552329040663 0.9266342270922409
29.773485357139535 0.8646289940293895
33.326951440476705 0.9266716511999672
29.49934471744999 0.892765925229444
32.08172338133961 0.959328056946653
33.11162337899073 0.9615453427135496
31.4327617317078 0.945030302557594
31.45018770053619 0.9368348295613692
31.054060933176757 0.870101170749541
32.41226739550348 0.9520063762331127
31.034475162630095 0.8747771033649396
32.09847603747405 0.9469317992340376
35.05323169120106 0.9812165875247579
29.551509349409507 0.8696899097071543
29.520370034752048 0.8906748426380308
32.79468429990097 0.961150885317998
32.62065631271001 0.9592171476023467
29.66893409872496 0.8852574563405895
31.574919478122148 0.9426903821312517
29.499308318140876 0.8587019636564344
33.88821735509006 0.9412442458203614
30.053355343567482 0.930803813490013
29.467855807097813 0.8462105267172291
30.92174597452472 0.8844747777223085
32.11885562877692 0.9505494350304222
32.045404273848945 0.9695837200503657
31.024421692685067 0.8665449946702213
29.968769535562465 0.9250727551482029
33.33310644007832 0.9279563977797765
30.724735262176978 0.9376098451514415
33.00695468768983 0.920506057044828
30.38794720574898 0.9344844063973113
32.797898208643886 0.9659052951882412
29.472543646999263 0.8573599501506973
30.005112884141617 0.9193486916464804
32.16994717623086 0.9670574421278152
31.83079175480018 0.9454122536678538
30.923433878233162 0.9102687282303584
30.236955049056387 0.9181944135218796
31.359325544528097 0.9369577529620605
31.59115467710513 0.941507325426475
32.20117739466074 0.968568470643338
31.76738138246047 0.9435602831427315
33.52299847288946 0.9356422696979677
32.30027259769425 0.9453635798280413
34.29297427018018 0.9706857900745014
32.11471280026573 0.9591379963232688
33.04695325614694 0.9140017484804587
29.842400993290408 0.9256341233710044
32.09110947418659 0.9518956359327886
31.412363051577387 0.9372202914701847
32.058831238924704 0.9507312100376637
30.7078315313345 0.9492017027624302
29.375810370249194 0.8590397000606586
30.06678077571936 0.8884049363762743
32.47069842874295 0.9546087755007746
29.47466412820154 0.854819620743972
31.82159006395297 0.9509350127748316
31.2738346669398 0.9402080815884495
32.87742039391595 0.972891957645023
29.5226773020908 0.8636889987464175
30.587787745277623 0.9457288454799022
31.200594922767223 0.8881229771861415
32.182564783715584 0.9522563460645174
31.370644217820967 0.931828906053177
31.59898756437638 0.9424470179115944
29.50617322073184 0.8435083080603468
29.545411182186363 0.8635473102290746
31.51013391742631 0.9510361692842187
30.33893286246739 0.9403721880537816
32.83708519579126 0.9168792211449984
30.311418397094908 0.9427397804482861
32.06278547597647 0.9688593166134205
33.22141099475375 0.9357600508217828
31.817656781249212 0.9436652115353368
30.55150673340286 0.9043532603332961
31.588452401522474 0.941832070217751
29.996811193587945 0.9232026224565447
30.235869323223213 0.917860878110457
34.36396221113252 0.9721162874795714
29.603742447040034 0.8699486842294609
32.1725456307789 0.9492825636708369
32.46649720021981 0.9048863761383099
32.865263757101275 0.9626373531393407
32.67931891111004 0.9194694461759927
30.097707583172678 0.8957496770338756
33.454898587088586 0.9782119096379134
30.081875137609323 0.9337841122624732
30.739316077250173 0.9516559406819529
32.8912860145865 0.9663258670887036
30.444670398807084 0.947082142025844
32.18748328437705 0.9673803079303229
32.98443426381109 0.9215814859378868
30.222337476046963 0.9248802553979959
30.27552126139449 0.9297516466609813
31.351719769886692 0.9166703784952893
34.44888878000328 0.9615706852889054
32.990801169837184 0.9581461895188423
29.42967630181771 0.8623853756685981
29.447379980867154 0.8492671696173437
31.891723108011707 0.9578930711397371
32.96743595966442 0.9203144483586705
33.33058788260062 0.9774160505058997
29.597523505731587 0.8913052984739652
29.51642003875746 0.8625477674034744
33.12060543846167 0.9173154814568618
32.185517322440774 0.9668588980935288
30.585927522215407 0.8583629764538997
31.337958076253734 0.9302747830510675
30.46158823059349 0.8548162059515577
29.302066070453336 0.8616928160048403
32.820250100154894 0.9127886253912335
29.529989183841153 0.8911990365223713
32.056460353172284 0.945498060878704
31.786148793137304 0.9430181416140676
30.23279194728198 0.9182748643060372
32.06117165030507 0.9683469362665919
30.10951850553956 0.9045795591087481
31.46950704929203 0.947927262798037
31.24267005016923 0.9413240314125504
31.460573716726525 0.9472564992881901
32.81039595805706 0.9137991109444573
33.05187176540079 0.9178078990473288
30.59301622053343 0.9492992147706887
33.00084674215478 0.9109836418038177
30.711488526341945 0.9535170635833635
31.375537754686547 0.9367884050457183
32.52290431886354 0.9575213761888388
32.79927196337057 0.9128462254466545
31.141878181056985 0.9378068773920253
33.148133745665646 0.9603954823378352
31.89737512613167 0.9457985492235406
31.35799684452117 0.9402334128489073
33.38656770162866 0.93106488291359
32.10133880630877 0.9604161616067448
32.20000696029063 0.9612614135449794
29.65617071010831 0.8692911795829875
31.999295589795054 0.9493735783635444
29.553277797977188 0.8681959569706661
33.21765425001975 0.9630942230910177
29.38913869806737 0.8608077556457993
29.342020293381402 0.8598006156589139
32.054067149157284 0.955690442050133
31.073240541359066 0.9555725593801923
33.12073428731676 0.9265802980630921
29.624627712019922 0.9192364025962966
30.70810578964376 0.9532586875312806
35.067334748108685 0.9807731708375803
31.575483495188536 0.942300088652697
32.202541051412766 0.9612506914498246
32.66680220469561 0.9694964729155429
33.149028353575844 0.9289576712744577
31.720139234444595 0.9415938113822522
31.651824972144148 0.9538178997267106
32.75292393149329 0.9164881769014652
29.945805731494865 0.9215019623720755
32.85529435098156 0.917237923261223
30.918183297969467 0.8596186177139152
31.250153835272975 0.9373138560520579
32.14974703872496 0.948443319843199
29.48565077767196 0.8654691237834129
31.074957433879668 0.9473778791262275
32.565141570270754 0.9645908639428402
30.709527247309353 0.9364847674401093
30.125167427657892 0.8933577406997177
29.411674144654896 0.8714495881502023
30.726675904416272 0.9541801393562261
30.048215626041426 0.9118086710532085
32.09246317632499 0.9515416812430271
30.926676819646243 0.929996018100424
31.44571543337289 0.9175324530135998
31.95110759580061 0.9678324622589898
29.96371430489646 0.9198236740394047
29.39943136011683 0.8722247056939776
32.231770967273654 0.9612365072638731
33.52546845219497 0.9343937442051757
30.660486129499617 0.8589856513551622
32.02168145109808 0.9680576253598222
30.25448406578597 0.9229500692004319
31.7461428079144 0.943545876668886
31.914606488050566 0.9437231819575043
31.754043799446876 0.9433456446031891
32.81654072977802 0.9157267471021718
31.551143800922453 0.9267376844629598
31.232115032835882 0.9362835804315965
31.631363340975405 0.9548939215378058
33.275792474382584 0.9760293562563738
29.725813441485943 0.9375853476187853
31.772465846692775 0.9529538954832619
32.025735037267246 0.962496707063382
33.55536767921962 0.9351086866948007
30.652101288856436 0.9306506450200173
30.36752536981261 0.93929487660587
31.49404272839311 0.9367827109860809
29.210248285230243 0.8544193129267835
31.339044806017903 0.9472001230866336
31.883344572016497 0.9432154951478534
29.4021873135894 0.8636658087784458
29.557849344929057 0.8717858078011583
30.916102577130232 0.9305742220929746
32.8698713449432 0.971974191908672
32.52862928811287 0.9677839983021701
32.07697628607874 0.9689144232010775
32.841418355680446 0.9700872818778248
32.83095808823838 0.9698575861546269
31.260266407881744 0.9411311520356848
32.335582795274576 0.95828148971429
31.49115376223761 0.9365589119790735
29.660171144713885 0.8686665832549788
32.56998819813877 0.9259694146866942
29.552591490245085 0.8371613404927218
30.6943911125596 0.8639108505078065
32.28385862729134 0.9561823728090125
30.753812779159702 0.8586600365895646
29.821156100220115 0.8639990242134264
31.268303460627116 0.9409161899692516
33.55234668154314 0.9333691153960609
33.2381990638863 0.9624212611046139
29.524903314458474 0.8846510759204368
29.46571359658147 0.8483677588990702
30.46461387986975 0.9382548203908092
31.420900358956033 0.9497584040337734
32.56789363578304 0.9581932765797297
31.197160322196346 0.9346940842562758
33.246692861724995 0.9266503497180618
31.407837223565206 0.9195117573790131
33.42964905538348 0.9781645614273755
31.532929372781453 0.9257522145049798
33.16161181881749 0.9635337699944386
31.120613069932336 0.918151835936112
31.422967903185125 0.9468812703987947
32.59866951483686 0.9195787005752117
32.47133695556376 0.9544994888265294
29.924457877749163 0.9097412757637635
29.605990154475812 0.8565261509704256
31.39164551073007 0.9168780770781415
33.19609804173836 0.9611852246103617
29.36227915776631 0.8614824185274113
33.12375837715679 0.9303260488406156
31.70403098119167 0.9390521982392317
29.42249566740614 0.8653892573835974
29.43490245523794 0.8582097686377274
31.412476143723108 0.942683580701864
33.07971528718469 0.916247066123835
29.540747000982684 0.8647693988387141
30.631041112008784 0.8700850641027228
29.598636395660783 0.8904511255351808
29.651359969157603 0.8680142879175476
30.318479958555926 0.9142816288556469
29.48287353238129 0.8786207313651131
31.387795321365672 0.9195520503560725
29.90256525256063 0.9188725924204307
32.457592535861835 0.9510454968102836
29.495704340483783 0.8677495342136384
31.148270605268277 0.9334037741795568
31.41370484254761 0.9397371578803688
32.17214727155774 0.9669210675168753
35.732178498152 0.9784735428659289
31.027454376838403 0.9573803271655522
32.13673611767926 0.9500048758035466
29.37661007794179 0.8221801541984766
30.323386313189566 0.9229207474559094
31.514211796826082 0.9452514333172458
29.9639242503654 0.883357784900445
29.516968609183337 0.8485037202607058
29.829177823275014 0.8853479189941142
33.15669062148379 0.9172809644216455
32.0820018032829 0.9701403603152529
32.98944591305072 0.9054075862297863
30.255092573076368 0.9248529160028769
31.481947233022463 0.9487372351732904
33.216014026899174 0.9616949918138946
31.58767208519935 0.9286872874216376
30.687791185862704 0.9311802781042801
34.67227448123615 0.9686966433870745
30.791015094233796 0.8723546892992259
33.678104174893214 0.9728328794178898
30.819221480572487 0.8641537652606581
29.397967050802208 0.8487987608381801
31.09999755641803 0.8648750112039391
31.32733346102161 0.9240529969848899
29.50951755177185 0.8894063878259688
29.913310375728443 0.919962296700894
31.76774000134687 0.9424112580535196
31.40313378277447 0.9346288951010634
30.81042953623222 0.8545702928918935
31.442010169160838 0.9472122766803429
30.689184132039237 0.9521385022972765
31.38631675918042 0.9348881489246536
32.08186595951892 0.9512986684597973
30.188033655150633 0.8989155200415787
31.90659862209187 0.9523011141253839
31.83164144541546 0.9470241221447989
29.658205380406216 0.8616410724728046
31.889002313818374 0.9590163070753356
34.22751926734873 0.9632837038438498
30.049119279632563 0.9060613959448106
30.673255115213948 0.9193994861584469
29.593727931990202 0.8595824876634187
31.378207225954924 0.9330568522430853
29.881129006385102 0.9264245063035486
31.46622341944969 0.9469460381963325
30.71776161392876 0.96505764752272
32.249356631653704 0.9559156478546957
29.520286461115646 0.8846459658255497
29.46828344338412 0.8418528873223079
31.24076225050194 0.9412449338448996
30.24621933026694 0.9189848899481631
32.853967163208935 0.9697972832939851
31.438651216915993 0.9469499753758077
31.753582061098562 0.945815191375096
33.15843901459517 0.9742068773172309
33.283412477944935 0.9755995067395105
32.90442743026463 0.969884937911658
31.338019339538157 0.9314939037675438
29.599177628688974 0.8653631301224618
33.21676381895862 0.9182226630970911
32.323962928372644 0.9622170305872859
32.894639383921586 0.9700153081474722
32.56790196600588 0.9270172395013279
30.533684118746052 0.8607526448256885
34.42026292677981 0.9732283420728888
30.666062245588673 0.9528684716668316
31.12655067594893 0.9341967236158805
31.403616458253147 0.9340129090994869
32.74532811137714 0.9650109558350872
34.37526310797427 0.9653984038303832
29.485321690275082 0.8649838460753392
30.515239214205412 0.9578364473672593
32.16892516456555 0.9491850344349232
31.921933076006546 0.9432928287940636
30.764344889039993 0.8690433340217592
32.31845376457744 0.9567592715776227
29.52063826782798 0.8755679702779067
32.93814387190472 0.9754255627103379
32.600704634376825 0.9701335131303698
29.58726987972718 0.8642303387330166
29.815254325074175 0.8699245808345979
30.177791257404017 0.9048045911847561
32.99908923540196 0.9233538669945015
34.267880381015004 0.962128972042912
33.40385584331016 0.9778248326939665
31.44411382014689 0.9478202737981528
35.26922036174324 0.9832384645551867
32.72145318363456 0.9648528719545979
33.11982161520564 0.9271441065212856
31.389192438758098 0.920446511810739
32.56808602833985 0.9579025456347883
32.42145957223865 0.963893324121633
31.417864504568463 0.9407949459126157
29.35706348398098 0.8574902562892444
29.522714488045693 0.8518415695063488
32.83814422923705 0.9289747352459677
31.15412900823698 0.8792767286230895
29.511286445101938 0.8664390405455004
29.50840627994275 0.8893908981736436
32.33391886917234 0.9591857715271639
30.87606679328864 0.9278084644855012
31.568765502072566 0.9422534103745344
29.355365946753945 0.8761239249283447
31.44483353882595 0.936834242527176
32.90320898444162 0.973645686608183
34.64299293997979 0.9756749487186502
30.244244460053487 0.923011544820525
29.86333448351722 0.8929962128250609
29.396123121234567 0.8654729596153325
33.35044057057159 0.9293766240206236
32.92169810117156 0.9751080996882089
29.666146583623522 0.8452118706171593
29.883403566517572 0.910064543135772
34.4922135178042 0.9742078174816039
31.020014115956357 0.9566440482659724
31.37254698969372 0.9334326461420882
31.250997066640878 0.9144770656824712
29.329040671439124 0.8617247584019501
32.684187970760306 0.9186023987830133
30.007803122806994 0.9265141893834886
32.25436136868575 0.955164900225344
32.11346575591943 0.9589884544221957
32.84381354019584 0.9690451154541011
33.071317056963885 0.9251610959482633
33.28142510968201 0.9765453788567318
29.578600445882344 0.8547012026667188
30.254142938452656 0.9227117830951104
29.38483578727878 0.8630923493916514
31.90331123896561 0.9494541227405096
29.54999147883127 0.882436861843105
31.083454294921857 0.9477289734622228
30.99867153557031 0.9307254397936499
32.02770142485625 0.9598231979568471
30.861641077049814 0.8714843469397031
30.901894042716506 0.923275207583642
33.326382192792195 0.9240168031812608
31.56192541136737 0.942626434691548
30.342255819169242 0.9454854122571249
33.10300129851867 0.9265454992187924
32.459932490158806 0.9212828634563367
32.51349043345797 0.919850578918271
31.50261657234005 0.9358929541239636
31.83779745841631 0.9379707733799537
32.03049617226492 0.9676192109731713
31.72208135209801 0.9542677554469093
31.81268250955004 0.9423702274706394
31.368039874390632 0.9338421487676108
32.82901396525862 0.969866742530432
32.18508907806359 0.9679413744167212
32.79151870766213 0.9670818143905409
32.78978752796106 0.9614616523954513
29.36062014323233 0.8699155989817982
31.321483060577158 0.931672160204149
30.20254086214922 0.9005860275068628
30.631890156568964 0.9114484195712602
29.309967125250722 0.8559090590890287
29.457647596064565 0.8378779972717778
31.020986616137606 0.9331571392606374
30.023048310750454 0.9278464869493973
33.32627968889622 0.924725513237985
30.10764196020622 0.9126758850326484
29.407518998280437 0.8649928763246398
32.27114376638817 0.9668464490767026
31.387456767192514 0.9180659026521658
31.377078689423072 0.9167456325009545
33.27935967825259 0.9245722012390958
29.9893314403985 0.9162339805309081
31.833971749645038 0.9442554436523847
32.19726308930526 0.9681750630640901
30.229543796176547 0.9172169122686414
30.239337779477708 0.9209714757593024
29.588727922594465 0.8946633652309929
33.56928770258162 0.934712366927373
31.80593351342989 0.9389988586574883
31.566787410021753 0.9423158030890971
30.644806023802897 0.9310509412396383
32.966120146364574 0.9695203689944404
29.397740316305203 0.8617064105958132
30.812591563418007 0.944195881238425
29.41666553521873 0.8461198466691482
31.970210412718046 0.9537301229503296
31.475710964830675 0.9481067739046741
30.24879737682932 0.9257146975122978
29.499256459437095 0.85735718735665
30.906473891323255 0.8695001211473684
31.43605163335988 0.9341618399138084
30.829991506186776 0.9387972988754165
30.227960902028755 0.9188186401159231
30.796190305557154 0.8648933753112606
30.948257451402817 0.9423054537093742
32.66023257238038 0.9531568277676666
30.94893994699045 0.8952957844544828
31.796446840838936 0.9431191616443103
30.92586708030119 0.940464662204769
31.658752902501554 0.9545093176493183
30.722751652674432 0.953551233683215
29.375881318380436 0.8388876558682793
31.93234920430057 0.9478422581151889
29.487443932493438 0.8576113886133541
33.74881471071903 0.9748570044523679
30.079132821264135 0.9071845603129696
32.76155907058995 0.9652307943727853
31.14454069068778 0.9350903010957303
30.31808579916469 0.9315792365863135
31.831694682158155 0.9452798417410663
33.33567285048185 0.9241627424076453
29.395339492335317 0.841037153496098
31.12865385315212 0.9349164126192774
33.05394179244374 0.9147408603601618
32.55526872109351 0.956636610418473
30.890227335645257 0.8745726279913701
30.912626626212763 0.9250120057575427
31.157519125220436 0.9374939309007534
31.25748009533062 0.9369483469998735
29.495709815384945 0.8367300328890293
30.100365466634308 0.9101880801117509
30.159356772127527 0.9162281768830316
30.23377330924513 0.9007603964787876
29.923598348497062 0.9170916899809891
32.06216931992923 0.9521971472262214
33.59619857626989 0.9358365562597375
32.4808829826769 0.9502061358517329
32.98814832316331 0.9227874874261929
29.565341140099356 0.8912451448406215
29.859348567967334 0.943974652710138
32.6069093802771 0.9666019509532293
30.256025876391682 0.9080841674960182
31.411566321828488 0.9411515823481539
31.39737524444477 0.9200548750615062
31.712186922681134 0.9409449892381048
31.169739180124463 0.93612951773368
33.25762968891279 0.9260063810383896
29.486340830252367 0.860055373105126
31.783575774195377 0.9435211355032704
31.261702959469968 0.9412629577351063
31.521951282877723 0.9374801510073121
32.60901724262808 0.9592625449145908
33.0412979648738 0.9251267665677619
30.105809204694335 0.896744997091774
31.366707904358822 0.9167813288793725
30.858639533455296 0.9278999398893161
33.032379829914206 0.9237230835435101
33.15902484735605 0.9616127072655031
31.03987111668905 0.9327701134939437
29.52989360023262 0.8624748040263431
29.947391445193034 0.9176947432217754
31.410879445939965 0.9364920690496151
30.50904383404411 0.9448384541478443
29.542654963846083 0.87652571400477
33.25660644447469 0.9251117725377662
30.49024157626384 0.957445269166233
29.53800953586157 0.8623752741460411
32.42831012383304 0.9199533968516884
29.43085833698696 0.8683527442890822
31.14747768743701 0.9340856114451078
32.854983281442316 0.9170650556471772
29.90699836894241 0.9351143098851635
31.26831169511005 0.9448256712638016
30.05714470173445 0.9279943887092584
30.086120663165275 0.8918685411350055
31.564167620422005 0.9431458424323359
29.500895102409046 0.8741760304839866
29.441210498224862 0.8727749851944098
31.200460578759458 0.9371415017006154
31.765768458501423 0.9423499622905249
31.499330464178996 0.9362265153838003
34.278133783489835 0.9699381719327717
33.13050774921565 0.9618716294947298
31.84309768436718 0.9517604166318951
29.36177518712428 0.8647656138576684
30.33719377755275 0.9458531002603267
30.363595339795296 0.9139047589774566
30.208552724952284 0.9014905100708369
33.02527470293831 0.9217307913239536
34.999769455275064 0.9717085877966735
31.592947093091325 0.9463583620433723
29.46127520976455 0.8727585053867895
29.373938176939532 0.8576452922334445
33.12897413126538 0.9742634213941818
31.669117669071127 0.9521739248674679
30.582629596453476 0.9621761513061633
33.71872991557244 0.9305086998520046
33.50218707845616 0.9375922799044125
29.929557695289418 0.9184166676696551
30.12431312182597 0.8973374414271491
30.008840339015215 0.9189624709279616
29.437849068851403 0.8672599822970363
30.622131969683966 0.9116806390542962
29.93218076618497 0.8919562125276688
32.5102092938385 0.951323562821037
33.73092839233501 0.9746471559518061
30.76917484412224 0.9234628149246896
33.34087278682196 0.9319126378570834
29.408328399441906 0.8583168718058785
31.912062323939786 0.9480163042524558
30.05460831060539 0.9323878241275655
31.7580627324945 0.9433342994621516
29.781032279912818 0.8677778647973164
30.445380361240918 0.9581355313666379
33.0871394481241 0.917528223857437
29.48729580819467 0.8740809734965368
31.600060041693048 0.9259606426583155
31.610224102896908 0.9428566971600292
30.044713829551306 0.9293471351443617
31.131571002981623 0.9319635934237211
31.375164286207703 0.9184911735455056
32.243341543346894 0.9504275996994644
30.005820031999093 0.9287826480690238
31.90867537558762 0.9480206867984374
29.50726039481134 0.8859035907516615
32.012964177617235 0.9570183484096529
30.706196938859506 0.8594997765691799
32.75177166865898 0.9720414494396833
33.42922531937703 0.978155137135362
32.22301813986394 0.9538996343380421
31.364820017055166 0.9368057969126449
32.88287850089296 0.9080068549496527
29.825731527166536 0.9029467747518387
31.92507072095451 0.9660389951036921
31.814019162565913 0.9464533644609917
32.98809195300318 0.9205097826625411
31.392805076997586 0.9186892907190638
33.24393977835884 0.9357182763835801
31.651842961638987 0.9545779310180333
30.312723540695274 0.9428155099838089
30.379654873243936 0.9463242320440763
29.43287298732658 0.8613970216217984
30.994129034677908 0.9571898584159676
30.733698996370453 0.9560476731088522
32.25725050460507 0.9496205453381936
32.29319304528305 0.9468132393732602
30.25659709080633 0.9024114052663404
29.343972427783473 0.8474793393709936
30.993168602163557 0.9541678752523914
33.15084987866322 0.9587776597641875
29.400433983496065 0.8558804114395493
32.030936081300965 0.9681004866801728
29.473074837339293 0.853215522351654
33.1170770965779 0.9633955699799902
29.53319984703198 0.8643112684878589
32.807903842026604 0.9130487047166769
30.35632183385777 0.9171922403804289
29.336476005219666 0.8613396638709458
32.1711214836959 0.9679021349724698
29.301517805224144 0.8404821616552189
30.256340827086767 0.9162918462846819
32.32525428271168 0.9495794764969987
33.42186491106068 0.9281202528115396
32.0373108228054 0.9679921671047643
31.240649159232248 0.8858559770543203
32.04254825140407 0.9685957481357226
30.958307086371924 0.9307177463551637
31.138867894415057 0.9615589585042043
32.50812770773115 0.9543373311335994
31.142237830237463 0.8694829713089536
32.63607734520353 0.9670548966442881
32.34181822336923 0.9523805139113414
34.94436561666356 0.9703595103723015
34.50452390946381 0.9739559755908048
31.260173942298 0.9457979597994293
32.9841334518146 0.9257454742931717
29.62436506361081 0.8688367584475076
33.072032921618096 0.9151538729812045
31.81920896732248 0.938042972136843
29.48881612761408 0.8468210415232723
30.129946502382158 0.8945052652749929
29.3452036996182 0.8630944470417983
31.45031926245071 0.936145446747567
32.09754972796113 0.9552276924567621
30.10177055566265 0.9127701435996589
29.67758611036883 0.864660037604536
31.653384231266802 0.9542950878293597
32.0460855946654 0.9553272573180018
32.16284330898442 0.9591216443827452
29.72724471453877 0.8645953374190807
30.863085834125673 0.8681858875260037
34.50728379212073 0.9636797166948246
30.13906556638102 0.9025483540191083
30.03891109797738 0.894655572604943
33.72829007978254 0.9362264939022351
30.002862475261946 0.9128814964162468
31.650971841670458 0.9526079069794402
33.422744797048814 0.9647571285361428
29.4193158302396 0.8520763048701069
31.603658059819896 0.9424939780155406
31.342031425413627 0.9175308312556467
30.35944747633325 0.9160614432709132
33.347633291064376 0.9774628043020169
32.048086207202694 0.9693100688104572
33.525999612031754 0.933534391391122
31.925375543834257 0.946479500283794
30.09910057857192 0.9067877914132587
34.6464740662998 0.9668266104739738
31.09157051245625 0.9354119431214145
29.472967660420313 0.8476869150612346
31.026011752146246 0.9530308830717327
31.357838028262776 0.9403973944681394
34.60584367335786 0.974987622223291
30.86925060059801 0.8732747754434663
32.02495363229999 0.9645337215834535
30.62604037572745 0.9634334279281279
31.215327885502703 0.939514176315923
32.39983628458547 0.9525663496407395
30.46115620189296 0.9475399257871078
30.90359966458029 0.8723372263991068
31.247097139755915 0.9013529361368378
31.368553575777067 0.9188668590638691
29.476433284876492 0.8495656162801766
31.559153207033432 0.9403142273372934
31.30508217052531 0.942706621652837
30.975634957981587 0.8737204402908137
32.45557582544585 0.9570522578040271
30.902338969987454 0.9131372603475987
31.479664933779446 0.9480051469938275
30.296236933112553 0.9102702433203586
33.33345229412221 0.9221581709962962
31.58760972925492 0.9269340046826352
34.55285229715387 0.9738961551791768
33.09650103869619 0.925643363268834
30.755864468933304 0.9391924089236166
30.73312229610596 0.8703568260278535
31.43457488739097 0.9344873987165946
32.19423158160471 0.950391041822427
31.821376279639438 0.9541540723361661
29.332623598715525 0.8349397386245879
34.89202590004381 0.9699878048802031
29.92419803725884 0.9193594021456788
29.89569571316028 0.9297156230843441
34.78788334268184 0.9705224197436403
31.155851246692762 0.8695624446417327
33.223184721060115 0.9645027142206701
32.37807292510895 0.9490992161440307
30.084441838872973 0.8929064983105653
30.24158599630013 0.9182530969243365
33.52711951377862 0.9337219907266796
29.541404565605546 0.8632854241744331
32.686070763232905 0.9522954872728936
32.64572792395069 0.9163030825711455
31.418981768866523 0.9376799642626102
29.374108152851406 0.8602380681184315
31.42978259071732 0.9424019303702826
32.62484343121529 0.9616817532437041
31.177387948304034 0.8732197473386137
31.586007773348722 0.9456406905767117
30.239965751814708 0.9150910523585661
31.305419405871824 0.9407846587267535
29.525971166170493 0.8761298066555495
31.653906465629063 0.955452321369701
29.533411082850428 0.8663123168753495
32.5343015897569 0.9516561901334168
33.221486614684096 0.9341129070718831
32.73499382436476 0.9643136465191188
32.22188832512532 0.9606078368478533
31.371517196887705 0.9414930007915303
32.462417339476694 0.9510385121794691
31.97860426080546 0.9361069549982756
33.30851461572114 0.9651089908267234
33.336093710464866 0.976761216273226
31.818183127135438 0.9440417002970214
31.52593417633529 0.9371628992759258
29.67918045254997 0.8588672562582532
30.947105539426126 0.9525782862062097
32.43925818040409 0.9196646935197199
32.36158979074029 0.9497854545811047
31.82238817368304 0.9447509349283734
29.778221357690633 0.9154091216718662
31.412420813326875 0.9471703950668152
35.08386056717554 0.9816517357786062
33.220496743331154 0.9750681548821991
33.185821120905096 0.9181688197936169
31.384537832403268 0.9430872704001678
31.383917131869964 0.937753078462323
29.99898272064367 0.9265478357780584
32.48428055429098 0.9196089821629744
32.18592090604516 0.9610375725327576
32.78994282994446 0.9661583210675468
31.145630681700883 0.9365117995827424
31.547615667781294 0.9497880572814072
31.671918707952315 0.9473527333762481
32.97492838245916 0.9197812955231329
31.38664374041565 0.9179708377988103
31.54401519050349 0.9256870639901985
30.252257092670433 0.9017896422507998
29.57240424238986 0.8976679999036556
31.009108762136538 0.8631823871243034
32.99630698506676 0.921860520742151
31.399526489092842 0.9373806912155006
32.949175477413924 0.9701328759104433
34.61038825005771 0.9755522752157919
31.931655000167073 0.9441716284825059
31.54901685162492 0.9461686670882551
30.885071112739535 0.8769786852732303
30.139839998809336 0.8982634665010467
32.09323335381742 0.948076670263859
33.05799999142619 0.9251028860055805
35.12476760759132 0.9816999392689669
29.41359337901448 0.8509257254777202
32.88004352107963 0.9630327701736271
31.36455871895165 0.9369126875551039
31.299341620857412 0.9388622281740099
32.83948094697813 0.9624779557754751
33.16939019284053 0.9121861115973782
31.659022218255316 0.9484842913301282
31.54047843839329 0.9460112499687777
33.09928951572719 0.9263355568618931
30.552788548628754 0.8672318363841506
30.394276298710103 0.9115865309460781
35.266242248622916 0.9830060386647239
31.956718935396303 0.9426581957304225
31.406145693014352 0.9475166965083857
31.379216884351592 0.9362371388946241
32.86839516063605 0.9626276088907751
33.03644089826113 0.9235779659028313
30.77093166575171 0.8637879152231266
34.317869148854825 0.9702415769647896
29.979756643974596 0.917886924983379
29.35176553974252 0.8654505005182559
31.365999812846987 0.9383579736217745
33.7482441379501 0.9747509418821005
31.278465507378 0.9409572745194147
32.74621538334928 0.9607423325466589
34.559586306464396 0.9748240410380983
33.029390890255414 0.9727087079206272
31.494461879455528 0.9453904388607005
29.97247420702202 0.8860384552493307
30.21601291786862 0.917896336865312
32.71684637149603 0.967782631512165
35.91684837505858 0.9797298826450553
33.23014734658371 0.9301236837344358
29.514499605853693 0.8581994533206045
31.589369016992404 0.9462524377543975
29.590051969918797 0.8728605153358975
30.218972871111184 0.9248822443837189
34.2596517171419 0.960294165434482
32.0891962411212 0.9448292399607359
31.841310760660843 0.9406946575151225
31.433731912605896 0.947148976363306
32.07328485307248 0.9514951008206868
30.721032876725708 0.9511926590990463
31.558389769732944 0.926119374957347
30.010445938248512 0.9208537696526986
35.048896192258354 0.9806898427588887
30.24602340643968 0.9016781863544419
32.93224058258103 0.9017737459560451
30.309561290736276 0.9189396682898541
29.575369597682425 0.857254459006431
32.46165354208098 0.9556734322613678
31.467963150751 0.9346573516432725
29.900777302494458 0.9052355194212668
30.18029030343063 0.9202281871996888
30.84734186010818 0.8946600789799077
30.270090211251826 0.9241091942977218
31.26118471265995 0.9413815991435595
30.048459232004493 0.9183293871164009
31.527186661944498 0.9380287143506126
33.13338683314116 0.9612926057562747
30.316935190728525 0.9098939722597088
34.9454202297867 0.9730167863057702
31.35112742199916 0.941962844063281
30.990467058368687 0.8584070001996217
30.230083287941035 0.922075911418264
31.770730524661538 0.9413451792735656
32.78605985988377 0.9180037649505562
31.85235015286441 0.9442162918831277
31.187931306913327 0.914608548785402
31.163072251751952 0.9338653937124295
31.294672501262855 0.9459531188712221
29.3790548169806 0.8546334425004488
31.605703240308834 0.9426852691509099
30.74269455859075 0.8766664722185941
32.44190038393657 0.949113497437215
29.466510028202016 0.8661193018685036
32.50561188200591 0.9564609688998347
32.663638814118315 0.9685829385222402
31.149279696699313 0.875935843343483
32.63897555000465 0.9141450634733521
32.80066582307989 0.965964090544179
30.40596432883063 0.9466402132635242
31.304944555180924 0.9433912827986698
32.31228954255733 0.9638927452637804
32.06021303017783 0.9682947650793922
31.79763366009574 0.9418509936325389
32.62526184264298 0.9618573005041278
31.90277243269344 0.9452882839131544
30.808646085078838 0.9233183444802175
30.740271193500348 0.9538442519074541
30.10600745519184 0.8970696248754001
31.244450288723137 0.9365217025566437
32.59339774553902 0.9663365668143348
33.498761937458575 0.9341125372020149
31.48038315735876 0.9367639571688197
29.974062049267893 0.9226974393805734
30.06769967684245 0.9161204978005468
33.08286948509538 0.9158166482219084
33.32614979112119 0.9235150076311983
33.36337547923254 0.9291405195500153
30.289290521593443 0.9257566783636443
30.403128648952418 0.9408233397296305
33.744449342089084 0.9352232217708077
29.944737924477916 0.9152097125764505
34.49022209097297 0.9740400532040694
32.496792585858564 0.9558747938236086
33.70598457543043 0.9744202971114221
30.83114467735228 0.9390964861837049
33.6725414259245 0.9743345706369823
32.033595763306664 0.9454847469066197
29.787388922241618 0.8687615957369418
29.542197411108233 0.8570273221218273
33.39266921768371 0.9777547736213306
31.846680794616372 0.9453957047642005
33.20970947464608 0.9163187889060671
31.375982703368557 0.9395770586109987
30.242589783302833 0.939500384921087
33.23115698112754 0.9338384843793508
32.752703719707256 0.9725123662378943
31.413493497407323 0.943955182469732
29.923227657529317 0.9426797167340126
32.10961539965582 0.9592559737540621
31.530622629946198 0.9260018125892443
32.12852280662422 0.9510284834602042
31.447458306670963 0.9486364971051469
33.17691598142366 0.9156563850039636
32.382904794970095 0.9651827970626359
30.79170546892741 0.869453693716249
30.026238153464064 0.9289762868287715
29.39721577528593 0.8657200825444826
29.40912070092921 0.863316990315654
31.413326861296515 0.9194285578315864
33.05077882370056 0.9433948710691472
31.433401366938444 0.9190609793572394
32.836799904512695 0.9134576304746921
31.80120703697265 0.9542967264087666
33.14040825075467 0.9306494629237294
32.17040614640481 0.9668338397277905
30.338045666481843 0.914056684537729
30.70990919145846 0.9221112729474615
32.93819484564334 0.9193936975238017
32.61328975189235 0.9176640618519358
31.196302313238085 0.8827223299563085
31.30617108705575 0.9426453806291544
31.417079851504933 0.9372407514256526
29.482631209786838 0.8816570986608773
30.605977909288 0.9640070084465996
31.642892440483518 0.9540134068462122
31.404255456264618 0.9495167356857762
30.773480582534294 0.9412146199930974
30.017362850375736 0.9255980401179196
32.49412302480235 0.9532194440023212
32.19889295314212 0.961714663991203
33.32972174180547 0.9203738976022748
30.365377519235025 0.9378494836836796
30.127991900991358 0.9131752779034936
34.24613976507247 0.9601031092556842
30.05338557950916 0.8891299548836157
30.13638095397464 0.8954285881561664
32.42386378778795 0.9518748753904959
32.46905986941718 0.9489318983538322
31.562095645194297 0.9422494445006049
32.810213917662665 0.9600572281250185
32.018307573744245 0.9455410947013541
31.5717415840138 0.9277563005227062
32.602819083759414 0.9639498296080338
31.55327556079269 0.9446773743373552
29.493998267334188 0.8671813438773419
31.428586562945068 0.9475580548684249
32.76319895130019 0.9682963873371561
31.91155619360076 0.9594020517833479
29.898093968101396 0.9276799955698551
30.938592727034298 0.9436532351508439
29.493583140194495 0.8521800711299092
31.794723823112424 0.9428190994155323
29.50990654448269 0.8768860800588526
31.389514797988973 0.9204141163319551
31.218819049120413 0.9428691151169887
32.16921321433441 0.9524004623475848
32.57172921124062 0.966805704384185
32.07279816086457 0.9689062085870281
29.545028093674162 0.8531025490262807
33.00901350965492 0.9223547873809911
31.707339740031042 0.9411447044049646
32.140650150615265 0.9591304108680733
35.00262169509815 0.9715316035663657
29.398993430551428 0.8776025925547969
31.44375247446737 0.9472627218620739
29.620168469781767 0.8697618725927857
32.03845331515003 0.9619449206337412
32.0232414746707 0.960093921695325
31.38607350352948 0.9369640973355006
29.82172599979949 0.9244272154032434
30.07410124555868 0.8934193805833565
31.261111311596117 0.9023517365864224
31.40262113155528 0.9172065406002857
31.362417508789807 0.947073341300132
30.33332309931625 0.9448328598677771
33.23627067540656 0.9250197191341144
30.159986727602444 0.9185075262721669
33.10877800131863 0.927727109892983
29.649978201123083 0.846545399834855
29.460026881847504 0.8874783558728414
31.4266908059882 0.918990023694182
30.82441715749497 0.9257713152678808
32.05771229609231 0.9472280371375869
32.0503384385957 0.9692659137630614
32.06868168822444 0.9684118380365057
30.70070017814669 0.9464844796648423
32.0665460987821 0.9506390357991801
30.77039903774015 0.9402478442319041
29.71949146273115 0.8884168479056697
31.400144877415322 0.9405638760301561
31.574742113523868 0.9469337216368474
31.559408240087087 0.943646467533801
33.31830691764787 0.9307195425450848
30.148010903370974 0.917170560292132
29.509920276581685 0.8903042516884169
30.96999967045108 0.9445904484243892
31.378521531252606 0.9170330313563186
32.15299243867691 0.967062148327892
33.01191024303534 0.9226609856830398
29.515229808495942 0.8663400854363805
33.17618809530825 0.9622426997099016
31.741961709843945 0.9411890793544686
29.902531753934703 0.919175455256751
30.314131062339875 0.9231874691584245
29.502211631876712 0.87936138284297
32.103493716299965 0.9430626159807175
31.485117881907975 0.9467496132262089
30.569361478776308 0.9612806885897311
29.874030221017303 0.8680225622687786
33.123458127445275 0.9283686978992759
33.24743451748955 0.9238123805480117
29.220871705682793 0.8577431269013679
33.26776682607337 0.9263768211751753
32.02331460905925 0.9487466076186768
29.60728777764291 0.8615031911963213
32.074179093062114 0.962894247454296
34.50797946258266 0.9675498215693307
31.596849113538173 0.9464694510706289
30.91626311871138 0.8773538980766499
31.397706089196276 0.9174023897814901
31.379682727616455 0.9165062878140805
31.154394849084902 0.8960981779019286
30.79417195143138 0.9385896983398742
31.187463644672377 0.9369220086768376
30.44737802691792 0.9557147288834188
29.65347572236648 0.8883569932791021
31.27132450488624 0.9455206642800286
30.702169035388216 0.9350395472424174
30.75920092578066 0.9352857336764758
31.411286999456202 0.9186537438687575
33.22423887716383 0.9339231910479979
29.403069794909772 0.8655057513060584
31.34834093383606 0.9438258006642096
33.11227487362345 0.9258008374686102
30.98423839119134 0.8776182949106148
32.24072430919628 0.9530433808760617
29.590865739025503 0.8473174881011184
31.81499298775199 0.9488501624548061
32.70824182339027 0.9644656132174885
33.454303077107156 0.9338187573687627
31.214405863779042 0.9412505968979465
30.368437255117804 0.9157597286739786
33.1761575221976 0.9243461753365503
29.481684858054944 0.8394494590447279
30.515070826585507 0.9497989260585787
29.998110511228525 0.9114167396776736
29.864588083467126 0.9232237475649696
32.46110584307427 0.9647350213390931
31.577559026866375 0.9425852917836672
31.507614259717375 0.9456007764555465
31.786403594357594 0.9429036057883105
31.37014381705543 0.939255777586498
32.57046089395708 0.9147423574784016
29.642205619672097 0.8832727221979145
32.16687571375779 0.9676542309034846
31.349100381015226 0.9311523406806016
29.657760861772076 0.8664961957683798
33.367727324486665 0.9772250747264601
30.454516574291915 0.9561671247593951
33.05885978834756 0.9611224046280684
32.028419912446225 0.9464199273056529
33.37691148201624 0.9262540591281917
29.565932489488453 0.8611168500354281
33.373846823346526 0.9771922938686269
29.90554444233645 0.9132373461400455
32.91880198053779 0.9745391517896239
29.42325421362092 0.8689957618912758
31.06053023507163 0.9476755913114732
30.300394493076126 0.9317866961493013
31.059060608680497 0.9140336593435174
31.01431571565541 0.9152087242326816
31.31646832452408 0.9235438822453472
32.73536732711118 0.9612415622451485
31.83227898992485 0.9451669979171112
29.880027847974546 0.9344801645149239
31.150713770886146 0.9332419574829852
32.86768020794712 0.917789420750384
33.34585261604354 0.9276922804446847
30.74853671805695 0.8638380918528069
29.72877734502116 0.8590626424117453
29.44203025926885 0.8644219990393779
31.036851500887444 0.931674631860124
32.81416011547648 0.9124590989820743
30.812649818295643 0.9388780976999983
31.185716130615802 0.935785593881615
32.04854761181011 0.9685317314115603
30.758747931337275 0.8580907404734709
32.19405614954222 0.968251046377889
29.55044034890907 0.8605302891848436
30.855451528210924 0.86161779968769
30.190815337601194 0.8995317068275569
29.387498573453513 0.8531701738882855
30.5031756076787 0.862935447961279
31.027733999924788 0.9474871653646304
33.28622674385274 0.9256735442334088
29.617091545544167 0.9351016966670717
30.933100825766893 0.9323778724365307
31.213603393619806 0.9366351995561657
29.476674093820357 0.890214121164275
30.812807110368535 0.9251729183640501
30.083637594847097 0.9074660646669773
32.805984256689506 0.9133247422838531
32.835675802956274 0.9723296495261504
29.768385773156965 0.8923594707350282
30.041743645103235 0.9103110427506651
30.03779445752352 0.9285710621296335
32.226037183344886 0.9497521011292677
29.740104831113896 0.8703466025685407
32.58672658220188 0.9583004029299245
32.056268890623414 0.968383614186361
31.37467843339902 0.9372618030919576
33.250796051454486 0.9341246774468567
31.298631100659613 0.9421894957997508
33.37996347943485 0.943232087946457
30.01386908936915 0.9277462974009095
29.420918623050767 0.8638087615558278
31.39190874626155 0.9173372715325311
32.601147108372636 0.9275823213047174
30.980350521750953 0.8749720526350513
31.300284520539513 0.9188536151869307
33.01606919153089 0.9231573447763818
30.762893860343645 0.87279051697114
33.52252253543682 0.934144578094342
31.369408374729673 0.9162364729197994
32.064772600908384 0.9431543000192574
34.66588185257485 0.9760896826582711
32.147353016265015 0.9703232130573098
31.969877194330394 0.9666381058840673
31.563413688508515 0.9461827260513743
32.68214797784994 0.9193473815801467
31.91132668088474 0.9470676049593427
32.65723916681869 0.9519182170247183
30.972611308181605 0.9640662317039936
34.47913154053227 0.9819703966238181
33.17166743791019 0.9709760115798451
34.035409546939476 0.9401802990828568
36.49949947896088 0.9865468632662464
30.963937631480075 0.9669314446165612
31.207771281457806 0.9435862144414255
32.84415593805229 0.9707118499137376
31.090626964750363 0.9427321078435887
33.17498267391509 0.970918467195091
31.53111843565644 0.9480875419421091
30.83397931759455 0.9638134495109197
29.976521895342934 0.9370445359892913
32.716802446294466 0.968657209564861
34.487806920249525 0.9822503092547686
31.137000863458816 0.9683162793107422
31.260280791593935 0.9671278932848292
36.57097552210336 0.9868347320930406
36.51844246979173 0.9868257599629404
36.629387690065904 0.9843048401516147
30.029095164719738 0.9396640346755932
31.310986533658554 0.9685443673515388
31.293045469130423 0.9439699089934169
34.52746562147398 0.9501291054962151
33.163050095712386 0.9710851049455226
36.530381846545396 0.9865773404383675
31.54821002568614 0.9488943897722555
34.013279708955196 0.9423027037112369
34.512128517577985 0.9823566827983076
34.223722139736964 0.9763280873762457
31.180835763740184 0.9653648576575596
31.250016778049932 0.967667205646891
31.210738597122827 0.9672476038892193
33.14158736273344 0.971108999868524
34.364415722561745 0.9766411066690457
29.931899925043183 0.9375508058380184
34.26805757598328 0.9772119471472421
34.424292488381425 0.9828467519495642
29.956374991667673 0.940650720610065
31.47836496093881 0.9624300452483758
30.771147253118446 0.9093158534804557
32.22766944759104 0.9509244346949473
32.2443598645572 0.9519321574825628
30.047601453248483 0.9394548744364468
31.25350546877883 0.963232048535519
30.884245672695663 0.9634471103854504
36.503743678529325 0.9866676540654314
34.02008532799448 0.9430077917924526
30.634289865137866 0.9075494044305831
36.53617641689106 0.9843201415920849
34.5184422100671 0.949566751701861
34.92205191064079 0.9851000051443208
36.834841716134136 0.9840189180811428
30.901503214689562 0.9633437492844759
36.388207022271835 0.986383614539252
30.956280956185907 0.962131164082716
34.455157079755566 0.9825454291156404
36.5290218065953 0.986664933296087
30.66860515071072 0.9072397502669093
30.89193242597375 0.9626931420218724
34.66881380311537 0.9831722857399794
32.14770553577986 0.9507920809211504
30.800091475027294 0.9104171917300149
32.190027166591534 0.9511553466989974
34.505031378105 0.9500845351547317
33.25925966049106 0.9719948924913057
36.873205161435195 0.9841179655631028
31.46222815522504 0.9459848183197405
30.684062050094703 0.907847540200372
34.527451295596705 0.9501090836982704
31.3519503157789 0.9688673548072819
34.30817594233198 0.9780986418095958
31.53589318843448 0.9610430064676453
32.881207306016094 0.970312003037686
36.680492906504576 0.9839673833513691
29.981239787578488 0.9431515617853965
34.324194133816434 0.978525096015385
34.26458481643869 0.9822931801430187
31.265290100209803 0.9652537087546773
30.874837434160725 0.9627360537901475
34.02636936133557 0.9419460912484233
32.164237271869176 0.9507820474570546
34.39747955225187 0.977233241476625
34.44291355322221 0.9819326884790086
34.197246344699835 0.982185217515255
30.836297404245194 0.910526289061514
30.970953344528006 0.9661758999745943
32.84632889138389 0.9702641426549379
31.421675953524165 0.9663861741981326
30.852477240134913 0.9642741001095924
30.899671710771663 0.962742204125362
33.19647579084651 0.9710880160402521
29.957364767362293 0.9388629570273687
31.002962599462943 0.9625319855764489
32.16540533584897 0.9509358408449508
34.077614070085666 0.9428041351326277
32.13674258305821 0.9512951177612046
32.88857836168216 0.9711618241872952
34.04131203630104 0.9418559172450326
30.820228287593984 0.9647333780814978
34.56472722864465 0.9494296064595333
32.79972300440393 0.9701638821696887
33.20918435491181 0.9715084179929193
34.06912739929298 0.9425588675976676
30.705374319045752 0.9079625147217872
29.824759697131608 0.9353558898990653
32.77280590676626 0.9685456446335745
34.23713237467587 0.9775976658761035
31.178053557885246 0.9676638683490495
33.21358177842425 0.9710468014113216
34.56988871006048 0.9500216173631458
30.834824002303197 0.9636620851236949
34.6103419046281 0.984187085159139
34.05666843741338 0.9410185533882902
31.261574933543187 0.9667388487659533
34.63616613701101 0.9496114310995858
34.46037879193852 0.982974409852779
36.43708427833461 0.9865650251705064
31.17824395654178 0.968951610912501
32.24718192800785 0.9512028145238781
34.069347673602444 0.9420279965352003
32.72703093950406 0.9694318571878348
31.307396481686652 0.9680780169037038
36.737720625608546 0.9844728602835667
31.457578207562168 0.9643975365785269
31.381664628470443 0.9457724276921138
36.94098599343016 0.9846929140542362
36.50625584291617 0.9867148278172564
31.112473655604536 0.9622605733800962
34.425528004714735 0.981945318862548
34.327022538331356 0.9811229867653648
34.199029292444735 0.9822578718114189
33.22554297085149 0.9714527033312892
30.66305391210793 0.9075138597299676
29.77827290063344 0.9356509296219285
32.80593313522996 0.9695421410148324
31.139519632097414 0.9425084196799703
30.871611484337606 0.9632623721737908
34.47128560990093 0.9825933666340695
32.17505069889489 0.9508694623101838
34.39404373107094 0.9502080719395324
31.057741087644906 0.9648157077397602
34.4365610222802 0.982297657649431
34.461858979508484 0.9497742852208979
34.28250389817316 0.9778755202656455
34.33421808803511 0.9777901868004251
34.39341015943425 0.9813693600266766
31.119934605091398 0.956658588266064
34.734316456270726 0.9833672308389935
31.54916681479913 0.9482785112561792
36.73650022089645 0.9843531639714422
36.69873922286672 0.9835028539081799
30.752441258787595 0.9088276838857873
