30.76501139363038 0.8823879033628054
30.766339469987475 0.8815415760936053
31.90039846498663 0.9535106627168287
32.50540776977474 0.9390763929396153
32.33480676848313 0.9341159531151534
31.475517247445257 0.9227098637406733
31.870553277538423 0.9262701135203188
32.97195084607346 0.9473964917376926
29.883256481314277 0.8862162373909982
31.69460153996925 0.8810003858514961
32.23134658107118 0.9017558654206487
29.52122670809263 0.8900311162445015
31.127642709071207 0.9153317868315602
28.92641043445434 0.7708988146023619
29.371238467448503 0.888449870112117
30.772930061952376 0.7795863504937791
31.50441317695618 0.9388520328639606
31.96958340264547 0.9487850475089328
30.656639599070022 0.9297822613514096
30.959325299162366 0.9241713404724993
30.772813301781035 0.8807008027232536
28.725844219208092 0.7364301344654596
31.603007782392623 0.9379672765599636
30.92037060765969 0.7825025804095763
29.846014426458524 0.8932178844329938
31.741783293886726 0.8873757525396662
29.089196958926475 0.6751720983476563
30.09079616776003 0.8997599550202618
31.827636498930314 0.8915948625511202
28.900915894066603 0.6882116665635316
33.616456380500594 0.9574484604810076
31.986988684488256 0.9461892366504712
31.639236479453764 0.9469371330008333
30.302490423865066 0.7756355660310779
30.52321381864219 0.9245699173742632
30.966970337013482 0.7915239741404798
29.541847410864612 0.8632604034910588
32.35652274104091 0.9192647904548534
31.086325438519502 0.9133998122229036
30.077326362266092 0.931402343278211
31.69081882783776 0.9533754417053437
32.67344885150446 0.8990876474633004
29.607977166003046 0.9063831032544404
30.02957494322105 0.8717166365666218
31.529461285294108 0.9413001397911618
29.898994808506394 0.9218630652774895
31.02393572561308 0.9003158957643196
29.130067627277082 0.7311885459001736
31.656377405130684 0.9499168671541949
31.62671247649274 0.9479825425206528
29.46289705900075 0.7998678959852625
31.962974197391368 0.9102128554204115
33.82582933400654 0.9631599523831251
32.79375614999567 0.9210108709402004
29.09482089585601 0.7477937425206269
33.60583000727913 0.9612926226124687
29.47415589653875 0.9083894473359161
31.60342678243616 0.9377668521857818
31.759805842947685 0.9378230602829002
31.80259769967797 0.9471560060575771
29.664278934630055 0.8456679241096394
29.363706064510126 0.885167518884552
31.729743721200173 0.8805567997075074
29.142789106348875 0.7703878828498447
31.617529243413852 0.9470861523324369
31.728274180882828 0.9405721725000997
29.207829198478553 0.7665924613567477
29.068228879505927 0.7214110799421184
28.928242200858687 0.7061180509275043
32.80445590120493 0.9050623176557858
30.904478555172425 0.921191525935988
32.40533165391584 0.9648203759313236
29.64210429836909 0.8560849032279862
31.028417969874027 0.9065568759539919
32.06600750641855 0.9520180873252656
29.51996044098607 0.7228360589374154
31.959003911701327 0.9077108520499323
32.15070112562438 0.94701514951969
32.05939646402692 0.9541406933248305
29.07314567086461 0.7814528544138052
33.29009764149078 0.96124173695558
31.055470623099826 0.9027024201392057
30.52093535120968 0.7634226479906444
29.733842997560895 0.9154105984800679
32.52822991004446 0.9547615405813469
31.919350452279176 0.9123514494770926
31.282293108680136 0.9263982119470847
32.727268370996896 0.9655068880805009
31.10532970892365 0.916086923423875
31.77616302374461 0.9535129405077368
30.837281015196933 0.9183593108678915
33.53645005504221 0.954877673540109
28.987208333789916 0.7197661666017768
29.34596851027579 0.8907923460667287
32.393255655706206 0.9208038133433396
31.93246297390212 0.9095836124160552
31.05498872925161 0.9292000053743849
30.771528360130315 0.9383212982137825
29.649941935379857 0.8579667982641059
29.887854822036076 0.8738873844412054
32.29314426596711 0.9737351963499906
31.67308714792659 0.9541588622211681
31.747086424941827 0.9656685993196982
32.59793569920155 0.9458473908968063
31.533556736244165 0.9376934972459148
28.878270316019098 0.784654541651122
33.23728960194074 0.9408875731575588
30.401716079945512 0.9400127524373085
30.86747930476347 0.8930138168670377
30.993355758035 0.9266465047623625
29.58286896082807 0.8330877529608542
31.84013006259681 0.9101094921050848
32.77726310634688 0.9678541224049501
32.90499584094778 0.9062611975446571
30.914824422283885 0.9256671354760226
31.79442637373525 0.9367177102475086
32.20996882641239 0.8937141808874709
31.980010992572048 0.9598942672261783
32.44795010424538 0.9545629163958171
31.804006440709642 0.9085842565694989
31.462912743960825 0.9357421307306035
29.494564929111387 0.8149784017985903
29.072714779211253 0.70033191522566
29.157822315764342 0.7265929519246146
30.75032984409927 0.7581888703045593
30.450023524520322 0.9180391079044617
29.247747373494732 0.7026733891267912
29.834757969670758 0.9192462067116552
32.98744921012239 0.9132338371279489
29.567808410548796 0.8210277904600147
29.477041270424536 0.7859442708746316
31.11137918926612 0.9139512908121417
29.671327381796182 0.8917273578374307
31.752255658626396 0.9654245889500918
30.143789824212885 0.9338845431564535
31.528547858238383 0.9235408707326125
31.993246722026537 0.913994789091376
31.018471784512872 0.9082388373773443
29.01997680355029 0.714621540986404
33.12089557903349 0.9394838254449881
31.87674037577194 0.938757273058283
31.35300096853747 0.9209739340562753
31.40411344858121 0.9289312875953344
29.216603339513178 0.7648400919543519
31.74053393163526 0.9561612602452195
31.2149275634321 0.9486007625414971
31.800047494272903 0.9415079749010826
31.61821293769878 0.9464822451438097
30.873438977728362 0.7547539081691526
33.60941982972157 0.9549836996330194
31.512260569093655 0.9311989660431313
31.838337317183992 0.9420472212840805
32.65094233646962 0.9299344743227305
31.752530835750257 0.9419052946634215
28.917200020123456 0.7494217949382197
30.725106608622824 0.9364293137439742
31.472657528404817 0.9346952402104186
31.866481251464748 0.9590210715125954
32.222927274892164 0.9287338130006068
29.56817402924496 0.8710142053724942
32.03452922965862 0.9146108358538477
29.25052956074213 0.7729066265889588
29.24598845826107 0.7690374869143408
32.472143588703105 0.9149473849986637
29.766807051714544 0.868776351070621
29.347779357199876 0.8860896362206125
31.794820764141413 0.9465363085702468
29.456794069706305 0.8760701014002817
33.148138279452986 0.9347884555640344
31.841858439748872 0.9495270247931824
31.86775488989609 0.8931271755335856
31.252023575432002 0.9222236413885802
29.629405689640315 0.8013219778136114
33.85895072458335 0.9625261191398148
31.09400994875278 0.9296804238012896
29.18831062268592 0.7719568239392138
32.02723627541424 0.9462219533184268
29.963779203968038 0.8912259345398733
32.255663936871 0.902069897694058
31.396437684934604 0.9270179356008937
30.09007437578728 0.9044313711853958
30.918212056929516 0.7768347069245474
30.712785841793938 0.8958026635781003
29.72910910799206 0.89801432321418
33.20554520867855 0.9705391719566749
28.918489627893504 0.7374576030562288
31.76626645494033 0.9564841300413877
34.40684850235735 0.9758388861604593
31.994074926684274 0.9131287950025508
31.03083136873426 0.9031593562464332
31.72827025754223 0.9509153049620355
31.170514607590253 0.9107812015609571
31.55548565828361 0.949661506514611
29.727195011084376 0.9028700589122967
32.46469210665835 0.9144807625823076
30.20966644310104 0.9331508910718679
29.432106593295025 0.8853692460415505
30.734412047293848 0.760733398173811
29.544644643455054 0.8297495955202957
31.048824031612995 0.8506089187180023
31.592098478695068 0.9482772000543813
31.82553961743605 0.9512572842880281
31.139103970311346 0.9016866301957749
32.04401347309385 0.9153482943436092
31.151958488087597 0.9114444861280409
31.118130523708473 0.9151409176591342
31.343967785000313 0.9407540623558946
32.21730101541529 0.9023210706376066
30.69882424262612 0.9323983906929508
30.898615529012314 0.9068556212291031
29.089497179065393 0.7539838653289432
30.316315831258205 0.9078410562267696
31.30444010173774 0.9371963989743031
29.669772147312376 0.8578305847605588
30.657211341171177 0.8420826685721052
29.43695794953685 0.8694625200942071
31.7435320207832 0.8881453174623045
31.69331832381277 0.9489292090179846
30.924819997788898 0.7738632374385179
29.148114698503473 0.7091865757491299
31.475485167693083 0.9339959132790258
29.166477055126524 0.7701885934247592
31.25868801155721 0.9376914935422992
31.895475692202048 0.9458934199797179
32.4770735521695 0.9658961413675629
32.34592688405992 0.8974134795562582
31.701455452889327 0.8798940297872222
31.09882307562312 0.9335172871501419
30.89196613548731 0.7715948800285775
31.59342502661223 0.9389469545927422
32.02551516538296 0.916036439117382
29.199524945695664 0.6552006388134057
29.799356142815068 0.873392654726012
34.327144468101714 0.974894221388451
30.86651751807623 0.8972150735525851
32.17784547308348 0.9497491218589014
30.96758937118715 0.8541004989888298
29.154456596747515 0.7840275142440731
31.694264805003268 0.9580246301603664
33.98348741528142 0.9685724554939096
31.648399973847287 0.9525886937263472
32.28107539169254 0.9503492342362322
30.05453158794841 0.8971223950814731
29.91367376256694 0.9059122594800914
30.565812420877705 0.8290939100876028
30.771900319248257 0.9357676372797645
31.318495956112944 0.9380251059256798
32.60845144237123 0.9421118844242303
31.197716122438006 0.9126700054921105
29.09821313853286 0.7590339034864781
30.136532787625296 0.8949831528557057
32.65065001180567 0.9387861721131073
32.042509940098505 0.8835737218862165
29.01575212887364 0.757497694977742
30.676127339416993 0.7805905948759015
32.516264438160775 0.9169488589160526
30.70269000412011 0.840668235189557
29.682377017479567 0.8899319523994089
29.33978644909134 0.7824066182544642
31.82507288972407 0.9457857917027529
29.971844250972474 0.8841177007068092
29.036012358301583 0.7354346807926566
30.79562872229277 0.912508458383922
28.963158946241197 0.6989065251078601
29.761620921053336 0.9097848202274521
30.077037094532063 0.8950533350934828
30.103143490878878 0.8914310878608075
29.628757649983314 0.8815979987005582
31.639321362569113 0.9576132637352204
29.139548497907906 0.706947582125529
31.371941252798983 0.9425767931672668
29.615226579177726 0.8918902177124781
31.9743442386009 0.914350873467367
31.531803971690408 0.9370922376255975
29.21890623551173 0.7590830683514009
31.51825768491003 0.9312705344988967
31.482237316079853 0.9371180015398557
29.29737140712007 0.7721687400676479
32.11418428130505 0.9538012062254788
30.11520465322004 0.8926807717333991
30.410070474385236 0.9468509841520744
29.030433623899533 0.6764712927617296
29.735829047137052 0.9077287136462262
31.961291470710833 0.9570883017505556
31.05736819736391 0.909111382978241
31.989651788663494 0.9562737547039494
31.78885462436346 0.965662500362397
31.374827016608883 0.9439407381353063
30.973641124447738 0.8023724105705068
29.06818688265965 0.710881362384771
29.352407588542327 0.875197240568097
29.294473372905202 0.9019326060890724
31.41043972005288 0.9298031255783762
29.21100416000954 0.7707958470083911
29.722461148015586 0.8657894616118327
31.4760709689723 0.9301930165621358
31.132019859612726 0.9065419649939824
32.46844842828276 0.9152504377453562
30.147051000364165 0.9368695253402162
31.171452665962704 0.9358966133343697
31.478870271046205 0.9216673299013606
29.11107361893528 0.7228358090741108
28.798306784832583 0.7436068843683742
31.740664097753204 0.9380061735453283
32.76710139458296 0.970234992945958
30.941059804333356 0.9124976835175083
28.973096888433936 0.7316945701540816
29.000084998433927 0.7156748557173334
30.580169152074475 0.8912102934701086
31.134832040132153 0.9488167197691693
28.948399520876833 0.6960931958922822
32.180065899746104 0.9214204568833806
29.337173862240007 0.748835679017428
29.13482032052805 0.7286408002360054
32.179587407389086 0.9218030881822794
32.46015924143866 0.9139386184527574
31.205903968241742 0.9333778241253177
31.935462494594496 0.9100927208843236
29.63001550785309 0.8816927358016962
30.83806188504724 0.7576262733914725
30.544835933800556 0.8940567228872661
29.75287845602374 0.9015427483379944
29.02176046120904 0.7218873202973198
31.879707060351127 0.9135279911974589
30.892158419555518 0.8604274219719572
31.599126568396816 0.9406109293079629
30.663962206646133 0.9167776836426701
30.042874830501745 0.8921145792156167
31.857781357224187 0.95463493513542
31.705645527925 0.9395861776348536
31.243657746814367 0.9277640362406544
30.4586606060386 0.777727005735555
29.642514451879084 0.9143884721224362
29.80687677632592 0.8675365180623035
29.721640471596945 0.8949064414186407
31.235241166336053 0.9399937012748031
32.32529967275661 0.8973482988005291
31.074184818558727 0.9051770867288405
30.08952711365521 0.9307820809143907
31.714960801962327 0.8793136982673813
29.498544003112627 0.9015111677528791
29.92599630516295 0.9498922415414178
30.509007290403083 0.7528854646218559
31.23954820743245 0.9009105619193807
32.157776480768526 0.902352044049911
31.82240755196739 0.8892435265590637
29.74722779815349 0.8914726653703328
31.144201142766008 0.9153541195805774
29.659479107191345 0.9189487449589266
29.60027131346537 0.9122870673068084
30.745272577489757 0.9390744880647555
29.13935215325663 0.7613474838681636
31.477432899845752 0.9291788320776408
31.702715073730445 0.9578034175166988
32.793676340873084 0.9701637200670302
31.47758195445759 0.9292930683927197
29.093526517178063 0.7680352209406779
32.16131433152392 0.969414568892946
29.12741362008515 0.6894667755119375
31.18820644285848 0.9481816785750934
32.47788824531843 0.9145408390987061
30.437334998390927 0.7343857486999519
30.768521854759626 0.935456843510897
29.372477875047643 0.7943940105880363
29.094803958235723 0.7225713097808787
31.748484169118587 0.9657629305359557
31.811581221901246 0.965511657567945
29.146964392048446 0.7531254368142998
30.756363689328104 0.8804983640811139
28.97866368384364 0.739941752892812
29.499010481491965 0.8738580635557242
31.80029280747496 0.9559686995866076
32.46573384738549 0.9658333960160274
29.788816161604338 0.8649373597001836
32.476885537878815 0.9150199590955536
30.16018108674137 0.9179321172635224
31.14282750223407 0.9153519228932988
29.38514305116829 0.872957303126897
29.267383585084687 0.7709315334401216
32.206048052739625 0.9263656232937133
31.743330246518386 0.9439729299306201
31.8023519236824 0.9357623492326073
32.40085036741781 0.9217376210296283
31.64817785647326 0.9357055972111199
30.81604504408356 0.8793993908599799
28.990659035469747 0.7326892835167415
31.656674874252335 0.937008941428039
32.46672080663437 0.9537905612257418
29.384305750983266 0.8916055504670136
29.357503456044203 0.7807062344357473
32.07394117751055 0.8951788346722097
29.153216786196793 0.7315303596267522
31.652757632914295 0.9538338312525124
32.09322126318015 0.9516761406372842
31.213321707444063 0.9469333765384752
31.27906011397519 0.9331441592284152
30.83262082160666 0.7737588897612396
32.974028417291336 0.9592787879274163
30.75600325167139 0.7601630048789267
32.31370799816398 0.9283512810714533
32.88210657541994 0.9591634384133148
29.004869491947947 0.7019320673635888
29.110030767829763 0.7250456848674394
31.72139677891712 0.9404232877104761
31.60594576420277 0.9475761206624702
29.070445897158756 0.7059425028853165
30.746610800087716 0.9379350090995908
28.998397754938814 0.6666431067880098
32.9678465263086 0.9114423431703386
29.560888536961958 0.88474658910126
28.9707344156062 0.7275632861505367
30.999679629187646 0.8050080980011727
30.777269206017287 0.8719939154480068
31.903692834567536 0.9597630644643825
30.843627916926213 0.7826907385244325
29.482077992941974 0.8904514527051731
32.16645725992321 0.8933975529186096
30.110665231982207 0.9126348301347726
31.843662711990035 0.9132023532634282
29.84652230655638 0.8998457893335876
31.97277919547235 0.9582809485641794
29.08016427576372 0.7509473577381456
29.55591705123762 0.8713890692530094
32.41777239594747 0.9670904862230614
31.478404778599533 0.9290233124574916
30.7017712514919 0.8546531261864183
29.50453709182183 0.8646831192778838
30.712880555307915 0.9358918567006564
30.830897638435587 0.9390341604735893
32.43021121655398 0.9666516898399572
31.479846176762358 0.9357997262469572
32.31285544780568 0.9076630667894459
30.977611554084493 0.8850038076432335
32.500319014683846 0.9563316726687519
31.66064393577321 0.9536330817262441
31.716977888779972 0.8815597600133658
29.31826867127347 0.8793249606090144
31.55388514136119 0.9370229782526731
30.767154853355017 0.9355616223336826
31.538921626987822 0.9365579166901975
30.476771912669864 0.9403094860012279
29.130497775876414 0.7421342458716375
29.58701447301498 0.8383476320973164
31.457780342490835 0.9346333660874306
29.14765212101755 0.7461522446099117
30.643476644316095 0.8792168337468667
30.87412378105659 0.9252206046900834
33.835295975676004 0.9668124704182544
29.083619418174237 0.7323368147813715
30.244250267862007 0.922290435653141
30.893885042635656 0.7759570165832591
31.001406674915344 0.8906536388853176
31.527384258696003 0.9234688910273625
30.784220761447546 0.9390508474978919
28.969391614837612 0.7324066955015937
29.19020943893704 0.7658064837413021
31.63729999358052 0.9605695394548197
29.68326278384257 0.8911491877811633
31.923058947634853 0.9082667152066474
29.62900040148988 0.8970169818756317
31.82327030734441 0.9658780312733741
32.331852067631196 0.9210498616120762
31.495192779886253 0.94268428942171
29.926234446394055 0.8568474015883581
30.81095015628128 0.9390431256531627
29.705057721327883 0.9040955149827763
29.95942157805417 0.9095827681223934
32.61947076961824 0.9629847400429858
29.130277034039757 0.7425681582221931
32.67441261876938 0.947558922284128
32.11572248958018 0.8808160343607699
31.79727721486347 0.9479304847039199
32.38402177565502 0.8976115913887418
29.666542743933885 0.8595602693812836
32.83882815848721 0.970910982617052
29.566703590146027 0.8956874906181606
30.408809823810564 0.9280655877069779
30.95608389627437 0.8906575618248147
29.720098620869745 0.8939056442285667
32.43575633916049 0.9654418624460016
31.826341797496358 0.9091848747758244
29.876215049487598 0.9000142415808455
29.91247564836637 0.9161207834760443
31.072876720425633 0.9076919642757788
33.614054749688016 0.9564076058254175
31.97293276891247 0.9530646808835912
29.00956590452838 0.7298926873382678
29.168960988873643 0.7618163926575039
31.338566563597816 0.936488117202185
31.925052931727762 0.9124580349011103
32.74432162635971 0.9684376408551606
28.962198566273415 0.811472947109366
29.139846814660302 0.756692413316981
31.840480312933792 0.889722693351643
32.44985788538457 0.9648579419865052
30.594668441012868 0.7512716842142363
31.50410608403965 0.9222197145842912
30.474159064204258 0.7469058207053128
28.860063631461273 0.752416062396239
31.941104804492902 0.9098102207724749
29.167283905837785 0.7505439925778651
32.8904250046862 0.9576938535164413
31.482259868609574 0.9361203448865981
29.75410036270165 0.8986585016570423
31.819754200013442 0.9655769079980078
29.677530243552248 0.8698533097350185
31.15659610933154 0.9478895268621764
31.480236785737485 0.931685180514996
31.15957253580921 0.9474489610654314
31.9427649558162 0.9100969476323433
31.758254986889867 0.8865108577431764
30.183701578898678 0.9164822240787616
31.739451441665434 0.8839402603257658
30.45601472195941 0.9475231922117584
30.784776924855286 0.9355815812364136
31.52502461070332 0.939431933823828
31.92870946501044 0.9092793232886844
31.28535519942096 0.9288765478494075
32.112474807547585 0.9568382278393359
32.17534060482333 0.9288617814876706
31.269410550450388 0.9255731740138621
32.08997507827261 0.8920653628088233
31.657565795560885 0.9483176484468466
31.739928071174013 0.9558026628989278
29.07881332807974 0.7282436279859511
31.068518862194978 0.8970683527720468
29.073266661716822 0.7273618661206867
32.15365443040748 0.9579373481328909
29.003455692066087 0.734473743422416
28.962552566013887 0.693825629403955
32.68224938457554 0.9386853789771097
30.121732466556207 0.9046252557367035
32.40896927125569 0.92132958739371
29.213130946634944 0.8958089799974199
30.447170380714 0.940761723558835
32.809407411120674 0.9573151184054564
30.79328135724794 0.938552823089315
31.762687756775755 0.9557813698646964
31.477512518442925 0.9412287268770417
32.01289819911272 0.9136808440704186
31.50639350064686 0.9308391399333109
31.6771759339952 0.9332806553952228
32.180483127160024 0.876474672690268
29.44834112825013 0.8828278166999752
31.95782904450744 0.9091393555910174
30.67247075904868 0.7587515431408824
31.005736431877963 0.930379179064351
31.034459556964098 0.89816714135684
29.000623889392195 0.70105178239273
30.58180544339903 0.9283396434156717
30.814221935868098 0.8973748497911148
30.12276449947403 0.9159041349346833
29.773189997491123 0.8641998672058373
28.92209036885955 0.6937985084154888
30.354243610137345 0.9381095118875923
29.807445015150336 0.879895870936176
31.547940907913965 0.9361540618093618
30.198542552777397 0.8994160268566515
31.072296188316383 0.9069295266363337
31.759248656393247 0.9504952401993582
29.758203703391718 0.8782979219192335
29.027172882362265 0.7904055818445537
31.7853609588428 0.9565248101761867
32.244786629075925 0.8961137783290478
30.456920250743625 0.7505231102713346
31.766491066721816 0.9656259514148791
29.985979884756414 0.9151121208989962
31.418066930320535 0.9329804454760456
32.199749660118655 0.9225610897696197
31.422693941184914 0.9332797935566428
32.2244491474798 0.8876643828917135
31.07338928373272 0.9129834980969197
31.44837384045254 0.9367244789823153
31.78673760871618 0.9412137620088824
32.634366740208826 0.9602992649858613
29.14799557512728 0.8692464264316982
30.90749544917573 0.8944041913588243
31.603051618259652 0.9511191846124727
32.81417816779195 0.9217550808346553
29.892063002641216 0.8850199551371545
29.78835200636734 0.9029394418814416
31.30576645639163 0.9363892559689703
28.74728760822475 0.7353479097082616
31.180171456730935 0.9376092260318364
31.10012034081138 0.9047425481877956
28.890339860878274 0.6676374633615728
28.937670048718243 0.6719690625178588
30.178925948146965 0.8985892857945813
33.480953599771894 0.9546691439962528
30.851575946001564 0.9013592619678968
31.787544253279094 0.9653186627734471
31.655720151016485 0.9578680784626675
31.649088224663284 0.9575349557009556
31.501121055354297 0.9316713425873198
32.9254635355701 0.9487115913442623
31.32599543797758 0.9405272098609607
29.157278213663737 0.6715515179554243
32.49141223071575 0.9150079266202329
29.102850343091777 0.676058732492799
30.715806823010638 0.7694107110183439
33.4878530398508 0.9662962062767703
30.534042959487504 0.7460699203455972
29.1489105625867 0.7140691309019273
31.482642661600618 0.9306123650074035
32.823836833335996 0.9212701403465693
32.15986100138109 0.9601463973913396
29.05390089065208 0.7538866712839506
29.1938481340522 0.7695880796492107
29.84011329880509 0.8856697980125287
31.220602915873226 0.944226943004281
31.57747723707098 0.9471346950195084
31.270675931451706 0.9257373626034167
32.21839413461765 0.9040085505847193
31.156128943144722 0.9126399413523987
32.894363971464664 0.9711110961370256
31.120458153456806 0.9161250532533716
31.852199439058143 0.9457270177855416
30.913123059046626 0.8683988013863586
31.159105622930877 0.9474753863641427
32.28667264837399 0.8954143683664424
32.81607995870522 0.9530688670688557
29.520003699184883 0.8719394392577563
29.08775330746046 0.7526741194360836
31.088009707189677 0.9084481539083157
32.14431907482436 0.9569318010669473
28.99263739568117 0.6896675473110383
32.001743055240425 0.9144116054904913
30.79859229564964 0.8870418140592712
28.965237123879348 0.677169247348323
28.93687362666308 0.7327355596731243
31.492732251652452 0.9339704176687732
31.56442105907913 0.8562717697184634
29.044707537260578 0.7106829580090844
30.67783356558249 0.778252812985419
29.04179799216304 0.7134020610040651
29.48581386756735 0.8069584313972163
29.991370135695284 0.8945603225930217
28.900125501147414 0.6722819122284994
31.16756429437507 0.9109557955448179
29.441337362781795 0.8857087787366105
31.7979814964607 0.938919396958712
28.965734151522554 0.7383948337717415
31.224797918296368 0.9288757306619425
31.49408207049016 0.9384074985882246
32.454375368595635 0.9668783714873994
34.5125127289859 0.9737158582539964
30.16208047660196 0.915065896222305
31.27703872467154 0.9230119986815298
29.02997902074134 0.6642835459543616
30.057846352603526 0.8986844360847528
31.05314536981958 0.9240177440257494
29.68397822462368 0.8590645071366174
28.97753135844798 0.7294010285217798
29.06057851416966 0.6645967426489383
31.664178152400964 0.8794699874761296
31.82930402488234 0.9473225124745246
31.62534826462349 0.8754367141651271
29.875244021173216 0.9024088639851596
31.50213983784151 0.9518558895435502
32.08454708791399 0.9545270870007228
31.061255000306495 0.9126158273077408
29.933441207693953 0.885516176943688
33.108341314809635 0.9376691137626487
30.52513931236183 0.7529984676618411
32.56562999408439 0.9574556975691081
30.86519490653164 0.7692224740561721
29.253538212495055 0.78236285102775
30.891927841500117 0.7501816230057903
31.090618213472023 0.8687395697450206
29.163667390143985 0.7317846938111975
29.412333743845885 0.891039431297412
31.40859712377891 0.9388288798769977
31.486861179644087 0.9228548935130284
30.56612338870803 0.7397943354623053
31.161523616016563 0.9472295809626314
30.408007628597453 0.9404100110168038
31.463583290367207 0.9221938638140357
31.52794994081033 0.9377472247196358
29.74367096143397 0.8687832163337667
30.9304029134513 0.8966862995251477
31.134322724815373 0.908286431511029
29.437766296440522 0.7831733409935321
31.401787974917788 0.9400586030536142
33.28430171053284 0.9453662436778473
29.539768939250628 0.8660328437598173
30.190182041965503 0.8974781950342521
29.087115220116935 0.763690885513434
31.480199421620327 0.9194225949210694
29.362815615153824 0.8821337403113314
31.08408282962802 0.9351619949991684
29.768766592384786 0.9422249092284366
33.110567886375144 0.953376917706151
29.10861397953053 0.7703169182771269
28.97317039510672 0.7251379232861183
31.496884640214873 0.9333698362702031
29.782421086783152 0.8812650885118467
31.668897392148185 0.9574525045684318
31.190759426880284 0.9477084379503242
30.481792040503368 0.8694805124324462
34.32673467869867 0.9747928811965328
32.68837360684631 0.9634713681772947
31.69310816680571 0.9577505320923834
31.487316135314973 0.9223526355208657
29.070377994385325 0.7190230690135804
31.95043757119171 0.8808654543748211
31.39934402073599 0.9207012261335908
31.697168461080064 0.9579119936071475
32.52382857139059 0.9168482507451702
30.551544384449002 0.7579461755182009
32.41655437597537 0.9582560509210221
30.425818865342972 0.9440486009270432
31.316841537524333 0.9311040608870066
31.499041718273514 0.9230757995774284
32.065277474060665 0.9609827436368464
33.22456555601807 0.9451763867441728
29.25697163775098 0.7933405599641626
30.07715892442083 0.9291026068389778
31.049417653113743 0.8917917265423906
31.082533923478998 0.9068728632601593
30.552131384029767 0.764594369893535
31.3064932759659 0.906395505322587
28.996497295376574 0.8183193375375568
31.916112467320744 0.9648700830023206
31.361060522757107 0.9359374584225805
29.04073536841561 0.7692144340511073
29.66064515657713 0.8203650874062841
30.092255141277185 0.9016354430338772
31.899867502613578 0.911196826635574
33.17501323875622 0.9456905293812229
32.78794061162267 0.969158973457351
31.15689506473779 0.9480416212929256
33.09865341325128 0.9682590418790815
31.889468837613602 0.9527196344016636
32.37408322099348 0.9210912358214293
31.15879332409059 0.9114690172536152
31.659570554272506 0.9504710004406411
31.116149710627013 0.9068624889464442
31.423118452509605 0.9360777664740185
28.96663784227181 0.7148773948264582
29.151642772936334 0.693098563183541
32.33058428984468 0.9015346377843169
30.964760259869315 0.7975694121166627
29.058223497207724 0.7176091411164606
29.058629260608782 0.7035811922293758
33.425821936093925 0.9647476575166447
30.20159137602051 0.8973225649814938
30.744713629195015 0.9394858274492471
28.934858980241003 0.7495906857768048
31.252500586167066 0.9348746735462209
31.65117065491749 0.950999730305275
32.66786759892787 0.9707196039872836
29.659840951084114 0.8914347263581405
29.406460336119387 0.7784591036588612
29.12956473279273 0.7390323244795477
32.27079182695575 0.9067597495777016
31.753175614120583 0.9546642038510598
29.38644535179133 0.7873585891834901
29.69485603769855 0.869619760537716
32.55244440147302 0.9630207060780116
30.208455953497754 0.9205923157402927
31.505301974673863 0.9225289655291039
31.039574250019232 0.850773689239776
28.88213816442836 0.6782414387923091
32.388329288559646 0.8975960634629038
29.457526844069992 0.8697156352309648
33.27320846749684 0.960825635548974
31.69554894987135 0.9538559555829262
33.54925816851478 0.9546285946292842
32.014927933315874 0.9158460027284483
32.62055994764933 0.9622675940941221
29.395963364878433 0.7991221937059101
29.956499353551045 0.9072526919886732
28.91270428049472 0.6631306133176208
30.781772016774305 0.8859447490864316
29.060156473082586 0.7464910201271993
30.562577474873194 0.927085149693426
30.261859197068116 0.9004686217388786
31.2185887760683 0.9208306030287483
30.55772956943416 0.7482474648057086
30.409701459719663 0.9071970076570723
32.26686870763327 0.9082096139178321
30.721219554520705 0.9386822017101232
30.0179848899526 0.9158381993382113
32.369731064922746 0.9209564468707593
32.431084814855595 0.9153875573159019
32.44811024381558 0.9132977865160709
31.261714998799427 0.93755871874385
30.956674829110263 0.9008877302879209
31.8312510625746 0.9556181317098585
31.91241330743999 0.9467373294942758
30.629722539405346 0.877195817409148
31.479340753100274 0.9225404094211425
31.81408085391586 0.9369325075252203
32.46134349338276 0.9671938705129915
31.157643546713206 0.9002796418106539
31.68024214162195 0.9381674023915708
28.82131152246854 0.768132997895909
31.481624117519033 0.9221860512473832
29.717382818961518 0.8653525739080231
30.23045981417519 0.8909624010947204
28.850339430971648 0.7411895815954602
29.01208534242099 0.6809269876664389
30.263027268649406 0.9028385933072439
29.40726589975967 0.8791808804612518
31.80424765234642 0.8930962953093297
29.658810323597994 0.8908433104524424
28.967197702139224 0.7239136920476423
32.03779952275789 0.9673972945714885
31.06679187867034 0.9088195284962672
31.06670035366642 0.907777406875844
31.712819548763328 0.8833469203017146
29.771816432618156 0.8798194179580843
31.496479203120778 0.9282068146335206
32.48822094183326 0.9685736158467262
29.745124285774402 0.8958224858023807
29.61344116754158 0.8796537510578423
29.114112520449474 0.7887463688494544
32.80620215818396 0.9218041243392889
30.743501865702854 0.8872154268304396
30.76126772393075 0.9377585969421246
29.983247998008405 0.8902158401390956
33.868098188002016 0.9654411955243267
28.979617815582237 0.7304917312571046
30.145903938956707 0.9236743437469664
29.184193694357706 0.769590745693921
31.138228527169996 0.9075889405019154
31.167117495545117 0.9487209942058789
29.916887011680604 0.900586755772988
28.994820679188077 0.6943915416502264
30.69086820420667 0.7778288347176846
31.513282279541322 0.923124836586469
30.614139254182685 0.9289111084744668
29.510758016738073 0.8590515901263482
30.582651445417483 0.7558660830097182
30.712419687391126 0.9334382550610966
32.0514973953135 0.9462335980985658
30.398239739667435 0.7696010451890315
31.47120772832821 0.9391915747649445
30.83806321680061 0.9351704118852602
31.874984198088786 0.9436702517513974
30.438061009488777 0.9482954592594425
29.10802092611521 0.7526094158336051
30.849319656545426 0.8845657180397676
29.338162590731752 0.7987142538222116
32.62222816809576 0.959238309903735
29.522428813644414 0.8580718474658743
31.92933231338023 0.9550384167907097
31.26452312961665 0.9264661701981466
29.764659920917886 0.8889206401394214
31.46737320800302 0.9294643488103824
32.07914891279686 0.8864256512694827
29.15563239422811 0.7555853311605645
30.766668015436025 0.9200171291858661
31.73892996270141 0.8849380833418842
31.57295246192668 0.9440763011908878
30.580429190313858 0.7486661863689081
30.268108897068874 0.8945059183703282
31.164679444710288 0.9175527717397829
31.09958254823187 0.9324889573992916
28.995188674194843 0.7129956149336708
29.726622534295032 0.8969298875293253
29.79376472510474 0.8808670093660652
29.78280042313572 0.8708813964174072
29.515409137389636 0.8807126920482876
32.67212772823726 0.9408049158645617
32.806360562671316 0.9220231798570531
31.860822079768848 0.9427034296475156
31.977058801470495 0.9137180878030156
29.169213631944718 0.7201203326458632
29.240772219698595 0.8863252426047463
32.002290451418986 0.9533850880294503
30.116156640094157 0.9032901112649696
31.483040629068544 0.9308783119870814
31.179207023469473 0.9128159336579246
31.50347675114205 0.9315597499974005
31.319770365416826 0.9256702822447747
31.95697050309473 0.8700526801780406
28.948021507448768 0.6829617084094511
31.5006447952348 0.9364319985980574
31.530935665149862 0.9361180672737416
31.32821894684683 0.9383868101317384
31.669244744588624 0.950291034493281
32.00733726684791 0.9154825933561658
29.744839545804926 0.8665487449725476
31.022386165215746 0.9064164642141129
30.174872490158346 0.8964310746943646
31.84545698572744 0.910909365542584
32.12148095263926 0.9572019384423915
30.723584315881027 0.9134103223580085
28.936428196063382 0.6703086448835658
29.689177693352082 0.8690705860716896
30.82306005625113 0.9364115584494159
29.87762844368853 0.8918752534521656
28.931415053135115 0.6873007286468725
31.780805058041693 0.8900740962340542
29.963681202387807 0.9263254277943931
29.152955856584004 0.7690741084388028
32.4707003682327 0.9145883103938944
28.939433632265796 0.7400974636297409
31.204251312035606 0.923634795991107
31.928102795911126 0.9078258104443054
29.39283477735546 0.9106196799878854
31.421005753698964 0.9327490871130009
29.659225915617114 0.8907634471534605
29.644718173206286 0.8561290479149868
30.74543761655841 0.9389766317963675
28.897211701347118 0.6785895514135633
28.896711892621838 0.7724044898391073
31.153520041940858 0.9437830813574828
31.423077005211404 0.939384082964818
31.31653850396254 0.939219388389969
32.495446481931644 0.9546730726103787
32.12884691067624 0.9555066757348063
30.781054565504192 0.8967898511337017
28.949767228710684 0.7574557215207651
29.675920813045327 0.905112561642388
29.9966525366646 0.8883436606962687
29.763563772545815 0.8705814715084629
31.912163625303357 0.9144284841084613
33.49484104446819 0.9471973200322167
31.60183263784953 0.9462898859520154
28.885037108396077 0.7759004314501358
28.92521329052563 0.6958371749327671
34.33121650887009 0.9749107169795344
31.808297349911896 0.9434301241241448
29.981898007359046 0.9364831910148524
32.711614188730806 0.8897819462405461
32.25520361948793 0.9073884311240362
29.461181320544224 0.8732128379903976
29.68716156783074 0.86141998888094
29.750457652052397 0.8990098045383819
28.93499439513395 0.6930189512069181
29.34368505537291 0.627063644069309
29.479122654280534 0.784020729185425
31.8517671751231 0.9402158402985832
32.58795422856588 0.9532521566712829
30.184221429068884 0.8942201950457158
32.09195619958021 0.8907520950257033
28.925328171846488 0.8011263677357074
30.66713377181849 0.8764229258714736
29.43408056839595 0.8817487257426709
31.487085404049047 0.9370679321344209
29.140212532840142 0.7144359500549075
30.068209170856804 0.9517598000463305
31.79447616852817 0.88655481796896
28.98387385773908 0.6857405364400344
31.185211488218634 0.91762177996433
30.797257487477367 0.9385791270875051
29.572469520124773 0.9176177243831835
30.95806256462724 0.9210035563618857
31.16214662008012 0.9125805369362758
32.121361764260115 0.9260202389989973
29.406509182928712 0.8774247183597725
30.811568788028726 0.8874968170800702
29.037570522892654 0.7546273562583992
31.28745253823975 0.9255008008698279
30.493984300810432 0.7377334508180179
31.43060342908307 0.9432037739807683
32.84278481817778 0.971250434091201
31.280073520642798 0.9108020535100548
30.747384664479036 0.9356636077801261
31.651251917233218 0.8684970818094613
29.606021642672296 0.8573615691630699
31.657300751496056 0.9460747288907471
31.051266704225768 0.8966784369114567
31.87558213879722 0.9122734219179143
31.14404738316392 0.9128152876369359
32.35120158042668 0.922454569843007
31.8672805653047 0.9411937815929511
29.58171064137689 0.8990564629629411
29.53538212612854 0.904816755205469
29.128236961440784 0.7428089157602171
30.193172651312 0.9185535430787506
30.415970276700264 0.944737401706523
32.05211802739227 0.9174619098683082
32.53205617178138 0.9408204602030066
30.140533817047476 0.8988924066101829
28.999121651056793 0.7378201917290379
30.006756916361454 0.8938419444307985
32.02605085999251 0.9515192452865011
29.02058441989388 0.7129076814147979
31.962465894832878 0.9588623188494475
29.296885371973534 0.7898943506721644
31.981773081013586 0.9413246959880196
29.11464586781844 0.7404492891635726
31.854342219519815 0.9098026618631881
29.936410496727838 0.8905205574704481
28.94793601512987 0.7069976572513217
32.44336104624911 0.9674381762589218
28.789891798732118 0.7519279819660859
29.65732958010179 0.867297700712146
32.23218401269827 0.9246358758602378
32.15549635114786 0.8937407331540989
31.77608633210952 0.9653137614427939
30.92460425352416 0.7710655825953875
31.769259923945125 0.966020949477823
30.35848548222208 0.9119351911191015
30.25866802346139 0.9318028999070733
31.55360562187507 0.9432545852360203
30.89489554746878 0.765224666868244
32.0247422010026 0.9536582083354379
30.960614702355148 0.8813862380096178
34.288268203114555 0.9744140401691163
32.52674671498745 0.9628840248386616
31.138785684781727 0.9380847118423608
32.40359877942298 0.894930740010403
28.938814731355738 0.6691192796537473
31.6942375559167 0.8853414948466921
30.87359016227304 0.8863854549047236
29.251398204673663 0.7446254298456185
29.801913258284497 0.8733436729550753
29.002047937010236 0.6996300710174742
31.315312311222648 0.9356355728544973
32.778701136815556 0.9440322773639854
29.60090650203885 0.8719761626811098
29.299187328576735 0.7742490465048623
31.894460554520418 0.9460052612452872
32.94058566759584 0.9519331921889516
31.715368577644554 0.9538126472056302
29.545190462118374 0.802289036318985
30.674394594256388 0.7752550414619123
33.88738413579871 0.9667541440322863
29.631387105040943 0.8668533084138723
29.584207786095927 0.7899903462167833
32.820718882082794 0.9042124234359857
29.533601026350755 0.8674977481881343
31.716964844963712 0.9354321049520978
32.33836281591196 0.9553488341300626
28.998028441756283 0.6952458173610104
30.80535973274118 0.9389322535667602
31.13059051947547 0.9107624771637204
30.007500189762002 0.8934597071021698
32.82208094911805 0.9696860758052838
31.960169785114793 0.9636255009419956
32.801604241783544 0.9202416621930976
32.035999117915026 0.9177164120702622
29.717550114645448 0.8928473974078746
33.52748265346372 0.9537204805093876
30.790453652837133 0.9205094173200955
29.270668865865904 0.7758080082075707
30.100974559953965 0.8933062397762884
30.986714178022087 0.9222318486184103
32.736100821674995 0.9690601838031387
30.93209064738209 0.7792097110199124
32.31708804857978 0.9591235091829063
29.82795846440451 0.9391346633541768
30.99952177950135 0.9358769611136253
32.94844796903762 0.9586568484611823
29.610690839725965 0.8967192660561385
30.915933364049973 0.7764077554341071
30.660448544754196 0.7867077709941014
31.15067970935396 0.9126820463737678
28.97459760728988 0.7212178000136175
30.735780226231782 0.8994864701504567
31.23775946377439 0.9342694619786791
30.79614150375462 0.7922716126496996
31.41696207447295 0.9340298823246073
30.64411593870805 0.8511219763561578
31.19481840996359 0.948686189400513
29.866820983401972 0.8743482384262529
32.0365487431888 0.88984337497001
31.089451628330757 0.9124183861912527
32.591922445143844 0.9657483459710428
32.34061416477503 0.9203978702683471
30.128646956411455 0.9211039921590851
30.44994874468001 0.7414347687839673
31.539964030965308 0.9228503575695788
32.24709939842896 0.9301373989495106
31.449820636266857 0.9341971430685426
29.024690993822087 0.7070363888352817
33.84039435037155 0.9641314920467133
29.552115853858055 0.8947918305510766
29.342402684797126 0.8678938561333729
32.98691490147027 0.9391761750592076
30.9093232164965 0.7640606692771024
32.001157083506484 0.9442409448991648
31.636674110788793 0.9348535457730806
29.771434512481942 0.8707341316833456
29.899863216173955 0.8859674729735179
32.797015369754085 0.9217380242294181
28.956207258319875 0.7472990597456054
32.091040520613745 0.9479333237454681
32.27895489668965 0.8920860215904861
30.794568796585644 0.9363230252943306
28.98442846999793 0.7154684068602001
31.53335510731146 0.9383953946742826
31.836296266152104 0.9480511186005196
30.948265647270794 0.7722455480716395
31.64333935237203 0.9497919201007439
29.685976937959587 0.8713228918411859
31.264583071864074 0.949994702295899
29.204658933495942 0.782492885858139
31.73788784792491 0.9386099095395715
29.14330795798079 0.7598202994102046
31.920442847633673 0.9443280634593975
32.409902102132016 0.9206866450525136
31.943604889309356 0.9562836751305196
31.760137817855917 0.955956770769184
31.28304965008698 0.927799156972903
31.7907919000133 0.9378979685840916
30.963980130129695 0.8895741676335391
32.15185474093331 0.9464096913032861
32.73720603899037 0.9675620869875591
31.501087855072672 0.9400522676187503
31.33860332661527 0.9421124850675944
29.02798287845153 0.6576615731242382
29.959805162681292 0.8891812796852057
32.437114858445824 0.9140318034860705
31.648683735689453 0.9292055592927292
31.492192503494234 0.9290125958555143
29.044851884810676 0.751720227429104
31.09417211801473 0.9475735640327481
32.905617062586295 0.9616745484895524
34.03345958217789 0.9700992556487371
31.616314796057562 0.8648626963694171
31.246214871891613 0.924622695109849
30.71704118909828 0.9364476217923582
29.41508369644982 0.8804141146273584
32.423322752011885 0.9131899568482791
31.72618452304647 0.9565703763872505
32.02605015969499 0.9608433120363041
30.792728321108832 0.9220779985318102
30.861641077049814 0.901412442324313
30.63663038157091 0.8942235057305872
31.870369162115995 0.9126714594948968
30.999593377859995 0.905936165878941
31.091639691433816 0.9156046088870368
29.796243532687413 0.8719806770368449
29.121009357134927 0.8321426929677341
30.79414848464754 0.7572849271156976
31.82134488095471 0.9080324158135067
30.7691116642254 0.9358264513429677
33.78690602652733 0.959375827177287
32.66471235612635 0.9685263783034536
30.968243074857664 0.9028082679191918
31.59378224336964 0.9440156932392811
30.989692778534504 0.7939513061805298
29.75978262457268 0.8691793792161074
32.62750169233214 0.9462297478184538
32.028954914344034 0.9158265955982291
32.90219394539114 0.9602765522341079
29.252182351223347 0.7835564435391652
31.82729631394765 0.9506655770946167
30.750437909401715 0.9351541718385299
31.11575274780106 0.9373594693898265
31.81221049493295 0.9466282634495929
31.638864294586494 0.8752569026370396
30.963258806201885 0.9013825136274728
31.67493114665021 0.9456310450776572
32.35648004612847 0.9203118866252917
30.594230271932364 0.7770858500722125
29.380490674494304 0.7131811612249634
33.08315979534224 0.9685497131720416
32.72376006820522 0.9536031185511618
31.143290953760555 0.9482397704417811
30.791761599632977 0.9361847017777624
31.75998006074225 0.9471554412967448
31.998588166901236 0.9134189311366231
30.577564357944485 0.7760301850395678
32.617675607155824 0.9625019769272297
29.19508500359032 0.7555206276102695
29.01822225624654 0.7180357326561713
31.414032675934997 0.9332345421988318
32.55277327714963 0.9540067525305569
29.47294003993699 0.666279481633956
31.65576420065301 0.9370827050393902
32.57058512901969 0.9643469774512086
34.29287217952991 0.9748934261803834
31.084434623283144 0.933539115710965
29.75586546176393 0.8694507736087715
29.714460197053025 0.893386592936433
32.27547606836757 0.9581451844274952
34.58817889429595 0.9744152542812453
32.28481625280026 0.9070273992894462
29.370158977395207 0.8030541808119608
31.644708907527544 0.9500678508791166
29.048817061063723 0.7629435688757518
29.909848101198268 0.908963501300759
33.40327594553652 0.9417347570277832
31.144226293553537 0.9026663479697838
30.699922460552923 0.8733547659582325
31.13109341347141 0.947283219095242
31.53784880694562 0.9375064627659864
30.274095084756127 0.9229919320652241
31.050743038830667 0.9116703834045694
29.56637486193809 0.8680559395996151
32.94439261150819 0.9639068109549509
29.795902830121964 0.872121420076288
31.69771546652049 0.8738960106500073
30.097929048779626 0.9021231146041397
29.369470235019335 0.8019784303330556
31.482003147418524 0.9358018155220703
31.276747295422638 0.9335855922789786
29.505337736179754 0.8738488849454884
29.71051424104843 0.9056399922932422
30.279937751745635 0.7670640257485505
29.972961956574842 0.9189802608813555
31.40864572304036 0.9278514585186276
29.83109938821655 0.8854748287027114
31.314896721147626 0.9400199834567794
32.07620934018614 0.9534704409304743
30.12984920396274 0.9026996441307804
33.33448670874495 0.9487674388308158
31.509607546885196 0.938346300386403
30.752378060708743 0.7588771744691746
29.57318505229989 0.8664532934595172
31.558233514310487 0.9308502266589048
32.23702268941522 0.890316763405926
31.5062878771527 0.9286846666161667
30.962389867302246 0.8566244715023559
31.216117598472128 0.9239165457851862
31.41776831759314 0.9316819542967884
28.999814967512076 0.7107724551604343
30.797996357875647 0.9384646480609383
30.80585700837183 0.7933050130279037
31.655281929695 0.9392802164592121
29.07813907743863 0.7067145294540212
31.60040923321691 0.9438259396804748
32.068390329278714 0.9505649346992362
30.85751649581137 0.7565975986598912
32.02439812207312 0.8625130755284368
32.02267113867882 0.9599855276200808
29.615663147129816 0.8886875185999562
31.40211551652402 0.922940392437193
31.580062413224994 0.9393209706156809
31.821335528198883 0.9654865820030162
31.50798872774277 0.9394744779266854
31.81236049401719 0.9447068994012562
30.69380543739622 0.8694538317968615
30.250576793623416 0.8933353367236803
30.407438823254076 0.9377200218229617
29.93211028394512 0.8885364415580033
31.408376611462252 0.9368020726254489
31.894125285064998 0.9409088941763141
32.18940578089207 0.899690239563068
31.323871960452028 0.9371071757988889
29.397377680422593 0.8837661492210752
29.252108403965554 0.7553424675800015
31.871493232392055 0.8892493993420609
31.718231582341545 0.8831131066890292
32.131630755727315 0.8950738739489801
29.71335485280441 0.9045343811714331
29.80707444357983 0.9046491932533894
32.75725592906021 0.8927147059162075
29.534113698304974 0.875749556904009
32.670165681528594 0.96699357707131
32.96586581336783 0.9590202330275351
32.55213294122219 0.9584810962994544
30.673498220022143 0.9322600536324408
32.47137575122691 0.9517552374296939
32.419321180724985 0.9295740257603826
29.36590100987552 0.7804160744536952
29.34463636475033 0.7825182837216957
32.848934147202094 0.971053397742302
31.494086407436054 0.9294868134113063
31.69465214979329 0.8839048410423268
31.328903906013092 0.9270502446968019
29.544165526580652 0.8884594566647788
32.36161778310854 0.9193648953518706
31.308690790752532 0.9399000303092996
30.786013683433573 0.9151148955399666
29.307981150530985 0.8801549091378345
31.698134288767392 0.9535573240221079
31.103380489096594 0.9155696187394041
32.85665077283218 0.9574727049693645
31.126756478711165 0.9486943082512717
31.80544259609252 0.8852842850537108
31.74675741618442 0.9418465348539112
30.843048166751636 0.7864425058432136
29.500641984471198 0.8866254171326847
29.184045732402556 0.7604003494381029
28.910220295083242 0.6787264272935976
31.16593362909301 0.9130304023607982
32.768604610707555 0.9321147824507101
31.188734533289907 0.9126398842520321
31.93450550816302 0.9097985543842233
31.014374243765097 0.908276346568641
31.967178514539714 0.9148020398607156
32.39353039584398 0.9647346186237679
30.035796742028538 0.8889774552999602
30.080215402053476 0.8880128653631886
31.767881213597295 0.9094132106249957
32.2374502039688 0.890554080615724
30.907644576128813 0.7702378627728013
30.850976433814896 0.9223735954143576
30.817226856668825 0.9366228816169038
29.03962670596066 0.7383907349250108
29.920877591654254 0.9386944343535626
31.760366394696476 0.9390895694833842
31.26574740843462 0.9399890525408882
30.17155312481826 0.9284110845992908
29.478208615417614 0.8797930529883944
31.772747592360957 0.9388077977112631
31.718835075853494 0.9565712029469885
31.805065875470277 0.8861825243695541
29.749034462687117 0.8930901178942257
29.659535554478353 0.8818800403625136
33.24337667302034 0.9409586199756017
29.811969419452666 0.8729194338252346
29.73893110921916 0.8664717424551124
32.44690374715585 0.9308788283708446
31.834781519970505 0.9362346808339483
30.7941387288309 0.9384686057570492
31.751535743615786 0.9433882161626715
32.60585483222558 0.9483527166479635
31.08739640094136 0.9140244545863919
31.85235418991329 0.9400814474553296
31.560554029560382 0.9477772924954363
28.86347423834534 0.7785500200023295
31.312905532277718 0.9419634164140759
31.99466481035391 0.9449839109345697
31.410426653551497 0.9409116552256194
29.358383723356596 0.8654913130622779
30.529042721972054 0.9206354059488707
29.266508585134098 0.7711702173521341
31.476098117024208 0.9402154959179142
28.909643129586794 0.6817966931580686
31.190898671199957 0.9113810804347006
30.965424783165105 0.9188697864952756
33.23068655926262 0.961129026419607
31.93003847603196 0.9472409183217431
31.8055248000768 0.9658527820095143
29.33761597177662 0.7688057821913516
31.867332552803248 0.9092936809258861
31.461201474416384 0.9316000001029786
31.692338326609995 0.9537405871593672
34.22016044881962 0.9717912279994829
28.923798099096643 0.6821483610799414
31.18560071266005 0.9477808363262101
28.956147335154153 0.6791290901608829
31.772294760353223 0.9579933439470298
31.488369427684052 0.9433452370682494
30.766573169620692 0.9359817718005541
29.285436515939782 0.8662548825649478
29.7636095265271 0.8663670843902166
30.638169042365657 0.7931950695408502
31.055189768528532 0.9072399586341529
31.4038555405183 0.9511988560385967
29.64967430761059 0.9090234383917741
32.069434220208436 0.8841992981917131
29.71940005664985 0.8751843423120759
32.362465583413886 0.9222488285090058
29.37547808973615 0.7881268137848338
29.044557907318804 0.8111292162212406
31.181750108575113 0.9117699383171433
30.3174244573917 0.9082730317791585
31.412276410393577 0.9278178875938161
31.775440787671894 0.9585956100896308
31.787982104615708 0.9654551653342155
30.380851948412655 0.9315068289083298
31.516355392727093 0.9359600461162085
30.065222879698066 0.9077058716863212
29.232731830276457 0.7654190024627026
31.3572169293305 0.9291339464288964
31.63044357412854 0.9491514637471697
31.578611378928553 0.9445965291944339
32.06881605937271 0.8884528925307982
29.697717763658815 0.9011826472943395
29.165062029512008 0.7434437319233671
30.497754881181066 0.9210292453004951
31.086089958106008 0.9084573155571177
32.47126169296556 0.9657572735949536
32.07741065361695 0.9145029944113502
28.988471927314095 0.6760364396005266
32.11013979291407 0.9549722726341298
31.48224658422858 0.9297912642812238
29.163035257667214 0.7572181283653648
30.038687746916935 0.9023384193697381
28.934207569888926 0.6836126404412289
31.16321950995536 0.9001044139337486
31.27960290728204 0.9500243581750017
29.789635823176507 0.9299123088975116
29.757969199458408 0.8262660933611745
31.940936901480175 0.9121198007506341
32.13750700236393 0.8911098902254798
28.776740209080103 0.7398070316199844
32.36053680351099 0.9083891338756953
32.63147563364709 0.9312888459225184
29.095677847364097 0.7695571345642827
31.550502907790914 0.9456467422351376
33.63362600666486 0.9578470210032993
31.593277647603525 0.9465969403246074
30.978857425760765 0.7885949277557273
31.042753228827312 0.9068302165293667
31.017662515674242 0.9061555559958888
30.585934308067664 0.7815881917526922
30.708139911587352 0.9332298899826863
31.213143993194656 0.9200432960257254
29.950222656768922 0.9457271428848002
29.033121989705464 0.7882162515354639
31.079173096697335 0.9342013984317139
30.615991104184307 0.9297829835357009
30.165363178045112 0.918788558133556
31.18215430342776 0.9113497341676312
32.366515441149566 0.9210112561517273
28.969908693831513 0.7112787266816673
30.70815542165034 0.9132844835067448
32.40509934136501 0.9201282370566963
30.69795840188489 0.7594604634116248
32.846201164890196 0.9374287237922475
29.04608670184504 0.6560105305851718
31.032224345959 0.8981758102308577
31.90732426556246 0.9535788890459123
32.196216787045635 0.888960287044618
31.203375386825787 0.9240884433097806
30.003821141395917 0.8914812594780956
31.790216795107774 0.88717467486886
28.981466782007985 0.7148159291207735
29.80059602259246 0.9015802439985888
29.53086884888075 0.8714898538919006
29.345158937150323 0.8761671486207746
30.833904011843117 0.8935396661357884
30.77469864082639 0.9382964326535002
31.551113668666282 0.9424657352085285
31.522773514004214 0.9421152233154938
31.38516919548238 0.9327363905571343
32.24123865223189 0.8886221480705447
29.023213204031713 0.8336331818695173
32.401594764071014 0.9654921891641012
31.497529139919145 0.9224723118594097
29.12812233463565 0.7839912458788618
32.79770372611456 0.9695144676569651
30.186902084988393 0.9509184518795136
32.01086383026301 0.9518967955871295
31.184830664856264 0.9136405275876198
32.35884741351918 0.9056191175704567
29.082101888706497 0.7617663040847785
32.770548472629415 0.9692237671124794
29.458639129852212 0.8762528749064364
31.58011486552016 0.9485922481429941
29.068975676055985 0.7200065135807997
30.47889024772576 0.925337203241738
29.940832820071144 0.9190807124794292
30.817622102807437 0.8562971818572287
30.80117150050392 0.8586183355991153
31.112540614805262 0.8746897209285719
31.612524501596987 0.9340739740941416
32.16275766912625 0.9325817394576389
29.299709880645878 0.8683175652149435
31.325287397441745 0.9248173948133331
31.944211666254493 0.9094012838923308
32.28348893703587 0.9094276620486174
30.777572837975633 0.7706817832328781
29.5383529081545 0.8187794647609921
28.897394331562563 0.6797386746798854
30.398394510895965 0.9106159715789085
31.947707610111582 0.9084894003957306
30.112686649343047 0.9128738067791298
31.3405004815473 0.9329418962288375
31.7984253854235 0.9656473417312178
30.546630565722257 0.7498361120247241
32.46271894675415 0.9693275731196217
29.35163729269373 0.7822097025933846
30.60542069812584 0.743994647908186
29.79460040257898 0.8711262257406762
28.838306271885074 0.7692443022148258
30.526105230177734 0.7655759046159452
30.500297938251542 0.9256244441081641
32.177771502582395 0.8993282279606735
29.084527700278553 0.8678979955681587
30.241056216622248 0.9036349735700857
30.767162452441855 0.9190872106368018
29.01224470355948 0.7976420161862396
30.270401976700796 0.9038365313239882
29.710680861441155 0.8932122560885788
31.894692574777984 0.9096849699526426
33.997795602480764 0.970359931454323
29.334733737283393 0.7818738425594992
29.770424763260447 0.8750638261613749
29.757248942372 0.9217302288089664
32.208048161683095 0.9249486165968231
29.111877042715957 0.7183560515997082
31.55502067795886 0.9410149955002645
31.785048250117583 0.9653608525924386
30.742967118711398 0.9367070139897182
32.36940818272436 0.9201979795887562
30.817505195273696 0.9188161247404619
32.20028395768422 0.9292938253373583
29.727596161003135 0.9115501197390685
28.985620665504616 0.7027345605458902
31.088698722107818 0.9097058495119703
32.50310142085675 0.9166905480246638
30.676111430113295 0.7602847313624264
31.09414499520776 0.8665822796525641
31.862830514719946 0.9115690865933977
30.47733908684585 0.742407798073569
32.80038709904543 0.9203301824066312
31.072390361375653 0.9080572709196002
30.869390908234454 0.888320442744416
32.71247286324629 0.9716431260440561
32.054097456944255 0.9660897740908734
31.893108425390242 0.9565422674561997
31.623187223740153 0.9464865824342075
32.319217884096695 0.8960422353088662
32.37800989329968 0.9366880624905477
32.010729146730704 0.947707357214119
30.972611308181605 0.9640662317039936
34.47913154053227 0.9819703966238181
33.17166743791019 0.9709760115798451
34.035409546939476 0.9401802990828568
36.49949947896088 0.9865468632662464
30.963937631480075 0.9669314446165612
31.207771281457806 0.9435862144414255
32.84415593805229 0.9707118499137376
31.090626964750363 0.9427321078435887
33.17498267391509 0.970918467195091
31.53111843565644 0.9480875419421091
30.83397931759455 0.9638134495109197
29.976521895342934 0.9370445359892913
32.716802446294466 0.968657209564861
34.487806920249525 0.9822503092547686
31.137000863458816 0.9683162793107422
31.260280791593935 0.9671278932848292
36.57097552210336 0.9868347320930406
36.51844246979173 0.9868257599629404
36.629387690065904 0.9843048401516147
30.029095164719738 0.9396640346755932
31.310986533658554 0.9685443673515388
31.293045469130423 0.9439699089934169
34.52746562147398 0.9501291054962151
33.163050095712386 0.9710851049455226
36.530381846545396 0.9865773404383675
31.54821002568614 0.9488943897722555
34.013279708955196 0.9423027037112369
34.512128517577985 0.9823566827983076
34.223722139736964 0.9763280873762457
31.180835763740184 0.9653648576575596
31.250016778049932 0.967667205646891
31.210738597122827 0.9672476038892193
33.14158736273344 0.971108999868524
34.364415722561745 0.9766411066690457
29.931899925043183 0.9375508058380184
34.26805757598328 0.9772119471472421
34.424292488381425 0.9828467519495642
29.956374991667673 0.940650720610065
31.47836496093881 0.9624300452483758
30.771147253118446 0.9093158534804557
32.22766944759104 0.9509244346949473
32.2443598645572 0.9519321574825628
30.047601453248483 0.9394548744364468
31.25350546877883 0.963232048535519
30.884245672695663 0.9634471103854504
36.503743678529325 0.9866676540654314
34.02008532799448 0.9430077917924526
30.634289865137866 0.9075494044305831
36.53617641689106 0.9843201415920849
34.5184422100671 0.949566751701861
34.92205191064079 0.9851000051443208
36.834841716134136 0.9840189180811428
30.901503214689562 0.9633437492844759
36.388207022271835 0.986383614539252
30.956280956185907 0.962131164082716
34.455157079755566 0.9825454291156404
36.5290218065953 0.986664933296087
30.66860515071072 0.9072397502669093
30.89193242597375 0.9626931420218724
34.66881380311537 0.9831722857399794
32.14770553577986 0.9507920809211504
30.800091475027294 0.9104171917300149
32.190027166591534 0.9511553466989974
34.505031378105 0.9500845351547317
33.25925966049106 0.9719948924913057
36.873205161435195 0.9841179655631028
31.46222815522504 0.9459848183197405
30.684062050094703 0.907847540200372
34.527451295596705 0.9501090836982704
31.3519503157789 0.9688673548072819
34.30817594233198 0.9780986418095958
31.53589318843448 0.9610430064676453
32.881207306016094 0.970312003037686
36.680492906504576 0.9839673833513691
29.981239787578488 0.9431515617853965
34.324194133816434 0.978525096015385
34.26458481643869 0.9822931801430187
31.265290100209803 0.9652537087546773
30.874837434160725 0.9627360537901475
34.02636936133557 0.9419460912484233
32.164237271869176 0.9507820474570546
34.39747955225187 0.977233241476625
34.44291355322221 0.9819326884790086
34.197246344699835 0.982185217515255
30.836297404245194 0.910526289061514
30.970953344528006 0.9661758999745943
32.84632889138389 0.9702641426549379
31.421675953524165 0.9663861741981326
30.852477240134913 0.9642741001095924
30.899671710771663 0.962742204125362
33.19647579084651 0.9710880160402521
29.957364767362293 0.9388629570273687
31.002962599462943 0.9625319855764489
32.16540533584897 0.9509358408449508
34.077614070085666 0.9428041351326277
32.13674258305821 0.9512951177612046
32.88857836168216 0.9711618241872952
34.04131203630104 0.9418559172450326
30.820228287593984 0.9647333780814978
34.56472722864465 0.9494296064595333
32.79972300440393 0.9701638821696887
33.20918435491181 0.9715084179929193
34.06912739929298 0.9425588675976676
30.705374319045752 0.9079625147217872
29.824759697131608 0.9353558898990653
32.77280590676626 0.9685456446335745
34.23713237467587 0.9775976658761035
31.178053557885246 0.9676638683490495
33.21358177842425 0.9710468014113216
34.56988871006048 0.9500216173631458
30.834824002303197 0.9636620851236949
34.6103419046281 0.984187085159139
34.05666843741338 0.9410185533882902
31.261574933543187 0.9667388487659533
34.63616613701101 0.9496114310995858
34.46037879193852 0.982974409852779
36.43708427833461 0.9865650251705064
31.17824395654178 0.968951610912501
32.24718192800785 0.9512028145238781
34.069347673602444 0.9420279965352003
32.72703093950406 0.9694318571878348
31.307396481686652 0.9680780169037038
36.737720625608546 0.9844728602835667
31.457578207562168 0.9643975365785269
31.381664628470443 0.9457724276921138
36.94098599343016 0.9846929140542362
36.50625584291617 0.9867148278172564
31.112473655604536 0.9622605733800962
34.425528004714735 0.981945318862548
34.327022538331356 0.9811229867653648
34.199029292444735 0.9822578718114189
33.22554297085149 0.9714527033312892
30.66305391210793 0.9075138597299676
29.77827290063344 0.9356509296219285
32.80593313522996 0.9695421410148324
31.139519632097414 0.9425084196799703
30.871611484337606 0.9632623721737908
34.47128560990093 0.9825933666340695
32.17505069889489 0.9508694623101838
34.39404373107094 0.9502080719395324
31.057741087644906 0.9648157077397602
34.4365610222802 0.982297657649431
34.461858979508484 0.9497742852208979
34.28250389817316 0.9778755202656455
34.33421808803511 0.9777901868004251
34.39341015943425 0.9813693600266766
31.119934605091398 0.956658588266064
34.734316456270726 0.9833672308389935
31.54916681479913 0.9482785112561792
36.73650022089645 0.9843531639714422
36.69873922286672 0.9835028539081799
30.752441258787595 0.9088276838857873
