29.944136910584113 0.9169808006453609
30.37169148532402 0.92271386111682
31.613814314528675 0.9418421896341055
31.195742644870336 0.9436518881534645
31.072308557198724 0.9429216366981963
30.403695926025286 0.9081852179175379
31.691436678072066 0.9448540152495711
31.942965563201547 0.9491784876902255
29.605738858770742 0.8847991143313114
32.41262984073066 0.9018521309378154
32.76065870631199 0.9130691033948057
29.422798493162446 0.8849200549978614
30.64556068311166 0.9009759723960236
28.559236009978918 0.7792317243036266
29.339720426748322 0.8824014111965102
30.80284197587479 0.8181930976678639
30.790737394297768 0.9331620797057777
31.410155912334513 0.9496814253070534
29.767151931708273 0.8653297891703317
30.112651039380587 0.9132873618096863
30.52549794345356 0.9204953033226317
28.529436790147543 0.7509229706056836
31.36441619933942 0.9422137670617968
30.911613613208292 0.8266554852908822
29.633881496294386 0.8861520977301693
32.04288076555435 0.8987820273393773
29.295486409938576 0.7690431283008868
29.490997111680713 0.8405607131146146
31.96900071699853 0.8995291539116302
29.022310289567596 0.7736076636260825
32.51147775421511 0.9564599167338852
31.51510166847881 0.946989530940692
31.16496115232193 0.9414890364005057
30.496738616839888 0.8289074038503269
29.72222382805239 0.8602711333377422
30.94203933470323 0.8329367820716268
29.364545662789237 0.8736186806330691
32.060311847213036 0.914734420636389
30.692807163119685 0.902696842362613
29.81203230036276 0.9204501923552936
30.188573060435754 0.9301668650006486
31.97119811989743 0.9103032679450197
29.515353157695756 0.8997818018130935
29.550972043759216 0.8245140938797098
31.079844378182383 0.9304383903828386
29.73393326223 0.9165416564509125
30.805423177818604 0.9329924831394999
29.246697034833225 0.8132355352354799
31.180862856941815 0.9418865681555736
31.236581585288317 0.9422019973828585
29.19643045354842 0.8291198912471899
31.741144467443632 0.9147692145145541
32.232965418513764 0.9569064824385694
31.689803423414492 0.9181668630567129
29.18453568229936 0.8262125489222317
32.68642296049296 0.9586252119518288
29.45545636317621 0.9009388276016668
30.926867656338487 0.9168625375418895
30.720398232236935 0.9420629787220257
31.024382768833902 0.9327502614825912
29.3073439505587 0.8015454701459679
29.330585073391813 0.8811905462960666
32.42695281950152 0.8983070274839946
29.218975033046384 0.8329495947028115
30.31194621213194 0.9278432711729623
31.03873816602874 0.9430238653813163
29.183364408083055 0.8183397790801182
29.073332480736752 0.7871201411785985
29.069364897633747 0.8189840414078332
32.044941093007274 0.9144485285809096
30.068996951975553 0.9130102749650102
31.552880839420396 0.9498608001074486
29.55233910526701 0.8703547021490529
30.61766905245789 0.8999879745619243
31.629732382956455 0.9416399020592341
29.569487448680878 0.8369470729803351
31.717801685140117 0.9135151305365073
31.086785437690626 0.9479454353123443
31.52206757688058 0.9417411817473582
28.834637275000922 0.7958646186139898
32.03868859213302 0.9574684272146572
30.80762794119696 0.9286515374041027
30.520551844186276 0.8100599482863414
29.49856787369249 0.898727593961018
31.67744219383263 0.947098748432305
31.271270355303994 0.9112605565877208
30.485888265306194 0.9334741180608461
32.153507312413424 0.9527864104741456
30.666527181251322 0.9013748900595342
30.814500611767595 0.9350780135680816
30.14997726531255 0.9132092604715785
32.63040584842552 0.954799183149647
28.5466750733676 0.7528018685656165
29.055365133067916 0.8558912473295716
32.022786599428024 0.916656528875046
31.79974137080975 0.913590479944567
30.47983048115608 0.922075473052965
30.221775834168415 0.9164968458271697
29.298167822866258 0.8084183710327862
29.373048288616385 0.8165681678655323
30.98854030338806 0.9434289511550532
30.226781861131595 0.929524253160584
30.96465961663094 0.9394841084829056
31.203465492051198 0.9468243428613428
31.05412475830205 0.9420090698405555
28.602211015254642 0.781444418546015
31.97599534072985 0.9471274662651985
29.902623875777753 0.9199069205104994
30.67226001471783 0.9203790827477392
30.119530080653867 0.9143595950733687
29.313234917939273 0.8001154724103138
31.261999841451495 0.9104674458896073
32.214288036764664 0.9547364839017227
32.095537590203456 0.9148210739640905
30.16533078359689 0.917328194040943
31.63066222888862 0.9456712602579866
31.861262662396733 0.9013733467182448
31.67279629964129 0.9460480293817206
31.812120497969097 0.9423157357676771
31.338422204515165 0.9100828463078896
30.461880100195707 0.9380044364700496
29.39271180407999 0.8405133524245977
29.290235220418566 0.7817434204797573
29.18165265206577 0.7813657050700588
30.822394668787396 0.8131769157623592
29.720511265079843 0.8579439101820443
29.34375453657807 0.7604164224772862
29.545534600447503 0.9001626599919259
32.066075356897294 0.9179750734652091
29.431095476152883 0.8403727751972172
29.23572246403548 0.82284992295913
30.69188225749658 0.9023208664795282
29.407771728326363 0.8891316594789307
30.96419592001257 0.9387104647217286
29.901326190128785 0.9212434243558603
30.430325000227686 0.9097364927372356
31.218791136585015 0.9121642532403662
29.714987267327373 0.927917470659391
29.188082733077636 0.7907512780431808
32.31026852008783 0.9512576048677589
30.754704721818882 0.9424552344598621
30.689386948087222 0.9482410100553461
30.94299125380667 0.938194933371819
29.165292519668725 0.8152246325584274
30.18563764335574 0.9277537668023995
30.559800335076858 0.9270116553201299
31.44806210205801 0.9437804116601778
31.09735089734718 0.9311356808804265
30.916608086238845 0.8168887940862869
32.356268844726436 0.9550018483327488
31.17978243039105 0.9208722663305157
31.371083546165963 0.9432469451958743
31.80232631588757 0.9409332247225873
30.932595026673575 0.9294697593898865
28.46466903723879 0.7628870415990894
30.180043538751118 0.915703126994895
30.767616325465536 0.929787450094293
30.878143201529728 0.93914739267767
30.970748752398833 0.9413039956790631
29.356058136139414 0.879630794851964
31.230179504579738 0.9132149382344031
29.144071925689218 0.8096412618250113
29.12566002631231 0.8100678114373605
30.536585245225698 0.9162892516953463
29.3497350279222 0.8149692936951233
29.051567496387378 0.851884645701365
31.580879603453997 0.9397476975363911
29.381028053245814 0.8826705786345171
32.02938415473963 0.9421653615795811
31.01731553406262 0.9326831792589033
32.11528427345678 0.9015886485621698
30.46714028912703 0.9283701056595564
29.337326191701898 0.8309712932176757
32.20981029102075 0.9562310969094242
30.09687235964558 0.9167679163688573
28.518258205858025 0.781921726271129
31.51207112484643 0.9522824885402763
29.44761802391246 0.8371268960617605
32.64615279517685 0.907945408121234
30.880887647237177 0.9370510515996621
29.711911297195886 0.8948106411848155
30.93047827874104 0.8250548680004789
30.329278421831702 0.9369122473056976
29.336362910913465 0.8889390329448811
31.980076819795322 0.9485456091378595
28.611535487504277 0.7647858265048328
30.22956370755701 0.9288410886972366
32.867946707467034 0.9664769833135535
31.204877577921685 0.912133119674028
30.616835439418757 0.8986536381821336
30.29664181153177 0.9295362509395817
30.84655291513684 0.9092358945442659
30.2714603699934 0.929102366629706
29.63311916357217 0.8971086709481667
30.537998877124085 0.9140553435114781
29.743995582672163 0.9111758465727343
29.32346123728815 0.8805309324583008
30.75632526561535 0.810817985731684
29.328541671857916 0.7979546307032979
30.98994377682553 0.8596372218000133
31.13200019444577 0.9322741131391379
30.88652853471188 0.9378057328017843
31.03188845331564 0.9314634990466774
31.207363245564352 0.9119095480041866
30.874269617828944 0.9093147133808189
30.66447400554892 0.9005478547544868
30.854974478436716 0.9304436106336949
32.67313753249984 0.9086334069386708
29.732324064718824 0.8637451847278497
29.702344538848116 0.9248594461900598
29.085722077106 0.805736310009841
29.569022486587574 0.8382935488972392
30.848946881965436 0.930846421012351
29.284087049430532 0.8078145277205022
30.598699907663303 0.8502736757286649
29.419324091532047 0.8792592265026951
32.4184668087156 0.904193440947214
31.229573189298936 0.9408206131313129
30.92307750346443 0.8228498974817507
29.292957619326177 0.7817484363158019
30.959067300129973 0.9391848303614199
28.549723128767898 0.7781920244442574
30.76747481262086 0.9289306922396369
31.447184634176732 0.9455853403486281
31.622935438260626 0.9531556859759821
31.35466892200831 0.9071408389681138
31.906778488607877 0.8935002500527786
30.1458496597958 0.9196377644428686
30.91819170858902 0.824241504857447
30.89466698280912 0.9431559437467034
31.213971936421395 0.9131594223552844
29.23287851550544 0.7462612525343141
29.31385141877522 0.8131866714223066
32.871697286451386 0.9646616112441126
30.461140328282163 0.9295414780187848
31.115941286421737 0.9484611684392579
30.93303330988698 0.8600228895537907
28.570712541663692 0.7872336373470746
30.715883475059968 0.9330489565892764
32.73845717093756 0.9630819651023765
31.169730555458454 0.9419796843896228
30.99547686941672 0.9477804994815736
29.504195990839904 0.8407888445658976
29.601851544500466 0.897337467786359
30.544063227925005 0.8405353506350104
30.244733040061096 0.9160954636523303
30.812232518786065 0.9296096269066509
31.184034217280647 0.9465743260684326
30.894526665718757 0.9108666864392888
29.032439329116322 0.801144321662164
29.53327913322156 0.8343229084186726
31.75807260836909 0.9500386143625779
31.910084862567274 0.8976312149133763
28.669813978926207 0.7759719961664647
30.88307105072117 0.8347325060848197
30.495756068320393 0.9154350434206036
30.671620921999363 0.8492811920027962
29.402142725386632 0.8857618167707839
29.197735242803063 0.8126168198834252
31.610443014780873 0.9388625977795299
29.506080707843655 0.8357746952410212
29.14476280379905 0.7840361501068435
30.152285671848613 0.9147629917010801
29.16009297740608 0.7780049529714981
29.548922258009547 0.8984941847191268
29.64013800069399 0.8884959097523414
29.622971520315097 0.8364656206045902
29.38070432314346 0.87926656955883
30.65551217458937 0.9329340226727075
29.267535526931844 0.7846882720248483
30.17094478869442 0.9265456710916153
29.469863984091596 0.8943735948352366
31.195509832502086 0.9126929679535994
30.888539890721574 0.9151383567131678
29.176825929532107 0.802728432756451
31.20446836481228 0.9207880090201039
31.1038910021434 0.9283898959339371
29.261831615283832 0.8360061190583117
31.64255808813411 0.9448150828671639
29.505201541760254 0.8328859754269536
29.914863593598746 0.9231052875486381
29.23651944240472 0.7455497079977159
29.405168298046213 0.8945370343381107
31.69198977073002 0.9448829217394978
30.586187905482085 0.9001367484105951
31.579700636033067 0.9426721516431918
30.995919335378048 0.9395630776864865
30.4687563089311 0.928651731282402
30.94572921817082 0.8383833214252828
29.087840706918037 0.788693561277485
29.298198651183 0.8800574533225458
29.011985110584195 0.8565136994464659
30.571585841838672 0.936039872744979
29.13513342875589 0.8122869381007509
29.31301200168081 0.8109383745366019
31.180644098577165 0.9199041546472266
30.603885770618717 0.9373991349458001
30.478137766215482 0.9140544025183827
29.868998564780128 0.9204304113895269
30.441204004142598 0.9259669991695354
30.42377612871091 0.9080972592926075
29.146343526427174 0.7776016589066577
28.57465351292881 0.7579790647698155
31.285422220632245 0.9433531425217316
31.954188217012288 0.9490830902062206
30.35701725986439 0.9412733113591865
28.770270813645453 0.7577920034860496
29.128144253634023 0.7964688986047418
30.28173442824874 0.9212465938204002
30.581090149084915 0.9277819447010658
29.052422663884975 0.7893425047221122
31.038468153934232 0.9349293194309958
29.54258222653828 0.827778295939212
28.538421219168697 0.7615977295089772
31.126545267709098 0.9378395697564765
30.472255546417706 0.9135222091919968
30.490329591757572 0.9260782669247092
31.751531799204727 0.9146560817008427
29.39992480091923 0.882899573222548
30.874208650479417 0.8083002386289857
29.57884618989918 0.9173747213383409
29.549049141215654 0.9002074656169107
29.174633489209345 0.7882478000970258
31.302312018552847 0.9124292042925628
30.853885268598674 0.8589072535461301
30.58400428617326 0.9394642531269123
30.06234223335148 0.9095465067614686
29.631231568349605 0.895275581096035
30.93862652808437 0.9380745619675248
30.949927542408226 0.9299679701642238
30.158985676573632 0.9181720696849243
30.69976972017522 0.8330976889881727
29.44143449294586 0.8975184507750813
29.399392346258978 0.815964113522663
29.64262933416525 0.891609185578434
30.497240439972003 0.9273253253545369
31.398696653335048 0.9054357343892014
30.5671042215316 0.9349568809075023
29.8066940313957 0.9196950145654783
31.992713668374236 0.8972941454268557
29.452229660377274 0.8972215513151048
29.69653598527009 0.9264201907102635
30.521639071930306 0.8103883524650319
31.25682830634264 0.9367681069627273
31.86367300549428 0.9053845904572169
32.43281561950829 0.9027601665702553
29.34628002646887 0.8882016524129365
30.68208767651926 0.9010790098188549
29.56025818171266 0.9059394345033307
29.51591043333604 0.9049542288215962
30.233699149001872 0.916831804963069
29.22575041334989 0.8526630940110332
31.133517523920883 0.9173601733839009
30.72032512963738 0.9333932796703107
32.20330838772638 0.9551461985649609
31.118691359583863 0.9178608920930286
28.842875682573556 0.7925968203319965
30.984591555711628 0.9431807134886835
29.343749816352307 0.7768179128982162
30.556891902944837 0.9278057276191675
30.47028556302983 0.91310554542093
30.45980983753391 0.7964107423178589
30.117093719845922 0.9158784209045633
29.32396942687838 0.8304278323466864
29.227352623794616 0.793527816479862
30.957406011080728 0.9389429232732531
31.02098828299152 0.939752810219669
29.257960414008984 0.8339307839507447
30.31045023443835 0.924734222235988
28.627518099210462 0.7670451837637027
29.4309049547119 0.875142569769368
30.31570151959073 0.9309289120886197
31.602214683744627 0.9538250869121192
29.33992000592825 0.8109288188906837
30.490663968552575 0.9161174051876568
29.708191877333412 0.9017140284695135
30.761874084103916 0.9040919620683756
29.304305850593654 0.8798440401217906
29.200753750513698 0.8173524445169544
30.946933748526376 0.9391476928390774
30.973580119988586 0.9299089410658071
30.54782424345632 0.9409804226156295
32.1123947985106 0.9223513066186305
30.982342482373983 0.9264986601997298
30.4832831827294 0.9245796722301737
28.578646190041887 0.7659130503530773
31.028139415815076 0.9291041840321497
31.594146780554905 0.9447652196488552
29.31169798445032 0.8826978602348421
29.273387754662256 0.8195869057657005
31.80050090243558 0.9001996214437393
29.248484498027175 0.7982099872609788
30.19854347229879 0.930156747905662
31.55842655502618 0.9404877459032663
30.150686119361012 0.9190414917574079
30.751017435883217 0.9249600655087735
30.852999985578368 0.8193190631112415
31.212038669313657 0.953174280167937
30.805976246664557 0.8126542848225222
31.13371225251884 0.9392180987810832
31.935157648726687 0.9444395228127888
29.11240367108233 0.7672017815285933
29.219867298194643 0.7957229563964043
31.002481793842207 0.9298944902871473
31.124214658611827 0.9328752906305194
29.113688468277694 0.798836007771364
30.188228126884276 0.9169552631314701
29.242505227991103 0.7488178148669298
32.01354720584835 0.9183783794481267
29.520861283599203 0.893362224034327
28.62645530572841 0.762531942067383
30.72824213166995 0.8416976665078406
30.419192369649434 0.9206058044025195
30.92568661516708 0.9395976415429224
30.844013570989674 0.8209437308973522
29.386228560563666 0.8848439333791462
31.855534868249215 0.9017767958533183
29.7064573333685 0.900366623789994
31.288541474789223 0.9125604299739197
29.63264168891324 0.8926989050054244
31.65459816127572 0.9444627207849443
29.0765339793365 0.8027309276332367
29.481875866098544 0.8735895495690024
31.56736832991365 0.9533123014619557
31.13393122570539 0.9177129016286631
30.641538960205963 0.8575977950302772
29.362917452830683 0.8792774196542383
30.197871813791487 0.9163197466425089
30.205200850511773 0.9162537002145608
31.612824394295398 0.9548342134482052
30.824079700886177 0.9329050536764445
32.664473858434015 0.9137664701744223
30.652411861915777 0.9274387691770988
31.867197521630505 0.9432872618717907
30.246352740161335 0.9288313956069598
32.46766651392256 0.8987829388828107
29.021062581014114 0.846650038946811
30.870074805181726 0.9157524051613137
30.151185887807223 0.9151280596110685
30.857474491221737 0.9148432277829991
29.87056969174176 0.9181096137315893
28.543102946346313 0.770193190240733
29.3034866087769 0.7993140385283237
31.042503626916343 0.9253529094089477
29.051020129285465 0.798989758804557
30.351926800638587 0.9274795923570212
30.144497896023402 0.9148767738842207
32.615638938258556 0.9618553573997818
29.08730334379446 0.7919436635737149
29.81243063737894 0.908387436739559
30.912057099049775 0.828880437218727
30.597836408903362 0.9319062758477629
30.502079679552338 0.9107208022352261
30.267364502360227 0.9170270770884419
28.58753798021437 0.7575504509256786
29.105715297386023 0.8152104400770347
30.539964013147397 0.9319493133947491
29.52376231844972 0.8927432900620976
31.74545016459792 0.913040785417793
29.495641966204154 0.8942163340602584
31.00265579617445 0.939520950637781
32.058232928457905 0.9179776275367728
30.822794632196718 0.9322271313326098
29.62951941908115 0.8228673520427852
30.245607649566413 0.9171179463253698
29.612926277463984 0.9022245288326836
29.57426782985892 0.8994070415539551
31.854047053335293 0.9449788628342767
29.17815155766847 0.791952520577225
31.112013480890642 0.9468432802840386
31.273921828918407 0.8949633864692391
31.041366640001286 0.9322062151110806
31.4238840796243 0.9073887110509041
29.26739620032263 0.8068540067901598
32.23070273863337 0.9560058130187805
29.530542427617895 0.8969882579460677
29.87682530781916 0.9120513962752451
30.657036847107186 0.9339821283672469
29.55252215225142 0.8987945538001992
31.59974261921525 0.9539763631401513
31.30160041955801 0.9094833088678939
29.596583206910296 0.8958845282279234
29.65562313950938 0.9029569494979608
30.598053401634697 0.8999151662119272
32.19425160023657 0.9519552580908707
31.566282476084815 0.9425775220532095
28.58644543390962 0.762797387339249
29.07635608596371 0.8079898605787966
30.19261545693386 0.9242415621980298
31.275843959550027 0.9120015431653232
32.174692329438955 0.9544393057833161
28.81260962325988 0.8087354591888769
29.117774737098834 0.8134806516792397
32.53390483842091 0.9060020992987761
31.602832760985766 0.9534350256463605
30.44559157191678 0.8095656172642941
30.419270733489544 0.9092555744647827
30.321029152470036 0.8022263964985517
28.543712073661013 0.7695126971517161
31.720966894697696 0.9130043723103036
29.287221361357247 0.810896717738332
31.1689725142292 0.9518573844505602
30.82736617290847 0.9327810541250456
29.349098100112656 0.8929497474342629
31.020112439412127 0.939521593329947
29.367245390066152 0.8791316739320375
30.523148419871745 0.9277933677193666
30.94970316855973 0.9390536142852876
30.633637785590544 0.9282080836223033
31.72637961981799 0.9135864480253211
32.41339386871571 0.904715996904647
29.777033118163185 0.903310208014227
32.435158032749975 0.9020131776623266
29.865385765719267 0.9238443918411837
30.21880542523133 0.914756798810592
31.05745476332835 0.9289084955452395
31.73178502934161 0.9129841282339146
30.528116079181356 0.9349681860873321
31.652708794173982 0.9445884752372241
31.061546061932383 0.9410094529346005
30.439346460937152 0.933481709930597
31.857441160565298 0.90219154020656
30.359924139516473 0.9312582515059288
30.19053080205023 0.92918712621417
29.117584213508728 0.7859413117284785
31.107601173494217 0.9309584235758028
29.148554761365112 0.8108219656713205
31.642230813209473 0.9445045640566025
28.54969560825459 0.7530157190578298
29.067543159040923 0.781629782208028
31.726328965710003 0.9463058636433412
29.72937239067428 0.9069625726489503
32.11291774138288 0.9217530487993486
28.93302201668137 0.8523168668551969
29.9133118826016 0.9195415919007293
31.877294571519414 0.9445423226458212
30.21757183679455 0.9166001787433936
30.188351969554972 0.9287805458277375
30.711147055791464 0.9321874449822686
31.242928502073887 0.9118626095806783
31.19859727378714 0.9204463101017207
31.279513862120545 0.9393053223396902
31.322472469132375 0.8936760819642352
29.40012640100633 0.882703504401401
31.715762047391213 0.9138390783935382
30.709148439474095 0.8079293614592564
30.12473934970825 0.9142712375115665
30.62222827475442 0.9330094270399947
29.151540893664606 0.7644309773319891
29.73030143562138 0.8623190670946168
30.427735091721647 0.9321810100845287
29.632755099526648 0.9044610574478963
29.36950176358636 0.8127739587530204
29.074804177742735 0.7907090993692476
29.882983916526644 0.9177406735564346
29.673032672800026 0.8825544316476218
30.874364696372886 0.9154774029894845
29.548493139159824 0.8361263209446238
30.668455044669894 0.9010505877749749
30.825965386588155 0.9344529106559067
29.54713737847408 0.8779114673752014
28.48438855385709 0.7866875948259043
30.261060367561946 0.9278680140654564
32.69770061452859 0.9051947323708002
30.466901373701237 0.802877371341369
30.971592997393426 0.939827999081687
29.572239261268866 0.9045232441803004
30.7616406371912 0.9275603434670399
31.095391689241154 0.9371146586669082
30.72088068840534 0.9276129923390188
31.361509699485968 0.8986671927111319
30.67495431285201 0.9006310228089147
30.521049246195805 0.9392235802202912
31.397641857291255 0.9447080439140836
32.122707028996636 0.9489339644554523
28.920718330444018 0.8388643529637512
29.84976663658415 0.9215480463635367
30.315326267750308 0.9328534175513138
31.680453293766895 0.919969550376325
29.586175870131513 0.8844889559512167
29.563073259109856 0.8963685491689453
30.82197351289611 0.9309292655301685
28.496548686387033 0.7500090436116298
30.531706680813464 0.9253343263085784
30.910244159057903 0.9286660332330113
29.058921009357523 0.7710789580903884
29.099007226423055 0.7606471184126268
29.667136645355786 0.8405478701635466
32.58316713489205 0.9583850808549376
30.436743154756414 0.9433108626666057
30.9644155596077 0.9399197066182732
30.663451235612456 0.9333300707427848
30.67396703016388 0.9326869464729598
30.98841291284739 0.9394832620356743
31.95447166956594 0.9515393063459392
30.815977468648484 0.9293730984955569
29.358864185516044 0.7630585585340506
30.529924654818487 0.9139553169911578
29.076776685939766 0.7560157092156411
30.564945931297206 0.8171258887264604
32.03788624465824 0.9599950911733722
30.52654748749811 0.8013853848857977
29.33299875998466 0.7646522529080154
31.04819079430825 0.939191869499524
31.752187278007643 0.9185198459801329
31.634431597927062 0.9444124404705199
28.789125341900462 0.7786542815458019
29.058988733233477 0.807385984690362
29.684449328325062 0.8925855070626016
30.495686404689923 0.9279868428745913
31.126559499933645 0.9323044983606382
30.575919884223907 0.9336098501536698
32.69175342999057 0.912103593485185
30.872184322245012 0.9100002048914194
32.26000668371418 0.9558426585879386
30.672797663737903 0.9014599826590605
30.814547765922484 0.9470701949395017
30.861660358740544 0.8670253977656748
30.589202299409394 0.9281412550903078
31.386641624931126 0.9075038270847067
31.27964802026263 0.9510393231184144
29.48630512509661 0.8720586517270439
28.870778941253768 0.7865177246513785
30.630039386862485 0.9009946987393318
31.56126216095418 0.9420574020960646
29.10597840901277 0.7839418553812957
31.157164801513048 0.9119542843954855
30.392915407029445 0.9223814623865202
29.18289460405852 0.769838319287518
28.557642596328705 0.7633499965553924
30.495776499915106 0.9366477415224113
31.994670372396197 0.8854811574322877
29.04422236020949 0.7802083861936595
30.49064552798505 0.8177558586494791
29.20482936028884 0.7912487855819996
29.180941513863235 0.8311793966848419
29.474124377238105 0.8363150943843879
29.041679636048645 0.77897538998299
30.841139591485714 0.9089151756496199
29.352465101375557 0.8818253021770716
30.70658918494855 0.9431210879415534
29.04321006030111 0.8087288273822153
30.614944518344135 0.934734900533179
30.430607986292397 0.9377718988217522
31.593542933420267 0.9512628448498646
32.50492802649837 0.9637623145584459
29.72942150002542 0.9109680218423661
31.139704351716485 0.9441089567164045
29.010468446196697 0.7452478707555232
29.787686713068364 0.887417276389337
30.153418039934987 0.9152105603593159
29.263819949399693 0.8063450123557935
28.62860869737753 0.7624330817599179
29.09008058430523 0.7782341116088618
32.5503630221787 0.900931205530474
30.857191439038772 0.9373284645487485
32.41262945798479 0.8960862663406279
29.6130964275175 0.8956443062189176
30.514932610202344 0.9303278359170175
31.58461326801236 0.9443174216793505
30.713198869958052 0.9021348784032306
29.59044324752483 0.8876545502077232
32.157883317906524 0.9489496054367076
30.52932129912893 0.8108923016809713
31.717791900418398 0.946280852763806
30.68416565110144 0.816794594632666
29.202965269332726 0.8200602740397631
30.900821917423308 0.809371132983012
31.025269763183736 0.8710341703653308
29.294376861064375 0.8015968083671572
29.31518559517548 0.8804730289947433
30.76248471703658 0.9308865829480939
30.42849537175622 0.9082797309530499
30.606034720060414 0.8027607228453377
30.525420861293956 0.928909421610298
29.821723681269525 0.9182671158328563
30.40459543136678 0.9088606567572763
30.900085609579623 0.9156760883072534
29.331774143948262 0.812521305093041
30.409668155818295 0.9354298127254339
29.954257690107134 0.9334069287531125
29.217659629530154 0.8244687783419934
30.263372361291733 0.9258098733794123
32.09380094043327 0.9498803553456705
29.324383126586547 0.8726464505950444
29.52441692259477 0.833155398317886
28.851113397295947 0.7936712301857571
30.409305932052785 0.9075540465904304
29.032639335445797 0.852706515898046
30.124424533665895 0.9207742010155096
29.65134375580911 0.9237349602401036
31.970662234083992 0.9540395113706728
28.54027073948748 0.7847956715714794
28.61116351482702 0.7538589610482892
31.00325005701626 0.9406638646737167
29.57472857495246 0.8868083108793666
30.650361010551684 0.9327576407217216
30.585399514889232 0.9285471024132589
30.274932579236904 0.9146675212759159
32.83710545387277 0.9659615245946518
32.150728872224136 0.9504129500836959
30.746422766909163 0.9327305233747805
30.442372697297508 0.9083976284078783
29.10907080749017 0.7877388537245049
31.74135138707518 0.8932099311143502
30.0309646100677 0.9416978505364626
30.735366605774676 0.9324453590704734
30.492706438605843 0.914549554942967
30.35989073798929 0.8103868835723201
31.821988265292088 0.9431985566715263
29.892987232928142 0.9200526956309294
30.60209936508287 0.9378119873117049
30.397065776111862 0.9085769998359127
31.659106201852584 0.946051500025325
32.06998915462025 0.9514040563198267
29.23580147384841 0.8437968307426323
29.85763952494672 0.9165193031989909
30.56480761914052 0.9312089153479675
30.9934761162193 0.9354489977681929
30.54424419406642 0.8100300870610742
30.115017708504574 0.934987339574436
28.80646898995346 0.8094874230675301
30.749484208501627 0.9379351349137126
30.55168601514852 0.9269192769808827
28.829138746394598 0.7876342149670857
29.333505994894125 0.835204244233143
29.470247497192062 0.8396456122055062
31.36102747479915 0.9108302779911328
32.16953892176056 0.9525716582170939
32.159138490142 0.9546036892426194
30.532105075161816 0.9265905337254
32.004319065252346 0.9489728825307798
31.66109235629047 0.942987296173852
32.113711563260274 0.9218644615963731
30.832607254753505 0.9094624333073602
31.093627151603794 0.9328267140322146
31.276534555579563 0.9356176619403009
30.615984777351652 0.9378191510298262
29.057509834571334 0.7854965636770167
29.319299666106797 0.7616080720467273
31.454174047122876 0.9085783698093558
30.936361076942738 0.8344076585833399
29.108708238843633 0.7938184686356575
29.189218838750385 0.7939381990405233
32.04831743130173 0.9589579434887586
29.676120761766374 0.8400334100495469
30.22553420827082 0.9168245724773808
28.651694370505815 0.7622986593899798
30.69292951988528 0.9253753461120992
30.79108623464564 0.9369712105586971
31.966968841011465 0.9486312257211318
29.39404235365687 0.8884971054947077
29.306977551419152 0.8379843014151623
28.57525252855443 0.7771522576229678
32.79409295229 0.9148148073196306
30.74863612830615 0.9395719209183616
29.208086308878556 0.8118425801375553
29.547161913368548 0.8754331911038061
31.867642802827092 0.9447963915770043
29.706272197503942 0.9146588556571927
30.433531314571425 0.9093455659704962
30.979176584862532 0.8600215635116621
29.028384597049424 0.7788285366526836
31.39075698171392 0.9053104648442455
29.423603054755638 0.877164728422591
32.08391435276684 0.9567667068745359
30.20611243874336 0.9299330713871307
32.73810320387571 0.9556741528474461
31.207402104473985 0.9115802666846727
32.12864219169682 0.9511111538289084
29.308251937332052 0.834380723887164
29.59363873488983 0.902062133491297
29.075533468261547 0.7731515627803286
30.423765717695424 0.9256389558243145
28.77858533507529 0.7724307862307781
29.70130111135232 0.8605503976890749
29.593726732017057 0.8384302968308353
29.791334843666544 0.9421173187840214
30.60035404009608 0.8136028712482886
29.634753589784953 0.8406700822044784
32.77420377597675 0.9149768261829018
30.241670042661642 0.9178545667887874
29.659117293444048 0.9079495424085658
32.13675371790006 0.9219317528086157
30.47938559834015 0.9166010576037267
30.536051525001557 0.915438488491023
30.733055478708394 0.9272996205934829
30.641774949865695 0.932733240838187
30.90376974983339 0.9380810406527901
31.382535598824074 0.9462900917315167
30.284136468056655 0.9227696746614396
30.401244683386448 0.9084195113323721
31.706874806894238 0.9505733278616528
31.6224848776136 0.9548683490866666
30.540630282708065 0.9386776827648948
30.962449892506605 0.928486071157766
28.67303984282499 0.7802621873407031
30.41837302010801 0.9090182015578882
29.329007365382758 0.8109788382259061
29.581845466878836 0.8309056682807542
28.54379059590139 0.7606186754460444
29.016102642056136 0.773683785121482
29.707459297518135 0.8422454680862689
29.364253890624504 0.8787164442096034
32.0258173170288 0.9016884068215862
29.42562473117652 0.8847477495462054
29.12932157418034 0.7843219637120964
30.364170611007694 0.9342486008878511
30.61501637449163 0.9003634830278525
30.628650304119766 0.8980901013093646
32.055197490819566 0.8985683430298533
29.57004634410476 0.8810827890184473
31.14056724200946 0.9166984448958538
31.623859999773174 0.953736907008381
29.359936323078728 0.8917496022993043
29.38432976417372 0.8820429698684109
28.738269451329504 0.7931683571744519
31.701702733526158 0.9195706858800057
30.419414887950104 0.9208892031292353
30.199579666740803 0.9160202543908028
29.600712590409138 0.8879583023047204
32.743542545668504 0.9604080873264375
28.563958386005247 0.7565330529617416
29.74128756041148 0.9055883593919786
29.06635483332196 0.8091018076962587
29.903513843337425 0.9316705311216825
30.56858589926761 0.9279388435275274
29.61851699452697 0.8967830034774518
29.265728523950386 0.7573204493891397
30.72591688208844 0.8163992829164645
30.431706399087595 0.9086459582913291
29.754897515811965 0.86420292627429
29.319235268695248 0.8755949582038509
30.613122198597182 0.8098024700737289
29.77461403697034 0.8655813738602091
30.69436895183284 0.9462309338522007
30.599265836959894 0.8283439707920154
30.821651370803647 0.9316753417425454
29.832767165259835 0.8682944400295569
31.459239495059137 0.9459336711199386
29.842960343766713 0.9242110401450901
29.03629749036154 0.7964823319535179
30.434729984566353 0.9245694760513833
29.26289711128566 0.8348597723408697
31.769512745994586 0.9487752657269168
29.325553014222677 0.8710075887573281
31.61078094984722 0.9436396152994748
30.54948702130368 0.9340926534196357
29.624001531247046 0.8858514618148614
31.152671183435846 0.9187538714053942
31.9069661981618 0.8984449905522565
29.08388421783474 0.802281763298376
30.09024589982573 0.9103821123359616
32.36443912866677 0.9030561335226186
31.05621638992639 0.9302194001859306
30.63066273999592 0.8108311087042678
29.73368808545352 0.8406703108880758
30.446290002936255 0.9296589949059992
30.118033935389953 0.9176276945579028
28.634643880526376 0.7525743888636183
29.35494265990674 0.8890710074109438
29.528310371649948 0.8853894431641154
29.34647197237435 0.8140718081412812
29.41904283218299 0.8809083887256192
31.88782994869518 0.9476020267530869
31.723095841831626 0.919620683593569
30.822376887593204 0.9456074828977267
31.204365198187908 0.9114496581005014
29.287877610150343 0.7928332602599651
28.990228243983687 0.8510905230861125
31.71621652160445 0.9546061521476041
29.477313071192683 0.8421058764230528
30.640633561154978 0.9368501659978776
30.852964706298607 0.9104309751229792
31.176909901383652 0.9207563046542387
30.585585478732842 0.9338215462528611
31.808372614290757 0.8917373837819801
29.10203983651288 0.7663888291819343
30.822280021172084 0.9328904484579088
31.083454294921857 0.9412807911232267
30.79425289962513 0.9308347290778226
31.087111499718574 0.9330072113014911
31.149652264335725 0.9124144827794196
29.302474509456275 0.8089369696046198
30.609954942822544 0.8988633324749813
29.53768869784609 0.8338005472489142
31.325099976740454 0.9108371983998531
31.622142202015304 0.9437502461013303
30.061892680815525 0.905771217080502
29.138988848994643 0.7555747176664177
29.528931771780655 0.8682835216798704
30.14983814525869 0.9147457645303331
29.678426646078783 0.8955239800669123
29.08403094051468 0.7745058277540415
32.03504498482814 0.9010615562250563
29.766865535771817 0.916802293670319
29.096107991631843 0.8161171609865144
30.53496689354518 0.9152343348280981
28.58540723034045 0.7677068415924728
30.443045075410993 0.9322553275818958
31.755821489925236 0.9139874442840809
29.05298539380963 0.8629095478527921
30.898076732150823 0.9399074192472577
29.586889470982392 0.8927960629736148
29.289036025954445 0.8077275731728425
30.223402714961413 0.9171022434564606
29.011907095781673 0.7762688339386626
28.58299417180879 0.7809362319027305
30.12949623264641 0.9167445252376585
30.752721744004102 0.9295127299370403
30.760448212351996 0.9274290670044247
31.865257924601043 0.9411708271293201
31.644988900208183 0.9438053256032083
30.39508413911232 0.9313395595178839
28.49374744376272 0.7696417523766842
29.480960857918795 0.8971752794951356
29.483236944140643 0.8344478920826928
29.323197580986204 0.8132599105889551
31.287969793370117 0.9137814946233215
32.349587113089335 0.9549983804096726
31.15748673034751 0.9412184066370094
28.74049561524222 0.784728307287465
29.06867120006848 0.7921555521804583
32.88343641974211 0.9658983961218643
31.29399144018654 0.9437606854864387
29.769088305505168 0.9210848640405007
32.09380805351813 0.9082765969498129
32.63298778860244 0.9122215081152378
29.42210404407346 0.8790506678437902
29.277416286842083 0.8086232680059653
29.670444453251427 0.896867407057379
29.027502374897423 0.7764726375993637
29.862234635866606 0.8024790224833349
29.3553746552349 0.8375159203230099
30.77063688964172 0.9436364384159552
31.67526961562436 0.9477190891082136
29.54694565491911 0.8337939019260467
31.840071354816008 0.9019936789304007
28.75586112276768 0.7978607918211212
30.22179570996635 0.9235925867826428
29.44060017123824 0.8892621525644498
30.819311383510758 0.9306814864244969
29.28124532139025 0.7742803324418126
29.791744264888543 0.9283356059340159
32.50679881656065 0.9052935303780881
29.118186102987465 0.7904066470295663
30.728412238426124 0.9033148096045539
30.265652435011443 0.9174400961495313
29.490007536759933 0.9035440445435667
30.10088510104452 0.9106459330569492
30.906090226501032 0.9098074204766937
31.038817108686505 0.940939028268425
29.342989738125006 0.8803289643579858
30.390093036675992 0.9255282742135602
28.758803528656372 0.7608749628990463
29.921823504723115 0.9394246157012422
30.486553658945947 0.7978544725080678
30.69727168106477 0.9351698090548282
32.18332968748846 0.9560001677411438
31.194894747322305 0.940268165034073
30.168920965476552 0.91501360823097
32.37568632881408 0.895748285812076
29.536769356728655 0.8702662835170717
30.879881471807963 0.9325022582298972
29.90220515587228 0.9239298186025527
31.292494191417415 0.9112210906543025
30.87958646803601 0.9099164186868036
32.02773260005654 0.9182223956733264
31.49433454991034 0.944862006394585
29.429183513026615 0.892895954980866
29.417439579128217 0.8955742630000422
28.566051011606667 0.7713165647892837
29.69227421906284 0.9167169681733103
29.890947504003684 0.9223624381461422
31.01464470380482 0.9387581892655807
31.26113068935645 0.9446712197401004
29.565429559199437 0.8437472286958589
28.98257528888425 0.7949399826030126
29.663746397244132 0.9003955648469191
31.566382639222397 0.9410633365993982
28.591955220223117 0.7502116500639445
30.906197638412316 0.9404629890101772
29.219183817303687 0.8289026693633942
30.952367433898786 0.9442108844496352
29.126863076308346 0.7812643894258361
31.730336713931507 0.9129902829098611
29.44611340907428 0.8362536983713894
29.09552341955864 0.8012832412411088
31.573249318901148 0.9538393518554307
28.53977192368289 0.7619561438017894
29.360284474153744 0.8770480411149628
31.12992160400115 0.9394291750722593
32.56785714166178 0.9023288023115669
30.976562647184824 0.9393700765699042
30.93975928797313 0.828303330689345
30.97049941019078 0.9392059013570637
29.554084110359376 0.8397612104742973
29.777350645693126 0.9172217659967155
31.054081368312158 0.9294285179314594
30.902497111254682 0.8190463438188569
31.692291958958858 0.9553707659245783
30.58199753090966 0.9285561332718432
32.33827627781606 0.962054130671889
31.91853842397117 0.9453535049316155
30.438666394901887 0.9256470092156741
31.52935853467829 0.9075186269288711
29.14392514402656 0.7643749850357667
32.491753667215384 0.9051558915873587
30.49171324287935 0.9219453301461557
29.14691910068023 0.7954183276419736
29.33031157297595 0.8131263362532938
29.1498580638579 0.7843380076064919
30.820240224272126 0.9280834153845641
31.79261224083563 0.9504015833443243
29.347143660902155 0.8746534025975049
29.247851719528718 0.8172622324924864
31.464939771615782 0.9460831371303355
31.799578844971602 0.9525476348203178
30.2619506345175 0.9298838216285741
29.24539905051633 0.8303896558869105
30.67354002105963 0.8180917128524307
32.27345801531566 0.9591758919606421
29.375165993644835 0.8717669011830743
29.45399163641824 0.840861421695792
32.07164978345256 0.9142764951272897
29.484209181094055 0.8728441521802545
31.18376280654697 0.9399324599502564
30.995887571338343 0.9501927481910604
29.006816249646157 0.7779642965396095
30.26568815456357 0.9159833377413745
30.844529430170347 0.9073464231259321
29.46916682730209 0.8357360559428108
32.12641564463765 0.9538862178315203
30.894743079742565 0.9382782345967889
31.678450510097463 0.9175214480423457
30.94633731268805 0.9387236064702925
29.340984457354885 0.8863656064329323
32.177804499071826 0.9519716015584493
30.093525441683802 0.907849319962782
29.257908766996266 0.8207613596224052
29.704452046693696 0.9041289034908816
30.104641488143884 0.9129119273068977
32.006385226469234 0.9488164089359269
30.715807858840126 0.8288553349381149
31.45094615297642 0.947665054646823
29.666987145396952 0.9222682594487247
30.14368245437457 0.9195751800892846
31.26499181777289 0.9531566118567595
29.42468129330363 0.8949338853068929
30.69326981861575 0.8282416669495898
30.900756793055177 0.8396193827493394
30.85982148496246 0.9103296369867264
28.631992399040932 0.7651353074514227
30.690659397338912 0.9257844935744973
30.451532306241056 0.9226898227074669
30.783289597133752 0.8259988784425459
31.05109689768468 0.9280521907674192
30.60030991163414 0.8509066723820295
30.603291229795303 0.9270866474577266
29.4805777615912 0.8284822385858172
31.79645215472792 0.8985530168076465
30.68545817213512 0.9023427461787112
31.85208573433544 0.9452467637743633
32.14734725520312 0.9218478209692006
29.62688605602537 0.907225881170015
30.473038353732463 0.8093579384928049
30.460433645078083 0.9097772863524672
31.190343164987464 0.9438786473456753
30.21719988927137 0.9220128213901226
28.988956831519822 0.7709259476014578
32.222038144222594 0.9572681942431993
29.40244183870478 0.8827828137294543
29.041932203445278 0.8469971911101812
32.20955825357922 0.9531585345818988
30.930085686173253 0.8174914706326701
31.055006928803046 0.9469375967556743
30.645102062903963 0.9399593731187043
29.291241113406006 0.809998966730342
29.589382003868128 0.892103955779789
31.67285182078418 0.9188958299022261
28.626254910496428 0.7683793181844468
30.732229575769757 0.9462837087503712
31.406317214740103 0.9042583620537881
30.192504577582433 0.9140461827630887
28.56858813341628 0.7580025884251708
30.534808916694924 0.9380551085827711
31.609968613591555 0.9388419389789441
30.90891899494691 0.8234429083766944
31.161184172374604 0.9390315847509633
29.38427678286672 0.8836631118000917
30.155052965047382 0.9190015168345789
28.530666019648105 0.7879299035807861
31.335767510592444 0.9431564147535157
29.12131680725726 0.8165578538905776
30.78814462876803 0.9452075310008642
32.08220149778321 0.9168589074845519
31.62561743260881 0.9436042177124848
30.21050658709678 0.9282526659730068
30.551765559767567 0.9352339152894539
30.68559420875598 0.9414668303083497
30.581747944345476 0.9244118418708945
31.20412583787521 0.9484946943999878
32.16091375038724 0.9538854433247224
30.84151889369184 0.9331838868235105
30.785903939763323 0.9296750277564472
29.232060859132964 0.7515278033042564
29.661196204546066 0.9007270280309475
30.526639960668767 0.9143303036616222
30.666058661476235 0.9380134261527788
31.142796359607697 0.9182358239098772
29.206289599542103 0.8309340528260651
30.553963712037845 0.9288826312724845
31.88752842793165 0.9456482161493984
32.79860176442198 0.9625020877738717
31.998936470413362 0.8882364342809275
30.381769753705502 0.9318403230642563
30.169704394271353 0.9149155299936926
29.363957775199605 0.8818320811543181
30.580225626237283 0.9153120209742232
30.222686285279956 0.928471645923692
31.651199562286394 0.9461659223018425
30.125839237995606 0.9127260580079252
29.655155355069102 0.9173736901654606
30.276875111941198 0.9283318370327764
31.297683230318686 0.91183901224783
30.614134447838914 0.9000226648418155
30.679868926932446 0.9005277569714045
29.36144909733096 0.8152699218218645
28.49357403669615 0.8073526314026441
30.81333913874108 0.8086037348468262
31.31821452364133 0.9101032298311518
30.179338802924953 0.9151856584956576
32.81121313659339 0.9575836746637335
31.933069224230625 0.9464835221833972
30.4874975186886 0.9340973357675958
31.127331240978187 0.9351977127438654
30.72788895418704 0.8342380133306677
29.310956799195313 0.8107680954994428
31.112152209070434 0.9472854488409819
31.182084532443078 0.9126850741641214
31.972001035166542 0.945588431048153
29.20693775631598 0.8256628387101581
31.008111773021156 0.9328699744071408
30.156562603113635 0.9153044879088563
30.12497824545157 0.9164981959522351
31.021943495508758 0.9316437922307101
31.948278847334937 0.8916362168685795
29.6530227667621 0.9276917480166436
31.198842696863252 0.9386559983076557
32.07827916466216 0.9209278276280096
30.389484295020207 0.8167226538397455
29.691246707381357 0.8437648694495793
31.998943777779218 0.9480652971983005
31.16449825405793 0.9510363460903893
30.563922075527174 0.9285659604517378
30.18314284944512 0.9159354828391458
31.04342309278048 0.9325321773435284
31.166991365803007 0.9101094275369419
30.58465372910168 0.8159287436245266
31.885471929590643 0.9452473141417221
29.353193726267584 0.8348478247057338
29.121291873209977 0.7909151361712579
30.582496747072945 0.9362246531546988
31.707648204594253 0.9471853087291061
30.05813634799425 0.8425237685329368
30.96466400429843 0.9295489903502228
31.86198414133502 0.9453467745698193
32.848450461772416 0.9667138887951051
30.168651102302352 0.9170985278541631
29.284579849464443 0.806915653821961
29.34229415469014 0.8889337447205616
31.880697421598256 0.9575871038907452
32.61583706737082 0.9640782376259729
32.68384002879273 0.9148405089189189
29.26576783894528 0.8354821948216883
31.2128324300436 0.9403738694732424
28.870441316942514 0.7995022754236126
29.629915882227188 0.8999813090437536
32.098879802214704 0.9463954530788291
31.098207674941886 0.932696983092805
30.482442573009493 0.9195711454207351
30.571243172621468 0.9272098788608453
30.847572485437777 0.9153165121165241
29.86464577054335 0.9089911545977155
30.698125005427855 0.9014293118496882
29.501728166225618 0.8730496208567069
31.92784159823899 0.9457799285362823
29.345619993778914 0.814641435498668
32.3132003383238 0.892874880332405
29.844857927849688 0.887158659352424
29.304491833835282 0.8377705018457401
31.06151633798186 0.9277313614624454
30.746672349470884 0.9277667646452105
29.452577352000308 0.8741801711813268
29.417808119359456 0.8924884961984721
30.44018047076738 0.8261603828538199
29.572305929604177 0.905646880890231
30.754896772104875 0.9377851147092385
29.620458030512108 0.8840176820479604
30.818779153396875 0.931369835276603
31.635423575825502 0.9443570630360948
29.521843357889214 0.8428708076461714
32.19695350616595 0.9540498232798689
30.777508485139013 0.9412973805293154
30.7916725287103 0.8064447180366692
29.348632704662585 0.87551285096461
31.206632240873276 0.9210080848182018
31.342366755920988 0.9026961393036927
31.148266028126564 0.918235348548722
30.920706128771272 0.8572875139068195
30.583626975543865 0.933403798398298
30.960169517767476 0.9405066776110039
28.57320843325127 0.7510550702682056
30.26585578357568 0.9157492494419949
30.609212256390485 0.8256963689746573
30.825626216127098 0.9430023369074023
29.298863101302665 0.7758879891059205
31.02619893805111 0.9296786133552614
31.834783530345376 0.9551987651000297
30.905597572652255 0.8191624839431311
31.33334817807803 0.8879474317203712
31.699782048257546 0.945634439015279
29.452886542154054 0.8956723859527284
30.77940979117725 0.9327854473586079
31.405903145534978 0.9477623276279333
31.01691556805754 0.9394541706149353
30.813516584299563 0.9300494957841271
31.60741677265705 0.9375946469908867
30.779544335448833 0.9184294947157527
29.58408665630778 0.8344788293789561
29.867782674245653 0.9185003706983107
29.443569394751368 0.8356149692987412
30.683101223524506 0.9385844845322994
31.697197027018177 0.9491409871358802
32.67789184580962 0.9068443361000484
30.793957327367828 0.9316399430043194
29.356951746129187 0.8805870957640559
29.375330121821904 0.8321848589708326
32.471861114261465 0.9038003796947474
32.11306527695564 0.8988650423388302
31.853769070232644 0.9015888342786248
29.403148080484858 0.8942633120470568
29.60467487384345 0.893066412074304
32.007085902333465 0.9085091653989499
29.462052201563466 0.8759579190108887
31.959794230048672 0.9483411919914799
31.224226996815524 0.9531453406352678
31.76312937114808 0.9479094525547858
29.72800601155108 0.8631621292068558
31.637640985589115 0.9455906779992544
31.113164860417882 0.9399660931462052
29.260161258461764 0.8201666723329357
29.14560405254217 0.8145127163059421
32.17800719729286 0.9554892187242532
31.154405448680187 0.9179177487800194
31.993600158073612 0.896810989892269
30.566352313286718 0.9346700177869381
29.38429393501766 0.8899019021689318
32.00951229940601 0.9164414738146266
30.5962595679176 0.9322536618020792
30.098338542826575 0.9121765477455925
29.014994472770226 0.8498302968270521
30.23291220144218 0.9298705818950572
30.682141894267716 0.900640688670005
31.233788248218154 0.9522391464572117
30.544925809613886 0.9275068125204671
31.957688757373152 0.8937744998418063
31.34078425907048 0.9468925361569092
30.66025142192631 0.8245085030964259
29.400222039994077 0.8848386190531615
28.55450884498165 0.7814054275919317
29.02978247406431 0.778777418369108
30.883701657257685 0.9101862934366572
30.50174614822458 0.9193799233633702
30.930724245320192 0.9112505827840824
31.690621108395703 0.9126923046104004
29.643250115149282 0.9321936443792113
31.236261621920853 0.9132988464774867
31.573453124065452 0.9523806076942073
29.502504204667055 0.8351587133830027
29.60271722917522 0.8341538721677579
31.287561242371655 0.9104365774366683
31.411016508514145 0.9010168779559604
30.938569284525034 0.8238782652763306
30.119707738408042 0.9104218974544493
30.187506928165515 0.9153196563071202
28.765449047525 0.7617774698667361
29.735471974695123 0.9231851806650476
31.278174571888812 0.9435920509466466
30.505480054398003 0.9288483683752843
29.65586942615255 0.9091030900825752
29.394939420326107 0.8825606181897784
30.746589675288625 0.9434397525192268
30.25038416273437 0.9287617083963141
32.07561146431503 0.8974184863164135
29.56726848838608 0.8888874594302483
29.38293245555257 0.8790270683877375
32.07690259671214 0.9445176839773863
29.318938452153766 0.812865161595862
29.335263033904972 0.8120042511895927
31.221733406994115 0.9423000726468043
30.755485779277482 0.9417205578783752
30.23705176185259 0.915573098321276
30.983648378506 0.9303989919914046
31.125164679008446 0.9469240744979944
30.71460309716568 0.9021954440229931
31.66864100775022 0.9480203803888598
31.11789956220695 0.9394298607214979
28.612409078625696 0.781905208973501
30.503023467941315 0.9247461246995745
31.688660931674345 0.9502665780508222
30.172769367202427 0.923288837897702
29.041783021345378 0.844847621980086
29.75754924265855 0.8603524363979038
29.127225187948337 0.8096357165498376
30.794153494399733 0.9309941459042358
29.055130333497125 0.7668753031615129
30.821959183168367 0.9088475888009394
30.43790336076484 0.9173474749979365
32.05111491597008 0.9581774395936228
31.478551397163944 0.949365704750041
31.011246453168965 0.9391914827897717
29.16249702139334 0.8111873370513593
31.373301342108757 0.9101699905212989
31.22358803806759 0.9212039116196877
30.247642425472744 0.9290278078829531
32.29716425295608 0.9614657227555674
29.033333101893245 0.7886197219997215
30.564214152419137 0.9286046780713993
29.121597190608526 0.7552147795654652
30.319619866542308 0.9303985748490252
30.256724762375327 0.9281237798361016
30.147841172535074 0.9138118153400769
29.038946014422024 0.8476130768216801
29.330669781074477 0.8110665941869208
30.84646938503767 0.8416629152781127
30.608724866375102 0.8991503899180691
30.47757171340495 0.9274226979248859
29.446386760889595 0.8975543284424298
31.825026754608476 0.8978420510127738
29.516864273297017 0.8821574462572287
32.073454765741836 0.9228136954929271
29.219847113324946 0.815049457108458
28.505614396462047 0.7979082195949809
30.885690699677415 0.9099829254505885
29.553420264012317 0.8363508615563566
31.204511544829217 0.9440789131418833
30.88586600954773 0.9357640591475985
30.999477549444908 0.9385557613361531
29.91238396297902 0.9122901423799106
30.872212241299863 0.9150040658310085
29.652282811117768 0.896414103759266
29.197103061058183 0.8245367240358974
30.660050473233586 0.935348294738301
31.177770135709597 0.94030407646543
31.12859120150718 0.9379023793442353
31.883957220072602 0.8988445961048639
29.44041000461987 0.8901067043769849
29.286031196596618 0.799878939146353
29.735254604691196 0.8589929017335417
30.57515667076601 0.9004175304996718
31.603125631995876 0.9520829286950336
31.169418066612916 0.9102441141556554
29.170803825105274 0.7581484384244347
31.639696469709282 0.944529270751676
31.162116199565915 0.9198898288546941
29.275454803075064 0.8263058653795201
29.796100208056117 0.8883778888648493
29.07780181377477 0.7899794321368127
31.03771343644222 0.9268751347256959
30.1660715818522 0.9204823028063183
29.65036498702159 0.9186767865183472
29.354723649768726 0.8352996826356569
31.25075453664389 0.9109025730827885
31.790352770361995 0.8975362993257864
28.50913633409535 0.7552960187553733
32.70947357259081 0.912860940906268
31.868881660679538 0.9411683531544021
28.844528135971874 0.7891931934900202
30.269939711803502 0.9296407358272656
32.12708614099199 0.9531792916487387
31.12124558444142 0.9383315229133409
30.707034186843146 0.8350818718403552
30.630439541361287 0.8995536113860111
30.630842526076805 0.9003155918533275
30.77204118937508 0.8300657620059255
29.710970356461935 0.8627393436935098
30.397343474792095 0.93202950470422
29.72240737907518 0.9256339229722087
28.82903392831574 0.8001563939752642
30.421089945924304 0.9211604214167348
29.715737573666402 0.8625104698985581
29.6362551313528 0.9027710529441987
30.84676935363516 0.9100207428795936
32.045489037421476 0.9168743969548867
29.11303742821633 0.7950191927765146
30.043819299935514 0.9101731205157187
32.11946163462231 0.920828959438592
30.756483928992957 0.816553341295352
31.917808513804186 0.9437008275519982
29.24791986899988 0.7443111413232549
29.88456203660388 0.9264199701383273
31.613032612234253 0.9429063982422596
32.54997428193019 0.9006683519802423
30.408712346167874 0.9312959718045041
29.48769823407927 0.8358954181509254
31.990507786064608 0.9001550091008518
28.59357144207167 0.754938568164185
29.639063332810007 0.9041461648812035
29.47897987780875 0.8757770943152302
29.035885189458845 0.848264549576194
30.340124701534506 0.9314240384393976
30.201570442270782 0.9168490409409799
31.0571289593034 0.9359205558757622
30.861117290535034 0.9328816554532905
30.581879264260717 0.9372902370089631
31.40068240114776 0.9013176797607803
28.815941351242994 0.817010168799248
31.598141893781076 0.953530640391505
30.434393090653327 0.9085888094341211
28.8703004503663 0.7984824701439145
32.183721448800796 0.9546053102204031
29.841855690635963 0.92726937767242
31.483966477101028 0.939499465856678
31.20062908850099 0.9380499839170232
32.81323241144546 0.9123522229081471
28.822594566831434 0.7924087978711851
32.23056766863846 0.9550495257760148
29.422887710618415 0.8783130084502232
30.776473980011666 0.9370019348781091
29.246159591622565 0.7849337467330894
29.68931119455229 0.8603798063953704
29.624344519696475 0.9058868868347086
30.765553838873036 0.8531452396318112
30.763102504239825 0.8577953605569677
31.029522900709324 0.8749063820211235
30.954619090864806 0.9282900818226286
31.106554117877735 0.9443360333915204
29.04185400109151 0.8502909440250752
30.64564935527219 0.9338081632797146
31.767555904420092 0.9144708887233954
32.79284198462031 0.9172480202322659
30.61697820296608 0.819429260877093
29.418844962545148 0.8425374525571475
29.07249464892551 0.7682968715454621
29.609259928232913 0.8401996708156784
31.738099855417794 0.9117808161205074
29.703028879629922 0.8982791385788242
30.59839592442037 0.9360688928996402
30.92660614151786 0.9379372646609293
30.527794181573068 0.8021181671783406
31.620817380254408 0.9543943749014275
29.151295779038993 0.8197196150970744
30.619812423053993 0.8010829757605116
29.3475444562009 0.8140558694357413
28.571455784854322 0.7735804238382004
30.341918894732572 0.8079872945633285
29.6786273220351 0.8598889408416498
31.77387971379545 0.9026438987016229
28.85479887642358 0.8386784575651787
29.649433841615238 0.8423669954159474
30.069714802782013 0.9125155818800602
28.500810075944095 0.796282661215764
29.561442753552956 0.8378685536530087
29.349175985944886 0.8872623782413909
31.737696165360383 0.9131714897944009
32.64884151353687 0.9636289465104021
29.245142674806146 0.8364727858647757
29.66522140127234 0.8795388776075634
29.596119737317274 0.9056815944618574
31.165196927784486 0.9406148881689155
29.190481729569267 0.7721069990205434
31.019691941698717 0.9298019586978288
30.963997678080524 0.9399723918074645
30.170047402917138 0.9149221018716668
32.02239299584199 0.9161479702222008
30.12554152187084 0.9083429177170523
31.810715120701122 0.9189049922882193
29.634396454402243 0.9038842671003948
29.115154023604042 0.7718231758507191
30.607088505247315 0.9003906714662228
30.516627857357403 0.9146577098586464
30.7230981871874 0.8157093666650466
31.03168570482413 0.8714399385743012
31.33568477356231 0.9120261110655826
30.51654598557782 0.808321928278377
31.664259658471536 0.9184736278971671
30.615980475110717 0.8992236630821258
30.58950765208423 0.9271259991710272
31.90403190749814 0.9485947183926744
30.947971425299244 0.94085129697597
30.924681691983103 0.9373719220890233
31.175934676062226 0.941004353975712
31.431377094493634 0.9077085509318067
31.035216496365145 0.9418432843142126
30.65433678736442 0.9477105365102785
30.972611308181605 0.9640662317039936
34.47913154053227 0.9819703966238181
33.17166743791019 0.9709760115798451
34.035409546939476 0.9401802990828568
36.49949947896088 0.9865468632662464
30.963937631480075 0.9669314446165612
31.207771281457806 0.9435862144414255
32.84415593805229 0.9707118499137376
31.090626964750363 0.9427321078435887
33.17498267391509 0.970918467195091
31.53111843565644 0.9480875419421091
30.83397931759455 0.9638134495109197
29.976521895342934 0.9370445359892913
32.716802446294466 0.968657209564861
34.487806920249525 0.9822503092547686
31.137000863458816 0.9683162793107422
31.260280791593935 0.9671278932848292
36.57097552210336 0.9868347320930406
36.51844246979173 0.9868257599629404
36.629387690065904 0.9843048401516147
30.029095164719738 0.9396640346755932
31.310986533658554 0.9685443673515388
31.293045469130423 0.9439699089934169
34.52746562147398 0.9501291054962151
33.163050095712386 0.9710851049455226
36.530381846545396 0.9865773404383675
31.54821002568614 0.9488943897722555
34.013279708955196 0.9423027037112369
34.512128517577985 0.9823566827983076
34.223722139736964 0.9763280873762457
31.180835763740184 0.9653648576575596
31.250016778049932 0.967667205646891
31.210738597122827 0.9672476038892193
33.14158736273344 0.971108999868524
34.364415722561745 0.9766411066690457
29.931899925043183 0.9375508058380184
34.26805757598328 0.9772119471472421
34.424292488381425 0.9828467519495642
29.956374991667673 0.940650720610065
31.47836496093881 0.9624300452483758
30.771147253118446 0.9093158534804557
32.22766944759104 0.9509244346949473
32.2443598645572 0.9519321574825628
30.047601453248483 0.9394548744364468
31.25350546877883 0.963232048535519
30.884245672695663 0.9634471103854504
36.503743678529325 0.9866676540654314
34.02008532799448 0.9430077917924526
30.634289865137866 0.9075494044305831
36.53617641689106 0.9843201415920849
34.5184422100671 0.949566751701861
34.92205191064079 0.9851000051443208
36.834841716134136 0.9840189180811428
30.901503214689562 0.9633437492844759
36.388207022271835 0.986383614539252
30.956280956185907 0.962131164082716
34.455157079755566 0.9825454291156404
36.5290218065953 0.986664933296087
30.66860515071072 0.9072397502669093
30.89193242597375 0.9626931420218724
34.66881380311537 0.9831722857399794
32.14770553577986 0.9507920809211504
30.800091475027294 0.9104171917300149
32.190027166591534 0.9511553466989974
34.505031378105 0.9500845351547317
33.25925966049106 0.9719948924913057
36.873205161435195 0.9841179655631028
31.46222815522504 0.9459848183197405
30.684062050094703 0.907847540200372
34.527451295596705 0.9501090836982704
31.3519503157789 0.9688673548072819
34.30817594233198 0.9780986418095958
31.53589318843448 0.9610430064676453
32.881207306016094 0.970312003037686
36.680492906504576 0.9839673833513691
29.981239787578488 0.9431515617853965
34.324194133816434 0.978525096015385
34.26458481643869 0.9822931801430187
31.265290100209803 0.9652537087546773
30.874837434160725 0.9627360537901475
34.02636936133557 0.9419460912484233
32.164237271869176 0.9507820474570546
34.39747955225187 0.977233241476625
34.44291355322221 0.9819326884790086
34.197246344699835 0.982185217515255
30.836297404245194 0.910526289061514
30.970953344528006 0.9661758999745943
32.84632889138389 0.9702641426549379
31.421675953524165 0.9663861741981326
30.852477240134913 0.9642741001095924
30.899671710771663 0.962742204125362
33.19647579084651 0.9710880160402521
29.957364767362293 0.9388629570273687
31.002962599462943 0.9625319855764489
32.16540533584897 0.9509358408449508
34.077614070085666 0.9428041351326277
32.13674258305821 0.9512951177612046
32.88857836168216 0.9711618241872952
34.04131203630104 0.9418559172450326
30.820228287593984 0.9647333780814978
34.56472722864465 0.9494296064595333
32.79972300440393 0.9701638821696887
33.20918435491181 0.9715084179929193
34.06912739929298 0.9425588675976676
30.705374319045752 0.9079625147217872
29.824759697131608 0.9353558898990653
32.77280590676626 0.9685456446335745
34.23713237467587 0.9775976658761035
31.178053557885246 0.9676638683490495
33.21358177842425 0.9710468014113216
34.56988871006048 0.9500216173631458
30.834824002303197 0.9636620851236949
34.6103419046281 0.984187085159139
34.05666843741338 0.9410185533882902
31.261574933543187 0.9667388487659533
34.63616613701101 0.9496114310995858
34.46037879193852 0.982974409852779
36.43708427833461 0.9865650251705064
31.17824395654178 0.968951610912501
32.24718192800785 0.9512028145238781
34.069347673602444 0.9420279965352003
32.72703093950406 0.9694318571878348
31.307396481686652 0.9680780169037038
36.737720625608546 0.9844728602835667
31.457578207562168 0.9643975365785269
31.381664628470443 0.9457724276921138
36.94098599343016 0.9846929140542362
36.50625584291617 0.9867148278172564
31.112473655604536 0.9622605733800962
34.425528004714735 0.981945318862548
34.327022538331356 0.9811229867653648
34.199029292444735 0.9822578718114189
33.22554297085149 0.9714527033312892
30.66305391210793 0.9075138597299676
29.77827290063344 0.9356509296219285
32.80593313522996 0.9695421410148324
31.139519632097414 0.9425084196799703
30.871611484337606 0.9632623721737908
34.47128560990093 0.9825933666340695
32.17505069889489 0.9508694623101838
34.39404373107094 0.9502080719395324
31.057741087644906 0.9648157077397602
34.4365610222802 0.982297657649431
34.461858979508484 0.9497742852208979
34.28250389817316 0.9778755202656455
34.33421808803511 0.9777901868004251
34.39341015943425 0.9813693600266766
31.119934605091398 0.956658588266064
34.734316456270726 0.9833672308389935
31.54916681479913 0.9482785112561792
36.73650022089645 0.9843531639714422
36.69873922286672 0.9835028539081799
30.752441258787595 0.9088276838857873
