795.649233 0.000000
795.649233 0.001000
1367.257483 0.001000
1367.257483 0.002000
1685.176568 0.002000
1685.176568 0.003000
1711.820347 0.003000
1711.820347 0.004000
1723.762290 0.004000
1723.762290 0.005000
1730.716198 0.005000
1730.716198 0.006000
1821.646892 0.006000
1821.646892 0.007000
1825.155364 0.007000
1825.155364 0.008000
1835.104536 0.008000
1835.104536 0.009000
1860.276751 0.009000
1860.276751 0.010000
1870.453376 0.010000
1870.453376 0.011000
1876.066624 0.011000
1876.066624 0.012000
1886.083940 0.012000
1886.083940 0.013000
1889.555618 0.013000
1889.555618 0.014000
1901.604007 0.014000
1901.604007 0.015000
1905.920970 0.015000
1905.920970 0.016000
1918.562675 0.016000
1918.562675 0.017000
1935.504852 0.017000
1935.504852 0.018000
1954.206247 0.018000
1954.206247 0.019000
1954.416246 0.019000
1954.416246 0.020000
1954.416246 0.020000
1954.416246 0.021000
1956.146790 0.021000
1956.146790 0.022000
1971.311500 0.022000
1971.311500 0.023000
1971.362684 0.023000
1971.362684 0.024000
1972.643949 0.024000
1972.643949 0.025000
1972.782733 0.025000
1972.782733 0.026000
1983.242170 0.026000
1983.242170 0.027000
1984.127270 0.027000
1984.127270 0.028000
1986.431470 0.028000
1986.431470 0.029000
1987.064740 0.029000
1987.064740 0.030000
1987.473470 0.030000
1987.473470 0.031000
1997.587124 0.031000
1997.587124 0.032000
1999.016513 0.032000
1999.016513 0.033000
1999.168736 0.033000
1999.168736 0.034000
2002.798079 0.034000
2002.798079 0.035000
2003.434017 0.035000
2003.434017 0.036000
2008.076488 0.036000
2008.076488 0.037000
2011.568385 0.037000
2011.568385 0.038000
2011.806540 0.038000
2011.806540 0.039000
2012.728939 0.039000
2012.728939 0.040000
2013.202360 0.040000
2013.202360 0.041000
2013.388252 0.041000
2013.388252 0.042000
2016.776549 0.042000
2016.776549 0.043000
2018.800208 0.043000
2018.800208 0.044000
2021.140056 0.044000
2021.140056 0.045000
2022.547932 0.045000
2022.547932 0.046000
2026.201368 0.046000
2026.201368 0.047000
2032.252775 0.047000
2032.252775 0.048000
2034.619825 0.048000
2034.619825 0.049000
2034.979819 0.049000
2034.979819 0.050000
2035.276645 0.050000
2035.276645 0.051000
2036.566737 0.051000
2036.566737 0.052000
2037.715555 0.052000
2037.715555 0.053000
2043.661913 0.053000
2043.661913 0.054000
2043.956916 0.054000
2043.956916 0.055000
2044.152813 0.055000
2044.152813 0.056000
2047.520615 0.056000
2047.520615 0.057000
2048.136403 0.057000
2048.136403 0.058000
2048.347662 0.058000
2048.347662 0.059000
2050.681088 0.059000
2050.681088 0.060000
2050.802023 0.060000
2050.802023 0.061000
2053.163111 0.061000
2053.163111 0.062000
2056.766792 0.062000
2056.766792 0.063000
2062.614907 0.063000
2062.614907 0.064000
2063.057061 0.064000
2063.057061 0.065000
2067.154532 0.065000
2067.154532 0.066000
2067.275335 0.066000
2067.275335 0.067000
2069.232714 0.067000
2069.232714 0.068000
2073.046387 0.068000
2073.046387 0.069000
2073.608529 0.069000
2073.608529 0.070000
2074.484463 0.070000
2074.484463 0.071000
2075.330442 0.071000
2075.330442 0.072000
2075.659567 0.072000
2075.659567 0.073000
2075.835976 0.073000
2075.835976 0.074000
2076.569684 0.074000
2076.569684 0.075000
2079.452572 0.075000
2079.452572 0.076000
2080.802689 0.076000
2080.802689 0.077000
2081.029691 0.077000
2081.029691 0.078000
2082.549853 0.078000
2082.549853 0.079000
2082.945782 0.079000
2082.945782 0.080000
2084.634448 0.080000
2084.634448 0.081000
2086.602494 0.081000
2086.602494 0.082000
2089.067345 0.082000
2089.067345 0.083000
2092.156653 0.083000
2092.156653 0.084000
2094.440522 0.084000
2094.440522 0.085000
2094.816284 0.085000
2094.816284 0.086000
2094.816284 0.086000
2094.816284 0.087000
2097.207620 0.087000
2097.207620 0.088000
2098.787517 0.088000
2098.787517 0.089000
2100.327234 0.089000
2100.327234 0.090000
2101.062938 0.090000
2101.062938 0.091000
2101.403168 0.091000
2101.403168 0.092000
2109.328769 0.092000
2109.328769 0.093000
2109.328769 0.093000
2109.328769 0.094000
2109.991507 0.094000
2109.991507 0.095000
2110.378102 0.095000
2110.378102 0.096000
2111.127616 0.096000
2111.127616 0.097000
2111.249571 0.097000
2111.249571 0.098000
2111.249571 0.098000
2111.249571 0.099000
2111.729227 0.099000
2111.729227 0.100000
2111.964274 0.100000
2111.964274 0.101000
2112.311044 0.101000
2112.311044 0.102000
2112.538445 0.102000
2112.538445 0.103000
2112.538445 0.103000
2112.538445 0.104000
2112.651034 0.104000
2112.651034 0.105000
2112.762892 0.105000
2112.762892 0.106000
2113.842770 0.106000
2113.842770 0.107000
2113.842770 0.107000
2113.842770 0.108000
2114.758176 0.108000
2114.758176 0.109000
2114.954797 0.109000
2114.954797 0.110000
2116.543956 0.110000
2116.543956 0.111000
2118.291767 0.111000
2118.291767 0.112000
2119.220481 0.112000
2119.220481 0.113000
2122.357781 0.113000
2122.357781 0.114000
2124.092640 0.114000
2124.092640 0.115000
2124.278721 0.115000
2124.278721 0.116000
2124.784229 0.116000
2124.784229 0.117000
2125.572749 0.117000
2125.572749 0.118000
2125.724871 0.118000
2125.724871 0.119000
2125.902092 0.119000
2125.902092 0.120000
2126.742087 0.120000
2126.742087 0.121000
2127.342231 0.121000
2127.342231 0.122000
2129.329858 0.122000
2129.329858 0.123000
2130.250292 0.123000
2130.250292 0.124000
2131.516517 0.124000
2131.516517 0.125000
2131.528233 0.125000
2131.528233 0.126000
2132.382372 0.126000
2132.382372 0.127000
2133.405282 0.127000
2133.405282 0.128000
2133.602423 0.128000
2133.602423 0.129000
2133.893693 0.129000
2133.893693 0.130000
2133.989620 0.130000
2133.989620 0.131000
2138.804339 0.131000
2138.804339 0.132000
2141.889094 0.132000
2141.889094 0.133000
2142.284957 0.133000
2142.284957 0.134000
2144.178206 0.134000
2144.178206 0.135000
2144.377631 0.135000
2144.377631 0.136000
2144.824898 0.136000
2144.824898 0.137000
2144.954053 0.137000
2144.954053 0.138000
2145.209700 0.138000
2145.209700 0.139000
2145.586646 0.139000
2145.586646 0.140000
2149.074176 0.140000
2149.074176 0.141000
2149.175631 0.141000
2149.175631 0.142000
2149.426800 0.142000
2149.426800 0.143000
2150.251892 0.143000
2150.251892 0.144000
2155.689618 0.144000
2155.689618 0.145000
2157.563173 0.145000
2157.563173 0.146000
2157.797572 0.146000
2157.797572 0.147000
2158.074499 0.147000
2158.074499 0.148000
2158.787787 0.148000
2158.787787 0.149000
2158.927376 0.149000
2158.927376 0.150000
2159.203573 0.150000
2159.203573 0.151000
2159.812567 0.151000
2159.812567 0.152000
2160.399302 0.152000
2160.399302 0.153000
2160.655007 0.153000
2160.655007 0.154000
2160.907232 0.154000
2160.907232 0.155000
2161.032062 0.155000
2161.032062 0.156000
2161.156048 0.156000
2161.156048 0.157000
2161.401523 0.157000
2161.401523 0.158000
2161.523029 0.158000
2161.523029 0.159000
2161.560501 0.159000
2161.560501 0.160000
2161.763618 0.160000
2161.763618 0.161000
2162.118564 0.161000
2162.118564 0.162000
2162.581067 0.162000
2162.581067 0.163000
2162.807842 0.163000
2162.807842 0.164000
2163.252722 0.164000
2163.252722 0.165000
2164.258147 0.165000
2164.258147 0.166000
2165.273898 0.166000
2165.273898 0.167000
2167.155081 0.167000
2167.155081 0.168000
2173.046175 0.168000
2173.046175 0.169000
2174.447067 0.169000
2174.447067 0.170000
2176.972288 0.170000
2176.972288 0.171000
2177.089854 0.171000
2177.089854 0.172000
2177.143614 0.172000
2177.143614 0.173000
2178.115251 0.173000
2178.115251 0.174000
2178.780452 0.174000
2178.780452 0.175000
2178.976717 0.175000
2178.976717 0.176000
2180.452085 0.176000
2180.452085 0.177000
2182.389720 0.177000
2182.389720 0.178000
2182.546906 0.178000
2182.546906 0.179000
2183.068605 0.179000
2183.068605 0.180000
2183.574539 0.180000
2183.574539 0.181000
2183.772658 0.181000
2183.772658 0.182000
2183.826549 0.182000
2183.826549 0.183000
2189.448761 0.183000
2189.448761 0.184000
2190.577195 0.184000
2190.577195 0.185000
2190.784907 0.185000
2190.784907 0.186000
2191.889223 0.186000
2191.889223 0.187000
2192.883251 0.187000
2192.883251 0.188000
2193.213019 0.188000
2193.213019 0.189000
2193.495331 0.189000
2193.495331 0.190000
2193.614203 0.190000
2193.614203 0.191000
2195.154078 0.191000
2195.154078 0.192000
2195.281150 0.192000
2195.281150 0.193000
2197.860354 0.193000
2197.860354 0.194000
2198.080648 0.194000
2198.080648 0.195000
2198.619409 0.195000
2198.619409 0.196000
2198.619409 0.196000
2198.619409 0.197000
2198.913608 0.197000
2198.913608 0.198000
2199.141689 0.198000
2199.141689 0.199000
2199.346155 0.199000
2199.346155 0.200000
2200.270954 0.200000
2200.270954 0.201000
2200.531444 0.201000
2200.531444 0.202000
2201.547199 0.202000
2201.547199 0.203000
2202.040125 0.203000
2202.040125 0.204000
2202.781421 0.204000
2202.781421 0.205000
2203.514232 0.205000
2203.514232 0.206000
2204.756060 0.206000
2204.756060 0.207000
2206.330328 0.207000
2206.330328 0.208000
2207.612821 0.208000
2207.612821 0.209000
2208.289654 0.209000
2208.289654 0.210000
2208.618520 0.210000
2208.618520 0.211000
2208.618520 0.211000
2208.618520 0.212000
2208.834349 0.212000
2208.834349 0.213000
2209.047504 0.213000
2209.047504 0.214000
2209.153094 0.214000
2209.153094 0.215000
2209.465990 0.215000
2209.465990 0.216000
2215.924836 0.216000
2215.924836 0.217000
2217.020770 0.217000
2217.020770 0.218000
2218.278442 0.218000
2218.278442 0.219000
2219.066392 0.219000
2219.066392 0.220000
2219.864557 0.220000
2219.864557 0.221000
2223.204618 0.221000
2223.204618 0.222000
2224.027464 0.222000
2224.027464 0.223000
2226.346993 0.223000
2226.346993 0.224000
2226.433502 0.224000
2226.433502 0.225000
2227.138224 0.225000
2227.138224 0.226000
2230.024230 0.226000
2230.024230 0.227000
2233.484670 0.227000
2233.484670 0.228000
2235.306459 0.228000
2235.306459 0.229000
2237.418145 0.229000
2237.418145 0.230000
2240.642797 0.230000
2240.642797 0.231000
2243.360554 0.231000
2243.360554 0.232000
2243.465161 0.232000
2243.465161 0.233000
2244.207331 0.233000
2244.207331 0.234000
2244.799672 0.234000
2244.799672 0.235000
2246.401435 0.235000
2246.401435 0.236000
2246.408141 0.236000
2246.408141 0.237000
2247.368309 0.237000
2247.368309 0.238000
2249.918662 0.238000
2249.918662 0.239000
2251.457465 0.239000
2251.457465 0.240000
2252.945717 0.240000
2252.945717 0.241000
2253.385974 0.241000
2253.385974 0.242000
2253.385974 0.242000
2253.385974 0.243000
2254.229127 0.243000
2254.229127 0.244000
2255.298395 0.244000
2255.298395 0.245000
2255.840695 0.245000
2255.840695 0.246000
2256.346308 0.246000
2256.346308 0.247000
2256.573689 0.247000
2256.573689 0.248000
2257.080018 0.248000
2257.080018 0.249000
2257.318255 0.249000
2257.318255 0.250000
2257.553426 0.250000
2257.553426 0.251000
2257.900565 0.251000
2257.900565 0.252000
2258.014808 0.252000
2258.014808 0.253000
2258.014808 0.253000
2258.014808 0.254000
2258.029206 0.254000
2258.029206 0.255000
2258.353226 0.255000
2258.353226 0.256000
2258.794638 0.256000
2258.794638 0.257000
2258.794638 0.257000
2258.794638 0.258000
2258.903282 0.258000
2258.903282 0.259000
2258.903282 0.259000
2258.903282 0.260000
2259.011256 0.260000
2259.011256 0.261000
2259.038361 0.261000
2259.038361 0.262000
2259.118564 0.262000
2259.118564 0.263000
2259.355511 0.263000
2259.355511 0.264000
2259.406038 0.264000
2259.406038 0.265000
2259.436564 0.265000
2259.436564 0.266000
2259.436564 0.266000
2259.436564 0.267000
2259.851622 0.267000
2259.851622 0.268000
2259.953828 0.268000
2259.953828 0.269000
2261.975003 0.269000
2261.975003 0.270000
2262.068000 0.270000
2262.068000 0.271000
2262.961406 0.271000
2262.961406 0.272000
2263.351712 0.272000
2263.351712 0.273000
2264.067568 0.273000
2264.067568 0.274000
2264.218273 0.274000
2264.218273 0.275000
2264.276364 0.275000
2264.276364 0.276000
2264.641363 0.276000
2264.641363 0.277000
2265.823508 0.277000
2265.823508 0.278000
2266.063849 0.278000
2266.063849 0.279000
2266.464902 0.279000
2266.464902 0.280000
2268.935556 0.280000
2268.935556 0.281000
2270.559268 0.281000
2270.559268 0.282000
2272.308627 0.282000
2272.308627 0.283000
2273.329845 0.283000
2273.329845 0.284000
2274.308190 0.284000
2274.308190 0.285000
2274.357434 0.285000
2274.357434 0.286000
2278.651364 0.286000
2278.651364 0.287000
2280.414682 0.287000
2280.414682 0.288000
2281.564435 0.288000
2281.564435 0.289000
2282.435121 0.289000
2282.435121 0.290000
2284.726710 0.290000
2284.726710 0.291000
2285.831708 0.291000
2285.831708 0.292000
2287.273160 0.292000
2287.273160 0.293000
2287.362937 0.293000
2287.362937 0.294000
2290.065359 0.294000
2290.065359 0.295000
2290.172804 0.295000
2290.172804 0.296000
2290.457079 0.296000
2290.457079 0.297000
2291.111022 0.297000
2291.111022 0.298000
2291.597073 0.298000
2291.597073 0.299000
2293.565322 0.299000
2293.565322 0.300000
2295.763513 0.300000
2295.763513 0.301000
2298.176687 0.301000
2298.176687 0.302000
2307.796754 0.302000
2307.796754 0.303000
2308.636955 0.303000
2308.636955 0.304000
2311.137191 0.304000
2311.137191 0.305000
2312.562799 0.305000
2312.562799 0.306000
2312.763980 0.306000
2312.763980 0.307000
2314.394587 0.307000
2314.394587 0.308000
2315.109106 0.308000
2315.109106 0.309000
2318.849888 0.309000
2318.849888 0.310000
2318.950441 0.310000
2318.950441 0.311000
2320.770468 0.311000
2320.770468 0.312000
2320.868213 0.312000
2320.868213 0.313000
2320.965297 0.313000
2320.965297 0.314000
2322.311788 0.314000
2322.311788 0.315000
2323.289808 0.315000
2323.289808 0.316000
2325.187037 0.316000
2325.187037 0.317000
2325.358207 0.317000
2325.358207 0.318000
2326.984297 0.318000
2326.984297 0.319000
2327.085212 0.319000
2327.085212 0.320000
2328.336424 0.320000
2328.336424 0.321000
2328.439220 0.321000
2328.439220 0.322000
2328.944180 0.322000
2328.944180 0.323000
2328.944180 0.323000
2328.944180 0.324000
2329.240129 0.324000
2329.240129 0.325000
2329.434585 0.325000
2329.434585 0.326000
2329.530974 0.326000
2329.530974 0.327000
2329.530974 0.327000
2329.530974 0.328000
2329.530974 0.328000
2329.530974 0.329000
2331.214018 0.329000
2331.214018 0.330000
2331.570652 0.330000
2331.570652 0.331000
2332.215867 0.331000
2332.215867 0.332000
2335.178108 0.332000
2335.178108 0.333000
2337.220087 0.333000
2337.220087 0.334000
2341.364203 0.334000
2341.364203 0.335000
2342.680654 0.335000
2342.680654 0.336000
2343.700340 0.336000
2343.700340 0.337000
2344.723977 0.337000
2344.723977 0.338000
2344.883590 0.338000
2344.883590 0.339000
2349.555034 0.339000
2349.555034 0.340000
2350.101815 0.340000
2350.101815 0.341000
2350.979994 0.341000
2350.979994 0.342000
2352.328470 0.342000
2352.328470 0.343000
2352.510855 0.343000
2352.510855 0.344000
2353.353668 0.344000
2353.353668 0.345000
2353.798843 0.345000
2353.798843 0.346000
2353.872216 0.346000
2353.872216 0.347000
2354.427778 0.347000
2354.427778 0.348000
2356.152349 0.348000
2356.152349 0.349000
2357.797247 0.349000
2357.797247 0.350000
2361.068219 0.350000
2361.068219 0.351000
2363.259273 0.351000
2363.259273 0.352000
2369.379563 0.352000
2369.379563 0.353000
2372.552374 0.353000
2372.552374 0.354000
2376.753964 0.354000
2376.753964 0.355000
2376.978587 0.355000
2376.978587 0.356000
2378.592993 0.356000
2378.592993 0.357000
2378.842853 0.357000
2378.842853 0.358000
2379.044965 0.358000
2379.044965 0.359000
2379.343765 0.359000
2379.343765 0.360000
2379.540110 0.360000
2379.540110 0.361000
2380.021264 0.361000
2380.021264 0.362000
2381.585788 0.362000
2381.585788 0.363000
2381.646302 0.363000
2381.646302 0.364000
2382.149070 0.364000
2382.149070 0.365000
2382.770496 0.365000
2382.770496 0.366000
2383.081017 0.366000
2383.081017 0.367000
2383.112570 0.367000
2383.112570 0.368000
2383.901246 0.368000
2383.901246 0.369000
2384.247579 0.369000
2384.247579 0.370000
2384.707840 0.370000
2384.707840 0.371000
2386.628894 0.371000
2386.628894 0.372000
2388.493654 0.372000
2388.493654 0.373000
2388.844319 0.373000
2388.844319 0.374000
2398.052303 0.374000
2398.052303 0.375000
2398.234844 0.375000
2398.234844 0.376000
2401.305014 0.376000
2401.305014 0.377000
2403.108707 0.377000
2403.108707 0.378000
2403.911258 0.378000
2403.911258 0.379000
2404.833243 0.379000
2404.833243 0.380000
2406.593319 0.380000
2406.593319 0.381000
2407.479802 0.381000
2407.479802 0.382000
2410.793582 0.382000
2410.793582 0.383000
2411.608285 0.383000
2411.608285 0.384000
2414.731680 0.384000
2414.731680 0.385000
2414.862836 0.385000
2414.862836 0.386000
2420.238501 0.386000
2420.238501 0.387000
2420.354349 0.387000
2420.354349 0.388000
2423.498633 0.388000
2423.498633 0.389000
2425.143960 0.389000
2425.143960 0.390000
2427.904203 0.390000
2427.904203 0.391000
2430.194274 0.391000
2430.194274 0.392000
2432.678138 0.392000
2432.678138 0.393000
2433.811775 0.393000
2433.811775 0.394000
2434.849247 0.394000
2434.849247 0.395000
2435.089904 0.395000
2435.089904 0.396000
2436.225843 0.396000
2436.225843 0.397000
2436.262979 0.397000
2436.262979 0.398000
2436.410145 0.398000
2436.410145 0.399000
2436.681578 0.399000
2436.681578 0.400000
2436.876918 0.400000
2436.876918 0.401000
2437.232551 0.401000
2437.232551 0.402000
2439.271359 0.402000
2439.271359 0.403000
2440.016472 0.403000
2440.016472 0.404000
2440.387161 0.404000
2440.387161 0.405000
2442.546822 0.405000
2442.546822 0.406000
2445.685698 0.406000
2445.685698 0.407000
2449.604883 0.407000
2449.604883 0.408000
2450.195364 0.408000
2450.195364 0.409000
2450.661776 0.409000
2450.661776 0.410000
2450.671745 0.410000
2450.671745 0.411000
2450.901602 0.411000
2450.901602 0.412000
2453.542543 0.412000
2453.542543 0.413000
2453.800330 0.413000
2453.800330 0.414000
2454.273758 0.414000
2454.273758 0.415000
2454.446315 0.415000
2454.446315 0.416000
2454.631689 0.416000
2454.631689 0.417000
2455.498355 0.417000
2455.498355 0.418000
2457.585685 0.418000
2457.585685 0.419000
2460.005442 0.419000
2460.005442 0.420000
2460.202599 0.420000
2460.202599 0.421000
2460.566328 0.421000
2460.566328 0.422000
2460.625942 0.422000
2460.625942 0.423000
2462.918806 0.423000
2462.918806 0.424000
2465.902216 0.424000
2465.902216 0.425000
2466.130288 0.425000
2466.130288 0.426000
2469.048830 0.426000
2469.048830 0.427000
2469.316332 0.427000
2469.316332 0.428000
2470.515424 0.428000
2470.515424 0.429000
2472.906640 0.429000
2472.906640 0.430000
2476.648614 0.430000
2476.648614 0.431000
2477.460935 0.431000
2477.460935 0.432000
2477.471996 0.432000
2477.471996 0.433000
2479.241806 0.433000
2479.241806 0.434000
2484.032858 0.434000
2484.032858 0.435000
2484.138346 0.435000
2484.138346 0.436000
2486.897141 0.436000
2486.897141 0.437000
2488.329514 0.437000
2488.329514 0.438000
2490.156491 0.438000
2490.156491 0.439000
2491.492968 0.439000
2491.492968 0.440000
2493.781572 0.440000
2493.781572 0.441000
2495.346132 0.441000
2495.346132 0.442000
2497.432831 0.442000
2497.432831 0.443000
2499.572861 0.443000
2499.572861 0.444000
2499.885814 0.444000
2499.885814 0.445000
2499.954092 0.445000
2499.954092 0.446000
2501.200614 0.446000
2501.200614 0.447000
2501.260474 0.447000
2501.260474 0.448000
2501.616826 0.448000
2501.616826 0.449000
2501.912908 0.449000
2501.912908 0.450000
2501.950878 0.450000
2501.950878 0.451000
2502.192534 0.451000
2502.192534 0.452000
2502.331204 0.452000
2502.331204 0.453000
2502.357774 0.453000
2502.357774 0.454000
2502.449777 0.454000
2502.449777 0.455000
2502.489469 0.455000
2502.489469 0.456000
2502.593456 0.456000
2502.593456 0.457000
2502.694004 0.457000
2502.694004 0.458000
2504.109267 0.458000
2504.109267 0.459000
2504.402355 0.459000
2504.402355 0.460000
2504.744918 0.460000
2504.744918 0.461000
2504.847721 0.461000
2504.847721 0.462000
2506.040038 0.462000
2506.040038 0.463000
2507.243718 0.463000
2507.243718 0.464000
2507.594512 0.464000
2507.594512 0.465000
2508.193437 0.465000
2508.193437 0.466000
2509.300465 0.466000
2509.300465 0.467000
2509.414604 0.467000
2509.414604 0.468000
2509.481587 0.468000
2509.481587 0.469000
2512.114050 0.469000
2512.114050 0.470000
2515.193299 0.470000
2515.193299 0.471000
2519.088590 0.471000
2519.088590 0.472000
2524.234997 0.472000
2524.234997 0.473000
2524.525109 0.473000
2524.525109 0.474000
2525.784036 0.474000
2525.784036 0.475000
2525.979037 0.475000
2525.979037 0.476000
2527.262791 0.476000
2527.262791 0.477000
2528.086010 0.477000
2528.086010 0.478000
2530.687421 0.478000
2530.687421 0.479000
2530.739350 0.479000
2530.739350 0.480000
2534.977771 0.480000
2534.977771 0.481000
2535.489706 0.481000
2535.489706 0.482000
2536.360083 0.482000
2536.360083 0.483000
2536.946087 0.483000
2536.946087 0.484000
2538.068414 0.484000
2538.068414 0.485000
2538.478827 0.485000
2538.478827 0.486000
2540.238894 0.486000
2540.238894 0.487000
2542.137464 0.487000
2542.137464 0.488000
2543.285942 0.488000
2543.285942 0.489000
2543.765972 0.489000
2543.765972 0.490000
2543.992358 0.490000
2543.992358 0.491000
2544.543304 0.491000
2544.543304 0.492000
2545.047889 0.492000
2545.047889 0.493000
2545.130200 0.493000
2545.130200 0.494000
2545.304126 0.494000
2545.304126 0.495000
2547.036968 0.495000
2547.036968 0.496000
2548.407462 0.496000
2548.407462 0.497000
2548.742052 0.497000
2548.742052 0.498000
2549.517106 0.498000
2549.517106 0.499000
2549.890847 0.499000
2549.890847 0.500000
2551.712434 0.500000
2551.712434 0.501000
2552.163064 0.501000
2552.163064 0.502000
2552.566718 0.502000
2552.566718 0.503000
2553.126924 0.503000
2553.126924 0.504000
2553.508971 0.504000
2553.508971 0.505000
2553.932425 0.505000
2553.932425 0.506000
2553.940357 0.506000
2553.940357 0.507000
2554.241158 0.507000
2554.241158 0.508000
2554.299767 0.508000
2554.299767 0.509000
2554.357875 0.509000
2554.357875 0.510000
2554.386743 0.510000
2554.386743 0.511000
2555.254913 0.511000
2555.254913 0.512000
2557.446780 0.512000
2557.446780 0.513000
2561.108977 0.513000
2561.108977 0.514000
2561.749809 0.514000
2561.749809 0.515000
2562.751931 0.515000
2562.751931 0.516000
2562.945828 0.516000
2562.945828 0.517000
2563.321901 0.517000
2563.321901 0.518000
2566.204571 0.518000
2566.204571 0.519000
2567.397699 0.519000
2567.397699 0.520000
2567.647210 0.520000
2567.647210 0.521000
2567.970514 0.521000
2567.970514 0.522000
2568.053853 0.522000
2568.053853 0.523000
2569.465458 0.523000
2569.465458 0.524000
2571.074991 0.524000
2571.074991 0.525000
2571.788167 0.525000
2571.788167 0.526000
2571.925354 0.526000
2571.925354 0.527000
2577.888931 0.527000
2577.888931 0.528000
2579.981728 0.528000
2579.981728 0.529000
2580.735612 0.529000
2580.735612 0.530000
2581.342679 0.530000
2581.342679 0.531000
2581.538566 0.531000
2581.538566 0.532000
2582.819230 0.532000
2582.819230 0.533000
2584.050027 0.533000
2584.050027 0.534000
2584.289642 0.534000
2584.289642 0.535000
2584.830128 0.535000
2584.830128 0.536000
2588.064220 0.536000
2588.064220 0.537000
2588.571689 0.537000
2588.571689 0.538000
2590.063376 0.538000
2590.063376 0.539000
2590.090997 0.539000
2590.090997 0.540000
2592.328315 0.540000
2592.328315 0.541000
2594.194792 0.541000
2594.194792 0.542000
2595.918404 0.542000
2595.918404 0.543000
2599.824290 0.543000
2599.824290 0.544000
2599.877028 0.544000
2599.877028 0.545000
2600.678109 0.545000
2600.678109 0.546000
2602.426437 0.546000
2602.426437 0.547000
2603.355158 0.547000
2603.355158 0.548000
2604.748395 0.548000
2604.748395 0.549000
2605.386227 0.549000
2605.386227 0.550000
2606.320477 0.550000
2606.320477 0.551000
2607.335579 0.551000
2607.335579 0.552000
2607.351753 0.552000
2607.351753 0.553000
2610.037873 0.553000
2610.037873 0.554000
2611.363889 0.554000
2611.363889 0.555000
2613.050655 0.555000
2613.050655 0.556000
2613.694441 0.556000
2613.694441 0.557000
2613.774928 0.557000
2613.774928 0.558000
2614.296677 0.558000
2614.296677 0.559000
2614.746321 0.559000
2614.746321 0.560000
2615.068600 0.560000
2615.068600 0.561000
2620.182893 0.561000
2620.182893 0.562000
2620.244422 0.562000
2620.244422 0.563000
2620.980727 0.563000
2620.980727 0.564000
2622.317509 0.564000
2622.317509 0.565000
2622.484377 0.565000
2622.484377 0.566000
2624.650527 0.566000
2624.650527 0.567000
2626.695477 0.567000
2626.695477 0.568000
2627.617334 0.568000
2627.617334 0.569000
2629.797856 0.569000
2629.797856 0.570000
2629.906844 0.570000
2629.906844 0.571000
2631.017622 0.571000
2631.017622 0.572000
2635.608790 0.572000
2635.608790 0.573000
2637.050913 0.573000
2637.050913 0.574000
2638.738002 0.574000
2638.738002 0.575000
2639.835139 0.575000
2639.835139 0.576000
2641.568654 0.576000
2641.568654 0.577000
2641.823102 0.577000
2641.823102 0.578000
2642.641478 0.578000
2642.641478 0.579000
2643.361320 0.579000
2643.361320 0.580000
2646.154612 0.580000
2646.154612 0.581000
2646.362781 0.581000
2646.362781 0.582000
2646.869026 0.582000
2646.869026 0.583000
2648.184709 0.583000
2648.184709 0.584000
2648.851353 0.584000
2648.851353 0.585000
2650.225905 0.585000
2650.225905 0.586000
2650.473407 0.586000
2650.473407 0.587000
2650.705080 0.587000
2650.705080 0.588000
2650.768718 0.588000
2650.768718 0.589000
2651.599524 0.589000
2651.599524 0.590000
2652.349004 0.590000
2652.349004 0.591000
2653.849694 0.591000
2653.849694 0.592000
2657.126433 0.592000
2657.126433 0.593000
2658.017716 0.593000
2658.017716 0.594000
2658.517533 0.594000
2658.517533 0.595000
2659.770685 0.595000
2659.770685 0.596000
2660.528496 0.596000
2660.528496 0.597000
2661.708493 0.597000
2661.708493 0.598000
2663.632929 0.598000
2663.632929 0.599000
2663.683140 0.599000
2663.683140 0.600000
2663.831426 0.600000
2663.831426 0.601000
2663.963494 0.601000
2663.963494 0.602000
2664.763718 0.602000
2664.763718 0.603000
2665.139577 0.603000
2665.139577 0.604000
2665.229321 0.604000
2665.229321 0.605000
2665.503601 0.605000
2665.503601 0.606000
2665.671026 0.606000
2665.671026 0.607000
2666.590058 0.607000
2666.590058 0.608000
2667.440914 0.608000
2667.440914 0.609000
2669.226270 0.609000
2669.226270 0.610000
2669.283227 0.610000
2669.283227 0.611000
2669.976844 0.611000
2669.976844 0.612000
2669.992209 0.612000
2669.992209 0.613000
2670.085728 0.613000
2670.085728 0.614000
2670.218784 0.614000
2670.218784 0.615000
2671.674354 0.615000
2671.674354 0.616000
2673.574929 0.616000
2673.574929 0.617000
2674.381656 0.617000
2674.381656 0.618000
2674.917532 0.618000
2674.917532 0.619000
2675.703428 0.619000
2675.703428 0.620000
2676.242438 0.620000
2676.242438 0.621000
2676.341013 0.621000
2676.341013 0.622000
2676.380327 0.622000
2676.380327 0.623000
2676.543485 0.623000
2676.543485 0.624000
2676.651328 0.624000
2676.651328 0.625000
2677.484490 0.625000
2677.484490 0.626000
2678.845096 0.626000
2678.845096 0.627000
2679.713250 0.627000
2679.713250 0.628000
2680.012027 0.628000
2680.012027 0.629000
2680.099580 0.629000
2680.099580 0.630000
2680.356855 0.630000
2680.356855 0.631000
2680.510619 0.631000
2680.510619 0.632000
2680.525815 0.632000
2680.525815 0.633000
2680.631280 0.633000
2680.631280 0.634000
2680.764596 0.634000
2680.764596 0.635000
2681.037917 0.635000
2681.037917 0.636000
2681.218838 0.636000
2681.218838 0.637000
2682.123272 0.637000
2682.123272 0.638000
2682.479185 0.638000
2682.479185 0.639000
2683.285317 0.639000
2683.285317 0.640000
2683.762747 0.640000
2683.762747 0.641000
2683.920864 0.641000
2683.920864 0.642000
2684.218200 0.642000
2684.218200 0.643000
2684.978428 0.643000
2684.978428 0.644000
2685.158023 0.644000
2685.158023 0.645000
2686.228320 0.645000
2686.228320 0.646000
2688.280670 0.646000
2688.280670 0.647000
2690.894366 0.647000
2690.894366 0.648000
2691.287827 0.648000
2691.287827 0.649000
2692.307102 0.649000
2692.307102 0.650000
2692.529316 0.650000
2692.529316 0.651000
2695.331361 0.651000
2695.331361 0.652000
2695.606150 0.652000
2695.606150 0.653000
2695.745647 0.653000
2695.745647 0.654000
2695.865641 0.654000
2695.865641 0.655000
2695.933361 0.655000
2695.933361 0.656000
2696.100028 0.656000
2696.100028 0.657000
2696.149309 0.657000
2696.149309 0.658000
2696.624679 0.658000
2696.624679 0.659000
2696.655286 0.659000
2696.655286 0.660000
2696.700951 0.660000
2696.700951 0.661000
2696.910250 0.661000
2696.910250 0.662000
2697.027108 0.662000
2697.027108 0.663000
2697.283048 0.663000
2697.283048 0.664000
2697.754466 0.664000
2697.754466 0.665000
2699.258580 0.665000
2699.258580 0.666000
2700.350117 0.666000
2700.350117 0.667000
2700.644495 0.667000
2700.644495 0.668000
2700.780821 0.668000
2700.780821 0.669000
2701.458564 0.669000
2701.458564 0.670000
2703.090231 0.670000
2703.090231 0.671000
2704.630067 0.671000
2704.630067 0.672000
2704.944189 0.672000
2704.944189 0.673000
2706.020156 0.673000
2706.020156 0.674000
2706.544672 0.674000
2706.544672 0.675000
2706.580903 0.675000
2706.580903 0.676000
2707.087063 0.676000
2707.087063 0.677000
2707.137549 0.677000
2707.137549 0.678000
2707.229147 0.678000
2707.229147 0.679000
2707.328235 0.679000
2707.328235 0.680000
2710.767021 0.680000
2710.767021 0.681000
2712.700069 0.681000
2712.700069 0.682000
2713.506259 0.682000
2713.506259 0.683000
2714.313690 0.683000
2714.313690 0.684000
2715.522191 0.684000
2715.522191 0.685000
2716.123144 0.685000
2716.123144 0.686000
2716.459703 0.686000
2716.459703 0.687000
2716.594327 0.687000
2716.594327 0.688000
2717.164503 0.688000
2717.164503 0.689000
2718.144652 0.689000
2718.144652 0.690000
2720.111674 0.690000
2720.111674 0.691000
2721.014059 0.691000
2721.014059 0.692000
2721.532762 0.692000
2721.532762 0.693000
2728.158595 0.693000
2728.158595 0.694000
2728.375979 0.694000
2728.375979 0.695000
2728.653531 0.695000
2728.653531 0.696000
2729.138224 0.696000
2729.138224 0.697000
2729.621089 0.697000
2729.621089 0.698000
2730.101527 0.698000
2730.101527 0.699000
2730.156469 0.699000
2730.156469 0.700000
2730.489664 0.700000
2730.489664 0.701000
2730.824140 0.701000
2730.824140 0.702000
2731.248755 0.702000
2731.248755 0.703000
2731.706929 0.703000
2731.706929 0.704000
2732.069010 0.704000
2732.069010 0.705000
2732.271536 0.705000
2732.271536 0.706000
2732.565035 0.706000
2732.565035 0.707000
2732.637033 0.707000
2732.637033 0.708000
2732.637033 0.708000
2732.637033 0.709000
2732.761774 0.709000
2732.761774 0.710000
2733.461263 0.710000
2733.461263 0.711000
2733.636555 0.711000
2733.636555 0.712000
2735.126434 0.712000
2735.126434 0.713000
2735.894682 0.713000
2735.894682 0.714000
2736.214633 0.714000
2736.214633 0.715000
2736.466321 0.715000
2736.466321 0.716000
2737.407787 0.716000
2737.407787 0.717000
2738.584259 0.717000
2738.584259 0.718000
2739.964829 0.718000
2739.964829 0.719000
2740.930406 0.719000
2740.930406 0.720000
2741.285469 0.720000
2741.285469 0.721000
2742.528849 0.721000
2742.528849 0.722000
2742.536317 0.722000
2742.536317 0.723000
2743.607871 0.723000
2743.607871 0.724000
2745.077061 0.724000
2745.077061 0.725000
2745.983409 0.725000
2745.983409 0.726000
2746.229281 0.726000
2746.229281 0.727000
2746.280962 0.727000
2746.280962 0.728000
2746.450741 0.728000
2746.450741 0.729000
2746.906657 0.729000
2746.906657 0.730000
2747.230936 0.730000
2747.230936 0.731000
2747.453914 0.731000
2747.453914 0.732000
2747.735017 0.732000
2747.735017 0.733000
2751.061824 0.733000
2751.061824 0.734000
2753.540697 0.734000
2753.540697 0.735000
2757.842382 0.735000
2757.842382 0.736000
2761.112073 0.736000
2761.112073 0.737000
2761.516933 0.737000
2761.516933 0.738000
2761.536288 0.738000
2761.536288 0.739000
2761.796739 0.739000
2761.796739 0.740000
2762.266705 0.740000
2762.266705 0.741000
2762.430835 0.741000
2762.430835 0.742000
2762.526058 0.742000
2762.526058 0.743000
2762.577369 0.743000
2762.577369 0.744000
2762.749274 0.744000
2762.749274 0.745000
2765.232267 0.745000
2765.232267 0.746000
2765.250621 0.746000
2765.250621 0.747000
2767.098224 0.747000
2767.098224 0.748000
2767.107844 0.748000
2767.107844 0.749000
2768.029947 0.749000
2768.029947 0.750000
2769.110089 0.750000
2769.110089 0.751000
2769.625432 0.751000
2769.625432 0.752000
2769.655273 0.752000
2769.655273 0.753000
2771.338146 0.753000
2771.338146 0.754000
2772.184430 0.754000
2772.184430 0.755000
2772.654822 0.755000
2772.654822 0.756000
2773.296283 0.756000
2773.296283 0.757000
2773.490718 0.757000
2773.490718 0.758000
2773.798688 0.758000
2773.798688 0.759000
2775.572243 0.759000
2775.572243 0.760000
2777.083801 0.760000
2777.083801 0.761000
2777.138002 0.761000
2777.138002 0.762000
2777.493653 0.762000
2777.493653 0.763000
2777.575609 0.763000
2777.575609 0.764000
2777.793683 0.764000
2777.793683 0.765000
2777.862270 0.765000
2777.862270 0.766000
2778.577494 0.766000
2778.577494 0.767000
2778.700597 0.767000
2778.700597 0.768000
2780.649278 0.768000
2780.649278 0.769000
2781.026449 0.769000
2781.026449 0.770000
2782.245974 0.770000
2782.245974 0.771000
2782.746664 0.771000
2782.746664 0.772000
2782.867317 0.772000
2782.867317 0.773000
2783.161463 0.773000
2783.161463 0.774000
2783.257207 0.774000
2783.257207 0.775000
2783.370625 0.775000
2783.370625 0.776000
2783.388666 0.776000
2783.388666 0.777000
2783.408078 0.777000
2783.408078 0.778000
2783.408078 0.778000
2783.408078 0.779000
2783.408078 0.779000
2783.408078 0.780000
2783.426740 0.780000
2783.426740 0.781000
2783.755379 0.781000
2783.755379 0.782000
2784.036391 0.782000
2784.036391 0.783000
2784.156196 0.783000
2784.156196 0.784000
2784.617357 0.784000
2784.617357 0.785000
2784.742319 0.785000
2784.742319 0.786000
2786.017372 0.786000
2786.017372 0.787000
2788.400402 0.787000
2788.400402 0.788000
2788.558532 0.788000
2788.558532 0.789000
2790.236005 0.789000
2790.236005 0.790000
2790.460204 0.790000
2790.460204 0.791000
2791.942035 0.791000
2791.942035 0.792000
2792.941001 0.792000
2792.941001 0.793000
2796.171636 0.793000
2796.171636 0.794000
2796.589549 0.794000
2796.589549 0.795000
2797.080606 0.795000
2797.080606 0.796000
2797.954776 0.796000
2797.954776 0.797000
2798.252421 0.797000
2798.252421 0.798000
2798.803408 0.798000
2798.803408 0.799000
2799.243111 0.799000
2799.243111 0.800000
2799.243111 0.800000
2799.243111 0.801000
2799.281950 0.801000
2799.281950 0.802000
2799.359079 0.802000
2799.359079 0.803000
2799.641961 0.803000
2799.641961 0.804000
2800.417884 0.804000
2800.417884 0.805000
2801.182965 0.805000
2801.182965 0.806000
2801.435847 0.806000
2801.435847 0.807000
2803.879799 0.807000
2803.879799 0.808000
2804.236723 0.808000
2804.236723 0.809000
2804.277746 0.809000
2804.277746 0.810000
2804.638180 0.810000
2804.638180 0.811000
2804.696760 0.811000
2804.696760 0.812000
2805.317442 0.812000
2805.317442 0.813000
2806.517718 0.813000
2806.517718 0.814000
2809.815465 0.814000
2809.815465 0.815000
2809.935078 0.815000
2809.935078 0.816000
2812.677513 0.816000
2812.677513 0.817000
2815.935287 0.817000
2815.935287 0.818000
2817.566716 0.818000
2817.566716 0.819000
2818.571160 0.819000
2818.571160 0.820000
2818.727155 0.820000
2818.727155 0.821000
2819.040011 0.821000
2819.040011 0.822000
2819.439144 0.822000
2819.439144 0.823000
2820.312994 0.823000
2820.312994 0.824000
2820.738487 0.824000
2820.738487 0.825000
2821.528751 0.825000
2821.528751 0.826000
2821.732190 0.826000
2821.732190 0.827000
2821.923199 0.827000
2821.923199 0.828000
2822.284040 0.828000
2822.284040 0.829000
2823.123466 0.829000
2823.123466 0.830000
2823.203502 0.830000
2823.203502 0.831000
2823.295025 0.831000
2823.295025 0.832000
2823.519410 0.832000
2823.519410 0.833000
2826.102162 0.833000
2826.102162 0.834000
2826.120098 0.834000
2826.120098 0.835000
2828.208643 0.835000
2828.208643 0.836000
2831.038870 0.836000
2831.038870 0.837000
2832.228048 0.837000
2832.228048 0.838000
2832.308461 0.838000
2832.308461 0.839000
2833.133834 0.839000
2833.133834 0.840000
2833.316103 0.840000
2833.316103 0.841000
2833.316103 0.841000
2833.316103 0.842000
2833.553117 0.842000
2833.553117 0.843000
2833.553117 0.843000
2833.553117 0.844000
2833.591969 0.844000
2833.591969 0.845000
2833.591969 0.845000
2833.591969 0.846000
2833.821301 0.846000
2833.821301 0.847000
2833.840125 0.847000
2833.840125 0.848000
2833.989158 0.848000
2833.989158 0.849000
2833.989158 0.849000
2833.989158 0.850000
2834.135481 0.850000
2834.135481 0.851000
2834.189669 0.851000
2834.189669 0.852000
2834.207650 0.852000
2834.207650 0.853000
2834.489908 0.853000
2834.489908 0.854000
2834.576067 0.854000
2834.576067 0.855000
2834.610264 0.855000
2834.610264 0.856000
2834.745559 0.856000
2834.745559 0.857000
2834.828923 0.857000
2834.828923 0.858000
2834.828923 0.858000
2834.828923 0.859000
2834.845488 0.859000
2834.845488 0.860000
2834.992963 0.860000
2834.992963 0.861000
2835.089704 0.861000
2835.089704 0.862000
2840.402586 0.862000
2840.402586 0.863000
2840.958805 0.863000
2840.958805 0.864000
2843.358566 0.864000
2843.358566 0.865000
2844.558582 0.865000
2844.558582 0.866000
2845.437352 0.866000
2845.437352 0.867000
2845.874845 0.867000
2845.874845 0.868000
2846.875530 0.868000
2846.875530 0.869000
2849.454615 0.869000
2849.454615 0.870000
2852.106670 0.870000
2852.106670 0.871000
2852.347026 0.871000
2852.347026 0.872000
2853.125192 0.872000
2853.125192 0.873000
2853.184988 0.873000
2853.184988 0.874000
2853.495558 0.874000
2853.495558 0.875000
2853.605307 0.875000
2853.605307 0.876000
2853.804034 0.876000
2853.804034 0.877000
2854.306265 0.877000
2854.306265 0.878000
2855.049225 0.878000
2855.049225 0.879000
2855.153596 0.879000
2855.153596 0.880000
2858.737728 0.880000
2858.737728 0.881000
2858.860234 0.881000
2858.860234 0.882000
2859.742076 0.882000
2859.742076 0.883000
2859.763352 0.883000
2859.763352 0.884000
2860.788059 0.884000
2860.788059 0.885000
2861.433034 0.885000
2861.433034 0.886000
2861.566337 0.886000
2861.566337 0.887000
2861.775875 0.887000
2861.775875 0.888000
2862.106876 0.888000
2862.106876 0.889000
2862.353817 0.889000
2862.353817 0.890000
2862.353817 0.890000
2862.353817 0.891000
2862.522859 0.891000
2862.522859 0.892000
2862.641733 0.892000
2862.641733 0.893000
2863.124696 0.893000
2863.124696 0.894000
2863.834196 0.894000
2863.834196 0.895000
2868.941732 0.895000
2868.941732 0.896000
2870.023506 0.896000
2870.023506 0.897000
2870.487347 0.897000
2870.487347 0.898000
2870.678881 0.898000
2870.678881 0.899000
2870.699903 0.899000
2870.699903 0.900000
2870.783487 0.900000
2870.783487 0.901000
2870.824976 0.901000
2870.824976 0.902000
2870.824976 0.902000
2870.824976 0.903000
2871.129875 0.903000
2871.129875 0.904000
2871.209360 0.904000
2871.209360 0.905000
2871.327191 0.905000
2871.327191 0.906000
2871.327191 0.906000
2871.327191 0.907000
2871.424126 0.907000
2871.424126 0.908000
2871.424126 0.908000
2871.424126 0.909000
2871.481747 0.909000
2871.481747 0.910000
2871.726872 0.910000
2871.726872 0.911000
2872.068822 0.911000
2872.068822 0.912000
2872.437412 0.912000
2872.437412 0.913000
2872.521884 0.913000
2872.521884 0.914000
2880.664366 0.914000
2880.664366 0.915000
2882.683960 0.915000
2882.683960 0.916000
2885.771955 0.916000
2885.771955 0.917000
2885.822683 0.917000
2885.822683 0.918000
2887.026370 0.918000
2887.026370 0.919000
2888.966981 0.919000
2888.966981 0.920000
2892.765447 0.920000
2892.765447 0.921000
2894.399376 0.921000
2894.399376 0.922000
2898.216977 0.922000
2898.216977 0.923000
2901.313869 0.923000
2901.313869 0.924000
2906.393687 0.924000
2906.393687 0.925000
2906.665651 0.925000
2906.665651 0.926000
2909.036545 0.926000
2909.036545 0.927000
2909.072034 0.927000
2909.072034 0.928000
2909.664414 0.928000
2909.664414 0.929000
2910.519673 0.929000
2910.519673 0.930000
2910.893569 0.930000
2910.893569 0.931000
2911.464266 0.931000
2911.464266 0.932000
2911.466425 0.932000
2911.466425 0.933000
2912.923697 0.933000
2912.923697 0.934000
2913.529899 0.934000
2913.529899 0.935000
2913.619680 0.935000
2913.619680 0.936000
2913.708573 0.936000
2913.708573 0.937000
2913.708573 0.937000
2913.708573 0.938000
2914.450395 0.938000
2914.450395 0.939000
2920.748619 0.939000
2920.748619 0.940000
2920.786494 0.940000
2920.786494 0.941000
2920.808416 0.941000
2920.808416 0.942000
2920.808416 0.942000
2920.808416 0.943000
2920.981863 0.943000
2920.981863 0.944000
2921.401044 0.944000
2921.401044 0.945000
2921.421481 0.945000
2921.421481 0.946000
2921.502742 0.946000
2921.502742 0.947000
2921.955479 0.947000
2921.955479 0.948000
2922.031781 0.948000
2922.031781 0.949000
2922.366659 0.949000
2922.366659 0.950000
2922.421161 0.950000
2922.421161 0.951000
2923.596561 0.951000
2923.596561 0.952000
2926.281129 0.952000
2926.281129 0.953000
2927.191524 0.953000
2927.191524 0.954000
2928.440877 0.954000
2928.440877 0.955000
2928.657213 0.955000
2928.657213 0.956000
2929.183590 0.956000
2929.183590 0.957000
2930.136958 0.957000
2930.136958 0.958000
2930.751983 0.958000
2930.751983 0.959000
2934.155401 0.959000
2934.155401 0.960000
2934.531499 0.960000
2934.531499 0.961000
2936.011615 0.961000
2936.011615 0.962000
2936.707368 0.962000
2936.707368 0.963000
2936.999179 0.963000
2936.999179 0.964000
2939.043626 0.964000
2939.043626 0.965000
2941.568161 0.965000
2941.568161 0.966000
2941.716397 0.966000
2941.716397 0.967000
2945.527277 0.967000
2945.527277 0.968000
2946.110159 0.968000
2946.110159 0.969000
2946.349905 0.969000
2946.349905 0.970000
2946.428538 0.970000
2946.428538 0.971000
2947.367639 0.971000
2947.367639 0.972000
2947.513378 0.972000
2947.513378 0.973000
2950.747735 0.973000
2950.747735 0.974000
2951.001806 0.974000
2951.001806 0.975000
2952.384925 0.975000
2952.384925 0.976000
2955.146425 0.976000
2955.146425 0.977000
2962.589016 0.977000
2962.589016 0.978000
2987.756244 0.978000
2987.756244 0.979000
2988.705574 0.979000
2988.705574 0.980000
2993.986547 0.980000
2993.986547 0.981000
2994.977058 0.981000
2994.977058 0.982000
2995.921902 0.982000
2995.921902 0.983000
2996.616180 0.983000
2996.616180 0.984000
2996.669712 0.984000
2996.669712 0.985000
2996.696370 0.985000
2996.696370 0.986000
2997.062231 0.986000
2997.062231 0.987000
2997.189654 0.987000
2997.189654 0.988000
3000.834230 0.988000
3000.834230 0.989000
3002.540128 0.989000
3002.540128 0.990000
3011.117036 0.990000
3011.117036 0.991000
3011.695166 0.991000
3011.695166 0.992000
3012.614090 0.992000
3012.614090 0.993000
3014.524032 0.993000
3014.524032 0.994000
3015.080538 0.994000
3015.080538 0.995000
3033.382099 0.995000
3033.382099 0.996000
3049.032816 0.996000
3049.032816 0.997000
3098.990727 0.997000
3098.990727 0.998000
3128.405911 0.998000
3128.405911 0.999000
3183.888522 0.999000
3183.888522 1.000000
