5357.696843 0.000000
5357.696843 0.001000
6310.743532 0.001000
6310.743532 0.002000
7982.597408 0.002000
7982.597408 0.003000
8135.905629 0.003000
8135.905629 0.004000
8291.562844 0.004000
8291.562844 0.005000
8367.259372 0.005000
8367.259372 0.006000
8421.484139 0.006000
8421.484139 0.007000
8490.367234 0.007000
8490.367234 0.008000
8493.334455 0.008000
8493.334455 0.009000
8533.220513 0.009000
8533.220513 0.010000
8555.626255 0.010000
8555.626255 0.011000
8631.557428 0.011000
8631.557428 0.012000
8645.270386 0.012000
8645.270386 0.013000
8711.017827 0.013000
8711.017827 0.014000
8752.118334 0.014000
8752.118334 0.015000
8891.530381 0.015000
8891.530381 0.016000
8899.337661 0.016000
8899.337661 0.017000
8899.742359 0.017000
8899.742359 0.018000
8901.661568 0.018000
8901.661568 0.019000
8905.355594 0.019000
8905.355594 0.020000
8921.937148 0.020000
8921.937148 0.021000
8923.562666 0.021000
8923.562666 0.022000
8956.350267 0.022000
8956.350267 0.023000
8960.524298 0.023000
8960.524298 0.024000
8989.393145 0.024000
8989.393145 0.025000
9003.143078 0.025000
9003.143078 0.026000
9013.942591 0.026000
9013.942591 0.027000
9026.892484 0.027000
9026.892484 0.028000
9032.312836 0.028000
9032.312836 0.029000
9032.399361 0.029000
9032.399361 0.030000
9042.391479 0.030000
9042.391479 0.031000
9098.149310 0.031000
9098.149310 0.032000
9103.295867 0.032000
9103.295867 0.033000
9104.516228 0.033000
9104.516228 0.034000
9120.765022 0.034000
9120.765022 0.035000
9139.591103 0.035000
9139.591103 0.036000
9155.820868 0.036000
9155.820868 0.037000
9170.824033 0.037000
9170.824033 0.038000
9172.180417 0.038000
9172.180417 0.039000
9174.258939 0.039000
9174.258939 0.040000
9175.563592 0.040000
9175.563592 0.041000
9199.763993 0.041000
9199.763993 0.042000
9202.234405 0.042000
9202.234405 0.043000
9211.482166 0.043000
9211.482166 0.044000
9213.078591 0.044000
9213.078591 0.045000
9216.551128 0.045000
9216.551128 0.046000
9218.086408 0.046000
9218.086408 0.047000
9221.950370 0.047000
9221.950370 0.048000
9254.904260 0.048000
9254.904260 0.049000
9274.262057 0.049000
9274.262057 0.050000
9280.886515 0.050000
9280.886515 0.051000
9281.014236 0.051000
9281.014236 0.052000
9282.774507 0.052000
9282.774507 0.053000
9287.269162 0.053000
9287.269162 0.054000
9293.685961 0.054000
9293.685961 0.055000
9295.887672 0.055000
9295.887672 0.056000
9298.355003 0.056000
9298.355003 0.057000
9301.743391 0.057000
9301.743391 0.058000
9305.288704 0.058000
9305.288704 0.059000
9306.385215 0.059000
9306.385215 0.060000
9307.601360 0.060000
9307.601360 0.061000
9310.914736 0.061000
9310.914736 0.062000
9312.522098 0.062000
9312.522098 0.063000
9324.018245 0.063000
9324.018245 0.064000
9325.780044 0.064000
9325.780044 0.065000
9326.934020 0.065000
9326.934020 0.066000
9327.456384 0.066000
9327.456384 0.067000
9331.121206 0.067000
9331.121206 0.068000
9343.073206 0.068000
9343.073206 0.069000
9345.413564 0.069000
9345.413564 0.070000
9347.367031 0.070000
9347.367031 0.071000
9347.796757 0.071000
9347.796757 0.072000
9348.239342 0.072000
9348.239342 0.073000
9351.106534 0.073000
9351.106534 0.074000
9353.055929 0.074000
9353.055929 0.075000
9357.965819 0.075000
9357.965819 0.076000
9358.869342 0.076000
9358.869342 0.077000
9361.773369 0.077000
9361.773369 0.078000
9366.228768 0.078000
9366.228768 0.079000
9380.723053 0.079000
9380.723053 0.080000
9384.263468 0.080000
9384.263468 0.081000
9390.950256 0.081000
9390.950256 0.082000
9400.926477 0.082000
9400.926477 0.083000
9409.859023 0.083000
9409.859023 0.084000
9418.937441 0.084000
9418.937441 0.085000
9419.747442 0.085000
9419.747442 0.086000
9423.918566 0.086000
9423.918566 0.087000
9424.019123 0.087000
9424.019123 0.088000
9426.842414 0.088000
9426.842414 0.089000
9427.299686 0.089000
9427.299686 0.090000
9428.766381 0.090000
9428.766381 0.091000
9434.542008 0.091000
9434.542008 0.092000
9434.874263 0.092000
9434.874263 0.093000
9435.575345 0.093000
9435.575345 0.094000
9440.473061 0.094000
9440.473061 0.095000
9440.988661 0.095000
9440.988661 0.096000
9442.459311 0.096000
9442.459311 0.097000
9442.730477 0.097000
9442.730477 0.098000
9447.743064 0.098000
9447.743064 0.099000
9451.463354 0.099000
9451.463354 0.100000
9453.163842 0.100000
9453.163842 0.101000
9455.596297 0.101000
9455.596297 0.102000
9455.828447 0.102000
9455.828447 0.103000
9459.107202 0.103000
9459.107202 0.104000
9459.867894 0.104000
9459.867894 0.105000
9471.097853 0.105000
9471.097853 0.106000
9472.769064 0.106000
9472.769064 0.107000
9476.413301 0.107000
9476.413301 0.108000
9477.212561 0.108000
9477.212561 0.109000
9480.798592 0.109000
9480.798592 0.110000
9483.512704 0.110000
9483.512704 0.111000
9484.339478 0.111000
9484.339478 0.112000
9484.953197 0.112000
9484.953197 0.113000
9492.158046 0.113000
9492.158046 0.114000
9492.830500 0.114000
9492.830500 0.115000
9497.104483 0.115000
9497.104483 0.116000
9498.487965 0.116000
9498.487965 0.117000
9499.292000 0.117000
9499.292000 0.118000
9499.854287 0.118000
9499.854287 0.119000
9500.087636 0.119000
9500.087636 0.120000
9511.906205 0.120000
9511.906205 0.121000
9515.408713 0.121000
9515.408713 0.122000
9525.029457 0.122000
9525.029457 0.123000
9526.019096 0.123000
9526.019096 0.124000
9527.887901 0.124000
9527.887901 0.125000
9532.849693 0.125000
9532.849693 0.126000
9534.525439 0.126000
9534.525439 0.127000
9542.969786 0.127000
9542.969786 0.128000
9548.250942 0.128000
9548.250942 0.129000
9554.174357 0.129000
9554.174357 0.130000
9555.308870 0.130000
9555.308870 0.131000
9556.449113 0.131000
9556.449113 0.132000
9556.725886 0.132000
9556.725886 0.133000
9560.291984 0.133000
9560.291984 0.134000
9562.513409 0.134000
9562.513409 0.135000
9562.934819 0.135000
9562.934819 0.136000
9563.331762 0.136000
9563.331762 0.137000
9565.580865 0.137000
9565.580865 0.138000
9570.383684 0.138000
9570.383684 0.139000
9572.121249 0.139000
9572.121249 0.140000
9573.259715 0.140000
9573.259715 0.141000
9573.462392 0.141000
9573.462392 0.142000
9584.678472 0.142000
9584.678472 0.143000
9587.786156 0.143000
9587.786156 0.144000
9598.971797 0.144000
9598.971797 0.145000
9599.800589 0.145000
9599.800589 0.146000
9601.555175 0.146000
9601.555175 0.147000
9612.201376 0.147000
9612.201376 0.148000
9613.584879 0.148000
9613.584879 0.149000
9617.979305 0.149000
9617.979305 0.150000
9618.881243 0.150000
9618.881243 0.151000
9623.012781 0.151000
9623.012781 0.152000
9627.235354 0.152000
9627.235354 0.153000
9637.698166 0.153000
9637.698166 0.154000
9638.460747 0.154000
9638.460747 0.155000
9647.214704 0.155000
9647.214704 0.156000
9647.294965 0.156000
9647.294965 0.157000
9647.697163 0.157000
9647.697163 0.158000
9657.253193 0.158000
9657.253193 0.159000
9660.626475 0.159000
9660.626475 0.160000
9661.856515 0.160000
9661.856515 0.161000
9663.663621 0.161000
9663.663621 0.162000
9664.130069 0.162000
9664.130069 0.163000
9664.393359 0.163000
9664.393359 0.164000
9665.782968 0.164000
9665.782968 0.165000
9671.339616 0.165000
9671.339616 0.166000
9680.230895 0.166000
9680.230895 0.167000
9680.304494 0.167000
9680.304494 0.168000
9684.394423 0.168000
9684.394423 0.169000
9685.266210 0.169000
9685.266210 0.170000
9686.466180 0.170000
9686.466180 0.171000
9686.866416 0.171000
9686.866416 0.172000
9689.010717 0.172000
9689.010717 0.173000
9690.268871 0.173000
9690.268871 0.174000
9690.453111 0.174000
9690.453111 0.175000
9691.093972 0.175000
9691.093972 0.176000
9691.185021 0.176000
9691.185021 0.177000
9693.509256 0.177000
9693.509256 0.178000
9693.732967 0.178000
9693.732967 0.179000
9694.908099 0.179000
9694.908099 0.180000
9695.218400 0.180000
9695.218400 0.181000
9696.755543 0.181000
9696.755543 0.182000
9696.907727 0.182000
9696.907727 0.183000
9699.069109 0.183000
9699.069109 0.184000
9700.805673 0.184000
9700.805673 0.185000
9701.195805 0.185000
9701.195805 0.186000
9701.428699 0.186000
9701.428699 0.187000
9703.022820 0.187000
9703.022820 0.188000
9703.410686 0.188000
9703.410686 0.189000
9705.229861 0.189000
9705.229861 0.190000
9706.720681 0.190000
9706.720681 0.191000
9706.772936 0.191000
9706.772936 0.192000
9707.818152 0.192000
9707.818152 0.193000
9708.165165 0.193000
9708.165165 0.194000
9708.647513 0.194000
9708.647513 0.195000
9709.318164 0.195000
9709.318164 0.196000
9709.327629 0.196000
9709.327629 0.197000
9710.928533 0.197000
9710.928533 0.198000
9712.171414 0.198000
9712.171414 0.199000
9713.574016 0.199000
9713.574016 0.200000
9713.618658 0.200000
9713.618658 0.201000
9718.856763 0.201000
9718.856763 0.202000
9721.544508 0.202000
9721.544508 0.203000
9722.781628 0.203000
9722.781628 0.204000
9726.592679 0.204000
9726.592679 0.205000
9727.429686 0.205000
9727.429686 0.206000
9729.970244 0.206000
9729.970244 0.207000
9730.234448 0.207000
9730.234448 0.208000
9734.721240 0.208000
9734.721240 0.209000
9735.759012 0.209000
9735.759012 0.210000
9737.032317 0.210000
9737.032317 0.211000
9742.222703 0.211000
9742.222703 0.212000
9752.299063 0.212000
9752.299063 0.213000
9752.321352 0.213000
9752.321352 0.214000
9753.466127 0.214000
9753.466127 0.215000
9760.289528 0.215000
9760.289528 0.216000
9760.942535 0.216000
9760.942535 0.217000
9761.770264 0.217000
9761.770264 0.218000
9764.256700 0.218000
9764.256700 0.219000
9774.500979 0.219000
9774.500979 0.220000
9778.137066 0.220000
9778.137066 0.221000
9779.988759 0.221000
9779.988759 0.222000
9786.398420 0.222000
9786.398420 0.223000
9789.894505 0.223000
9789.894505 0.224000
9795.512294 0.224000
9795.512294 0.225000
9796.737207 0.225000
9796.737207 0.226000
9799.172924 0.226000
9799.172924 0.227000
9805.779181 0.227000
9805.779181 0.228000
9805.895975 0.228000
9805.895975 0.229000
9806.939072 0.229000
9806.939072 0.230000
9812.738018 0.230000
9812.738018 0.231000
9813.962345 0.231000
9813.962345 0.232000
9814.170206 0.232000
9814.170206 0.233000
9814.558507 0.233000
9814.558507 0.234000
9815.819623 0.234000
9815.819623 0.235000
9816.030543 0.235000
9816.030543 0.236000
9816.327294 0.236000
9816.327294 0.237000
9816.414421 0.237000
9816.414421 0.238000
9818.785130 0.238000
9818.785130 0.239000
9819.201367 0.239000
9819.201367 0.240000
9819.588615 0.240000
9819.588615 0.241000
9820.356628 0.241000
9820.356628 0.242000
9822.978473 0.242000
9822.978473 0.243000
9824.521864 0.243000
9824.521864 0.244000
9824.681558 0.244000
9824.681558 0.245000
9824.804391 0.245000
9824.804391 0.246000
9825.479345 0.246000
9825.479345 0.247000
9826.030172 0.247000
9826.030172 0.248000
9826.554362 0.248000
9826.554362 0.249000
9827.719487 0.249000
9827.719487 0.250000
9829.812343 0.250000
9829.812343 0.251000
9830.191894 0.251000
9830.191894 0.252000
9831.715509 0.252000
9831.715509 0.253000
9831.975744 0.253000
9831.975744 0.254000
9832.250771 0.254000
9832.250771 0.255000
9832.927798 0.255000
9832.927798 0.256000
9833.259308 0.256000
9833.259308 0.257000
9834.133724 0.257000
9834.133724 0.258000
9834.458280 0.258000
9834.458280 0.259000
9835.774272 0.259000
9835.774272 0.260000
9836.595551 0.260000
9836.595551 0.261000
9836.764584 0.261000
9836.764584 0.262000
9837.697739 0.262000
9837.697739 0.263000
9838.176681 0.263000
9838.176681 0.264000
9838.779969 0.264000
9838.779969 0.265000
9839.147416 0.265000
9839.147416 0.266000
9842.054149 0.266000
9842.054149 0.267000
9842.723877 0.267000
9842.723877 0.268000
9843.119173 0.268000
9843.119173 0.269000
9844.326480 0.269000
9844.326480 0.270000
9845.902752 0.270000
9845.902752 0.271000
9847.343716 0.271000
9847.343716 0.272000
9848.903911 0.272000
9848.903911 0.273000
9850.973762 0.273000
9850.973762 0.274000
9851.162239 0.274000
9851.162239 0.275000
9852.819533 0.275000
9852.819533 0.276000
9854.021111 0.276000
9854.021111 0.277000
9856.148720 0.277000
9856.148720 0.278000
9857.814924 0.278000
9857.814924 0.279000
9858.826770 0.279000
9858.826770 0.280000
9858.949696 0.280000
9858.949696 0.281000
9861.306896 0.281000
9861.306896 0.282000
9862.210378 0.282000
9862.210378 0.283000
9863.048223 0.283000
9863.048223 0.284000
9863.762600 0.284000
9863.762600 0.285000
9864.151027 0.285000
9864.151027 0.286000
9865.050070 0.286000
9865.050070 0.287000
9867.912564 0.287000
9867.912564 0.288000
9869.599498 0.288000
9869.599498 0.289000
9870.119148 0.289000
9870.119148 0.290000
9870.994103 0.290000
9870.994103 0.291000
9873.970013 0.291000
9873.970013 0.292000
9874.069755 0.292000
9874.069755 0.293000
9877.063471 0.293000
9877.063471 0.294000
9877.448064 0.294000
9877.448064 0.295000
9877.748760 0.295000
9877.748760 0.296000
9878.386759 0.296000
9878.386759 0.297000
9884.457510 0.297000
9884.457510 0.298000
9885.326446 0.298000
9885.326446 0.299000
9887.529479 0.299000
9887.529479 0.300000
9888.394875 0.300000
9888.394875 0.301000
9892.273325 0.301000
9892.273325 0.302000
9894.046893 0.302000
9894.046893 0.303000
9895.528341 0.303000
9895.528341 0.304000
9897.474536 0.304000
9897.474536 0.305000
9897.832374 0.305000
9897.832374 0.306000
9898.007611 0.306000
9898.007611 0.307000
9898.277544 0.307000
9898.277544 0.308000
9900.945346 0.308000
9900.945346 0.309000
9901.171661 0.309000
9901.171661 0.310000
9903.717211 0.310000
9903.717211 0.311000
9905.230780 0.311000
9905.230780 0.312000
9910.709996 0.312000
9910.709996 0.313000
9911.111331 0.313000
9911.111331 0.314000
9911.510698 0.314000
9911.510698 0.315000
9912.008637 0.315000
9912.008637 0.316000
9920.641208 0.316000
9920.641208 0.317000
9922.905662 0.317000
9922.905662 0.318000
9925.421065 0.318000
9925.421065 0.319000
9930.299340 0.319000
9930.299340 0.320000
9930.383061 0.320000
9930.383061 0.321000
9931.777763 0.321000
9931.777763 0.322000
9933.823456 0.322000
9933.823456 0.323000
9934.419055 0.323000
9934.419055 0.324000
9935.065771 0.324000
9935.065771 0.325000
9936.832683 0.325000
9936.832683 0.326000
9937.025022 0.326000
9937.025022 0.327000
9939.785456 0.327000
9939.785456 0.328000
9941.617744 0.328000
9941.617744 0.329000
9942.115891 0.329000
9942.115891 0.330000
9943.101059 0.330000
9943.101059 0.331000
9943.157025 0.331000
9943.157025 0.332000
9943.644157 0.332000
9943.644157 0.333000
9946.593694 0.333000
9946.593694 0.334000
9951.157014 0.334000
9951.157014 0.335000
9951.648816 0.335000
9951.648816 0.336000
9952.135367 0.336000
9952.135367 0.337000
9952.478102 0.337000
9952.478102 0.338000
9955.240057 0.338000
9955.240057 0.339000
9955.423932 0.339000
9955.423932 0.340000
9956.385719 0.340000
9956.385719 0.341000
9958.317531 0.341000
9958.317531 0.342000
9958.642316 0.342000
9958.642316 0.343000
9959.037078 0.343000
9959.037078 0.344000
9962.889366 0.344000
9962.889366 0.345000
9965.230028 0.345000
9965.230028 0.346000
9965.636536 0.346000
9965.636536 0.347000
9966.700317 0.347000
9966.700317 0.348000
9970.193305 0.348000
9970.193305 0.349000
9972.780595 0.349000
9972.780595 0.350000
9972.934812 0.350000
9972.934812 0.351000
9973.846938 0.351000
9973.846938 0.352000
9976.068066 0.352000
9976.068066 0.353000
9976.833084 0.353000
9976.833084 0.354000
9977.586227 0.354000
9977.586227 0.355000
9978.591598 0.355000
9978.591598 0.356000
9981.210705 0.356000
9981.210705 0.357000
9982.231904 0.357000
9982.231904 0.358000
9983.958896 0.358000
9983.958896 0.359000
9985.900344 0.359000
9985.900344 0.360000
9987.836083 0.360000
9987.836083 0.361000
9992.006048 0.361000
9992.006048 0.362000
9992.474438 0.362000
9992.474438 0.363000
9994.423404 0.363000
9994.423404 0.364000
9994.638149 0.364000
9994.638149 0.365000
9997.255013 0.365000
9997.255013 0.366000
9998.997659 0.366000
9998.997659 0.367000
9999.178451 0.367000
9999.178451 0.368000
9999.178451 0.368000
9999.178451 0.369000
10000.170740 0.369000
10000.170740 0.370000
10000.661986 0.370000
10000.661986 0.371000
10002.116864 0.371000
10002.116864 0.372000
10002.776259 0.372000
10002.776259 0.373000
10003.373007 0.373000
10003.373007 0.374000
10003.538737 0.374000
10003.538737 0.375000
10004.454903 0.375000
10004.454903 0.376000
10007.042318 0.376000
10007.042318 0.377000
10010.056951 0.377000
10010.056951 0.378000
10011.017178 0.378000
10011.017178 0.379000
10011.525475 0.379000
10011.525475 0.380000
10012.574439 0.380000
10012.574439 0.381000
10012.819786 0.381000
10012.819786 0.382000
10013.857493 0.382000
10013.857493 0.383000
10015.006106 0.383000
10015.006106 0.384000
10015.542906 0.384000
10015.542906 0.385000
10018.631498 0.385000
10018.631498 0.386000
10019.564215 0.386000
10019.564215 0.387000
10020.718277 0.387000
10020.718277 0.388000
10021.280056 0.388000
10021.280056 0.389000
10021.559240 0.389000
10021.559240 0.390000
10022.338132 0.390000
10022.338132 0.391000
10024.126644 0.391000
10024.126644 0.392000
10025.963005 0.392000
10025.963005 0.393000
10030.341746 0.393000
10030.341746 0.394000
10030.434988 0.394000
10030.434988 0.395000
10030.814917 0.395000
10030.814917 0.396000
10032.607481 0.396000
10032.607481 0.397000
10035.699229 0.397000
10035.699229 0.398000
10036.249011 0.398000
10036.249011 0.399000
10038.245544 0.399000
10038.245544 0.400000
10039.847266 0.400000
10039.847266 0.401000
10042.407345 0.401000
10042.407345 0.402000
10044.273429 0.402000
10044.273429 0.403000
10049.941382 0.403000
10049.941382 0.404000
10053.070160 0.404000
10053.070160 0.405000
10056.475516 0.405000
10056.475516 0.406000
10061.643392 0.406000
10061.643392 0.407000
10065.074928 0.407000
10065.074928 0.408000
10065.394619 0.408000
10065.394619 0.409000
10070.491372 0.409000
10070.491372 0.410000
10070.491664 0.410000
10070.491664 0.411000
10070.859925 0.411000
10070.859925 0.412000
10073.110567 0.412000
10073.110567 0.413000
10074.124260 0.413000
10074.124260 0.414000
10074.249647 0.414000
10074.249647 0.415000
10075.788994 0.415000
10075.788994 0.416000
10075.897736 0.416000
10075.897736 0.417000
10076.331112 0.417000
10076.331112 0.418000
10077.067297 0.418000
10077.067297 0.419000
10077.645907 0.419000
10077.645907 0.420000
10078.721582 0.420000
10078.721582 0.421000
10080.661224 0.421000
10080.661224 0.422000
10080.820220 0.422000
10080.820220 0.423000
10080.935931 0.423000
10080.935931 0.424000
10082.251930 0.424000
10082.251930 0.425000
10083.337679 0.425000
10083.337679 0.426000
10083.487078 0.426000
10083.487078 0.427000
10083.710911 0.427000
10083.710911 0.428000
10085.010994 0.428000
10085.010994 0.429000
10086.202236 0.429000
10086.202236 0.430000
10086.216784 0.430000
10086.216784 0.431000
10087.597203 0.431000
10087.597203 0.432000
10088.079477 0.432000
10088.079477 0.433000
10091.238556 0.433000
10091.238556 0.434000
10091.836750 0.434000
10091.836750 0.435000
10092.058430 0.435000
10092.058430 0.436000
10092.131006 0.436000
10092.131006 0.437000
10094.199552 0.437000
10094.199552 0.438000
10096.478394 0.438000
10096.478394 0.439000
10096.981785 0.439000
10096.981785 0.440000
10097.242590 0.440000
10097.242590 0.441000
10097.716873 0.441000
10097.716873 0.442000
10097.797150 0.442000
10097.797150 0.443000
10097.990430 0.443000
10097.990430 0.444000
10098.816752 0.444000
10098.816752 0.445000
10100.465674 0.445000
10100.465674 0.446000
10103.167920 0.446000
10103.167920 0.447000
10105.845036 0.447000
10105.845036 0.448000
10106.899769 0.448000
10106.899769 0.449000
10107.174664 0.449000
10107.174664 0.450000
10107.191628 0.450000
10107.191628 0.451000
10109.609782 0.451000
10109.609782 0.452000
10110.007341 0.452000
10110.007341 0.453000
10115.345217 0.453000
10115.345217 0.454000
10115.774996 0.454000
10115.774996 0.455000
10117.956466 0.455000
10117.956466 0.456000
10118.135120 0.456000
10118.135120 0.457000
10120.773562 0.457000
10120.773562 0.458000
10121.704770 0.458000
10121.704770 0.459000
10122.289947 0.459000
10122.289947 0.460000
10125.712601 0.460000
10125.712601 0.461000
10126.554493 0.461000
10126.554493 0.462000
10127.838897 0.462000
10127.838897 0.463000
10129.140139 0.463000
10129.140139 0.464000
10129.925157 0.464000
10129.925157 0.465000
10130.223596 0.465000
10130.223596 0.466000
10130.739082 0.466000
10130.739082 0.467000
10131.142603 0.467000
10131.142603 0.468000
10131.224498 0.468000
10131.224498 0.469000
10131.944818 0.469000
10131.944818 0.470000
10134.694732 0.470000
10134.694732 0.471000
10134.865521 0.471000
10134.865521 0.472000
10137.109162 0.472000
10137.109162 0.473000
10137.827553 0.473000
10137.827553 0.474000
10140.187730 0.474000
10140.187730 0.475000
10140.308111 0.475000
10140.308111 0.476000
10140.308111 0.476000
10140.308111 0.477000
10142.528712 0.477000
10142.528712 0.478000
10142.593915 0.478000
10142.593915 0.479000
10143.037839 0.479000
10143.037839 0.480000
10145.122461 0.480000
10145.122461 0.481000
10147.998379 0.481000
10147.998379 0.482000
10149.007304 0.482000
10149.007304 0.483000
10149.073477 0.483000
10149.073477 0.484000
10149.825063 0.484000
10149.825063 0.485000
10150.000181 0.485000
10150.000181 0.486000
10150.166149 0.486000
10150.166149 0.487000
10151.949283 0.487000
10151.949283 0.488000
10152.669050 0.488000
10152.669050 0.489000
10153.461487 0.489000
10153.461487 0.490000
10153.533295 0.490000
10153.533295 0.491000
10155.225328 0.491000
10155.225328 0.492000
10156.208044 0.492000
10156.208044 0.493000
10156.599424 0.493000
10156.599424 0.494000
10157.065425 0.494000
10157.065425 0.495000
10157.408708 0.495000
10157.408708 0.496000
10158.140800 0.496000
10158.140800 0.497000
10159.488683 0.497000
10159.488683 0.498000
10163.921319 0.498000
10163.921319 0.499000
10167.197808 0.499000
10167.197808 0.500000
10169.514563 0.500000
10169.514563 0.501000
10172.047582 0.501000
10172.047582 0.502000
10177.245714 0.502000
10177.245714 0.503000
10187.439464 0.503000
10187.439464 0.504000
10188.393189 0.504000
10188.393189 0.505000
10191.514004 0.505000
10191.514004 0.506000
10192.317509 0.506000
10192.317509 0.507000
10194.485351 0.507000
10194.485351 0.508000
10200.264812 0.508000
10200.264812 0.509000
10200.411385 0.509000
10200.411385 0.510000
10200.778788 0.510000
10200.778788 0.511000
10204.724606 0.511000
10204.724606 0.512000
10204.995523 0.512000
10204.995523 0.513000
10206.238482 0.513000
10206.238482 0.514000
10208.741173 0.514000
10208.741173 0.515000
10209.356775 0.515000
10209.356775 0.516000
10210.135997 0.516000
10210.135997 0.517000
10210.591262 0.517000
10210.591262 0.518000
10211.841343 0.518000
10211.841343 0.519000
10213.267575 0.519000
10213.267575 0.520000
10213.320774 0.520000
10213.320774 0.521000
10215.623788 0.521000
10215.623788 0.522000
10215.764157 0.522000
10215.764157 0.523000
10215.901235 0.523000
10215.901235 0.524000
10216.613777 0.524000
10216.613777 0.525000
10217.138887 0.525000
10217.138887 0.526000
10218.682241 0.526000
10218.682241 0.527000
10219.306665 0.527000
10219.306665 0.528000
10219.446614 0.528000
10219.446614 0.529000
10219.821516 0.529000
10219.821516 0.530000
10220.191345 0.530000
10220.191345 0.531000
10220.481881 0.531000
10220.481881 0.532000
10222.058459 0.532000
10222.058459 0.533000
10222.901661 0.533000
10222.901661 0.534000
10223.066970 0.534000
10223.066970 0.535000
10223.183034 0.535000
10223.183034 0.536000
10224.248608 0.536000
10224.248608 0.537000
10224.579349 0.537000
10224.579349 0.538000
10224.579349 0.538000
10224.579349 0.539000
10225.035594 0.539000
10225.035594 0.540000
10225.754594 0.540000
10225.754594 0.541000
10225.883707 0.541000
10225.883707 0.542000
10227.032788 0.542000
10227.032788 0.543000
10227.139212 0.543000
10227.139212 0.544000
10227.786128 0.544000
10227.786128 0.545000
10228.005068 0.545000
10228.005068 0.546000
10228.011039 0.546000
10228.011039 0.547000
10228.836399 0.547000
10228.836399 0.548000
10228.939303 0.548000
10228.939303 0.549000
10231.524338 0.549000
10231.524338 0.550000
10232.358263 0.550000
10232.358263 0.551000
10233.414687 0.551000
10233.414687 0.552000
10233.414687 0.552000
10233.414687 0.553000
10234.913247 0.553000
10234.913247 0.554000
10235.809368 0.554000
10235.809368 0.555000
10239.058379 0.555000
10239.058379 0.556000
10239.117022 0.556000
10239.117022 0.557000
10239.868246 0.557000
10239.868246 0.558000
10240.119969 0.558000
10240.119969 0.559000
10242.434178 0.559000
10242.434178 0.560000
10242.624167 0.560000
10242.624167 0.561000
10244.361857 0.561000
10244.361857 0.562000
10245.896819 0.562000
10245.896819 0.563000
10248.294193 0.563000
10248.294193 0.564000
10249.372681 0.564000
10249.372681 0.565000
10249.494003 0.565000
10249.494003 0.566000
10250.674606 0.566000
10250.674606 0.567000
10250.899455 0.567000
10250.899455 0.568000
10252.584177 0.568000
10252.584177 0.569000
10253.440802 0.569000
10253.440802 0.570000
10255.627784 0.570000
10255.627784 0.571000
10255.679744 0.571000
10255.679744 0.572000
10255.679744 0.572000
10255.679744 0.573000
10259.224081 0.573000
10259.224081 0.574000
10259.559919 0.574000
10259.559919 0.575000
10261.375929 0.575000
10261.375929 0.576000
10261.776307 0.576000
10261.776307 0.577000
10262.066946 0.577000
10262.066946 0.578000
10264.087481 0.578000
10264.087481 0.579000
10264.516239 0.579000
10264.516239 0.580000
10264.554076 0.580000
10264.554076 0.581000
10264.940283 0.581000
10264.940283 0.582000
10266.235854 0.582000
10266.235854 0.583000
10267.902492 0.583000
10267.902492 0.584000
10268.381291 0.584000
10268.381291 0.585000
10268.893054 0.585000
10268.893054 0.586000
10269.396591 0.586000
10269.396591 0.587000
10269.430431 0.587000
10269.430431 0.588000
10269.886177 0.588000
10269.886177 0.589000
10270.786497 0.589000
10270.786497 0.590000
10271.682222 0.590000
10271.682222 0.591000
10272.305921 0.591000
10272.305921 0.592000
10272.573348 0.592000
10272.573348 0.593000
10274.229269 0.593000
10274.229269 0.594000
10274.475366 0.594000
10274.475366 0.595000
10274.586746 0.595000
10274.586746 0.596000
10274.672294 0.596000
10274.672294 0.597000
10275.070752 0.597000
10275.070752 0.598000
10275.846733 0.598000
10275.846733 0.599000
10276.098532 0.599000
10276.098532 0.600000
10276.243342 0.600000
10276.243342 0.601000
10276.542023 0.601000
10276.542023 0.602000
10278.543223 0.602000
10278.543223 0.603000
10279.683678 0.603000
10279.683678 0.604000
10280.471302 0.604000
10280.471302 0.605000
10280.705695 0.605000
10280.705695 0.606000
10281.281428 0.606000
10281.281428 0.607000
10281.805792 0.607000
10281.805792 0.608000
10282.074715 0.608000
10282.074715 0.609000
10282.183411 0.609000
10282.183411 0.610000
10283.285792 0.610000
10283.285792 0.611000
10285.938863 0.611000
10285.938863 0.612000
10287.024909 0.612000
10287.024909 0.613000
10287.355439 0.613000
10287.355439 0.614000
10290.218166 0.614000
10290.218166 0.615000
10290.804193 0.615000
10290.804193 0.616000
10291.019898 0.616000
10291.019898 0.617000
10294.919899 0.617000
10294.919899 0.618000
10296.534157 0.618000
10296.534157 0.619000
10297.764473 0.619000
10297.764473 0.620000
10305.549541 0.620000
10305.549541 0.621000
10307.696607 0.621000
10307.696607 0.622000
10308.621834 0.622000
10308.621834 0.623000
10312.952147 0.623000
10312.952147 0.624000
10316.094026 0.624000
10316.094026 0.625000
10317.051412 0.625000
10317.051412 0.626000
10327.098749 0.626000
10327.098749 0.627000
10333.412939 0.627000
10333.412939 0.628000
10335.749635 0.628000
10335.749635 0.629000
10340.625297 0.629000
10340.625297 0.630000
10341.155053 0.630000
10341.155053 0.631000
10345.718955 0.631000
10345.718955 0.632000
10354.914637 0.632000
10354.914637 0.633000
10355.986205 0.633000
10355.986205 0.634000
10359.334515 0.634000
10359.334515 0.635000
10361.746883 0.635000
10361.746883 0.636000
10364.620115 0.636000
10364.620115 0.637000
10371.158632 0.637000
10371.158632 0.638000
10371.562258 0.638000
10371.562258 0.639000
10371.709005 0.639000
10371.709005 0.640000
10372.853578 0.640000
10372.853578 0.641000
10382.638202 0.641000
10382.638202 0.642000
10385.093659 0.642000
10385.093659 0.643000
10386.590446 0.643000
10386.590446 0.644000
10386.818165 0.644000
10386.818165 0.645000
10389.287082 0.645000
10389.287082 0.646000
10389.392767 0.646000
10389.392767 0.647000
10390.772761 0.647000
10390.772761 0.648000
10391.957222 0.648000
10391.957222 0.649000
10393.497808 0.649000
10393.497808 0.650000
10393.776500 0.650000
10393.776500 0.651000
10394.101899 0.651000
10394.101899 0.652000
10395.148288 0.652000
10395.148288 0.653000
10395.347179 0.653000
10395.347179 0.654000
10396.256454 0.654000
10396.256454 0.655000
10396.511494 0.655000
10396.511494 0.656000
10397.895283 0.656000
10397.895283 0.657000
10397.945723 0.657000
10397.945723 0.658000
10399.020281 0.658000
10399.020281 0.659000
10399.543844 0.659000
10399.543844 0.660000
10399.766886 0.660000
10399.766886 0.661000
10399.892798 0.661000
10399.892798 0.662000
10401.306041 0.662000
10401.306041 0.663000
10402.025628 0.663000
10402.025628 0.664000
10403.579347 0.664000
10403.579347 0.665000
10404.204402 0.665000
10404.204402 0.666000
10405.481973 0.666000
10405.481973 0.667000
10405.669905 0.667000
10405.669905 0.668000
10406.289363 0.668000
10406.289363 0.669000
10406.504496 0.669000
10406.504496 0.670000
10406.504496 0.670000
10406.504496 0.671000
10406.967267 0.671000
10406.967267 0.672000
10407.098818 0.672000
10407.098818 0.673000
10407.556922 0.673000
10407.556922 0.674000
10408.526566 0.674000
10408.526566 0.675000
10408.654631 0.675000
10408.654631 0.676000
10411.826827 0.676000
10411.826827 0.677000
10411.906278 0.677000
10411.906278 0.678000
10413.286713 0.678000
10413.286713 0.679000
10413.671043 0.679000
10413.671043 0.680000
10414.541775 0.680000
10414.541775 0.681000
10414.599335 0.681000
10414.599335 0.682000
10415.171614 0.682000
10415.171614 0.683000
10416.018877 0.683000
10416.018877 0.684000
10416.797821 0.684000
10416.797821 0.685000
10417.565590 0.685000
10417.565590 0.686000
10418.441363 0.686000
10418.441363 0.687000
10419.456919 0.687000
10419.456919 0.688000
10419.673299 0.688000
10419.673299 0.689000
10420.688313 0.689000
10420.688313 0.690000
10421.143349 0.690000
10421.143349 0.691000
10421.920879 0.691000
10421.920879 0.692000
10428.242508 0.692000
10428.242508 0.693000
10428.855335 0.693000
10428.855335 0.694000
10435.875741 0.694000
10435.875741 0.695000
10440.526502 0.695000
10440.526502 0.696000
10442.684306 0.696000
10442.684306 0.697000
10444.594507 0.697000
10444.594507 0.698000
10447.271935 0.698000
10447.271935 0.699000
10452.187537 0.699000
10452.187537 0.700000
10453.038309 0.700000
10453.038309 0.701000
10454.617344 0.701000
10454.617344 0.702000
10457.259361 0.702000
10457.259361 0.703000
10458.091561 0.703000
10458.091561 0.704000
10458.724857 0.704000
10458.724857 0.705000
10461.541222 0.705000
10461.541222 0.706000
10461.865312 0.706000
10461.865312 0.707000
10462.267237 0.707000
10462.267237 0.708000
10466.234936 0.708000
10466.234936 0.709000
10467.545218 0.709000
10467.545218 0.710000
10467.749613 0.710000
10467.749613 0.711000
10469.392667 0.711000
10469.392667 0.712000
10470.035644 0.712000
10470.035644 0.713000
10471.566129 0.713000
10471.566129 0.714000
10472.706968 0.714000
10472.706968 0.715000
10473.191616 0.715000
10473.191616 0.716000
10473.754577 0.716000
10473.754577 0.717000
10474.289970 0.717000
10474.289970 0.718000
10476.794233 0.718000
10476.794233 0.719000
10477.748493 0.719000
10477.748493 0.720000
10479.662234 0.720000
10479.662234 0.721000
10479.808903 0.721000
10479.808903 0.722000
10480.909852 0.722000
10480.909852 0.723000
10481.499426 0.723000
10481.499426 0.724000
10483.551753 0.724000
10483.551753 0.725000
10484.421299 0.725000
10484.421299 0.726000
10485.016497 0.726000
10485.016497 0.727000
10486.193062 0.727000
10486.193062 0.728000
10486.325141 0.728000
10486.325141 0.729000
10489.599862 0.729000
10489.599862 0.730000
10490.247563 0.730000
10490.247563 0.731000
10490.819506 0.731000
10490.819506 0.732000
10494.662194 0.732000
10494.662194 0.733000
10498.069071 0.733000
10498.069071 0.734000
10503.114680 0.734000
10503.114680 0.735000
10508.296565 0.735000
10508.296565 0.736000
10512.128148 0.736000
10512.128148 0.737000
10515.661832 0.737000
10515.661832 0.738000
10517.164719 0.738000
10517.164719 0.739000
10517.897033 0.739000
10517.897033 0.740000
10517.944402 0.740000
10517.944402 0.741000
10518.674411 0.741000
10518.674411 0.742000
10518.804715 0.742000
10518.804715 0.743000
10519.599867 0.743000
10519.599867 0.744000
10520.654284 0.744000
10520.654284 0.745000
10520.735608 0.745000
10520.735608 0.746000
10520.919889 0.746000
10520.919889 0.747000
10521.323240 0.747000
10521.323240 0.748000
10521.710537 0.748000
10521.710537 0.749000
10527.525402 0.749000
10527.525402 0.750000
10527.879316 0.750000
10527.879316 0.751000
10528.354950 0.751000
10528.354950 0.752000
10528.433882 0.752000
10528.433882 0.753000
10530.399482 0.753000
10530.399482 0.754000
10530.833688 0.754000
10530.833688 0.755000
10530.985445 0.755000
10530.985445 0.756000
10531.287867 0.756000
10531.287867 0.757000
10532.260805 0.757000
10532.260805 0.758000
10533.072388 0.758000
10533.072388 0.759000
10533.145646 0.759000
10533.145646 0.760000
10535.020437 0.760000
10535.020437 0.761000
10535.875586 0.761000
10535.875586 0.762000
10536.090228 0.762000
10536.090228 0.763000
10536.424452 0.763000
10536.424452 0.764000
10537.319879 0.764000
10537.319879 0.765000
10537.676837 0.765000
10537.676837 0.766000
10538.317769 0.766000
10538.317769 0.767000
10541.369869 0.767000
10541.369869 0.768000
10541.441676 0.768000
10541.441676 0.769000
10541.541295 0.769000
10541.541295 0.770000
10542.021415 0.770000
10542.021415 0.771000
10542.362684 0.771000
10542.362684 0.772000
10545.024555 0.772000
10545.024555 0.773000
10549.180932 0.773000
10549.180932 0.774000
10549.703074 0.774000
10549.703074 0.775000
10549.851786 0.775000
10549.851786 0.776000
10550.358664 0.776000
10550.358664 0.777000
10552.124832 0.777000
10552.124832 0.778000
10553.195150 0.778000
10553.195150 0.779000
10555.389204 0.779000
10555.389204 0.780000
10559.957812 0.780000
10559.957812 0.781000
10568.662818 0.781000
10568.662818 0.782000
10571.027455 0.782000
10571.027455 0.783000
10571.552399 0.783000
10571.552399 0.784000
10574.061209 0.784000
10574.061209 0.785000
10574.151873 0.785000
10574.151873 0.786000
10576.237795 0.786000
10576.237795 0.787000
10576.604775 0.787000
10576.604775 0.788000
10576.766440 0.788000
10576.766440 0.789000
10579.929525 0.789000
10579.929525 0.790000
10580.200959 0.790000
10580.200959 0.791000
10581.197626 0.791000
10581.197626 0.792000
10582.173561 0.792000
10582.173561 0.793000
10582.821182 0.793000
10582.821182 0.794000
10583.372399 0.794000
10583.372399 0.795000
10583.488599 0.795000
10583.488599 0.796000
10584.227103 0.796000
10584.227103 0.797000
10585.830525 0.797000
10585.830525 0.798000
10587.445747 0.798000
10587.445747 0.799000
10587.994458 0.799000
10587.994458 0.800000
10588.642604 0.800000
10588.642604 0.801000
10589.125754 0.801000
10589.125754 0.802000
10592.593256 0.802000
10592.593256 0.803000
10594.984661 0.803000
10594.984661 0.804000
10596.850342 0.804000
10596.850342 0.805000
10605.550799 0.805000
10605.550799 0.806000
10607.220739 0.806000
10607.220739 0.807000
10608.050905 0.807000
10608.050905 0.808000
10610.513940 0.808000
10610.513940 0.809000
10611.256619 0.809000
10611.256619 0.810000
10612.173271 0.810000
10612.173271 0.811000
10613.489199 0.811000
10613.489199 0.812000
10615.903827 0.812000
10615.903827 0.813000
10619.464353 0.813000
10619.464353 0.814000
10620.297338 0.814000
10620.297338 0.815000
10622.626540 0.815000
10622.626540 0.816000
10624.180843 0.816000
10624.180843 0.817000
10624.708125 0.817000
10624.708125 0.818000
10627.116916 0.818000
10627.116916 0.819000
10627.161040 0.819000
10627.161040 0.820000
10627.353581 0.820000
10627.353581 0.821000
10628.852851 0.821000
10628.852851 0.822000
10630.117701 0.822000
10630.117701 0.823000
10630.977197 0.823000
10630.977197 0.824000
10631.185092 0.824000
10631.185092 0.825000
10633.936425 0.825000
10633.936425 0.826000
10635.454260 0.826000
10635.454260 0.827000
10637.337471 0.827000
10637.337471 0.828000
10641.716184 0.828000
10641.716184 0.829000
10642.105522 0.829000
10642.105522 0.830000
10643.874517 0.830000
10643.874517 0.831000
10644.882193 0.831000
10644.882193 0.832000
10648.363581 0.832000
10648.363581 0.833000
10648.589858 0.833000
10648.589858 0.834000
10650.623826 0.834000
10650.623826 0.835000
10655.680713 0.835000
10655.680713 0.836000
10656.556639 0.836000
10656.556639 0.837000
10656.889579 0.837000
10656.889579 0.838000
10657.548890 0.838000
10657.548890 0.839000
10658.337914 0.839000
10658.337914 0.840000
10658.703519 0.840000
10658.703519 0.841000
10659.282068 0.841000
10659.282068 0.842000
10659.447412 0.842000
10659.447412 0.843000
10659.938022 0.843000
10659.938022 0.844000
10660.906720 0.844000
10660.906720 0.845000
10663.322285 0.845000
10663.322285 0.846000
10668.162431 0.846000
10668.162431 0.847000
10668.258386 0.847000
10668.258386 0.848000
10668.780442 0.848000
10668.780442 0.849000
10669.910983 0.849000
10669.910983 0.850000
10670.029727 0.850000
10670.029727 0.851000
10671.611090 0.851000
10671.611090 0.852000
10672.003060 0.852000
10672.003060 0.853000
10673.871644 0.853000
10673.871644 0.854000
10673.917577 0.854000
10673.917577 0.855000
10674.012544 0.855000
10674.012544 0.856000
10674.207757 0.856000
10674.207757 0.857000
10679.829074 0.857000
10679.829074 0.858000
10680.502383 0.858000
10680.502383 0.859000
10691.123311 0.859000
10691.123311 0.860000
10694.024882 0.860000
10694.024882 0.861000
10701.537809 0.861000
10701.537809 0.862000
10706.830646 0.862000
10706.830646 0.863000
10710.226121 0.863000
10710.226121 0.864000
10720.807234 0.864000
10720.807234 0.865000
10721.332079 0.865000
10721.332079 0.866000
10721.450969 0.866000
10721.450969 0.867000
10721.450969 0.867000
10721.450969 0.868000
10722.725185 0.868000
10722.725185 0.869000
10723.355757 0.869000
10723.355757 0.870000
10725.375660 0.870000
10725.375660 0.871000
10731.967353 0.871000
10731.967353 0.872000
10735.755332 0.872000
10735.755332 0.873000
10750.244547 0.873000
10750.244547 0.874000
10755.419066 0.874000
10755.419066 0.875000
10761.737596 0.875000
10761.737596 0.876000
10766.878047 0.876000
10766.878047 0.877000
10772.508777 0.877000
10772.508777 0.878000
10773.157176 0.878000
10773.157176 0.879000
10775.125067 0.879000
10775.125067 0.880000
10786.001705 0.880000
10786.001705 0.881000
10788.289291 0.881000
10788.289291 0.882000
10791.447103 0.882000
10791.447103 0.883000
10791.992182 0.883000
10791.992182 0.884000
10793.971335 0.884000
10793.971335 0.885000
10795.266694 0.885000
10795.266694 0.886000
10795.672657 0.886000
10795.672657 0.887000
10796.722519 0.887000
10796.722519 0.888000
10796.759592 0.888000
10796.759592 0.889000
10803.365429 0.889000
10803.365429 0.890000
10803.962957 0.890000
10803.962957 0.891000
10804.602560 0.891000
10804.602560 0.892000
10804.943687 0.892000
10804.943687 0.893000
10805.427092 0.893000
10805.427092 0.894000
10807.639161 0.894000
10807.639161 0.895000
10808.686963 0.895000
10808.686963 0.896000
10834.161300 0.896000
10834.161300 0.897000
10834.210909 0.897000
10834.210909 0.898000
10837.882957 0.898000
10837.882957 0.899000
10857.206351 0.899000
10857.206351 0.900000
10877.091350 0.900000
10877.091350 0.901000
10882.097324 0.901000
10882.097324 0.902000
10889.133210 0.902000
10889.133210 0.903000
10890.238371 0.903000
10890.238371 0.904000
10894.656304 0.904000
10894.656304 0.905000
10897.758363 0.905000
10897.758363 0.906000
10901.221901 0.906000
10901.221901 0.907000
10919.363036 0.907000
10919.363036 0.908000
10924.105323 0.908000
10924.105323 0.909000
10927.930816 0.909000
10927.930816 0.910000
10929.265052 0.910000
10929.265052 0.911000
10930.801994 0.911000
10930.801994 0.912000
10938.943147 0.912000
10938.943147 0.913000
10940.481890 0.913000
10940.481890 0.914000
10969.741772 0.914000
10969.741772 0.915000
10994.482910 0.915000
10994.482910 0.916000
11001.889838 0.916000
11001.889838 0.917000
11019.969622 0.917000
11019.969622 0.918000
11022.283402 0.918000
11022.283402 0.919000
11029.309931 0.919000
11029.309931 0.920000
11043.031531 0.920000
11043.031531 0.921000
11053.460892 0.921000
11053.460892 0.922000
11058.347676 0.922000
11058.347676 0.923000
11065.289077 0.923000
11065.289077 0.924000
11091.343420 0.924000
11091.343420 0.925000
11103.058338 0.925000
11103.058338 0.926000
11141.160161 0.926000
11141.160161 0.927000
11150.254562 0.927000
11150.254562 0.928000
11156.906063 0.928000
11156.906063 0.929000
11190.261374 0.929000
11190.261374 0.930000
11313.853088 0.930000
11313.853088 0.931000
11343.100699 0.931000
11343.100699 0.932000
11724.639905 0.932000
11724.639905 0.933000
11808.054942 0.933000
11808.054942 0.934000
12152.187340 0.934000
12152.187340 0.935000
12315.805637 0.935000
12315.805637 0.936000
12688.819645 0.936000
12688.819645 0.937000
13133.621708 0.937000
13133.621708 0.938000
13411.705821 0.938000
13411.705821 0.939000
13500.831317 0.939000
13500.831317 0.940000
13641.897636 0.940000
13641.897636 0.941000
13868.944342 0.941000
13868.944342 0.942000
13879.370983 0.942000
13879.370983 0.943000
14181.799853 0.943000
14181.799853 0.944000
14206.743867 0.944000
14206.743867 0.945000
14529.612383 0.945000
14529.612383 0.946000
14859.999594 0.946000
14859.999594 0.947000
14942.621756 0.947000
14942.621756 0.948000
14945.789640 0.948000
14945.789640 0.949000
14968.010613 0.949000
14968.010613 0.950000
14986.905339 0.950000
14986.905339 0.951000
15087.839695 0.951000
15087.839695 0.952000
15235.549489 0.952000
15235.549489 0.953000
15262.634717 0.953000
15262.634717 0.954000
15627.254832 0.954000
15627.254832 0.955000
15663.212814 0.955000
15663.212814 0.956000
15817.409436 0.956000
15817.409436 0.957000
16106.260229 0.957000
16106.260229 0.958000
16276.818057 0.958000
16276.818057 0.959000
16851.780006 0.959000
16851.780006 0.960000
16895.008539 0.960000
16895.008539 0.961000
17125.095518 0.961000
17125.095518 0.962000
17196.816072 0.962000
17196.816072 0.963000
17245.589846 0.963000
17245.589846 0.964000
17333.253321 0.964000
17333.253321 0.965000
17492.623653 0.965000
17492.623653 0.966000
17597.668795 0.966000
17597.668795 0.967000
17599.287421 0.967000
17599.287421 0.968000
17657.146737 0.968000
17657.146737 0.969000
17661.882834 0.969000
17661.882834 0.970000
17913.819456 0.970000
17913.819456 0.971000
17981.246697 0.971000
17981.246697 0.972000
18331.591354 0.972000
18331.591354 0.973000
18337.042881 0.973000
18337.042881 0.974000
18624.323584 0.974000
18624.323584 0.975000
18645.932840 0.975000
18645.932840 0.976000
18690.207897 0.976000
18690.207897 0.977000
18837.848460 0.977000
18837.848460 0.978000
19435.992805 0.978000
19435.992805 0.979000
19437.925648 0.979000
19437.925648 0.980000
19450.146025 0.980000
19450.146025 0.981000
19666.871631 0.981000
19666.871631 0.982000
19695.921067 0.982000
19695.921067 0.983000
19712.644298 0.983000
19712.644298 0.984000
19788.987443 0.984000
19788.987443 0.985000
19844.361589 0.985000
19844.361589 0.986000
19848.811198 0.986000
19848.811198 0.987000
19965.957534 0.987000
19965.957534 0.988000
20086.407228 0.988000
20086.407228 0.989000
20241.592414 0.989000
20241.592414 0.990000
20563.901921 0.990000
20563.901921 0.991000
20637.616565 0.991000
20637.616565 0.992000
20651.197774 0.992000
20651.197774 0.993000
20653.124638 0.993000
20653.124638 0.994000
20884.383309 0.994000
20884.383309 0.995000
20954.206759 0.995000
20954.206759 0.996000
21042.207558 0.996000
21042.207558 0.997000
21327.089765 0.997000
21327.089765 0.998000
21762.819269 0.998000
21762.819269 0.999000
22270.840691 0.999000
22270.840691 1.000000
