62.177535 0.000000
62.177535 0.001000
77.846629 0.001000
77.846629 0.002000
79.328908 0.002000
79.328908 0.003000
79.505196 0.003000
79.505196 0.004000
89.227239 0.004000
89.227239 0.005000
90.246074 0.005000
90.246074 0.006000
90.459430 0.006000
90.459430 0.007000
91.260226 0.007000
91.260226 0.008000
92.267375 0.008000
92.267375 0.009000
92.485593 0.009000
92.485593 0.010000
93.105826 0.010000
93.105826 0.011000
93.233086 0.011000
93.233086 0.012000
93.243583 0.012000
93.243583 0.013000
93.322546 0.013000
93.322546 0.014000
93.432265 0.014000
93.432265 0.015000
93.799661 0.015000
93.799661 0.016000
94.003232 0.016000
94.003232 0.017000
94.105778 0.017000
94.105778 0.018000
94.114618 0.018000
94.114618 0.019000
94.166097 0.019000
94.166097 0.020000
94.190876 0.020000
94.190876 0.021000
94.190876 0.021000
94.190876 0.022000
94.230829 0.022000
94.230829 0.023000
94.230829 0.023000
94.230829 0.024000
94.246359 0.024000
94.246359 0.025000
94.261641 0.025000
94.261641 0.026000
94.269191 0.026000
94.269191 0.027000
94.284110 0.027000
94.284110 0.028000
94.298796 0.028000
94.298796 0.029000
94.313253 0.029000
94.313253 0.030000
94.320398 0.030000
94.320398 0.031000
94.327487 0.031000
94.327487 0.032000
94.348430 0.032000
94.348430 0.033000
94.355305 0.033000
94.355305 0.034000
94.362128 0.034000
94.362128 0.035000
94.362128 0.035000
94.362128 0.036000
94.362128 0.036000
94.362128 0.037000
94.368899 0.037000
94.368899 0.038000
94.375619 0.038000
94.375619 0.039000
94.375619 0.039000
94.375619 0.040000
94.377758 0.040000
94.377758 0.041000
94.382289 0.041000
94.382289 0.042000
94.388909 0.042000
94.388909 0.043000
94.395480 0.043000
94.395480 0.044000
94.395480 0.044000
94.395480 0.045000
94.421282 0.045000
94.421282 0.046000
94.421282 0.046000
94.421282 0.047000
94.427615 0.047000
94.427615 0.048000
94.427615 0.048000
94.427615 0.049000
94.440143 0.049000
94.440143 0.050000
94.446339 0.050000
94.446339 0.051000
94.446339 0.051000
94.446339 0.052000
94.446339 0.052000
94.446339 0.053000
94.446339 0.053000
94.446339 0.054000
94.452490 0.054000
94.452490 0.055000
94.452490 0.055000
94.452490 0.056000
94.452694 0.056000
94.452694 0.057000
94.458598 0.057000
94.458598 0.058000
94.458598 0.058000
94.458598 0.059000
94.458598 0.059000
94.458598 0.060000
94.458598 0.060000
94.458598 0.061000
94.464662 0.061000
94.464662 0.062000
94.464662 0.062000
94.464662 0.063000
94.464662 0.063000
94.464662 0.064000
94.464662 0.064000
94.464662 0.065000
94.470682 0.065000
94.470682 0.066000
94.470682 0.066000
94.470682 0.067000
94.470682 0.067000
94.470682 0.068000
94.470682 0.068000
94.470682 0.069000
94.476660 0.069000
94.476660 0.070000
94.482596 0.070000
94.482596 0.071000
94.482596 0.071000
94.482596 0.072000
94.482596 0.072000
94.482596 0.073000
94.488489 0.073000
94.488489 0.074000
94.488489 0.074000
94.488489 0.075000
94.488489 0.075000
94.488489 0.076000
94.488489 0.076000
94.488489 0.077000
94.488489 0.077000
94.488489 0.078000
94.494342 0.078000
94.494342 0.079000
94.494342 0.079000
94.494342 0.080000
94.494342 0.080000
94.494342 0.081000
94.494342 0.081000
94.494342 0.082000
94.500153 0.082000
94.500153 0.083000
94.505924 0.083000
94.505924 0.084000
94.505924 0.084000
94.505924 0.085000
94.505924 0.085000
94.505924 0.086000
94.505924 0.086000
94.505924 0.087000
94.511655 0.087000
94.511655 0.088000
94.511655 0.088000
94.511655 0.089000
94.511655 0.089000
94.511655 0.090000
94.511655 0.090000
94.511655 0.091000
94.517346 0.091000
94.517346 0.092000
94.517346 0.092000
94.517346 0.093000
94.522998 0.093000
94.522998 0.094000
94.522998 0.094000
94.522998 0.095000
94.522998 0.095000
94.522998 0.096000
94.528611 0.096000
94.528611 0.097000
94.528611 0.097000
94.528611 0.098000
94.528611 0.098000
94.528611 0.099000
94.528611 0.099000
94.528611 0.100000
94.528611 0.100000
94.528611 0.101000
94.534186 0.101000
94.534186 0.102000
94.534186 0.102000
94.534186 0.103000
94.534186 0.103000
94.534186 0.104000
94.534186 0.104000
94.534186 0.105000
94.534186 0.105000
94.534186 0.106000
94.539723 0.106000
94.539723 0.107000
94.539723 0.107000
94.539723 0.108000
94.539723 0.108000
94.539723 0.109000
94.545222 0.109000
94.545222 0.110000
94.545222 0.110000
94.545222 0.111000
94.545222 0.111000
94.545222 0.112000
94.545222 0.112000
94.545222 0.113000
94.545222 0.113000
94.545222 0.114000
94.550683 0.114000
94.550683 0.115000
94.550683 0.115000
94.550683 0.116000
94.550683 0.116000
94.550683 0.117000
94.556108 0.117000
94.556108 0.118000
94.556108 0.118000
94.556108 0.119000
94.556108 0.119000
94.556108 0.120000
94.561496 0.120000
94.561496 0.121000
94.561496 0.121000
94.561496 0.122000
94.561496 0.122000
94.561496 0.123000
94.561496 0.123000
94.561496 0.124000
94.566848 0.124000
94.566848 0.125000
94.572164 0.125000
94.572164 0.126000
94.572164 0.126000
94.572164 0.127000
94.572164 0.127000
94.572164 0.128000
94.572164 0.128000
94.572164 0.129000
94.577445 0.129000
94.577445 0.130000
94.577445 0.130000
94.577445 0.131000
94.582691 0.131000
94.582691 0.132000
94.582691 0.132000
94.582691 0.133000
94.582691 0.133000
94.582691 0.134000
94.582691 0.134000
94.582691 0.135000
94.582691 0.135000
94.582691 0.136000
94.582691 0.136000
94.582691 0.137000
94.587902 0.137000
94.587902 0.138000
94.587902 0.138000
94.587902 0.139000
94.587902 0.139000
94.587902 0.140000
94.593078 0.140000
94.593078 0.141000
94.598220 0.141000
94.598220 0.142000
94.598220 0.142000
94.598220 0.143000
94.598220 0.143000
94.598220 0.144000
94.598220 0.144000
94.598220 0.145000
94.598220 0.145000
94.598220 0.146000
94.598220 0.146000
94.598220 0.147000
94.603329 0.147000
94.603329 0.148000
94.603329 0.148000
94.603329 0.149000
94.603329 0.149000
94.603329 0.150000
94.603329 0.150000
94.603329 0.151000
94.608404 0.151000
94.608404 0.152000
94.608404 0.152000
94.608404 0.153000
94.608404 0.153000
94.608404 0.154000
94.608404 0.154000
94.608404 0.155000
94.608404 0.155000
94.608404 0.156000
94.613447 0.156000
94.613447 0.157000
94.613447 0.157000
94.613447 0.158000
94.613447 0.158000
94.613447 0.159000
94.613447 0.159000
94.613447 0.160000
94.613447 0.160000
94.613447 0.161000
94.613447 0.161000
94.613447 0.162000
94.618456 0.162000
94.618456 0.163000
94.618456 0.163000
94.618456 0.164000
94.618456 0.164000
94.618456 0.165000
94.623433 0.165000
94.623433 0.166000
94.623433 0.166000
94.623433 0.167000
94.623433 0.167000
94.623433 0.168000
94.628378 0.168000
94.628378 0.169000
94.628378 0.169000
94.628378 0.170000
94.628378 0.170000
94.628378 0.171000
94.628378 0.171000
94.628378 0.172000
94.633291 0.172000
94.633291 0.173000
94.638173 0.173000
94.638173 0.174000
94.638173 0.174000
94.638173 0.175000
94.638173 0.175000
94.638173 0.176000
94.638173 0.176000
94.638173 0.177000
94.638173 0.177000
94.638173 0.178000
94.643023 0.178000
94.643023 0.179000
94.643023 0.179000
94.643023 0.180000
94.643023 0.180000
94.643023 0.181000
94.643023 0.181000
94.643023 0.182000
94.647843 0.182000
94.647843 0.183000
94.647843 0.183000
94.647843 0.184000
94.647843 0.184000
94.647843 0.185000
94.647843 0.185000
94.647843 0.186000
94.647843 0.186000
94.647843 0.187000
94.647843 0.187000
94.647843 0.188000
94.652632 0.188000
94.652632 0.189000
94.652632 0.189000
94.652632 0.190000
94.652632 0.190000
94.652632 0.191000
94.652632 0.191000
94.652632 0.192000
94.652632 0.192000
94.652632 0.193000
94.657390 0.193000
94.657390 0.194000
94.662119 0.194000
94.662119 0.195000
94.666818 0.195000
94.666818 0.196000
94.666818 0.196000
94.666818 0.197000
94.666818 0.197000
94.666818 0.198000
94.666818 0.198000
94.666818 0.199000
94.666818 0.199000
94.666818 0.200000
94.671487 0.200000
94.671487 0.201000
94.671487 0.201000
94.671487 0.202000
94.671487 0.202000
94.671487 0.203000
94.671487 0.203000
94.671487 0.204000
94.671487 0.204000
94.671487 0.205000
94.671487 0.205000
94.671487 0.206000
94.676127 0.206000
94.676127 0.207000
94.676127 0.207000
94.676127 0.208000
94.680738 0.208000
94.680738 0.209000
94.680738 0.209000
94.680738 0.210000
94.685321 0.210000
94.685321 0.211000
94.685321 0.211000
94.685321 0.212000
94.685321 0.212000
94.685321 0.213000
94.685321 0.213000
94.685321 0.214000
94.685321 0.214000
94.685321 0.215000
94.685321 0.215000
94.685321 0.216000
94.689875 0.216000
94.689875 0.217000
94.689875 0.217000
94.689875 0.218000
94.689875 0.218000
94.689875 0.219000
94.689875 0.219000
94.689875 0.220000
94.694401 0.220000
94.694401 0.221000
94.694401 0.221000
94.694401 0.222000
94.694401 0.222000
94.694401 0.223000
94.694401 0.223000
94.694401 0.224000
94.698899 0.224000
94.698899 0.225000
94.698899 0.225000
94.698899 0.226000
94.698899 0.226000
94.698899 0.227000
94.703370 0.227000
94.703370 0.228000
94.703370 0.228000
94.703370 0.229000
94.703370 0.229000
94.703370 0.230000
94.703370 0.230000
94.703370 0.231000
94.703370 0.231000
94.703370 0.232000
94.707813 0.232000
94.707813 0.233000
94.707813 0.233000
94.707813 0.234000
94.707813 0.234000
94.707813 0.235000
94.707813 0.235000
94.707813 0.236000
94.707813 0.236000
94.707813 0.237000
94.707813 0.237000
94.707813 0.238000
94.707813 0.238000
94.707813 0.239000
94.707813 0.239000
94.707813 0.240000
94.712230 0.240000
94.712230 0.241000
94.712230 0.241000
94.712230 0.242000
94.712230 0.242000
94.712230 0.243000
94.712230 0.243000
94.712230 0.244000
94.712230 0.244000
94.712230 0.245000
94.712230 0.245000
94.712230 0.246000
94.716619 0.246000
94.716619 0.247000
94.716619 0.247000
94.716619 0.248000
94.716619 0.248000
94.716619 0.249000
94.716619 0.249000
94.716619 0.250000
94.720982 0.250000
94.720982 0.251000
94.720982 0.251000
94.720982 0.252000
94.725318 0.252000
94.725318 0.253000
94.729628 0.253000
94.729628 0.254000
94.729628 0.254000
94.729628 0.255000
94.729628 0.255000
94.729628 0.256000
94.729628 0.256000
94.729628 0.257000
94.733913 0.257000
94.733913 0.258000
94.733913 0.258000
94.733913 0.259000
94.733913 0.259000
94.733913 0.260000
94.733913 0.260000
94.733913 0.261000
94.738171 0.261000
94.738171 0.262000
94.738171 0.262000
94.738171 0.263000
94.738171 0.263000
94.738171 0.264000
94.746612 0.264000
94.746612 0.265000
94.746612 0.265000
94.746612 0.266000
94.746612 0.266000
94.746612 0.267000
94.750796 0.267000
94.750796 0.268000
94.750796 0.268000
94.750796 0.269000
94.754954 0.269000
94.754954 0.270000
94.754954 0.270000
94.754954 0.271000
94.754954 0.271000
94.754954 0.272000
94.795222 0.272000
94.795222 0.273000
94.795222 0.273000
94.795222 0.274000
94.844235 0.274000
94.844235 0.275000
94.876149 0.275000
94.876149 0.276000
94.906547 0.276000
94.906547 0.277000
94.944900 0.277000
94.944900 0.278000
94.947990 0.278000
94.947990 0.279000
94.954123 0.279000
94.954123 0.280000
94.975107 0.280000
94.975107 0.281000
94.983878 0.281000
94.983878 0.282000
95.001034 0.282000
95.001034 0.283000
95.001034 0.283000
95.001034 0.284000
95.014952 0.284000
95.014952 0.285000
95.017695 0.285000
95.017695 0.286000
95.023142 0.286000
95.023142 0.287000
95.033882 0.287000
95.033882 0.288000
95.052195 0.288000
95.052195 0.289000
95.059861 0.289000
95.059861 0.290000
95.072405 0.290000
95.072405 0.291000
95.072405 0.291000
95.072405 0.292000
95.077342 0.292000
95.077342 0.293000
95.077342 0.293000
95.077342 0.294000
95.082235 0.294000
95.082235 0.295000
95.089491 0.295000
95.089491 0.296000
95.096650 0.296000
95.096650 0.297000
95.110683 0.297000
95.110683 0.298000
95.112986 0.298000
95.112986 0.299000
95.117561 0.299000
95.117561 0.300000
95.119834 0.300000
95.119834 0.301000
95.135468 0.301000
95.135468 0.302000
95.139849 0.302000
95.139849 0.303000
95.144192 0.303000
95.144192 0.304000
95.146350 0.304000
95.146350 0.305000
95.157002 0.305000
95.157002 0.306000
95.159105 0.306000
95.159105 0.307000
95.173585 0.307000
95.173585 0.308000
95.225704 0.308000
95.225704 0.309000
95.245386 0.309000
95.245386 0.310000
95.247134 0.310000
95.247134 0.311000
95.265929 0.311000
95.265929 0.312000
95.275856 0.312000
95.275856 0.313000
95.282353 0.313000
95.282353 0.314000
95.290339 0.314000
95.290339 0.315000
95.293493 0.315000
95.293493 0.316000
95.295062 0.316000
95.295062 0.317000
95.298181 0.317000
95.298181 0.318000
95.299733 0.318000
95.299733 0.319000
95.301279 0.319000
95.301279 0.320000
95.307406 0.320000
95.307406 0.321000
95.307406 0.321000
95.307406 0.322000
95.307406 0.322000
95.307406 0.323000
95.313447 0.323000
95.313447 0.324000
95.316435 0.324000
95.316435 0.325000
95.322348 0.325000
95.322348 0.326000
95.323813 0.326000
95.323813 0.327000
95.325274 0.327000
95.325274 0.328000
95.329623 0.328000
95.329623 0.329000
95.332498 0.329000
95.332498 0.330000
95.336773 0.330000
95.336773 0.331000
95.336773 0.331000
95.336773 0.332000
95.342404 0.332000
95.342404 0.333000
95.343799 0.333000
95.343799 0.334000
95.345190 0.334000
95.345190 0.335000
95.345190 0.335000
95.345190 0.336000
95.346577 0.336000
95.346577 0.337000
95.347958 0.337000
95.347958 0.338000
95.347958 0.338000
95.347958 0.339000
95.349335 0.339000
95.349335 0.340000
95.353437 0.340000
95.353437 0.341000
95.353437 0.341000
95.353437 0.342000
95.354795 0.342000
95.354795 0.343000
95.356148 0.343000
95.356148 0.344000
95.356148 0.344000
95.356148 0.345000
95.356148 0.345000
95.356148 0.346000
95.357497 0.346000
95.357497 0.347000
95.360182 0.347000
95.360182 0.348000
95.362848 0.348000
95.362848 0.349000
95.366814 0.349000
95.366814 0.350000
95.369436 0.350000
95.369436 0.351000
95.369436 0.351000
95.369436 0.352000
95.372041 0.352000
95.372041 0.353000
95.374629 0.353000
95.374629 0.354000
95.374629 0.354000
95.374629 0.355000
95.377199 0.355000
95.377199 0.356000
95.377199 0.356000
95.377199 0.357000
95.381024 0.357000
95.381024 0.358000
95.381024 0.358000
95.381024 0.359000
95.382290 0.359000
95.382290 0.360000
95.383552 0.360000
95.383552 0.361000
95.384811 0.361000
95.384811 0.362000
95.389803 0.362000
95.389803 0.363000
95.389803 0.363000
95.389803 0.364000
95.391040 0.364000
95.391040 0.365000
95.392274 0.365000
95.392274 0.366000
95.392274 0.366000
95.392274 0.367000
95.393504 0.367000
95.393504 0.368000
95.393504 0.368000
95.393504 0.369000
95.395952 0.369000
95.395952 0.370000
95.397171 0.370000
95.397171 0.371000
95.398385 0.371000
95.398385 0.372000
95.400802 0.372000
95.400802 0.373000
95.400802 0.373000
95.400802 0.374000
95.404398 0.374000
95.404398 0.375000
95.405589 0.375000
95.405589 0.376000
95.407961 0.376000
95.407961 0.377000
95.411490 0.377000
95.411490 0.378000
95.412658 0.378000
95.412658 0.379000
95.416143 0.379000
95.416143 0.380000
95.417297 0.380000
95.417297 0.381000
95.418448 0.381000
95.418448 0.382000
95.419595 0.382000
95.419595 0.383000
95.419595 0.383000
95.419595 0.384000
95.419595 0.384000
95.419595 0.385000
95.420739 0.385000
95.420739 0.386000
95.420739 0.386000
95.420739 0.387000
95.421879 0.387000
95.421879 0.388000
95.423016 0.388000
95.423016 0.389000
95.423016 0.389000
95.423016 0.390000
95.424149 0.390000
95.424149 0.391000
95.424149 0.391000
95.424149 0.392000
95.429761 0.392000
95.429761 0.393000
95.430874 0.393000
95.430874 0.394000
95.431983 0.394000
95.431983 0.395000
95.431983 0.395000
95.431983 0.396000
95.439651 0.396000
95.439651 0.397000
95.440733 0.397000
95.440733 0.398000
95.445029 0.398000
95.445029 0.399000
95.446095 0.399000
95.446095 0.400000
95.447158 0.400000
95.447158 0.401000
95.447158 0.401000
95.447158 0.402000
95.448218 0.402000
95.448218 0.403000
95.451378 0.403000
95.451378 0.404000
95.453469 0.404000
95.453469 0.405000
95.453469 0.405000
95.453469 0.406000
95.456582 0.406000
95.456582 0.407000
95.456582 0.407000
95.456582 0.408000
95.457614 0.408000
95.457614 0.409000
95.458642 0.409000
95.458642 0.410000
95.460691 0.410000
95.460691 0.411000
95.461710 0.411000
95.461710 0.412000
95.462727 0.412000
95.462727 0.413000
95.462727 0.413000
95.462727 0.414000
95.463740 0.414000
95.463740 0.415000
95.465759 0.415000
95.465759 0.416000
95.467766 0.416000
95.467766 0.417000
95.468765 0.417000
95.468765 0.418000
95.469761 0.418000
95.469761 0.419000
95.472732 0.419000
95.472732 0.420000
95.472732 0.420000
95.472732 0.421000
95.473716 0.421000
95.473716 0.422000
95.473716 0.422000
95.473716 0.423000
95.474698 0.423000
95.474698 0.424000
95.474698 0.424000
95.474698 0.425000
95.474698 0.425000
95.474698 0.426000
95.475677 0.426000
95.475677 0.427000
95.510021 0.427000
95.510021 0.428000
95.522128 0.428000
95.522128 0.429000
95.522976 0.429000
95.522976 0.430000
95.535421 0.430000
95.535421 0.431000
95.535421 0.431000
95.535421 0.432000
95.540264 0.432000
95.540264 0.433000
95.541064 0.433000
95.541064 0.434000
95.547387 0.434000
95.547387 0.435000
95.547387 0.435000
95.547387 0.436000
95.548948 0.436000
95.548948 0.437000
95.548948 0.437000
95.548948 0.438000
95.551274 0.438000
95.551274 0.439000
95.553582 0.439000
95.553582 0.440000
95.558146 0.440000
95.558146 0.441000
95.561151 0.441000
95.561151 0.442000
95.562642 0.442000
95.562642 0.443000
95.564864 0.443000
95.564864 0.444000
95.565601 0.444000
95.565601 0.445000
95.566337 0.445000
95.566337 0.446000
95.567070 0.446000
95.567070 0.447000
95.567802 0.447000
95.567802 0.448000
95.568531 0.448000
95.568531 0.449000
95.569259 0.449000
95.569259 0.450000
95.569986 0.450000
95.569986 0.451000
95.571433 0.451000
95.571433 0.452000
95.572873 0.452000
95.572873 0.453000
95.572873 0.453000
95.572873 0.454000
95.573590 0.454000
95.573590 0.455000
95.573590 0.455000
95.573590 0.456000
95.573590 0.456000
95.573590 0.457000
95.575731 0.457000
95.575731 0.458000
95.577857 0.458000
95.577857 0.459000
95.578562 0.459000
95.578562 0.460000
95.578562 0.460000
95.578562 0.461000
95.579265 0.461000
95.579265 0.462000
95.579967 0.462000
95.579967 0.463000
95.579967 0.463000
95.579967 0.464000
95.579967 0.464000
95.579967 0.465000
95.579967 0.465000
95.579967 0.466000
95.580667 0.466000
95.580667 0.467000
95.580667 0.467000
95.580667 0.468000
95.581365 0.468000
95.581365 0.469000
95.582062 0.469000
95.582062 0.470000
95.582062 0.470000
95.582062 0.471000
95.583450 0.471000
95.583450 0.472000
95.584142 0.472000
95.584142 0.473000
95.584831 0.473000
95.584831 0.474000
95.584831 0.474000
95.584831 0.475000
95.586206 0.475000
95.586206 0.476000
95.586206 0.476000
95.586206 0.477000
95.586206 0.477000
95.586206 0.478000
95.586891 0.478000
95.586891 0.479000
95.587574 0.479000
95.587574 0.480000
95.587574 0.480000
95.587574 0.481000
95.588256 0.481000
95.588256 0.482000
95.588256 0.482000
95.588256 0.483000
95.589614 0.483000
95.589614 0.484000
95.589614 0.484000
95.589614 0.485000
95.589614 0.485000
95.589614 0.486000
95.589614 0.486000
95.589614 0.487000
95.590291 0.487000
95.590291 0.488000
95.590291 0.488000
95.590291 0.489000
95.592311 0.489000
95.592311 0.490000
95.592982 0.490000
95.592982 0.491000
95.592982 0.491000
95.592982 0.492000
95.593650 0.492000
95.593650 0.493000
95.593650 0.493000
95.593650 0.494000
95.594983 0.494000
95.594983 0.495000
95.594983 0.495000
95.594983 0.496000
95.594983 0.496000
95.594983 0.497000
95.595647 0.497000
95.595647 0.498000
95.596309 0.498000
95.596309 0.499000
95.596309 0.499000
95.596309 0.500000
95.596309 0.500000
95.596309 0.501000
95.596309 0.501000
95.596309 0.502000
95.596970 0.502000
95.596970 0.503000
95.597630 0.503000
95.597630 0.504000
95.597630 0.504000
95.597630 0.505000
95.598287 0.505000
95.598287 0.506000
95.598287 0.506000
95.598287 0.507000
95.598287 0.507000
95.598287 0.508000
95.598943 0.508000
95.598943 0.509000
95.599598 0.509000
95.599598 0.510000
95.599598 0.510000
95.599598 0.511000
95.599598 0.511000
95.599598 0.512000
95.600903 0.512000
95.600903 0.513000
95.601553 0.513000
95.601553 0.514000
95.601553 0.514000
95.601553 0.515000
95.602201 0.515000
95.602201 0.516000
95.602848 0.516000
95.602848 0.517000
95.602848 0.517000
95.602848 0.518000
95.603494 0.518000
95.603494 0.519000
95.603494 0.519000
95.603494 0.520000
95.604780 0.520000
95.604780 0.521000
95.604780 0.521000
95.604780 0.522000
95.604780 0.522000
95.604780 0.523000
95.604780 0.523000
95.604780 0.524000
95.604780 0.524000
95.604780 0.525000
95.604780 0.525000
95.604780 0.526000
95.605421 0.526000
95.605421 0.527000
95.605421 0.527000
95.605421 0.528000
95.606699 0.528000
95.606699 0.529000
95.606699 0.529000
95.606699 0.530000
95.607335 0.530000
95.607335 0.531000
95.607970 0.531000
95.607970 0.532000
95.607970 0.532000
95.607970 0.533000
95.608604 0.533000
95.608604 0.534000
95.609236 0.534000
95.609236 0.535000
95.610496 0.535000
95.610496 0.536000
95.611124 0.536000
95.611124 0.537000
95.611124 0.537000
95.611124 0.538000
95.612375 0.538000
95.612375 0.539000
95.612375 0.539000
95.612375 0.540000
95.612375 0.540000
95.612375 0.541000
95.612998 0.541000
95.612998 0.542000
95.612998 0.542000
95.612998 0.543000
95.613620 0.543000
95.613620 0.544000
95.613620 0.544000
95.613620 0.545000
95.614241 0.545000
95.614241 0.546000
95.614860 0.546000
95.614860 0.547000
95.614860 0.547000
95.614860 0.548000
95.615478 0.548000
95.615478 0.549000
95.616709 0.549000
95.616709 0.550000
95.617323 0.550000
95.617323 0.551000
95.617323 0.551000
95.617323 0.552000
95.617323 0.552000
95.617323 0.553000
95.617935 0.553000
95.617935 0.554000
95.619155 0.554000
95.619155 0.555000
95.619763 0.555000
95.619763 0.556000
95.619763 0.556000
95.619763 0.557000
95.619763 0.557000
95.619763 0.558000
95.620370 0.558000
95.620370 0.559000
95.620370 0.559000
95.620370 0.560000
95.621579 0.560000
95.621579 0.561000
95.621579 0.561000
95.621579 0.562000
95.622182 0.562000
95.622182 0.563000
95.622182 0.563000
95.622182 0.564000
95.622182 0.564000
95.622182 0.565000
95.622182 0.565000
95.622182 0.566000
95.623981 0.566000
95.623981 0.567000
95.623981 0.567000
95.623981 0.568000
95.624578 0.568000
95.624578 0.569000
95.624578 0.569000
95.624578 0.570000
95.624578 0.570000
95.624578 0.571000
95.624578 0.571000
95.624578 0.572000
95.626362 0.572000
95.626362 0.573000
95.626362 0.573000
95.626362 0.574000
95.626362 0.574000
95.626362 0.575000
95.627544 0.575000
95.627544 0.576000
95.628133 0.576000
95.628133 0.577000
95.628721 0.577000
95.628721 0.578000
95.628721 0.578000
95.628721 0.579000
95.629307 0.579000
95.629307 0.580000
95.629307 0.580000
95.629307 0.581000
95.629893 0.581000
95.629893 0.582000
95.629893 0.582000
95.629893 0.583000
95.629893 0.583000
95.629893 0.584000
95.629893 0.584000
95.629893 0.585000
95.630477 0.585000
95.630477 0.586000
95.630477 0.586000
95.630477 0.587000
95.630477 0.587000
95.630477 0.588000
95.631641 0.588000
95.631641 0.589000
95.631641 0.589000
95.631641 0.590000
95.632800 0.590000
95.632800 0.591000
95.632800 0.591000
95.632800 0.592000
95.633953 0.592000
95.633953 0.593000
95.633953 0.593000
95.633953 0.594000
95.633953 0.594000
95.633953 0.595000
95.634528 0.595000
95.634528 0.596000
95.635102 0.596000
95.635102 0.597000
95.635674 0.597000
95.635674 0.598000
95.635674 0.598000
95.635674 0.599000
95.636246 0.599000
95.636246 0.600000
95.636816 0.600000
95.636816 0.601000
95.636816 0.601000
95.636816 0.602000
95.638518 0.602000
95.638518 0.603000
95.638518 0.603000
95.638518 0.604000
95.638518 0.604000
95.638518 0.605000
95.638518 0.605000
95.638518 0.606000
95.640209 0.606000
95.640209 0.607000
95.640209 0.607000
95.640209 0.608000
95.641330 0.608000
95.641330 0.609000
95.641330 0.609000
95.641330 0.610000
95.641330 0.610000
95.641330 0.611000
95.641330 0.611000
95.641330 0.612000
95.641889 0.612000
95.641889 0.613000
95.641889 0.613000
95.641889 0.614000
95.643558 0.614000
95.643558 0.615000
95.643558 0.615000
95.643558 0.616000
95.645217 0.616000
95.645217 0.617000
95.645217 0.617000
95.645217 0.618000
95.645767 0.618000
95.645767 0.619000
95.645767 0.619000
95.645767 0.620000
95.646317 0.620000
95.646317 0.621000
95.646865 0.621000
95.646865 0.622000
95.646865 0.622000
95.646865 0.623000
95.647412 0.623000
95.647412 0.624000
95.648502 0.624000
95.648502 0.625000
95.649045 0.625000
95.649045 0.626000
95.649045 0.626000
95.649045 0.627000
95.649588 0.627000
95.649588 0.628000
95.649588 0.628000
95.649588 0.629000
95.649588 0.629000
95.649588 0.630000
95.649588 0.630000
95.649588 0.631000
95.650129 0.631000
95.650129 0.632000
95.650668 0.632000
95.650668 0.633000
95.650668 0.633000
95.650668 0.634000
95.651207 0.634000
95.651207 0.635000
95.652281 0.635000
95.652281 0.636000
95.653351 0.636000
95.653351 0.637000
95.653884 0.637000
95.653884 0.638000
95.653884 0.638000
95.653884 0.639000
95.654416 0.639000
95.654416 0.640000
95.655476 0.640000
95.655476 0.641000
95.656005 0.641000
95.656005 0.642000
95.657059 0.642000
95.657059 0.643000
95.657584 0.643000
95.657584 0.644000
95.658108 0.644000
95.658108 0.645000
95.658631 0.645000
95.658631 0.646000
95.659153 0.646000
95.659153 0.647000
95.659153 0.647000
95.659153 0.648000
95.659153 0.648000
95.659153 0.649000
95.661230 0.649000
95.661230 0.650000
95.661746 0.650000
95.661746 0.651000
95.662262 0.651000
95.662262 0.652000
95.662776 0.652000
95.662776 0.653000
95.662776 0.653000
95.662776 0.654000
95.663289 0.654000
95.663289 0.655000
95.663801 0.655000
95.663801 0.656000
95.663801 0.656000
95.663801 0.657000
95.664823 0.657000
95.664823 0.658000
95.664823 0.658000
95.664823 0.659000
95.665840 0.659000
95.665840 0.660000
95.667357 0.660000
95.667357 0.661000
95.667861 0.661000
95.667861 0.662000
95.667861 0.662000
95.667861 0.663000
95.668364 0.663000
95.668364 0.664000
95.669866 0.664000
95.669866 0.665000
95.670364 0.665000
95.670364 0.666000
95.670364 0.666000
95.670364 0.667000
95.671854 0.667000
95.671854 0.668000
95.674317 0.668000
95.674317 0.669000
95.674317 0.669000
95.674317 0.670000
95.676269 0.670000
95.676269 0.671000
95.680604 0.671000
95.680604 0.672000
97.469203 0.672000
97.469203 0.673000
97.614051 0.673000
97.614051 0.674000
97.995385 0.674000
97.995385 0.675000
98.000128 0.675000
98.000128 0.676000
98.004396 0.676000
98.004396 0.677000
98.023408 0.677000
98.023408 0.678000
98.041525 0.678000
98.041525 0.679000
98.076477 0.679000
98.076477 0.680000
98.076477 0.680000
98.076477 0.681000
98.076477 0.681000
98.076477 0.682000
98.076477 0.682000
98.076477 0.683000
98.080730 0.683000
98.080730 0.684000
98.080730 0.684000
98.080730 0.685000
98.080730 0.685000
98.080730 0.686000
98.080730 0.686000
98.080730 0.687000
98.080730 0.687000
98.080730 0.688000
98.080730 0.688000
98.080730 0.689000
98.084958 0.689000
98.084958 0.690000
98.084958 0.690000
98.084958 0.691000
98.089162 0.691000
98.089162 0.692000
98.089162 0.692000
98.089162 0.693000
98.089162 0.693000
98.089162 0.694000
98.089162 0.694000
98.089162 0.695000
98.097496 0.695000
98.097496 0.696000
98.097496 0.696000
98.097496 0.697000
98.101627 0.697000
98.101627 0.698000
98.101627 0.698000
98.101627 0.699000
98.101627 0.699000
98.101627 0.700000
98.105733 0.700000
98.105733 0.701000
98.109817 0.701000
98.109817 0.702000
98.109817 0.702000
98.109817 0.703000
98.109817 0.703000
98.109817 0.704000
98.109817 0.704000
98.109817 0.705000
98.109817 0.705000
98.109817 0.706000
98.113876 0.706000
98.113876 0.707000
98.113876 0.707000
98.113876 0.708000
98.113876 0.708000
98.113876 0.709000
98.113876 0.709000
98.113876 0.710000
98.117913 0.710000
98.117913 0.711000
98.121926 0.711000
98.121926 0.712000
98.121926 0.712000
98.121926 0.713000
98.129884 0.713000
98.129884 0.714000
98.137753 0.714000
98.137753 0.715000
98.137753 0.715000
98.137753 0.716000
98.141654 0.716000
98.141654 0.717000
98.141654 0.717000
98.141654 0.718000
98.157040 0.718000
98.157040 0.719000
98.157040 0.719000
98.157040 0.720000
98.157040 0.720000
98.157040 0.721000
98.160833 0.721000
98.160833 0.722000
98.164605 0.722000
98.164605 0.723000
98.172087 0.723000
98.172087 0.724000
98.190436 0.724000
98.190436 0.725000
98.194046 0.725000
98.194046 0.726000
98.194046 0.726000
98.194046 0.727000
98.197636 0.727000
98.197636 0.728000
98.204759 0.728000
98.204759 0.729000
98.204759 0.729000
98.204759 0.730000
98.211806 0.730000
98.211806 0.731000
98.229098 0.731000
98.229098 0.732000
98.281490 0.732000
98.281490 0.733000
98.382502 0.733000
98.382502 0.734000
98.382502 0.734000
98.382502 0.735000
98.447500 0.735000
98.447500 0.736000
98.509687 0.736000
98.509687 0.737000
99.341270 0.737000
99.341270 0.738000
99.563131 0.738000
99.563131 0.739000
100.004772 0.739000
100.004772 0.740000
100.013027 0.740000
100.013027 0.741000
100.042828 0.741000
100.042828 0.742000
100.059878 0.742000
100.059878 0.743000
100.065430 0.743000
100.065430 0.744000
100.067266 0.744000
100.067266 0.745000
100.070918 0.745000
100.070918 0.746000
100.074542 0.746000
100.074542 0.747000
100.079927 0.747000
100.079927 0.748000
100.081708 0.748000
100.081708 0.749000
100.087012 0.749000
100.087012 0.750000
100.097442 0.750000
100.097442 0.751000
100.097442 0.751000
100.097442 0.752000
100.117619 0.752000
100.117619 0.753000
100.132184 0.753000
100.132184 0.754000
100.156950 0.754000
100.156950 0.755000
100.168824 0.755000
100.168824 0.756000
100.171741 0.756000
100.171741 0.757000
100.181798 0.757000
100.181798 0.758000
100.231234 0.758000
100.231234 0.759000
100.232489 0.759000
100.232489 0.760000
100.260304 0.760000
100.260304 0.761000
100.291630 0.761000
100.291630 0.762000
100.304281 0.762000
100.304281 0.763000
100.938194 0.763000
100.938194 0.764000
101.406980 0.764000
101.406980 0.765000
101.453159 0.765000
101.453159 0.766000
101.507927 0.766000
101.507927 0.767000
101.526488 0.767000
101.526488 0.768000
101.817547 0.768000
101.817547 0.769000
101.868619 0.769000
101.868619 0.770000
101.924447 0.770000
101.924447 0.771000
101.988157 0.771000
101.988157 0.772000
102.064303 0.772000
102.064303 0.773000
102.256609 0.773000
102.256609 0.774000
102.262008 0.774000
102.262008 0.775000
102.279887 0.775000
102.279887 0.776000
102.285626 0.776000
102.285626 0.777000
102.307999 0.777000
102.307999 0.778000
102.324858 0.778000
102.324858 0.779000
102.327824 0.779000
102.327824 0.780000
102.348277 0.780000
102.348277 0.781000
102.351470 0.781000
102.351470 0.782000
102.413855 0.782000
102.413855 0.783000
102.419812 0.783000
102.419812 0.784000
102.429088 0.784000
102.429088 0.785000
102.434641 0.785000
102.434641 0.786000
102.441328 0.786000
102.441328 0.787000
102.444576 0.787000
102.444576 0.788000
102.445664 0.788000
102.445664 0.789000
102.446749 0.789000
102.446749 0.790000
102.448908 0.790000
102.448908 0.791000
102.470849 0.791000
102.470849 0.792000
102.472871 0.792000
102.472871 0.793000
102.473877 0.793000
102.473877 0.794000
102.479858 0.794000
102.479858 0.795000
102.480845 0.795000
102.480845 0.796000
102.480845 0.796000
102.480845 0.797000
102.484767 0.797000
102.484767 0.798000
102.485740 0.798000
102.485740 0.799000
102.489607 0.799000
102.489607 0.800000
102.494382 0.800000
102.494382 0.801000
102.500026 0.801000
102.500026 0.802000
102.501887 0.802000
102.501887 0.803000
102.504660 0.803000
102.504660 0.804000
102.511945 0.804000
102.511945 0.805000
102.513743 0.805000
102.513743 0.806000
102.522587 0.806000
102.522587 0.807000
102.522587 0.807000
102.522587 0.808000
102.528642 0.808000
102.528642 0.809000
102.530352 0.809000
102.530352 0.810000
102.532053 0.810000
102.532053 0.811000
102.532900 0.811000
102.532900 0.812000
102.537937 0.812000
102.537937 0.813000
102.542076 0.813000
102.542076 0.814000
102.545350 0.814000
102.545350 0.815000
102.550198 0.815000
102.550198 0.816000
102.552595 0.816000
102.552595 0.817000
102.553390 0.817000
102.553390 0.818000
102.556551 0.818000
102.556551 0.819000
102.558900 0.819000
102.558900 0.820000
102.559680 0.820000
102.559680 0.821000
102.559680 0.821000
102.559680 0.822000
102.562778 0.822000
102.562778 0.823000
102.564315 0.823000
102.564315 0.824000
102.565845 0.824000
102.565845 0.825000
102.566608 0.825000
102.566608 0.826000
102.567368 0.826000
102.567368 0.827000
102.570391 0.827000
102.570391 0.828000
102.571142 0.828000
102.571142 0.829000
102.572639 0.829000
102.572639 0.830000
102.573385 0.830000
102.573385 0.831000
102.575611 0.831000
102.575611 0.832000
102.581470 0.832000
102.581470 0.833000
102.583638 0.833000
102.583638 0.834000
102.583638 0.834000
102.583638 0.835000
102.585075 0.835000
102.585075 0.836000
102.585791 0.836000
102.585791 0.837000
102.587218 0.837000
102.587218 0.838000
102.588638 0.838000
102.588638 0.839000
102.592159 0.839000
102.592159 0.840000
102.592159 0.840000
102.592159 0.841000
102.592858 0.841000
102.592858 0.842000
102.597019 0.842000
102.597019 0.843000
102.598393 0.843000
102.598393 0.844000
102.603826 0.844000
102.603826 0.845000
102.614398 0.845000
102.614398 0.846000
102.615046 0.846000
102.615046 0.847000
102.617624 0.847000
102.617624 0.848000
102.618904 0.848000
102.618904 0.849000
102.627707 0.849000
102.627707 0.850000
102.968984 0.850000
102.968984 0.851000
103.134196 0.851000
103.134196 0.852000
103.230791 0.852000
103.230791 0.853000
103.330674 0.853000
103.330674 0.854000
103.332847 0.854000
103.332847 0.855000
103.339310 0.855000
103.339310 0.856000
103.339310 0.856000
103.339310 0.857000
103.364884 0.857000
103.364884 0.858000
103.385860 0.858000
103.385860 0.859000
103.429357 0.859000
103.429357 0.860000
103.435498 0.860000
103.435498 0.861000
103.475356 0.861000
103.475356 0.862000
103.523013 0.862000
103.523013 0.863000
103.586473 0.863000
103.586473 0.864000
104.789204 0.864000
104.789204 0.865000
104.828397 0.865000
104.828397 0.866000
104.839061 0.866000
104.839061 0.867000
104.839061 0.867000
104.839061 0.868000
104.849512 0.868000
104.849512 0.869000
104.851578 0.869000
104.851578 0.870000
104.863800 0.870000
104.863800 0.871000
104.865809 0.871000
104.865809 0.872000
104.873766 0.872000
104.873766 0.873000
104.877699 0.873000
104.877699 0.874000
104.879654 0.874000
104.879654 0.875000
104.885473 0.875000
104.885473 0.876000
104.885473 0.876000
104.885473 0.877000
104.885473 0.877000
104.885473 0.878000
104.893129 0.878000
104.893129 0.879000
104.906249 0.879000
104.906249 0.880000
104.913592 0.880000
104.913592 0.881000
104.936717 0.881000
104.936717 0.882000
104.957109 0.882000
104.957109 0.883000
104.963714 0.883000
104.963714 0.884000
104.996906 0.884000
104.996906 0.885000
105.442397 0.885000
105.442397 0.886000
105.734777 0.886000
105.734777 0.887000
105.747389 0.887000
105.747389 0.888000
106.117222 0.888000
106.117222 0.889000
106.332728 0.889000
106.332728 0.890000
106.725039 0.890000
106.725039 0.891000
106.731641 0.891000
106.731641 0.892000
106.996764 0.892000
106.996764 0.893000
107.018345 0.893000
107.018345 0.894000
107.163381 0.894000
107.163381 0.895000
107.247244 0.895000
107.247244 0.896000
107.353634 0.896000
107.353634 0.897000
107.396150 0.897000
107.396150 0.898000
107.399395 0.898000
107.399395 0.899000
107.414378 0.899000
107.414378 0.900000
107.415148 0.900000
107.415148 0.901000
107.436689 0.901000
107.436689 0.902000
107.440258 0.902000
107.440258 0.903000
107.442379 0.903000
107.442379 0.904000
107.462154 0.904000
107.462154 0.905000
107.491356 0.905000
107.491356 0.906000
107.978661 0.906000
107.978661 0.907000
108.156532 0.907000
108.156532 0.908000
108.178495 0.908000
108.178495 0.909000
108.197524 0.909000
108.197524 0.910000
108.241324 0.910000
108.241324 0.911000
108.265540 0.911000
108.265540 0.912000
108.276330 0.912000
108.276330 0.913000
108.860787 0.913000
108.860787 0.914000
108.947463 0.914000
108.947463 0.915000
109.393944 0.915000
109.393944 0.916000
109.415412 0.916000
109.415412 0.917000
109.430151 0.917000
109.430151 0.918000
109.436762 0.918000
109.436762 0.919000
109.444617 0.919000
109.444617 0.920000
109.450132 0.920000
109.450132 0.921000
109.459865 0.921000
109.459865 0.922000
109.461995 0.922000
109.461995 0.923000
109.466218 0.923000
109.466218 0.924000
109.473497 0.924000
109.473497 0.925000
109.473497 0.925000
109.473497 0.926000
109.473883 0.926000
109.473883 0.927000
109.477594 0.927000
109.477594 0.928000
109.477594 0.928000
109.477594 0.929000
109.480637 0.929000
109.480637 0.930000
109.483656 0.930000
109.483656 0.931000
109.483656 0.931000
109.483656 0.932000
109.488632 0.932000
109.488632 0.933000
109.489619 0.933000
109.489619 0.934000
109.491586 0.934000
109.491586 0.935000
109.492565 0.935000
109.492565 0.936000
109.492565 0.936000
109.492565 0.937000
109.493542 0.937000
109.493542 0.938000
109.494516 0.938000
109.494516 0.939000
109.494516 0.939000
109.494516 0.940000
109.495487 0.940000
109.495487 0.941000
109.497422 0.941000
109.497422 0.942000
109.497422 0.942000
109.497422 0.943000
109.499347 0.943000
109.499347 0.944000
109.499347 0.944000
109.499347 0.945000
109.499347 0.945000
109.499347 0.946000
109.501262 0.946000
109.501262 0.947000
109.505061 0.947000
109.505061 0.948000
109.505061 0.948000
109.505061 0.949000
109.506945 0.949000
109.506945 0.950000
109.507884 0.950000
109.507884 0.951000
109.509753 0.951000
109.509753 0.952000
109.511613 0.952000
109.511613 0.953000
109.512540 0.953000
109.512540 0.954000
109.516221 0.954000
109.516221 0.955000
109.525258 0.955000
109.525258 0.956000
109.527038 0.956000
109.527038 0.957000
109.527925 0.957000
109.527925 0.958000
109.533196 0.958000
109.533196 0.959000
109.535802 0.959000
109.535802 0.960000
109.544348 0.960000
109.544348 0.961000
109.559403 0.961000
109.559403 0.962000
109.619812 0.962000
109.619812 0.963000
109.711534 0.963000
109.711534 0.964000
109.902649 0.964000
109.902649 0.965000
111.724438 0.965000
111.724438 0.966000
112.334556 0.966000
112.334556 0.967000
112.992181 0.967000
112.992181 0.968000
113.027314 0.968000
113.027314 0.969000
113.722773 0.969000
113.722773 0.970000
113.732831 0.970000
113.732831 0.971000
114.268856 0.971000
114.268856 0.972000
114.276463 0.972000
114.276463 0.973000
114.303379 0.973000
114.303379 0.974000
114.328565 0.974000
114.328565 0.975000
115.809129 0.975000
115.809129 0.976000
115.899038 0.976000
115.899038 0.977000
116.455050 0.977000
116.455050 0.978000
116.558010 0.978000
116.558010 0.979000
117.961515 0.979000
117.961515 0.980000
118.427634 0.980000
118.427634 0.981000
119.250166 0.981000
119.250166 0.982000
120.739312 0.982000
120.739312 0.983000
121.266184 0.983000
121.266184 0.984000
121.309883 0.984000
121.309883 0.985000
124.576375 0.985000
124.576375 0.986000
124.674080 0.986000
124.674080 0.987000
124.682528 0.987000
124.682528 0.988000
126.649131 0.988000
126.649131 0.989000
127.597897 0.989000
127.597897 0.990000
127.617535 0.990000
127.617535 0.991000
127.869458 0.991000
127.869458 0.992000
129.470481 0.992000
129.470481 0.993000
130.126645 0.993000
130.126645 0.994000
132.365630 0.994000
132.365630 0.995000
134.817544 0.995000
134.817544 0.996000
141.702856 0.996000
141.702856 0.997000
171.395348 0.997000
171.395348 0.998000
190.321684 0.998000
190.321684 0.999000
196.376182 0.999000
196.376182 1.000000
