2123.439820 0.000000
2123.439820 0.001000
2274.965075 0.001000
2274.965075 0.002000
2394.744615 0.002000
2394.744615 0.003000
2646.676094 0.003000
2646.676094 0.004000
3140.598647 0.004000
3140.598647 0.005000
3163.030394 0.005000
3163.030394 0.006000
3267.072187 0.006000
3267.072187 0.007000
3284.391758 0.007000
3284.391758 0.008000
3293.112231 0.008000
3293.112231 0.009000
3294.928713 0.009000
3294.928713 0.010000
3308.544190 0.010000
3308.544190 0.011000
3336.203566 0.011000
3336.203566 0.012000
3356.048534 0.012000
3356.048534 0.013000
3380.036586 0.013000
3380.036586 0.014000
3419.163581 0.014000
3419.163581 0.015000
3431.577944 0.015000
3431.577944 0.016000
3432.136011 0.016000
3432.136011 0.017000
3435.646571 0.017000
3435.646571 0.018000
3449.217857 0.018000
3449.217857 0.019000
3460.934479 0.019000
3460.934479 0.020000
3466.050398 0.020000
3466.050398 0.021000
3476.034252 0.021000
3476.034252 0.022000
3479.937422 0.022000
3479.937422 0.023000
3483.343720 0.023000
3483.343720 0.024000
3484.995803 0.024000
3484.995803 0.025000
3497.855045 0.025000
3497.855045 0.026000
3497.909435 0.026000
3497.909435 0.027000
3499.250726 0.027000
3499.250726 0.028000
3499.637605 0.028000
3499.637605 0.029000
3501.855358 0.029000
3501.855358 0.030000
3502.557405 0.030000
3502.557405 0.031000
3504.220275 0.031000
3504.220275 0.032000
3505.969098 0.032000
3505.969098 0.033000
3507.671077 0.033000
3507.671077 0.034000
3508.106234 0.034000
3508.106234 0.035000
3509.377369 0.035000
3509.377369 0.036000
3509.615902 0.036000
3509.615902 0.037000
3510.326528 0.037000
3510.326528 0.038000
3510.425300 0.038000
3510.425300 0.039000
3513.905066 0.039000
3513.905066 0.040000
3515.666682 0.040000
3515.666682 0.041000
3519.408308 0.041000
3519.408308 0.042000
3525.055092 0.042000
3525.055092 0.043000
3526.208681 0.043000
3526.208681 0.044000
3528.678368 0.044000
3528.678368 0.045000
3528.815042 0.045000
3528.815042 0.046000
3531.689452 0.046000
3531.689452 0.047000
3532.081163 0.047000
3532.081163 0.048000
3532.502834 0.048000
3532.502834 0.049000
3532.738813 0.049000
3532.738813 0.050000
3534.443535 0.050000
3534.443535 0.051000
3535.367223 0.051000
3535.367223 0.052000
3537.233066 0.052000
3537.233066 0.053000
3538.905223 0.053000
3538.905223 0.054000
3539.512094 0.054000
3539.512094 0.055000
3542.762685 0.055000
3542.762685 0.056000
3544.356617 0.056000
3544.356617 0.057000
3545.558099 0.057000
3545.558099 0.058000
3545.928836 0.058000
3545.928836 0.059000
3547.004180 0.059000
3547.004180 0.060000
3547.424004 0.060000
3547.424004 0.061000
3549.244152 0.061000
3549.244152 0.062000
3549.826913 0.062000
3549.826913 0.063000
3550.018618 0.063000
3550.018618 0.064000
3550.398281 0.064000
3550.398281 0.065000
3551.219235 0.065000
3551.219235 0.066000
3551.508152 0.066000
3551.508152 0.067000
3551.689006 0.067000
3551.689006 0.068000
3552.420977 0.068000
3552.420977 0.069000
3552.849696 0.069000
3552.849696 0.070000
3552.957393 0.070000
3552.957393 0.071000
3553.364334 0.071000
3553.364334 0.072000
3554.213088 0.072000
3554.213088 0.073000
3554.376302 0.073000
3554.376302 0.074000
3554.617227 0.074000
3554.617227 0.075000
3559.020544 0.075000
3559.020544 0.076000
3559.149560 0.076000
3559.149560 0.077000
3560.054080 0.077000
3560.054080 0.078000
3560.744731 0.078000
3560.744731 0.079000
3562.753650 0.079000
3562.753650 0.080000
3563.781355 0.080000
3563.781355 0.081000
3563.781355 0.081000
3563.781355 0.082000
3567.686655 0.082000
3567.686655 0.083000
3568.463917 0.083000
3568.463917 0.084000
3568.643330 0.084000
3568.643330 0.085000
3570.284145 0.085000
3570.284145 0.086000
3571.127698 0.086000
3571.127698 0.087000
3571.517285 0.087000
3571.517285 0.088000
3573.099211 0.088000
3573.099211 0.089000
3573.536802 0.089000
3573.536802 0.090000
3574.592609 0.090000
3574.592609 0.091000
3575.487168 0.091000
3575.487168 0.092000
3575.947414 0.092000
3575.947414 0.093000
3578.504555 0.093000
3578.504555 0.094000
3579.027703 0.094000
3579.027703 0.095000
3579.780896 0.095000
3579.780896 0.096000
3581.391327 0.096000
3581.391327 0.097000
3581.398755 0.097000
3581.398755 0.098000
3581.774311 0.098000
3581.774311 0.099000
3585.459575 0.099000
3585.459575 0.100000
3585.485150 0.100000
3585.485150 0.101000
3585.644264 0.101000
3585.644264 0.102000
3585.809120 0.102000
3585.809120 0.103000
3587.640582 0.103000
3587.640582 0.104000
3590.037615 0.104000
3590.037615 0.105000
3590.252363 0.105000
3590.252363 0.106000
3591.053457 0.106000
3591.053457 0.107000
3591.718271 0.107000
3591.718271 0.108000
3592.776846 0.108000
3592.776846 0.109000
3592.873034 0.109000
3592.873034 0.110000
3593.169042 0.110000
3593.169042 0.111000
3593.947514 0.111000
3593.947514 0.112000
3593.956134 0.112000
3593.956134 0.113000
3595.018943 0.113000
3595.018943 0.114000
3595.268673 0.114000
3595.268673 0.115000
3595.902800 0.115000
3595.902800 0.116000
3596.150687 0.116000
3596.150687 0.117000
3596.423261 0.117000
3596.423261 0.118000
3596.919281 0.118000
3596.919281 0.119000
3601.636210 0.119000
3601.636210 0.120000
3601.916306 0.120000
3601.916306 0.121000
3605.078971 0.121000
3605.078971 0.122000
3607.256693 0.122000
3607.256693 0.123000
3607.830744 0.123000
3607.830744 0.124000
3608.590404 0.124000
3608.590404 0.125000
3609.385028 0.125000
3609.385028 0.126000
3610.165242 0.126000
3610.165242 0.127000
3611.828478 0.127000
3611.828478 0.128000
3611.828478 0.128000
3611.828478 0.129000
3611.828478 0.129000
3611.828478 0.130000
3612.618873 0.130000
3612.618873 0.131000
3612.671814 0.131000
3612.671814 0.132000
3612.957420 0.132000
3612.957420 0.133000
3613.367899 0.133000
3613.367899 0.134000
3613.798119 0.134000
3613.798119 0.135000
3613.837538 0.135000
3613.837538 0.136000
3614.009195 0.136000
3614.009195 0.137000
3614.517092 0.137000
3614.517092 0.138000
3614.682204 0.138000
3614.682204 0.139000
3614.877276 0.139000
3614.877276 0.140000
3614.961153 0.140000
3614.961153 0.141000
3616.014692 0.141000
3616.014692 0.142000
3616.567147 0.142000
3616.567147 0.143000
3619.110894 0.143000
3619.110894 0.144000
3619.200820 0.144000
3619.200820 0.145000
3623.321035 0.145000
3623.321035 0.146000
3623.735864 0.146000
3623.735864 0.147000
3623.892931 0.147000
3623.892931 0.148000
3624.605118 0.148000
3624.605118 0.149000
3625.314684 0.149000
3625.314684 0.150000
3626.453737 0.150000
3626.453737 0.151000
3626.867353 0.151000
3626.867353 0.152000
3627.118179 0.152000
3627.118179 0.153000
3627.118179 0.153000
3627.118179 0.154000
3627.553501 0.154000
3627.553501 0.155000
3627.672609 0.155000
3627.672609 0.156000
3628.138016 0.156000
3628.138016 0.157000
3628.615976 0.157000
3628.615976 0.158000
3628.824163 0.158000
3628.824163 0.159000
3629.102946 0.159000
3629.102946 0.160000
3629.440365 0.160000
3629.440365 0.161000
3629.440365 0.161000
3629.440365 0.162000
3630.636395 0.162000
3630.636395 0.163000
3630.636395 0.163000
3630.636395 0.164000
3631.437180 0.164000
3631.437180 0.165000
3632.422726 0.165000
3632.422726 0.166000
3633.072922 0.166000
3633.072922 0.167000
3633.213217 0.167000
3633.213217 0.168000
3634.167397 0.168000
3634.167397 0.169000
3634.458657 0.169000
3634.458657 0.170000
3634.585062 0.170000
3634.585062 0.171000
3634.984169 0.171000
3634.984169 0.172000
3636.275130 0.172000
3636.275130 0.173000
3636.679095 0.173000
3636.679095 0.174000
3636.977435 0.174000
3636.977435 0.175000
3637.498167 0.175000
3637.498167 0.176000
3638.085919 0.176000
3638.085919 0.177000
3638.288232 0.177000
3638.288232 0.178000
3638.340816 0.178000
3638.340816 0.179000
3639.875620 0.179000
3639.875620 0.180000
3640.155002 0.180000
3640.155002 0.181000
3640.513391 0.181000
3640.513391 0.182000
3640.625976 0.182000
3640.625976 0.183000
3640.700522 0.183000
3640.700522 0.184000
3640.752689 0.184000
3640.752689 0.185000
3641.073585 0.185000
3641.073585 0.186000
3641.319961 0.186000
3641.319961 0.187000
3641.490804 0.187000
3641.490804 0.188000
3641.664826 0.188000
3641.664826 0.189000
3641.665882 0.189000
3641.665882 0.190000
3641.723039 0.190000
3641.723039 0.191000
3641.997119 0.191000
3641.997119 0.192000
3642.718434 0.192000
3642.718434 0.193000
3644.111641 0.193000
3644.111641 0.194000
3644.890243 0.194000
3644.890243 0.195000
3645.692214 0.195000
3645.692214 0.196000
3646.156385 0.196000
3646.156385 0.197000
3646.396096 0.197000
3646.396096 0.198000
3646.510973 0.198000
3646.510973 0.199000
3647.255589 0.199000
3647.255589 0.200000
3647.702724 0.200000
3647.702724 0.201000
3647.818271 0.201000
3647.818271 0.202000
3647.837164 0.202000
3647.837164 0.203000
3650.759207 0.203000
3650.759207 0.204000
3650.848191 0.204000
3650.848191 0.205000
3651.042960 0.205000
3651.042960 0.206000
3651.071658 0.206000
3651.071658 0.207000
3652.165298 0.207000
3652.165298 0.208000
3652.463201 0.208000
3652.463201 0.209000
3653.137149 0.209000
3653.137149 0.210000
3654.010631 0.210000
3654.010631 0.211000
3654.393802 0.211000
3654.393802 0.212000
3654.536968 0.212000
3654.536968 0.213000
3654.633077 0.213000
3654.633077 0.214000
3654.656190 0.214000
3654.656190 0.215000
3655.180148 0.215000
3655.180148 0.216000
3655.330435 0.216000
3655.330435 0.217000
3655.878274 0.217000
3655.878274 0.218000
3656.104561 0.218000
3656.104561 0.219000
3656.449953 0.219000
3656.449953 0.220000
3656.601924 0.220000
3656.601924 0.221000
3657.289871 0.221000
3657.289871 0.222000
3657.461463 0.222000
3657.461463 0.223000
3657.487081 0.223000
3657.487081 0.224000
3657.632009 0.224000
3657.632009 0.225000
3658.137461 0.225000
3658.137461 0.226000
3658.863713 0.226000
3658.863713 0.227000
3659.328660 0.227000
3659.328660 0.228000
3659.341046 0.228000
3659.341046 0.229000
3660.017656 0.229000
3660.017656 0.230000
3660.729397 0.230000
3660.729397 0.231000
3660.797826 0.231000
3660.797826 0.232000
3661.125897 0.232000
3661.125897 0.233000
3661.680366 0.233000
3661.680366 0.234000
3661.815284 0.234000
3661.815284 0.235000
3662.408155 0.235000
3662.408155 0.236000
3663.295393 0.236000
3663.295393 0.237000
3663.691133 0.237000
3663.691133 0.238000
3664.865430 0.238000
3664.865430 0.239000
3664.865430 0.239000
3664.865430 0.240000
3665.593725 0.240000
3665.593725 0.241000
3665.805393 0.241000
3665.805393 0.242000
3666.076367 0.242000
3666.076367 0.243000
3666.217816 0.243000
3666.217816 0.244000
3666.952815 0.244000
3666.952815 0.245000
3667.023600 0.245000
3667.023600 0.246000
3667.027776 0.246000
3667.027776 0.247000
3667.332462 0.247000
3667.332462 0.248000
3667.474353 0.248000
3667.474353 0.249000
3667.772933 0.249000
3667.772933 0.250000
3669.056531 0.250000
3669.056531 0.251000
3669.819114 0.251000
3669.819114 0.252000
3670.202815 0.252000
3670.202815 0.253000
3670.286658 0.253000
3670.286658 0.254000
3670.728638 0.254000
3670.728638 0.255000
3670.923824 0.255000
3670.923824 0.256000
3672.198775 0.256000
3672.198775 0.257000
3672.242483 0.257000
3672.242483 0.258000
3672.317284 0.258000
3672.317284 0.259000
3672.332395 0.259000
3672.332395 0.260000
3672.332395 0.260000
3672.332395 0.261000
3672.559708 0.261000
3672.559708 0.262000
3672.559708 0.262000
3672.559708 0.263000
3672.736352 0.263000
3672.736352 0.264000
3673.028761 0.264000
3673.028761 0.265000
3673.259781 0.265000
3673.259781 0.266000
3673.364254 0.266000
3673.364254 0.267000
3673.965899 0.267000
3673.965899 0.268000
3674.815980 0.268000
3674.815980 0.269000
3675.024264 0.269000
3675.024264 0.270000
3676.115362 0.270000
3676.115362 0.271000
3677.526794 0.271000
3677.526794 0.272000
3678.030316 0.272000
3678.030316 0.273000
3678.408337 0.273000
3678.408337 0.274000
3678.610588 0.274000
3678.610588 0.275000
3678.859830 0.275000
3678.859830 0.276000
3678.865101 0.276000
3678.865101 0.277000
3679.046075 0.277000
3679.046075 0.278000
3679.505486 0.278000
3679.505486 0.279000
3679.620729 0.279000
3679.620729 0.280000
3680.453855 0.280000
3680.453855 0.281000
3680.722400 0.281000
3680.722400 0.282000
3681.321709 0.282000
3681.321709 0.283000
3681.355269 0.283000
3681.355269 0.284000
3681.706654 0.284000
3681.706654 0.285000
3682.577880 0.285000
3682.577880 0.286000
3682.688375 0.286000
3682.688375 0.287000
3682.701533 0.287000
3682.701533 0.288000
3682.807598 0.288000
3682.807598 0.289000
3683.316003 0.289000
3683.316003 0.290000
3683.574066 0.290000
3683.574066 0.291000
3683.586091 0.291000
3683.586091 0.292000
3683.777392 0.292000
3683.777392 0.293000
3684.305121 0.293000
3684.305121 0.294000
3685.423741 0.294000
3685.423741 0.295000
3685.503833 0.295000
3685.503833 0.296000
3685.584558 0.296000
3685.584558 0.297000
3685.584558 0.297000
3685.584558 0.298000
3685.937909 0.298000
3685.937909 0.299000
3686.741906 0.299000
3686.741906 0.300000
3686.959459 0.300000
3686.959459 0.301000
3687.258673 0.301000
3687.258673 0.302000
3687.591587 0.302000
3687.591587 0.303000
3687.625570 0.303000
3687.625570 0.304000
3688.062037 0.304000
3688.062037 0.305000
3688.062037 0.305000
3688.062037 0.306000
3688.106164 0.306000
3688.106164 0.307000
3688.705639 0.307000
3688.705639 0.308000
3689.127482 0.308000
3689.127482 0.309000
3689.336280 0.309000
3689.336280 0.310000
3690.560210 0.310000
3690.560210 0.311000
3690.560210 0.311000
3690.560210 0.312000
3690.656862 0.312000
3690.656862 0.313000
3690.759516 0.313000
3690.759516 0.314000
3690.833272 0.314000
3690.833272 0.315000
3691.154230 0.315000
3691.154230 0.316000
3691.154230 0.316000
3691.154230 0.317000
3691.154230 0.317000
3691.154230 0.318000
3691.222089 0.318000
3691.222089 0.319000
3691.546479 0.319000
3691.546479 0.320000
3691.736751 0.320000
3691.736751 0.321000
3692.417153 0.321000
3692.417153 0.322000
3693.031309 0.322000
3693.031309 0.323000
3693.789507 0.323000
3693.789507 0.324000
3694.004334 0.324000
3694.004334 0.325000
3694.291682 0.325000
3694.291682 0.326000
3694.312512 0.326000
3694.312512 0.327000
3694.406687 0.327000
3694.406687 0.328000
3694.457653 0.328000
3694.457653 0.329000
3694.509884 0.329000
3694.509884 0.330000
3695.212248 0.330000
3695.212248 0.331000
3695.290315 0.331000
3695.290315 0.332000
3695.455788 0.332000
3695.455788 0.333000
3695.485485 0.333000
3695.485485 0.334000
3696.335241 0.334000
3696.335241 0.335000
3696.912165 0.335000
3696.912165 0.336000
3697.141200 0.336000
3697.141200 0.337000
3697.393067 0.337000
3697.393067 0.338000
3697.598302 0.338000
3697.598302 0.339000
3697.915335 0.339000
3697.915335 0.340000
3697.981054 0.340000
3697.981054 0.341000
3698.482127 0.341000
3698.482127 0.342000
3698.567499 0.342000
3698.567499 0.343000
3698.697562 0.343000
3698.697562 0.344000
3699.214200 0.344000
3699.214200 0.345000
3699.827789 0.345000
3699.827789 0.346000
3699.873951 0.346000
3699.873951 0.347000
3700.153508 0.347000
3700.153508 0.348000
3700.912832 0.348000
3700.912832 0.349000
3701.388192 0.349000
3701.388192 0.350000
3702.062909 0.350000
3702.062909 0.351000
3702.235811 0.351000
3702.235811 0.352000
3702.235811 0.352000
3702.235811 0.353000
3702.277651 0.353000
3702.277651 0.354000
3702.402107 0.354000
3702.402107 0.355000
3702.402107 0.355000
3702.402107 0.356000
3702.864867 0.356000
3702.864867 0.357000
3703.889373 0.357000
3703.889373 0.358000
3704.356372 0.358000
3704.356372 0.359000
3704.409524 0.359000
3704.409524 0.360000
3704.868064 0.360000
3704.868064 0.361000
3705.167425 0.361000
3705.167425 0.362000
3705.332094 0.362000
3705.332094 0.363000
3705.352878 0.363000
3705.352878 0.364000
3705.721912 0.364000
3705.721912 0.365000
3705.953822 0.365000
3705.953822 0.366000
3706.055041 0.366000
3706.055041 0.367000
3706.571548 0.367000
3706.571548 0.368000
3706.735028 0.368000
3706.735028 0.369000
3708.591862 0.369000
3708.591862 0.370000
3708.762386 0.370000
3708.762386 0.371000
3708.998346 0.371000
3708.998346 0.372000
3709.502325 0.372000
3709.502325 0.373000
3709.964011 0.373000
3709.964011 0.374000
3710.098259 0.374000
3710.098259 0.375000
3710.580781 0.375000
3710.580781 0.376000
3710.874768 0.376000
3710.874768 0.377000
3711.565868 0.377000
3711.565868 0.378000
3711.990930 0.378000
3711.990930 0.379000
3712.024653 0.379000
3712.024653 0.380000
3712.170934 0.380000
3712.170934 0.381000
3712.402971 0.381000
3712.402971 0.382000
3712.723834 0.382000
3712.723834 0.383000
3712.877908 0.383000
3712.877908 0.384000
3713.112849 0.384000
3713.112849 0.385000
3713.973562 0.385000
3713.973562 0.386000
3714.098600 0.386000
3714.098600 0.387000
3714.262991 0.387000
3714.262991 0.388000
3714.393059 0.388000
3714.393059 0.389000
3716.008451 0.389000
3716.008451 0.390000
3716.334143 0.390000
3716.334143 0.391000
3716.550033 0.391000
3716.550033 0.392000
3716.674730 0.392000
3716.674730 0.393000
3717.280055 0.393000
3717.280055 0.394000
3718.176842 0.394000
3718.176842 0.395000
3718.195377 0.395000
3718.195377 0.396000
3718.488826 0.396000
3718.488826 0.397000
3718.881315 0.397000
3718.881315 0.398000
3719.840658 0.398000
3719.840658 0.399000
3719.840658 0.399000
3719.840658 0.400000
3720.028872 0.400000
3720.028872 0.401000
3720.401735 0.401000
3720.401735 0.402000
3720.710002 0.402000
3720.710002 0.403000
3720.717625 0.403000
3720.717625 0.404000
3720.762552 0.404000
3720.762552 0.405000
3720.769921 0.405000
3720.769921 0.406000
3721.133518 0.406000
3721.133518 0.407000
3721.313623 0.407000
3721.313623 0.408000
3721.313623 0.408000
3721.313623 0.409000
3721.629834 0.409000
3721.629834 0.410000
3721.670496 0.410000
3721.670496 0.411000
3721.742121 0.411000
3721.742121 0.412000
3721.809349 0.412000
3721.809349 0.413000
3722.197618 0.413000
3722.197618 0.414000
3722.371183 0.414000
3722.371183 0.415000
3722.420426 0.415000
3722.420426 0.416000
3722.590782 0.416000
3722.590782 0.417000
3723.018156 0.417000
3723.018156 0.418000
3723.054981 0.418000
3723.054981 0.419000
3723.536746 0.419000
3723.536746 0.420000
3723.722496 0.420000
3723.722496 0.421000
3723.886544 0.421000
3723.886544 0.422000
3724.325708 0.422000
3724.325708 0.423000
3724.351258 0.423000
3724.351258 0.424000
3724.650648 0.424000
3724.650648 0.425000
3724.792376 0.425000
3724.792376 0.426000
3724.807578 0.426000
3724.807578 0.427000
3725.049066 0.427000
3725.049066 0.428000
3725.528075 0.428000
3725.528075 0.429000
3726.325092 0.429000
3726.325092 0.430000
3726.439922 0.430000
3726.439922 0.431000
3726.447280 0.431000
3726.447280 0.432000
3726.513846 0.432000
3726.513846 0.433000
3726.589210 0.433000
3726.589210 0.434000
3726.719272 0.434000
3726.719272 0.435000
3727.341561 0.435000
3727.341561 0.436000
3727.852537 0.436000
3727.852537 0.437000
3728.085802 0.437000
3728.085802 0.438000
3728.248621 0.438000
3728.248621 0.439000
3728.728684 0.439000
3728.728684 0.440000
3728.740537 0.440000
3728.740537 0.441000
3728.794746 0.441000
3728.794746 0.442000
3728.846592 0.442000
3728.846592 0.443000
3728.971243 0.443000
3728.971243 0.444000
3729.396513 0.444000
3729.396513 0.445000
3729.671211 0.445000
3729.671211 0.446000
3729.671211 0.446000
3729.671211 0.447000
3729.811596 0.447000
3729.811596 0.448000
3730.485222 0.448000
3730.485222 0.449000
3730.641396 0.449000
3730.641396 0.450000
3730.813695 0.450000
3730.813695 0.451000
3730.917006 0.451000
3730.917006 0.452000
3731.028533 0.452000
3731.028533 0.453000
3731.064413 0.453000
3731.064413 0.454000
3731.685158 0.454000
3731.685158 0.455000
3732.703122 0.455000
3732.703122 0.456000
3732.872885 0.456000
3732.872885 0.457000
3733.181847 0.457000
3733.181847 0.458000
3733.337129 0.458000
3733.337129 0.459000
3733.376771 0.459000
3733.376771 0.460000
3733.391624 0.460000
3733.391624 0.461000
3733.420575 0.461000
3733.420575 0.462000
3733.625331 0.462000
3733.625331 0.463000
3733.708557 0.463000
3733.708557 0.464000
3733.728395 0.464000
3733.728395 0.465000
3733.928614 0.465000
3733.928614 0.466000
3734.122159 0.466000
3734.122159 0.467000
3734.362410 0.467000
3734.362410 0.468000
3734.666810 0.468000
3734.666810 0.469000
3734.948179 0.469000
3734.948179 0.470000
3734.993285 0.470000
3734.993285 0.471000
3735.284744 0.471000
3735.284744 0.472000
3735.469204 0.472000
3735.469204 0.473000
3735.490455 0.473000
3735.490455 0.474000
3735.606307 0.474000
3735.606307 0.475000
3736.043980 0.475000
3736.043980 0.476000
3736.238087 0.476000
3736.238087 0.477000
3736.318193 0.477000
3736.318193 0.478000
3736.614433 0.478000
3736.614433 0.479000
3736.982616 0.479000
3736.982616 0.480000
3737.093600 0.480000
3737.093600 0.481000
3737.197178 0.481000
3737.197178 0.482000
3737.679056 0.482000
3737.679056 0.483000
3737.816441 0.483000
3737.816441 0.484000
3738.485276 0.484000
3738.485276 0.485000
3738.684403 0.485000
3738.684403 0.486000
3739.141043 0.486000
3739.141043 0.487000
3739.164646 0.487000
3739.164646 0.488000
3739.478402 0.488000
3739.478402 0.489000
3739.516345 0.489000
3739.516345 0.490000
3739.564059 0.490000
3739.564059 0.491000
3739.985825 0.491000
3739.985825 0.492000
3740.642472 0.492000
3740.642472 0.493000
3740.737494 0.493000
3740.737494 0.494000
3740.929235 0.494000
3740.929235 0.495000
3740.988512 0.495000
3740.988512 0.496000
3741.125842 0.496000
3741.125842 0.497000
3741.315562 0.497000
3741.315562 0.498000
3741.561244 0.498000
3741.561244 0.499000
3741.641529 0.499000
3741.641529 0.500000
3741.844766 0.500000
3741.844766 0.501000
3741.914638 0.501000
3741.914638 0.502000
3742.071375 0.502000
3742.071375 0.503000
3742.144854 0.503000
3742.144854 0.504000
3742.310289 0.504000
3742.310289 0.505000
3742.788202 0.505000
3742.788202 0.506000
3743.349580 0.506000
3743.349580 0.507000
3743.738574 0.507000
3743.738574 0.508000
3744.051551 0.508000
3744.051551 0.509000
3744.051551 0.509000
3744.051551 0.510000
3744.611308 0.510000
3744.611308 0.511000
3744.927377 0.511000
3744.927377 0.512000
3745.204191 0.512000
3745.204191 0.513000
3745.569631 0.513000
3745.569631 0.514000
3746.275821 0.514000
3746.275821 0.515000
3746.342295 0.515000
3746.342295 0.516000
3746.438668 0.516000
3746.438668 0.517000
3747.115648 0.517000
3747.115648 0.518000
3747.173484 0.518000
3747.173484 0.519000
3747.331125 0.519000
3747.331125 0.520000
3747.570625 0.520000
3747.570625 0.521000
3747.660120 0.521000
3747.660120 0.522000
3747.681845 0.522000
3747.681845 0.523000
3747.919211 0.523000
3747.919211 0.524000
3748.140326 0.524000
3748.140326 0.525000
3748.268768 0.525000
3748.268768 0.526000
3748.284018 0.526000
3748.284018 0.527000
3748.407351 0.527000
3748.407351 0.528000
3748.413226 0.528000
3748.413226 0.529000
3748.602939 0.529000
3748.602939 0.530000
3748.823599 0.530000
3748.823599 0.531000
3748.852715 0.531000
3748.852715 0.532000
3749.953941 0.532000
3749.953941 0.533000
3750.070913 0.533000
3750.070913 0.534000
3750.243974 0.534000
3750.243974 0.535000
3750.464785 0.535000
3750.464785 0.536000
3750.561084 0.536000
3750.561084 0.537000
3750.826841 0.537000
3750.826841 0.538000
3751.350464 0.538000
3751.350464 0.539000
3751.498044 0.539000
3751.498044 0.540000
3751.618128 0.540000
3751.618128 0.541000
3751.801251 0.541000
3751.801251 0.542000
3751.824211 0.542000
3751.824211 0.543000
3751.824445 0.543000
3751.824445 0.544000
3752.228950 0.544000
3752.228950 0.545000
3752.317827 0.545000
3752.317827 0.546000
3752.342274 0.546000
3752.342274 0.547000
3752.481706 0.547000
3752.481706 0.548000
3752.535779 0.548000
3752.535779 0.549000
3752.554302 0.549000
3752.554302 0.550000
3752.596893 0.550000
3752.596893 0.551000
3752.951694 0.551000
3752.951694 0.552000
3753.114311 0.552000
3753.114311 0.553000
3753.470471 0.553000
3753.470471 0.554000
3753.567090 0.554000
3753.567090 0.555000
3753.672843 0.555000
3753.672843 0.556000
3754.266350 0.556000
3754.266350 0.557000
3754.412218 0.557000
3754.412218 0.558000
3754.428025 0.558000
3754.428025 0.559000
3755.104559 0.559000
3755.104559 0.560000
3755.110048 0.560000
3755.110048 0.561000
3755.349261 0.561000
3755.349261 0.562000
3756.167400 0.562000
3756.167400 0.563000
3756.464689 0.563000
3756.464689 0.564000
3756.480695 0.564000
3756.480695 0.565000
3756.772918 0.565000
3756.772918 0.566000
3757.018287 0.566000
3757.018287 0.567000
3757.591306 0.567000
3757.591306 0.568000
3757.602644 0.568000
3757.602644 0.569000
3757.684696 0.569000
3757.684696 0.570000
3758.060946 0.570000
3758.060946 0.571000
3758.322262 0.571000
3758.322262 0.572000
3758.694182 0.572000
3758.694182 0.573000
3759.178099 0.573000
3759.178099 0.574000
3759.505048 0.574000
3759.505048 0.575000
3759.640304 0.575000
3759.640304 0.576000
3759.898102 0.576000
3759.898102 0.577000
3760.079484 0.577000
3760.079484 0.578000
3760.179422 0.578000
3760.179422 0.579000
3760.185701 0.579000
3760.185701 0.580000
3760.231300 0.580000
3760.231300 0.581000
3760.518462 0.581000
3760.518462 0.582000
3761.614157 0.582000
3761.614157 0.583000
3761.656901 0.583000
3761.656901 0.584000
3761.820964 0.584000
3761.820964 0.585000
3761.897519 0.585000
3761.897519 0.586000
3762.122506 0.586000
3762.122506 0.587000
3762.658270 0.587000
3762.658270 0.588000
3762.750266 0.588000
3762.750266 0.589000
3763.396614 0.589000
3763.396614 0.590000
3763.529409 0.590000
3763.529409 0.591000
3763.876837 0.591000
3763.876837 0.592000
3764.113064 0.592000
3764.113064 0.593000
3764.299702 0.593000
3764.299702 0.594000
3764.516040 0.594000
3764.516040 0.595000
3764.606652 0.595000
3764.606652 0.596000
3765.208906 0.596000
3765.208906 0.597000
3765.492950 0.597000
3765.492950 0.598000
3765.679749 0.598000
3765.679749 0.599000
3767.221852 0.599000
3767.221852 0.600000
3767.260138 0.600000
3767.260138 0.601000
3767.286941 0.601000
3767.286941 0.602000
3767.646533 0.602000
3767.646533 0.603000
3767.842691 0.603000
3767.842691 0.604000
3767.950361 0.604000
3767.950361 0.605000
3768.177446 0.605000
3768.177446 0.606000
3768.410778 0.606000
3768.410778 0.607000
3768.488813 0.607000
3768.488813 0.608000
3768.538152 0.608000
3768.538152 0.609000
3768.614620 0.609000
3768.614620 0.610000
3769.163366 0.610000
3769.163366 0.611000
3769.225741 0.611000
3769.225741 0.612000
3769.307807 0.612000
3769.307807 0.613000
3769.741235 0.613000
3769.741235 0.614000
3770.329315 0.614000
3770.329315 0.615000
3770.343690 0.615000
3770.343690 0.616000
3770.616018 0.616000
3770.616018 0.617000
3770.871102 0.617000
3770.871102 0.618000
3770.878702 0.618000
3770.878702 0.619000
3770.924569 0.619000
3770.924569 0.620000
3771.348390 0.620000
3771.348390 0.621000
3771.662720 0.621000
3771.662720 0.622000
3771.860588 0.622000
3771.860588 0.623000
3772.016839 0.623000
3772.016839 0.624000
3772.627444 0.624000
3772.627444 0.625000
3772.980572 0.625000
3772.980572 0.626000
3773.102328 0.626000
3773.102328 0.627000
3773.380628 0.627000
3773.380628 0.628000
3773.472849 0.628000
3773.472849 0.629000
3773.601632 0.629000
3773.601632 0.630000
3773.636432 0.630000
3773.636432 0.631000
3774.017054 0.631000
3774.017054 0.632000
3774.057695 0.632000
3774.057695 0.633000
3774.233621 0.633000
3774.233621 0.634000
3774.640874 0.634000
3774.640874 0.635000
3776.325587 0.635000
3776.325587 0.636000
3776.430644 0.636000
3776.430644 0.637000
3777.240857 0.637000
3777.240857 0.638000
3777.376182 0.638000
3777.376182 0.639000
3777.602715 0.639000
3777.602715 0.640000
3777.627736 0.640000
3777.627736 0.641000
3777.716795 0.641000
3777.716795 0.642000
3777.744038 0.642000
3777.744038 0.643000
3777.950327 0.643000
3777.950327 0.644000
3777.993541 0.644000
3777.993541 0.645000
3778.814087 0.645000
3778.814087 0.646000
3779.111793 0.646000
3779.111793 0.647000
3779.244983 0.647000
3779.244983 0.648000
3779.561923 0.648000
3779.561923 0.649000
3780.722454 0.649000
3780.722454 0.650000
3781.615263 0.650000
3781.615263 0.651000
3782.531970 0.651000
3782.531970 0.652000
3782.597067 0.652000
3782.597067 0.653000
3783.750330 0.653000
3783.750330 0.654000
3785.334645 0.654000
3785.334645 0.655000
3785.551128 0.655000
3785.551128 0.656000
3786.277675 0.656000
3786.277675 0.657000
3786.739240 0.657000
3786.739240 0.658000
3786.807038 0.658000
3786.807038 0.659000
3786.807038 0.659000
3786.807038 0.660000
3786.892631 0.660000
3786.892631 0.661000
3787.031981 0.661000
3787.031981 0.662000
3787.308931 0.662000
3787.308931 0.663000
3787.517414 0.663000
3787.517414 0.664000
3787.534270 0.664000
3787.534270 0.665000
3787.551961 0.665000
3787.551961 0.666000
3787.589678 0.666000
3787.589678 0.667000
3787.617281 0.667000
3787.617281 0.668000
3787.833469 0.668000
3787.833469 0.669000
3787.884840 0.669000
3787.884840 0.670000
3788.172632 0.670000
3788.172632 0.671000
3788.192297 0.671000
3788.192297 0.672000
3788.517537 0.672000
3788.517537 0.673000
3788.927226 0.673000
3788.927226 0.674000
3789.000587 0.674000
3789.000587 0.675000
3789.149229 0.675000
3789.149229 0.676000
3789.206095 0.676000
3789.206095 0.677000
3789.479802 0.677000
3789.479802 0.678000
3789.726377 0.678000
3789.726377 0.679000
3789.887986 0.679000
3789.887986 0.680000
3790.602801 0.680000
3790.602801 0.681000
3791.038093 0.681000
3791.038093 0.682000
3793.480230 0.682000
3793.480230 0.683000
3793.920180 0.683000
3793.920180 0.684000
3795.056037 0.684000
3795.056037 0.685000
3795.454932 0.685000
3795.454932 0.686000
3796.462122 0.686000
3796.462122 0.687000
3796.720822 0.687000
3796.720822 0.688000
3797.227465 0.688000
3797.227465 0.689000
3797.453617 0.689000
3797.453617 0.690000
3797.476238 0.690000
3797.476238 0.691000
3798.230849 0.691000
3798.230849 0.692000
3798.263384 0.692000
3798.263384 0.693000
3798.755196 0.693000
3798.755196 0.694000
3798.809069 0.694000
3798.809069 0.695000
3799.120276 0.695000
3799.120276 0.696000
3800.273207 0.696000
3800.273207 0.697000
3800.473261 0.697000
3800.473261 0.698000
3801.024981 0.698000
3801.024981 0.699000
3801.478432 0.699000
3801.478432 0.700000
3801.527952 0.700000
3801.527952 0.701000
3801.552626 0.701000
3801.552626 0.702000
3801.748011 0.702000
3801.748011 0.703000
3801.868336 0.703000
3801.868336 0.704000
3801.939882 0.704000
3801.939882 0.705000
3801.939882 0.705000
3801.939882 0.706000
3802.000048 0.706000
3802.000048 0.707000
3802.151655 0.707000
3802.151655 0.708000
3802.170427 0.708000
3802.170427 0.709000
3802.174924 0.709000
3802.174924 0.710000
3802.230080 0.710000
3802.230080 0.711000
3802.244422 0.711000
3802.244422 0.712000
3802.244422 0.712000
3802.244422 0.713000
3802.336370 0.713000
3802.336370 0.714000
3802.576914 0.714000
3802.576914 0.715000
3802.629678 0.715000
3802.629678 0.716000
3802.806091 0.716000
3802.806091 0.717000
3802.957976 0.717000
3802.957976 0.718000
3802.980733 0.718000
3802.980733 0.719000
3803.255023 0.719000
3803.255023 0.720000
3803.296744 0.720000
3803.296744 0.721000
3803.523109 0.721000
3803.523109 0.722000
3803.523109 0.722000
3803.523109 0.723000
3803.563712 0.723000
3803.563712 0.724000
3803.704503 0.724000
3803.704503 0.725000
3803.784047 0.725000
3803.784047 0.726000
3803.905238 0.726000
3803.905238 0.727000
3803.941193 0.727000
3803.941193 0.728000
3804.030629 0.728000
3804.030629 0.729000
3804.048788 0.729000
3804.048788 0.730000
3804.501591 0.730000
3804.501591 0.731000
3805.065175 0.731000
3805.065175 0.732000
3805.264455 0.732000
3805.264455 0.733000
3806.011607 0.733000
3806.011607 0.734000
3806.118025 0.734000
3806.118025 0.735000
3806.168051 0.735000
3806.168051 0.736000
3806.417501 0.736000
3806.417501 0.737000
3806.559975 0.737000
3806.559975 0.738000
3806.588217 0.738000
3806.588217 0.739000
3806.712944 0.739000
3806.712944 0.740000
3807.193833 0.740000
3807.193833 0.741000
3807.292489 0.741000
3807.292489 0.742000
3807.600824 0.742000
3807.600824 0.743000
3807.631792 0.743000
3807.631792 0.744000
3807.714152 0.744000
3807.714152 0.745000
3808.245137 0.745000
3808.245137 0.746000
3808.371510 0.746000
3808.371510 0.747000
3808.673748 0.747000
3808.673748 0.748000
3808.872807 0.748000
3808.872807 0.749000
3808.936232 0.749000
3808.936232 0.750000
3809.050116 0.750000
3809.050116 0.751000
3809.473758 0.751000
3809.473758 0.752000
3810.023113 0.752000
3810.023113 0.753000
3810.201001 0.753000
3810.201001 0.754000
3810.305489 0.754000
3810.305489 0.755000
3810.503694 0.755000
3810.503694 0.756000
3810.582177 0.756000
3810.582177 0.757000
3811.237420 0.757000
3811.237420 0.758000
3812.228595 0.758000
3812.228595 0.759000
3812.387533 0.759000
3812.387533 0.760000
3812.438239 0.760000
3812.438239 0.761000
3812.658276 0.761000
3812.658276 0.762000
3812.741121 0.762000
3812.741121 0.763000
3812.932680 0.763000
3812.932680 0.764000
3812.972654 0.764000
3812.972654 0.765000
3813.083297 0.765000
3813.083297 0.766000
3813.100490 0.766000
3813.100490 0.767000
3813.135952 0.767000
3813.135952 0.768000
3813.335694 0.768000
3813.335694 0.769000
3813.588462 0.769000
3813.588462 0.770000
3814.061208 0.770000
3814.061208 0.771000
3814.513511 0.771000
3814.513511 0.772000
3814.650911 0.772000
3814.650911 0.773000
3814.812711 0.773000
3814.812711 0.774000
3815.147204 0.774000
3815.147204 0.775000
3815.454616 0.775000
3815.454616 0.776000
3816.787841 0.776000
3816.787841 0.777000
3817.313582 0.777000
3817.313582 0.778000
3817.584810 0.778000
3817.584810 0.779000
3817.833438 0.779000
3817.833438 0.780000
3818.358601 0.780000
3818.358601 0.781000
3818.410538 0.781000
3818.410538 0.782000
3818.577488 0.782000
3818.577488 0.783000
3819.634527 0.783000
3819.634527 0.784000
3819.959820 0.784000
3819.959820 0.785000
3820.379383 0.785000
3820.379383 0.786000
3820.438266 0.786000
3820.438266 0.787000
3821.225279 0.787000
3821.225279 0.788000
3821.399721 0.788000
3821.399721 0.789000
3821.485977 0.789000
3821.485977 0.790000
3821.543630 0.790000
3821.543630 0.791000
3821.652560 0.791000
3821.652560 0.792000
3821.656592 0.792000
3821.656592 0.793000
3821.687808 0.793000
3821.687808 0.794000
3821.768954 0.794000
3821.768954 0.795000
3822.017816 0.795000
3822.017816 0.796000
3822.341376 0.796000
3822.341376 0.797000
3822.341376 0.797000
3822.341376 0.798000
3823.271787 0.798000
3823.271787 0.799000
3823.299588 0.799000
3823.299588 0.800000
3823.428901 0.800000
3823.428901 0.801000
3823.596037 0.801000
3823.596037 0.802000
3824.108686 0.802000
3824.108686 0.803000
3824.334184 0.803000
3824.334184 0.804000
3824.415850 0.804000
3824.415850 0.805000
3824.677595 0.805000
3824.677595 0.806000
3824.854258 0.806000
3824.854258 0.807000
3824.885929 0.807000
3824.885929 0.808000
3825.090919 0.808000
3825.090919 0.809000
3825.277434 0.809000
3825.277434 0.810000
3825.305240 0.810000
3825.305240 0.811000
3825.965416 0.811000
3825.965416 0.812000
3826.017234 0.812000
3826.017234 0.813000
3826.769679 0.813000
3826.769679 0.814000
3827.223734 0.814000
3827.223734 0.815000
3827.269701 0.815000
3827.269701 0.816000
3827.439321 0.816000
3827.439321 0.817000
3827.523862 0.817000
3827.523862 0.818000
3827.702708 0.818000
3827.702708 0.819000
3828.000944 0.819000
3828.000944 0.820000
3828.029431 0.820000
3828.029431 0.821000
3828.303705 0.821000
3828.303705 0.822000
3828.309737 0.822000
3828.309737 0.823000
3829.032932 0.823000
3829.032932 0.824000
3829.082873 0.824000
3829.082873 0.825000
3829.309007 0.825000
3829.309007 0.826000
3829.656169 0.826000
3829.656169 0.827000
3829.697762 0.827000
3829.697762 0.828000
3829.771620 0.828000
3829.771620 0.829000
3830.439109 0.829000
3830.439109 0.830000
3830.591396 0.830000
3830.591396 0.831000
3830.979121 0.831000
3830.979121 0.832000
3831.002138 0.832000
3831.002138 0.833000
3831.108962 0.833000
3831.108962 0.834000
3832.961964 0.834000
3832.961964 0.835000
3833.313278 0.835000
3833.313278 0.836000
3834.193558 0.836000
3834.193558 0.837000
3835.050112 0.837000
3835.050112 0.838000
3835.536274 0.838000
3835.536274 0.839000
3835.922964 0.839000
3835.922964 0.840000
3835.980834 0.840000
3835.980834 0.841000
3836.222999 0.841000
3836.222999 0.842000
3836.328895 0.842000
3836.328895 0.843000
3836.515218 0.843000
3836.515218 0.844000
3836.550503 0.844000
3836.550503 0.845000
3836.613169 0.845000
3836.613169 0.846000
3836.982515 0.846000
3836.982515 0.847000
3837.281860 0.847000
3837.281860 0.848000
3837.802279 0.848000
3837.802279 0.849000
3837.830522 0.849000
3837.830522 0.850000
3838.054014 0.850000
3838.054014 0.851000
3838.054014 0.851000
3838.054014 0.852000
3838.164149 0.852000
3838.164149 0.853000
3838.246059 0.853000
3838.246059 0.854000
3838.381277 0.854000
3838.381277 0.855000
3838.461639 0.855000
3838.461639 0.856000
3838.567904 0.856000
3838.567904 0.857000
3838.594313 0.857000
3838.594313 0.858000
3838.646946 0.858000
3838.646946 0.859000
3838.855027 0.859000
3838.855027 0.860000
3838.855027 0.860000
3838.855027 0.861000
3838.855027 0.861000
3838.855027 0.862000
3838.880765 0.862000
3838.880765 0.863000
3838.983121 0.863000
3838.983121 0.864000
3839.259774 0.864000
3839.259774 0.865000
3839.649983 0.865000
3839.649983 0.866000
3839.863378 0.866000
3839.863378 0.867000
3839.886825 0.867000
3839.886825 0.868000
3839.937853 0.868000
3839.937853 0.869000
3840.322639 0.869000
3840.322639 0.870000
3840.522855 0.870000
3840.522855 0.871000
3840.775615 0.871000
3840.775615 0.872000
3842.345297 0.872000
3842.345297 0.873000
3842.913108 0.873000
3842.913108 0.874000
3842.949911 0.874000
3842.949911 0.875000
3843.018028 0.875000
3843.018028 0.876000
3845.216839 0.876000
3845.216839 0.877000
3845.477235 0.877000
3845.477235 0.878000
3846.378455 0.878000
3846.378455 0.879000
3847.075977 0.879000
3847.075977 0.880000
3848.036242 0.880000
3848.036242 0.881000
3848.504554 0.881000
3848.504554 0.882000
3849.036596 0.882000
3849.036596 0.883000
3849.843016 0.883000
3849.843016 0.884000
3850.740323 0.884000
3850.740323 0.885000
3850.754923 0.885000
3850.754923 0.886000
3851.518386 0.886000
3851.518386 0.887000
3853.217713 0.887000
3853.217713 0.888000
3853.903823 0.888000
3853.903823 0.889000
3854.501203 0.889000
3854.501203 0.890000
3854.767988 0.890000
3854.767988 0.891000
3854.846805 0.891000
3854.846805 0.892000
3854.976943 0.892000
3854.976943 0.893000
3855.488012 0.893000
3855.488012 0.894000
3855.581088 0.894000
3855.581088 0.895000
3855.847146 0.895000
3855.847146 0.896000
3857.326721 0.896000
3857.326721 0.897000
3857.628053 0.897000
3857.628053 0.898000
3858.021675 0.898000
3858.021675 0.899000
3858.096732 0.899000
3858.096732 0.900000
3859.174223 0.900000
3859.174223 0.901000
3859.296798 0.901000
3859.296798 0.902000
3859.345424 0.902000
3859.345424 0.903000
3859.614646 0.903000
3859.614646 0.904000
3859.842709 0.904000
3859.842709 0.905000
3860.908140 0.905000
3860.908140 0.906000
3862.030860 0.906000
3862.030860 0.907000
3862.454641 0.907000
3862.454641 0.908000
3864.129760 0.908000
3864.129760 0.909000
3864.171456 0.909000
3864.171456 0.910000
3866.594411 0.910000
3866.594411 0.911000
3866.792870 0.911000
3866.792870 0.912000
3867.808593 0.912000
3867.808593 0.913000
3869.756602 0.913000
3869.756602 0.914000
3870.574625 0.914000
3870.574625 0.915000
3870.648485 0.915000
3870.648485 0.916000
3870.902993 0.916000
3870.902993 0.917000
3872.480587 0.917000
3872.480587 0.918000
3872.483622 0.918000
3872.483622 0.919000
3872.565421 0.919000
3872.565421 0.920000
3872.992337 0.920000
3872.992337 0.921000
3873.070603 0.921000
3873.070603 0.922000
3873.148324 0.922000
3873.148324 0.923000
3873.225506 0.923000
3873.225506 0.924000
3873.428731 0.924000
3873.428731 0.925000
3873.553866 0.925000
3873.553866 0.926000
3874.551296 0.926000
3874.551296 0.927000
3874.607039 0.927000
3874.607039 0.928000
3874.702635 0.928000
3874.702635 0.929000
3874.980708 0.929000
3874.980708 0.930000
3875.142711 0.930000
3875.142711 0.931000
3875.247254 0.931000
3875.247254 0.932000
3875.316481 0.932000
3875.316481 0.933000
3875.350956 0.933000
3875.350956 0.934000
3875.350956 0.934000
3875.350956 0.935000
3875.465166 0.935000
3875.465166 0.936000
3875.824090 0.936000
3875.824090 0.937000
3875.956089 0.937000
3875.956089 0.938000
3875.988874 0.938000
3875.988874 0.939000
3876.533398 0.939000
3876.533398 0.940000
3876.812210 0.940000
3876.812210 0.941000
3878.279687 0.941000
3878.279687 0.942000
3878.443220 0.942000
3878.443220 0.943000
3879.677645 0.943000
3879.677645 0.944000
3882.857903 0.944000
3882.857903 0.945000
3883.235911 0.945000
3883.235911 0.946000
3884.163730 0.946000
3884.163730 0.947000
3884.282233 0.947000
3884.282233 0.948000
3884.282233 0.948000
3884.282233 0.949000
3884.801293 0.949000
3884.801293 0.950000
3886.652764 0.950000
3886.652764 0.951000
3887.109786 0.951000
3887.109786 0.952000
3887.923701 0.952000
3887.923701 0.953000
3887.923701 0.953000
3887.923701 0.954000
3888.183123 0.954000
3888.183123 0.955000
3888.183123 0.955000
3888.183123 0.956000
3888.324806 0.956000
3888.324806 0.957000
3888.352938 0.957000
3888.352938 0.958000
3888.436925 0.958000
3888.436925 0.959000
3888.492581 0.959000
3888.492581 0.960000
3888.575565 0.960000
3888.575565 0.961000
3888.603094 0.961000
3888.603094 0.962000
3888.739759 0.962000
3888.739759 0.963000
3888.847928 0.963000
3888.847928 0.964000
3888.847928 0.964000
3888.847928 0.965000
3888.928385 0.965000
3888.928385 0.966000
3888.928385 0.966000
3888.928385 0.967000
3888.955078 0.967000
3888.955078 0.968000
3888.981709 0.968000
3888.981709 0.969000
3889.008276 0.969000
3889.008276 0.970000
3889.296457 0.970000
3889.296457 0.971000
3889.344327 0.971000
3889.344327 0.972000
3889.450572 0.972000
3889.450572 0.973000
3889.526833 0.973000
3889.526833 0.974000
3889.526833 0.974000
3889.526833 0.975000
3889.602572 0.975000
3889.602572 0.976000
3889.727656 0.976000
3889.727656 0.977000
3889.826704 0.977000
3889.826704 0.978000
3889.997898 0.978000
3889.997898 0.979000
3890.070446 0.979000
3890.070446 0.980000
3890.332340 0.980000
3890.332340 0.981000
3890.379274 0.981000
3890.379274 0.982000
3890.426002 0.982000
3890.426002 0.983000
3890.564961 0.983000
3890.564961 0.984000
3890.564961 0.984000
3890.564961 0.985000
3890.646000 0.985000
3890.646000 0.986000
3890.679375 0.986000
3890.679375 0.987000
3890.702108 0.987000
3890.702108 0.988000
3890.904511 0.988000
3890.904511 0.989000
3891.488877 0.989000
3891.488877 0.990000
3891.635035 0.990000
3891.635035 0.991000
3894.093993 0.991000
3894.093993 0.992000
3894.812874 0.992000
3894.812874 0.993000
3900.315641 0.993000
3900.315641 0.994000
3902.901285 0.994000
3902.901285 0.995000
3917.241287 0.995000
3917.241287 0.996000
3918.997782 0.996000
3918.997782 0.997000
3924.968159 0.997000
3924.968159 0.998000
3951.619763 0.998000
3951.619763 0.999000
3953.858278 0.999000
3953.858278 1.000000
