89.227239 0.000000
89.227239 0.001000
90.246074 0.001000
90.246074 0.002000
92.267375 0.002000
92.267375 0.003000
92.485593 0.003000
92.485593 0.004000
93.105826 0.004000
93.105826 0.005000
93.233086 0.005000
93.233086 0.006000
93.322546 0.006000
93.322546 0.007000
93.799661 0.007000
93.799661 0.008000
94.105778 0.008000
94.105778 0.009000
94.166097 0.009000
94.166097 0.010000
94.190876 0.010000
94.190876 0.011000
94.190876 0.011000
94.190876 0.012000
94.230829 0.012000
94.230829 0.013000
94.246359 0.013000
94.246359 0.014000
94.261641 0.014000
94.261641 0.015000
94.269191 0.015000
94.269191 0.016000
94.298796 0.016000
94.298796 0.017000
94.313253 0.017000
94.313253 0.018000
94.320398 0.018000
94.320398 0.019000
94.327487 0.019000
94.327487 0.020000
94.348430 0.020000
94.348430 0.021000
94.355305 0.021000
94.355305 0.022000
94.362128 0.022000
94.362128 0.023000
94.362128 0.023000
94.362128 0.024000
94.368899 0.024000
94.368899 0.025000
94.375619 0.025000
94.375619 0.026000
94.375619 0.026000
94.375619 0.027000
94.377758 0.027000
94.377758 0.028000
94.382289 0.028000
94.382289 0.029000
94.395480 0.029000
94.395480 0.030000
94.395480 0.030000
94.395480 0.031000
94.421282 0.031000
94.421282 0.032000
94.421282 0.032000
94.421282 0.033000
94.427615 0.033000
94.427615 0.034000
94.427615 0.034000
94.427615 0.035000
94.440143 0.035000
94.440143 0.036000
94.446339 0.036000
94.446339 0.037000
94.446339 0.037000
94.446339 0.038000
94.446339 0.038000
94.446339 0.039000
94.446339 0.039000
94.446339 0.040000
94.452490 0.040000
94.452490 0.041000
94.452490 0.041000
94.452490 0.042000
94.452694 0.042000
94.452694 0.043000
94.455125 0.043000
94.455125 0.044000
94.458598 0.044000
94.458598 0.045000
94.458598 0.045000
94.458598 0.046000
94.458598 0.046000
94.458598 0.047000
94.464662 0.047000
94.464662 0.048000
94.464662 0.048000
94.464662 0.049000
94.464662 0.049000
94.464662 0.050000
94.470682 0.050000
94.470682 0.051000
94.470682 0.051000
94.470682 0.052000
94.470682 0.052000
94.470682 0.053000
94.482596 0.053000
94.482596 0.054000
94.482596 0.054000
94.482596 0.055000
94.488489 0.055000
94.488489 0.056000
94.488489 0.056000
94.488489 0.057000
94.488489 0.057000
94.488489 0.058000
94.488489 0.058000
94.488489 0.059000
94.494342 0.059000
94.494342 0.060000
94.494342 0.060000
94.494342 0.061000
94.505924 0.061000
94.505924 0.062000
94.505924 0.062000
94.505924 0.063000
94.505924 0.063000
94.505924 0.064000
94.511655 0.064000
94.511655 0.065000
94.511655 0.065000
94.511655 0.066000
94.511655 0.066000
94.511655 0.067000
94.517346 0.067000
94.517346 0.068000
94.522998 0.068000
94.522998 0.069000
94.522998 0.069000
94.522998 0.070000
94.522998 0.070000
94.522998 0.071000
94.528611 0.071000
94.528611 0.072000
94.528611 0.072000
94.528611 0.073000
94.528611 0.073000
94.528611 0.074000
94.528611 0.074000
94.528611 0.075000
94.528611 0.075000
94.528611 0.076000
94.534186 0.076000
94.534186 0.077000
94.534186 0.077000
94.534186 0.078000
94.534186 0.078000
94.534186 0.079000
94.534186 0.079000
94.534186 0.080000
94.534186 0.080000
94.534186 0.081000
94.539723 0.081000
94.539723 0.082000
94.539723 0.082000
94.539723 0.083000
94.539723 0.083000
94.539723 0.084000
94.545222 0.084000
94.545222 0.085000
94.545222 0.085000
94.545222 0.086000
94.545222 0.086000
94.545222 0.087000
94.545222 0.087000
94.545222 0.088000
94.550683 0.088000
94.550683 0.089000
94.550683 0.089000
94.550683 0.090000
94.550683 0.090000
94.550683 0.091000
94.556108 0.091000
94.556108 0.092000
94.556108 0.092000
94.556108 0.093000
94.556108 0.093000
94.556108 0.094000
94.556108 0.094000
94.556108 0.095000
94.561496 0.095000
94.561496 0.096000
94.561496 0.096000
94.561496 0.097000
94.566848 0.097000
94.566848 0.098000
94.572164 0.098000
94.572164 0.099000
94.572164 0.099000
94.572164 0.100000
94.572164 0.100000
94.572164 0.101000
94.577445 0.101000
94.577445 0.102000
94.582691 0.102000
94.582691 0.103000
94.582691 0.103000
94.582691 0.104000
94.582691 0.104000
94.582691 0.105000
94.582691 0.105000
94.582691 0.106000
94.582691 0.106000
94.582691 0.107000
94.587902 0.107000
94.587902 0.108000
94.587902 0.108000
94.587902 0.109000
94.593078 0.109000
94.593078 0.110000
94.598220 0.110000
94.598220 0.111000
94.598220 0.111000
94.598220 0.112000
94.598220 0.112000
94.598220 0.113000
94.598220 0.113000
94.598220 0.114000
94.598220 0.114000
94.598220 0.115000
94.598220 0.115000
94.598220 0.116000
94.603329 0.116000
94.603329 0.117000
94.603329 0.117000
94.603329 0.118000
94.603329 0.118000
94.603329 0.119000
94.608404 0.119000
94.608404 0.120000
94.608404 0.120000
94.608404 0.121000
94.608404 0.121000
94.608404 0.122000
94.613447 0.122000
94.613447 0.123000
94.613447 0.123000
94.613447 0.124000
94.613447 0.124000
94.613447 0.125000
94.613447 0.125000
94.613447 0.126000
94.613447 0.126000
94.613447 0.127000
94.613447 0.127000
94.613447 0.128000
94.618456 0.128000
94.618456 0.129000
94.618456 0.129000
94.618456 0.130000
94.618456 0.130000
94.618456 0.131000
94.623433 0.131000
94.623433 0.132000
94.623433 0.132000
94.623433 0.133000
94.628378 0.133000
94.628378 0.134000
94.628378 0.134000
94.628378 0.135000
94.628378 0.135000
94.628378 0.136000
94.633291 0.136000
94.633291 0.137000
94.638173 0.137000
94.638173 0.138000
94.638173 0.138000
94.638173 0.139000
94.638173 0.139000
94.638173 0.140000
94.643023 0.140000
94.643023 0.141000
94.643023 0.141000
94.643023 0.142000
94.643023 0.142000
94.643023 0.143000
94.647843 0.143000
94.647843 0.144000
94.647843 0.144000
94.647843 0.145000
94.647843 0.145000
94.647843 0.146000
94.647843 0.146000
94.647843 0.147000
94.647843 0.147000
94.647843 0.148000
94.647843 0.148000
94.647843 0.149000
94.652632 0.149000
94.652632 0.150000
94.652632 0.150000
94.652632 0.151000
94.652632 0.151000
94.652632 0.152000
94.652632 0.152000
94.652632 0.153000
94.657390 0.153000
94.657390 0.154000
94.662119 0.154000
94.662119 0.155000
94.666818 0.155000
94.666818 0.156000
94.666818 0.156000
94.666818 0.157000
94.666818 0.157000
94.666818 0.158000
94.666818 0.158000
94.666818 0.159000
94.666818 0.159000
94.666818 0.160000
94.671487 0.160000
94.671487 0.161000
94.671487 0.161000
94.671487 0.162000
94.671487 0.162000
94.671487 0.163000
94.671487 0.163000
94.671487 0.164000
94.676127 0.164000
94.676127 0.165000
94.680738 0.165000
94.680738 0.166000
94.680738 0.166000
94.680738 0.167000
94.685321 0.167000
94.685321 0.168000
94.685321 0.168000
94.685321 0.169000
94.685321 0.169000
94.685321 0.170000
94.685321 0.170000
94.685321 0.171000
94.685321 0.171000
94.685321 0.172000
94.685321 0.172000
94.685321 0.173000
94.689875 0.173000
94.689875 0.174000
94.689875 0.174000
94.689875 0.175000
94.689875 0.175000
94.689875 0.176000
94.689875 0.176000
94.689875 0.177000
94.694401 0.177000
94.694401 0.178000
94.694401 0.178000
94.694401 0.179000
94.694401 0.179000
94.694401 0.180000
94.698899 0.180000
94.698899 0.181000
94.698899 0.181000
94.698899 0.182000
94.698899 0.182000
94.698899 0.183000
94.703370 0.183000
94.703370 0.184000
94.703370 0.184000
94.703370 0.185000
94.703370 0.185000
94.703370 0.186000
94.707813 0.186000
94.707813 0.187000
94.707813 0.187000
94.707813 0.188000
94.707813 0.188000
94.707813 0.189000
94.707813 0.189000
94.707813 0.190000
94.707813 0.190000
94.707813 0.191000
94.707813 0.191000
94.707813 0.192000
94.707813 0.192000
94.707813 0.193000
94.707813 0.193000
94.707813 0.194000
94.712230 0.194000
94.712230 0.195000
94.712230 0.195000
94.712230 0.196000
94.712230 0.196000
94.712230 0.197000
94.712230 0.197000
94.712230 0.198000
94.716619 0.198000
94.716619 0.199000
94.716619 0.199000
94.716619 0.200000
94.716619 0.200000
94.716619 0.201000
94.720982 0.201000
94.720982 0.202000
94.725318 0.202000
94.725318 0.203000
94.729628 0.203000
94.729628 0.204000
94.729628 0.204000
94.729628 0.205000
94.733913 0.205000
94.733913 0.206000
94.733913 0.206000
94.733913 0.207000
94.733913 0.207000
94.733913 0.208000
94.738171 0.208000
94.738171 0.209000
94.738171 0.209000
94.738171 0.210000
94.738171 0.210000
94.738171 0.211000
94.746612 0.211000
94.746612 0.212000
94.746612 0.212000
94.746612 0.213000
94.750796 0.213000
94.750796 0.214000
94.795222 0.214000
94.795222 0.215000
94.844235 0.215000
94.844235 0.216000
94.876149 0.216000
94.876149 0.217000
94.947990 0.217000
94.947990 0.218000
94.954123 0.218000
94.954123 0.219000
94.983878 0.219000
94.983878 0.220000
95.001034 0.220000
95.001034 0.221000
95.014952 0.221000
95.014952 0.222000
95.017695 0.222000
95.017695 0.223000
95.023142 0.223000
95.023142 0.224000
95.072405 0.224000
95.072405 0.225000
95.077342 0.225000
95.077342 0.226000
95.082235 0.226000
95.082235 0.227000
95.110683 0.227000
95.110683 0.228000
95.112986 0.228000
95.112986 0.229000
95.119834 0.229000
95.119834 0.230000
95.139849 0.230000
95.139849 0.231000
95.146350 0.231000
95.146350 0.232000
95.195508 0.232000
95.195508 0.233000
95.247134 0.233000
95.247134 0.234000
95.247134 0.234000
95.247134 0.235000
95.259185 0.235000
95.259185 0.236000
95.265929 0.236000
95.265929 0.237000
95.275856 0.237000
95.275856 0.238000
95.290339 0.238000
95.290339 0.239000
95.293493 0.239000
95.293493 0.240000
95.299733 0.240000
95.299733 0.241000
95.307406 0.241000
95.307406 0.242000
95.313447 0.242000
95.313447 0.243000
95.316435 0.243000
95.316435 0.244000
95.322348 0.244000
95.322348 0.245000
95.323813 0.245000
95.323813 0.246000
95.325274 0.246000
95.325274 0.247000
95.329623 0.247000
95.329623 0.248000
95.332498 0.248000
95.332498 0.249000
95.336773 0.249000
95.336773 0.250000
95.342404 0.250000
95.342404 0.251000
95.345190 0.251000
95.345190 0.252000
95.345190 0.252000
95.345190 0.253000
95.346577 0.253000
95.346577 0.254000
95.353437 0.254000
95.353437 0.255000
95.353437 0.255000
95.353437 0.256000
95.354795 0.256000
95.354795 0.257000
95.356148 0.257000
95.356148 0.258000
95.357497 0.258000
95.357497 0.259000
95.358842 0.259000
95.358842 0.260000
95.360182 0.260000
95.360182 0.261000
95.362848 0.261000
95.362848 0.262000
95.366814 0.262000
95.366814 0.263000
95.369436 0.263000
95.369436 0.264000
95.369436 0.264000
95.369436 0.265000
95.372041 0.265000
95.372041 0.266000
95.374629 0.266000
95.374629 0.267000
95.377199 0.267000
95.377199 0.268000
95.377199 0.268000
95.377199 0.269000
95.382290 0.269000
95.382290 0.270000
95.383552 0.270000
95.383552 0.271000
95.389803 0.271000
95.389803 0.272000
95.391040 0.272000
95.391040 0.273000
95.392274 0.273000
95.392274 0.274000
95.392274 0.274000
95.392274 0.275000
95.393504 0.275000
95.393504 0.276000
95.395952 0.276000
95.395952 0.277000
95.398385 0.277000
95.398385 0.278000
95.400802 0.278000
95.400802 0.279000
95.404398 0.279000
95.404398 0.280000
95.405589 0.280000
95.405589 0.281000
95.407961 0.281000
95.407961 0.282000
95.416143 0.282000
95.416143 0.283000
95.417297 0.283000
95.417297 0.284000
95.418448 0.284000
95.418448 0.285000
95.419595 0.285000
95.419595 0.286000
95.419595 0.286000
95.419595 0.287000
95.420739 0.287000
95.420739 0.288000
95.420739 0.288000
95.420739 0.289000
95.421879 0.289000
95.421879 0.290000
95.423016 0.290000
95.423016 0.291000
95.429761 0.291000
95.429761 0.292000
95.431983 0.292000
95.431983 0.293000
95.439651 0.293000
95.439651 0.294000
95.445029 0.294000
95.445029 0.295000
95.448218 0.295000
95.448218 0.296000
95.453469 0.296000
95.453469 0.297000
95.456582 0.297000
95.456582 0.298000
95.457614 0.298000
95.457614 0.299000
95.458642 0.299000
95.458642 0.300000
95.460691 0.300000
95.460691 0.301000
95.462727 0.301000
95.462727 0.302000
95.463740 0.302000
95.463740 0.303000
95.467766 0.303000
95.467766 0.304000
95.468765 0.304000
95.468765 0.305000
95.469761 0.305000
95.469761 0.306000
95.472732 0.306000
95.472732 0.307000
95.472732 0.307000
95.472732 0.308000
95.473716 0.308000
95.473716 0.309000
95.474698 0.309000
95.474698 0.310000
95.495604 0.310000
95.495604 0.311000
95.496524 0.311000
95.496524 0.312000
95.504689 0.312000
95.504689 0.313000
95.509138 0.313000
95.509138 0.314000
95.510021 0.314000
95.510021 0.315000
95.513527 0.315000
95.513527 0.316000
95.514398 0.316000
95.514398 0.317000
95.522128 0.317000
95.522128 0.318000
95.522976 0.318000
95.522976 0.319000
95.525505 0.319000
95.525505 0.320000
95.535421 0.320000
95.535421 0.321000
95.540264 0.321000
95.540264 0.322000
95.541064 0.322000
95.541064 0.323000
95.547387 0.323000
95.547387 0.324000
95.547387 0.324000
95.547387 0.325000
95.561151 0.325000
95.561151 0.326000
95.564864 0.326000
95.564864 0.327000
95.565601 0.327000
95.565601 0.328000
95.567070 0.328000
95.567070 0.329000
95.567802 0.329000
95.567802 0.330000
95.569986 0.330000
95.569986 0.331000
95.571433 0.331000
95.571433 0.332000
95.572873 0.332000
95.572873 0.333000
95.572873 0.333000
95.572873 0.334000
95.573590 0.334000
95.573590 0.335000
95.575731 0.335000
95.575731 0.336000
95.577857 0.336000
95.577857 0.337000
95.578562 0.337000
95.578562 0.338000
95.579967 0.338000
95.579967 0.339000
95.579967 0.339000
95.579967 0.340000
95.579967 0.340000
95.579967 0.341000
95.580667 0.341000
95.580667 0.342000
95.580667 0.342000
95.580667 0.343000
95.581365 0.343000
95.581365 0.344000
95.582062 0.344000
95.582062 0.345000
95.582062 0.345000
95.582062 0.346000
95.583450 0.346000
95.583450 0.347000
95.584142 0.347000
95.584142 0.348000
95.584831 0.348000
95.584831 0.349000
95.584831 0.349000
95.584831 0.350000
95.586206 0.350000
95.586206 0.351000
95.586206 0.351000
95.586206 0.352000
95.586206 0.352000
95.586206 0.353000
95.586891 0.353000
95.586891 0.354000
95.587574 0.354000
95.587574 0.355000
95.587574 0.355000
95.587574 0.356000
95.588256 0.356000
95.588256 0.357000
95.588256 0.357000
95.588256 0.358000
95.589614 0.358000
95.589614 0.359000
95.589614 0.359000
95.589614 0.360000
95.590291 0.360000
95.590291 0.361000
95.590291 0.361000
95.590291 0.362000
95.592311 0.362000
95.592311 0.363000
95.592982 0.363000
95.592982 0.364000
95.593650 0.364000
95.593650 0.365000
95.594983 0.365000
95.594983 0.366000
95.594983 0.366000
95.594983 0.367000
95.595647 0.367000
95.595647 0.368000
95.596309 0.368000
95.596309 0.369000
95.596309 0.369000
95.596309 0.370000
95.596309 0.370000
95.596309 0.371000
95.597630 0.371000
95.597630 0.372000
95.597630 0.372000
95.597630 0.373000
95.598287 0.373000
95.598287 0.374000
95.598287 0.374000
95.598287 0.375000
95.598943 0.375000
95.598943 0.376000
95.599598 0.376000
95.599598 0.377000
95.599598 0.377000
95.599598 0.378000
95.599598 0.378000
95.599598 0.379000
95.600251 0.379000
95.600251 0.380000
95.600903 0.380000
95.600903 0.381000
95.602201 0.381000
95.602201 0.382000
95.602848 0.382000
95.602848 0.383000
95.602848 0.383000
95.602848 0.384000
95.603494 0.384000
95.603494 0.385000
95.603494 0.385000
95.603494 0.386000
95.604780 0.386000
95.604780 0.387000
95.604780 0.387000
95.604780 0.388000
95.604780 0.388000
95.604780 0.389000
95.604780 0.389000
95.604780 0.390000
95.604780 0.390000
95.604780 0.391000
95.605421 0.391000
95.605421 0.392000
95.606699 0.392000
95.606699 0.393000
95.606699 0.393000
95.606699 0.394000
95.607335 0.394000
95.607335 0.395000
95.607970 0.395000
95.607970 0.396000
95.607970 0.396000
95.607970 0.397000
95.608604 0.397000
95.608604 0.398000
95.612375 0.398000
95.612375 0.399000
95.612375 0.399000
95.612375 0.400000
95.612998 0.400000
95.612998 0.401000
95.612998 0.401000
95.612998 0.402000
95.613620 0.402000
95.613620 0.403000
95.613620 0.403000
95.613620 0.404000
95.614241 0.404000
95.614241 0.405000
95.614860 0.405000
95.614860 0.406000
95.615478 0.406000
95.615478 0.407000
95.616709 0.407000
95.616709 0.408000
95.617323 0.408000
95.617323 0.409000
95.617323 0.409000
95.617323 0.410000
95.617935 0.410000
95.617935 0.411000
95.619155 0.411000
95.619155 0.412000
95.619763 0.412000
95.619763 0.413000
95.619763 0.413000
95.619763 0.414000
95.620370 0.414000
95.620370 0.415000
95.620370 0.415000
95.620370 0.416000
95.621579 0.416000
95.621579 0.417000
95.621579 0.417000
95.621579 0.418000
95.622182 0.418000
95.622182 0.419000
95.622182 0.419000
95.622182 0.420000
95.622182 0.420000
95.622182 0.421000
95.622182 0.421000
95.622182 0.422000
95.623981 0.422000
95.623981 0.423000
95.623981 0.423000
95.623981 0.424000
95.624578 0.424000
95.624578 0.425000
95.624578 0.425000
95.624578 0.426000
95.624578 0.426000
95.624578 0.427000
95.624578 0.427000
95.624578 0.428000
95.626362 0.428000
95.626362 0.429000
95.626362 0.429000
95.626362 0.430000
95.626362 0.430000
95.626362 0.431000
95.627544 0.431000
95.627544 0.432000
95.628133 0.432000
95.628133 0.433000
95.628721 0.433000
95.628721 0.434000
95.629307 0.434000
95.629307 0.435000
95.629307 0.435000
95.629307 0.436000
95.629893 0.436000
95.629893 0.437000
95.629893 0.437000
95.629893 0.438000
95.629893 0.438000
95.629893 0.439000
95.630477 0.439000
95.630477 0.440000
95.630477 0.440000
95.630477 0.441000
95.631641 0.441000
95.631641 0.442000
95.631641 0.442000
95.631641 0.443000
95.632800 0.443000
95.632800 0.444000
95.632800 0.444000
95.632800 0.445000
95.633953 0.445000
95.633953 0.446000
95.633953 0.446000
95.633953 0.447000
95.633953 0.447000
95.633953 0.448000
95.634528 0.448000
95.634528 0.449000
95.635102 0.449000
95.635102 0.450000
95.635674 0.450000
95.635674 0.451000
95.635674 0.451000
95.635674 0.452000
95.636246 0.452000
95.636246 0.453000
95.636816 0.453000
95.636816 0.454000
95.636816 0.454000
95.636816 0.455000
95.638518 0.455000
95.638518 0.456000
95.638518 0.456000
95.638518 0.457000
95.638518 0.457000
95.638518 0.458000
95.638518 0.458000
95.638518 0.459000
95.640209 0.459000
95.640209 0.460000
95.641330 0.460000
95.641330 0.461000
95.641330 0.461000
95.641330 0.462000
95.641330 0.462000
95.641330 0.463000
95.641889 0.463000
95.641889 0.464000
95.641889 0.464000
95.641889 0.465000
95.643558 0.465000
95.643558 0.466000
95.643558 0.466000
95.643558 0.467000
95.645217 0.467000
95.645217 0.468000
95.645217 0.468000
95.645217 0.469000
95.645767 0.469000
95.645767 0.470000
95.645767 0.470000
95.645767 0.471000
95.646317 0.471000
95.646317 0.472000
95.646865 0.472000
95.646865 0.473000
95.646865 0.473000
95.646865 0.474000
95.648502 0.474000
95.648502 0.475000
95.649045 0.475000
95.649045 0.476000
95.649045 0.476000
95.649045 0.477000
95.649588 0.477000
95.649588 0.478000
95.649588 0.478000
95.649588 0.479000
95.649588 0.479000
95.649588 0.480000
95.649588 0.480000
95.649588 0.481000
95.650129 0.481000
95.650129 0.482000
95.650668 0.482000
95.650668 0.483000
95.651207 0.483000
95.651207 0.484000
95.653884 0.484000
95.653884 0.485000
95.654416 0.485000
95.654416 0.486000
95.656005 0.486000
95.656005 0.487000
95.657059 0.487000
95.657059 0.488000
95.658108 0.488000
95.658108 0.489000
95.658631 0.489000
95.658631 0.490000
95.659153 0.490000
95.659153 0.491000
95.659153 0.491000
95.659153 0.492000
95.659153 0.492000
95.659153 0.493000
95.661230 0.493000
95.661230 0.494000
95.662262 0.494000
95.662262 0.495000
95.662776 0.495000
95.662776 0.496000
95.662776 0.496000
95.662776 0.497000
95.663289 0.497000
95.663289 0.498000
95.663801 0.498000
95.663801 0.499000
95.663801 0.499000
95.663801 0.500000
95.664823 0.500000
95.664823 0.501000
95.664823 0.501000
95.664823 0.502000
95.665840 0.502000
95.665840 0.503000
95.667861 0.503000
95.667861 0.504000
95.668364 0.504000
95.668364 0.505000
95.669866 0.505000
95.669866 0.506000
95.670364 0.506000
95.670364 0.507000
95.671854 0.507000
95.671854 0.508000
95.674317 0.508000
95.674317 0.509000
95.674317 0.509000
95.674317 0.510000
95.676269 0.510000
95.676269 0.511000
95.680604 0.511000
95.680604 0.512000
98.027978 0.512000
98.027978 0.513000
98.027978 0.513000
98.027978 0.514000
98.208292 0.514000
98.208292 0.515000
98.212548 0.515000
98.212548 0.516000
98.229098 0.516000
98.229098 0.517000
98.268794 0.517000
98.268794 0.518000
98.447500 0.518000
98.447500 0.519000
99.288546 0.519000
99.288546 0.520000
99.467363 0.520000
99.467363 0.521000
99.563131 0.521000
99.563131 0.522000
99.781473 0.522000
99.781473 0.523000
99.989995 0.523000
99.989995 0.524000
99.998491 0.524000
99.998491 0.525000
100.006848 0.525000
100.006848 0.526000
100.059878 0.526000
100.059878 0.527000
100.074542 0.527000
100.074542 0.528000
100.085251 0.528000
100.085251 0.529000
100.097442 0.529000
100.097442 0.530000
100.104267 0.530000
100.104267 0.531000
100.181798 0.531000
100.181798 0.532000
100.199856 0.532000
100.199856 0.533000
100.231234 0.533000
100.231234 0.534000
100.304281 0.534000
100.304281 0.535000
100.878338 0.535000
100.878338 0.536000
101.135199 0.536000
101.135199 0.537000
101.292223 0.537000
101.292223 0.538000
101.314934 0.538000
101.314934 0.539000
101.339002 0.539000
101.339002 0.540000
101.357732 0.540000
101.357732 0.541000
101.362344 0.541000
101.362344 0.542000
101.380517 0.542000
101.380517 0.543000
101.393866 0.543000
101.393866 0.544000
101.393866 0.544000
101.393866 0.545000
101.393866 0.545000
101.393866 0.546000
101.398263 0.546000
101.398263 0.547000
101.402635 0.547000
101.402635 0.548000
101.405366 0.548000
101.405366 0.549000
101.406980 0.549000
101.406980 0.550000
101.406980 0.550000
101.406980 0.551000
101.419867 0.551000
101.419867 0.552000
101.432531 0.552000
101.432531 0.553000
101.440853 0.553000
101.440853 0.554000
101.949117 0.554000
101.949117 0.555000
102.012246 0.555000
102.012246 0.556000
102.271320 0.556000
102.271320 0.557000
102.403176 0.557000
102.403176 0.558000
102.426728 0.558000
102.426728 0.559000
102.432397 0.559000
102.432397 0.560000
102.445664 0.560000
102.445664 0.561000
102.456369 0.561000
102.456369 0.562000
102.480845 0.562000
102.480845 0.563000
102.486711 0.563000
102.486711 0.564000
102.501887 0.564000
102.501887 0.565000
102.513743 0.565000
102.513743 0.566000
102.522587 0.566000
102.522587 0.567000
102.522587 0.567000
102.522587 0.568000
102.532053 0.568000
102.532053 0.569000
102.532900 0.569000
102.532900 0.570000
102.537103 0.570000
102.537103 0.571000
102.537103 0.571000
102.537103 0.572000
102.539599 0.572000
102.539599 0.573000
102.542076 0.573000
102.542076 0.574000
102.542076 0.574000
102.542076 0.575000
102.545350 0.575000
102.545350 0.576000
102.546974 0.576000
102.546974 0.577000
102.550198 0.577000
102.550198 0.578000
102.554975 0.578000
102.554975 0.579000
102.556551 0.579000
102.556551 0.580000
102.558900 0.580000
102.558900 0.581000
102.559680 0.581000
102.559680 0.582000
102.563547 0.582000
102.563547 0.583000
102.563547 0.583000
102.563547 0.584000
102.565845 0.584000
102.565845 0.585000
102.567368 0.585000
102.567368 0.586000
102.569638 0.586000
102.569638 0.587000
102.570391 0.587000
102.570391 0.588000
102.570391 0.588000
102.570391 0.589000
102.572639 0.589000
102.572639 0.590000
102.573385 0.590000
102.573385 0.591000
102.584358 0.591000
102.584358 0.592000
102.585075 0.592000
102.585075 0.593000
102.585075 0.593000
102.585075 0.594000
102.585791 0.594000
102.585791 0.595000
102.587218 0.595000
102.587218 0.596000
102.587929 0.596000
102.587929 0.597000
102.590051 0.597000
102.590051 0.598000
102.592159 0.598000
102.592159 0.599000
102.593555 0.599000
102.593555 0.600000
102.593555 0.600000
102.593555 0.601000
102.598393 0.601000
102.598393 0.602000
102.598393 0.602000
102.598393 0.603000
102.601801 0.603000
102.601801 0.604000
102.614398 0.604000
102.614398 0.605000
102.627707 0.605000
102.627707 0.606000
102.636242 0.606000
102.636242 0.607000
102.888841 0.607000
102.888841 0.608000
103.405515 0.608000
103.405515 0.609000
103.435498 0.609000
103.435498 0.610000
103.506683 0.610000
103.506683 0.611000
103.520089 0.611000
103.520089 0.612000
103.572470 0.612000
103.572470 0.613000
104.051969 0.613000
104.051969 0.614000
104.193225 0.614000
104.193225 0.615000
104.293492 0.615000
104.293492 0.616000
104.504700 0.616000
104.504700 0.617000
104.624677 0.617000
104.624677 0.618000
104.639775 0.618000
104.639775 0.619000
104.649686 0.619000
104.649686 0.620000
104.678702 0.620000
104.678702 0.621000
104.694984 0.621000
104.694984 0.622000
104.702092 0.622000
104.702092 0.623000
104.706687 0.623000
104.706687 0.624000
104.706687 0.624000
104.706687 0.625000
104.715796 0.625000
104.715796 0.626000
104.715796 0.626000
104.715796 0.627000
104.724799 0.627000
104.724799 0.628000
104.738106 0.628000
104.738106 0.629000
104.738106 0.629000
104.738106 0.630000
104.746850 0.630000
104.746850 0.631000
104.746850 0.631000
104.746850 0.632000
104.759779 0.632000
104.759779 0.633000
104.780841 0.633000
104.780841 0.634000
104.813333 0.634000
104.813333 0.635000
104.829048 0.635000
104.829048 0.636000
104.848216 0.636000
104.848216 0.637000
104.940177 0.637000
104.940177 0.638000
104.953771 0.638000
104.953771 0.639000
104.955443 0.639000
104.955443 0.640000
105.044507 0.640000
105.044507 0.641000
105.123693 0.641000
105.123693 0.642000
105.652777 0.642000
105.652777 0.643000
105.718240 0.643000
105.718240 0.644000
105.767708 0.644000
105.767708 0.645000
107.176619 0.645000
107.176619 0.646000
107.239824 0.646000
107.239824 0.647000
107.343882 0.647000
107.343882 0.648000
107.414378 0.648000
107.414378 0.649000
107.442379 0.649000
107.442379 0.650000
107.454128 0.650000
107.454128 0.651000
107.462154 0.651000
107.462154 0.652000
108.033329 0.652000
108.033329 0.653000
108.033329 0.653000
108.033329 0.654000
108.042617 0.654000
108.042617 0.655000
108.042954 0.655000
108.042954 0.656000
108.060870 0.656000
108.060870 0.657000
108.065367 0.657000
108.065367 0.658000
108.065367 0.658000
108.065367 0.659000
108.069839 0.659000
108.069839 0.660000
108.069839 0.660000
108.069839 0.661000
108.096138 0.661000
108.096138 0.662000
108.169944 0.662000
108.169944 0.663000
108.196753 0.663000
108.196753 0.664000
108.254461 0.664000
108.254461 0.665000
108.276330 0.665000
108.276330 0.666000
108.354858 0.666000
108.354858 0.667000
108.365724 0.667000
108.365724 0.668000
108.860787 0.668000
108.860787 0.669000
108.899054 0.669000
108.899054 0.670000
108.934852 0.670000
108.934852 0.671000
109.030290 0.671000
109.030290 0.672000
109.154732 0.672000
109.154732 0.673000
109.296447 0.673000
109.296447 0.674000
109.304257 0.674000
109.304257 0.675000
109.374351 0.675000
109.374351 0.676000
109.389913 0.676000
109.389913 0.677000
109.401214 0.677000
109.401214 0.678000
109.408579 0.678000
109.408579 0.679000
109.415813 0.679000
109.415813 0.680000
109.415813 0.680000
109.415813 0.681000
109.426426 0.681000
109.426426 0.682000
109.428746 0.682000
109.428746 0.683000
109.431053 0.683000
109.431053 0.684000
109.454489 0.684000
109.454489 0.685000
109.459865 0.685000
109.459865 0.686000
109.466218 0.686000
109.466218 0.687000
109.469355 0.687000
109.469355 0.688000
109.470395 0.688000
109.470395 0.689000
109.470395 0.689000
109.470395 0.690000
109.477594 0.690000
109.477594 0.691000
109.482652 0.691000
109.482652 0.692000
109.494516 0.692000
109.494516 0.693000
109.516221 0.693000
109.516221 0.694000
109.516221 0.694000
109.516221 0.695000
109.518047 0.695000
109.518047 0.696000
109.525258 0.696000
109.525258 0.697000
109.542656 0.697000
109.542656 0.698000
109.556774 0.698000
109.556774 0.699000
109.566391 0.699000
109.566391 0.700000
109.578027 0.700000
109.578027 0.701000
109.596529 0.701000
109.596529 0.702000
109.606137 0.702000
109.606137 0.703000
109.656972 0.703000
109.656972 0.704000
109.661565 0.704000
109.661565 0.705000
109.684258 0.705000
109.684258 0.706000
109.693272 0.706000
109.693272 0.707000
109.693272 0.707000
109.693272 0.708000
109.713525 0.708000
109.713525 0.709000
109.759115 0.709000
109.759115 0.710000
109.818872 0.710000
109.818872 0.711000
110.031284 0.711000
110.031284 0.712000
110.406766 0.712000
110.406766 0.713000
110.461733 0.713000
110.461733 0.714000
110.553994 0.714000
110.553994 0.715000
111.301257 0.715000
111.301257 0.716000
111.341176 0.716000
111.341176 0.717000
111.346034 0.717000
111.346034 0.718000
111.355663 0.718000
111.355663 0.719000
111.360435 0.719000
111.360435 0.720000
111.369897 0.720000
111.369897 0.721000
111.383884 0.721000
111.383884 0.722000
111.388493 0.722000
111.388493 0.723000
111.393076 0.723000
111.393076 0.724000
111.397632 0.724000
111.397632 0.725000
111.406667 0.725000
111.406667 0.726000
111.411146 0.726000
111.411146 0.727000
111.424432 0.727000
111.424432 0.728000
111.437497 0.728000
111.437497 0.729000
111.482021 0.729000
111.482021 0.730000
111.491673 0.730000
111.491673 0.731000
111.586142 0.731000
111.586142 0.732000
112.079562 0.732000
112.079562 0.733000
112.189901 0.733000
112.189901 0.734000
112.505664 0.734000
112.505664 0.735000
113.423187 0.735000
113.423187 0.736000
113.586798 0.736000
113.586798 0.737000
113.615097 0.737000
113.615097 0.738000
113.905432 0.738000
113.905432 0.739000
114.293263 0.739000
114.293263 0.740000
114.427489 0.740000
114.427489 0.741000
114.456138 0.741000
114.456138 0.742000
114.458514 0.742000
114.458514 0.743000
114.463239 0.743000
114.463239 0.744000
114.474883 0.744000
114.474883 0.745000
114.501895 0.745000
114.501895 0.746000
114.504089 0.746000
114.504089 0.747000
114.525561 0.747000
114.525561 0.748000
114.525561 0.748000
114.525561 0.749000
114.531843 0.749000
114.531843 0.750000
114.573873 0.750000
114.573873 0.751000
114.647235 0.751000
114.647235 0.752000
114.757611 0.752000
114.757611 0.753000
114.762045 0.753000
114.762045 0.754000
114.766455 0.754000
114.766455 0.755000
114.800875 0.755000
114.800875 0.756000
114.800875 0.756000
114.800875 0.757000
114.805073 0.757000
114.805073 0.758000
114.821640 0.758000
114.821640 0.759000
115.276727 0.759000
115.276727 0.760000
115.655030 0.760000
115.655030 0.761000
115.750650 0.761000
115.750650 0.762000
115.784224 0.762000
115.784224 0.763000
115.817249 0.763000
115.817249 0.764000
115.976169 0.764000
115.976169 0.765000
116.009212 0.765000
116.009212 0.766000
116.286482 0.766000
116.286482 0.767000
116.348059 0.767000
116.348059 0.768000
116.370785 0.768000
116.370785 0.769000
116.411972 0.769000
116.411972 0.770000
116.419271 0.770000
116.419271 0.771000
116.448366 0.771000
116.448366 0.772000
116.450606 0.772000
116.450606 0.773000
116.468089 0.773000
116.468089 0.774000
116.469157 0.774000
116.469157 0.775000
116.478634 0.775000
116.478634 0.776000
116.480710 0.776000
116.480710 0.777000
116.491927 0.777000
116.491927 0.778000
116.491927 0.778000
116.491927 0.779000
116.496920 0.779000
116.496920 0.780000
116.521858 0.780000
116.521858 0.781000
116.531018 0.781000
116.531018 0.782000
116.538681 0.782000
116.538681 0.783000
116.544335 0.783000
116.544335 0.784000
116.571973 0.784000
116.571973 0.785000
116.586930 0.785000
116.586930 0.786000
116.589232 0.786000
116.589232 0.787000
117.254661 0.787000
117.254661 0.788000
117.489781 0.788000
117.489781 0.789000
117.624090 0.789000
117.624090 0.790000
117.652286 0.790000
117.652286 0.791000
117.679917 0.791000
117.679917 0.792000
117.752447 0.792000
117.752447 0.793000
117.776150 0.793000
117.776150 0.794000
117.810189 0.794000
117.810189 0.795000
117.946048 0.795000
117.946048 0.796000
118.117898 0.796000
118.117898 0.797000
119.234856 0.797000
119.234856 0.798000
119.318648 0.798000
119.318648 0.799000
119.336759 0.799000
119.336759 0.800000
119.338983 0.800000
119.338983 0.801000
119.345605 0.801000
119.345605 0.802000
119.369245 0.802000
119.369245 0.803000
119.377600 0.803000
119.377600 0.804000
119.383785 0.804000
119.383785 0.805000
119.434632 0.805000
119.434632 0.806000
119.472400 0.806000
119.472400 0.807000
120.154313 0.807000
120.154313 0.808000
121.175730 0.808000
121.175730 0.809000
121.261928 0.809000
121.261928 0.810000
121.337791 0.810000
121.337791 0.811000
121.375538 0.811000
121.375538 0.812000
122.306916 0.812000
122.306916 0.813000
122.581880 0.813000
122.581880 0.814000
122.622583 0.814000
122.622583 0.815000
122.704319 0.815000
122.704319 0.816000
122.904107 0.816000
122.904107 0.817000
123.284519 0.817000
123.284519 0.818000
123.305390 0.818000
123.305390 0.819000
123.323898 0.819000
123.323898 0.820000
123.405598 0.820000
123.405598 0.821000
123.416856 0.821000
123.416856 0.822000
123.422988 0.822000
123.422988 0.823000
123.424204 0.823000
123.424204 0.824000
123.425416 0.824000
123.425416 0.825000
123.437356 0.825000
123.437356 0.826000
123.439704 0.826000
123.439704 0.827000
123.451254 0.827000
123.451254 0.828000
123.460269 0.828000
123.460269 0.829000
123.470181 0.829000
123.470181 0.830000
123.472351 0.830000
123.472351 0.831000
123.479858 0.831000
123.479858 0.832000
123.481977 0.832000
123.481977 0.833000
123.528761 0.833000
123.528761 0.834000
123.552376 0.834000
123.552376 0.835000
123.555007 0.835000
123.555007 0.836000
123.845805 0.836000
123.845805 0.837000
124.184328 0.837000
124.184328 0.838000
124.185848 0.838000
124.185848 0.839000
125.690040 0.839000
125.690040 0.840000
125.855874 0.840000
125.855874 0.841000
126.011279 0.841000
126.011279 0.842000
126.186859 0.842000
126.186859 0.843000
126.201327 0.843000
126.201327 0.844000
126.315865 0.844000
126.315865 0.845000
126.340019 0.845000
126.340019 0.846000
126.347956 0.846000
126.347956 0.847000
126.363664 0.847000
126.363664 0.848000
126.371435 0.848000
126.371435 0.849000
126.386816 0.849000
126.386816 0.850000
126.453467 0.850000
126.453467 0.851000
126.488778 0.851000
126.488778 0.852000
126.542906 0.852000
126.542906 0.853000
126.556004 0.853000
126.556004 0.854000
126.562490 0.854000
126.562490 0.855000
126.600553 0.855000
126.600553 0.856000
126.660907 0.856000
126.660907 0.857000
127.505172 0.857000
127.505172 0.858000
127.549390 0.858000
127.549390 0.859000
127.554454 0.859000
127.554454 0.860000
127.637829 0.860000
127.637829 0.861000
127.675966 0.861000
127.675966 0.862000
127.755860 0.862000
127.755860 0.863000
127.828330 0.863000
127.828330 0.864000
127.846027 0.864000
127.846027 0.865000
127.848611 0.865000
127.848611 0.866000
127.862090 0.866000
127.862090 0.867000
127.865384 0.867000
127.865384 0.868000
127.869458 0.868000
127.869458 0.869000
127.895988 0.869000
127.895988 0.870000
127.909975 0.870000
127.909975 0.871000
127.913562 0.871000
127.913562 0.872000
127.914275 0.872000
127.914275 0.873000
128.376984 0.873000
128.376984 0.874000
128.449375 0.874000
128.449375 0.875000
130.159855 0.875000
130.159855 0.876000
130.371974 0.876000
130.371974 0.877000
130.393647 0.877000
130.393647 0.878000
130.414351 0.878000
130.414351 0.879000
130.419383 0.879000
130.419383 0.880000
130.424359 0.880000
130.424359 0.881000
130.428055 0.881000
130.428055 0.882000
130.428055 0.882000
130.428055 0.883000
130.432936 0.883000
130.432936 0.884000
130.440158 0.884000
130.440158 0.885000
130.440158 0.885000
130.440158 0.886000
130.446087 0.886000
130.446087 0.887000
130.447263 0.887000
130.447263 0.888000
130.448437 0.888000
130.448437 0.889000
130.449606 0.889000
130.449606 0.890000
130.450773 0.890000
130.450773 0.891000
130.453097 0.891000
130.453097 0.892000
130.454255 0.892000
130.454255 0.893000
130.456560 0.893000
130.456560 0.894000
130.461135 0.894000
130.461135 0.895000
130.470139 0.895000
130.470139 0.896000
130.491845 0.896000
130.491845 0.897000
130.492901 0.897000
130.492901 0.898000
130.539670 0.898000
130.539670 0.899000
132.256994 0.899000
132.256994 0.900000
134.631831 0.900000
134.631831 0.901000
134.662881 0.901000
134.662881 0.902000
134.786629 0.902000
134.786629 0.903000
134.789724 0.903000
134.789724 0.904000
135.912346 0.904000
135.912346 0.905000
136.699156 0.905000
136.699156 0.906000
137.438068 0.906000
137.438068 0.907000
137.439291 0.907000
137.439291 0.908000
137.445356 0.908000
137.445356 0.909000
137.445356 0.909000
137.445356 0.910000
137.456071 0.910000
137.456071 0.911000
137.460752 0.911000
137.460752 0.912000
137.461915 0.912000
137.461915 0.913000
137.478998 0.913000
137.478998 0.914000
137.491114 0.914000
137.491114 0.915000
137.540272 0.915000
137.540272 0.916000
137.584878 0.916000
137.584878 0.917000
139.707134 0.917000
139.707134 0.918000
141.797315 0.918000
141.797315 0.919000
141.810589 0.919000
141.810589 0.920000
143.394178 0.920000
143.394178 0.921000
143.422359 0.921000
143.422359 0.922000
145.261696 0.922000
145.261696 0.923000
146.600790 0.923000
146.600790 0.924000
148.622831 0.924000
148.622831 0.925000
148.694016 0.925000
148.694016 0.926000
149.894791 0.926000
149.894791 0.927000
151.264947 0.927000
151.264947 0.928000
151.476433 0.928000
151.476433 0.929000
151.476533 0.929000
151.476533 0.930000
155.544892 0.930000
155.544892 0.931000
158.423987 0.931000
158.423987 0.932000
159.579034 0.932000
159.579034 0.933000
159.750875 0.933000
159.750875 0.934000
160.171983 0.934000
160.171983 0.935000
160.197228 0.935000
160.197228 0.936000
162.489318 0.936000
162.489318 0.937000
162.617574 0.937000
162.617574 0.938000
163.963631 0.938000
163.963631 0.939000
164.048962 0.939000
164.048962 0.940000
164.061639 0.940000
164.061639 0.941000
169.745372 0.941000
169.745372 0.942000
171.005865 0.942000
171.005865 0.943000
172.399164 0.943000
172.399164 0.944000
174.405583 0.944000
174.405583 0.945000
174.432750 0.945000
174.432750 0.946000
176.258483 0.946000
176.258483 0.947000
178.013189 0.947000
178.013189 0.948000
178.042114 0.948000
178.042114 0.949000
178.662435 0.949000
178.662435 0.950000
184.295011 0.950000
184.295011 0.951000
184.524195 0.951000
184.524195 0.952000
188.410890 0.952000
188.410890 0.953000
194.170609 0.953000
194.170609 0.954000
194.643230 0.954000
194.643230 0.955000
195.334159 0.955000
195.334159 0.956000
195.729534 0.956000
195.729534 0.957000
195.908919 0.957000
195.908919 0.958000
196.206837 0.958000
196.206837 0.959000
196.281078 0.959000
196.281078 0.960000
196.291497 0.960000
196.291497 0.961000
196.331319 0.961000
196.331319 0.962000
196.367286 0.962000
196.367286 0.963000
202.150578 0.963000
202.150578 0.964000
206.229607 0.964000
206.229607 0.965000
210.099060 0.965000
210.099060 0.966000
210.106310 0.966000
210.106310 0.967000
210.412742 0.967000
210.412742 0.968000
211.891480 0.968000
211.891480 0.969000
215.496384 0.969000
215.496384 0.970000
220.051524 0.970000
220.051524 0.971000
225.812764 0.971000
225.812764 0.972000
226.129829 0.972000
226.129829 0.973000
226.292747 0.973000
226.292747 0.974000
227.899772 0.974000
227.899772 0.975000
228.659758 0.975000
228.659758 0.976000
230.349531 0.976000
230.349531 0.977000
230.620856 0.977000
230.620856 0.978000
236.000397 0.978000
236.000397 0.979000
240.829654 0.979000
240.829654 0.980000
241.872904 0.980000
241.872904 0.981000
242.738988 0.981000
242.738988 0.982000
260.858447 0.982000
260.858447 0.983000
272.417157 0.983000
272.417157 0.984000
277.071054 0.984000
277.071054 0.985000
278.072876 0.985000
278.072876 0.986000
278.357065 0.986000
278.357065 0.987000
280.078430 0.987000
280.078430 0.988000
282.037808 0.988000
282.037808 0.989000
288.442176 0.989000
288.442176 0.990000
295.838441 0.990000
295.838441 0.991000
299.102367 0.991000
299.102367 0.992000
301.501347 0.992000
301.501347 0.993000
305.415404 0.993000
305.415404 0.994000
306.054445 0.994000
306.054445 0.995000
345.693437 0.995000
345.693437 0.996000
396.025944 0.996000
396.025944 0.997000
414.291876 0.997000
414.291876 0.998000
445.173142 0.998000
445.173142 0.999000
524.432647 0.999000
524.432647 1.000000
