2742.239585 0.000000
2742.239585 0.001000
2776.118220 0.001000
2776.118220 0.002000
2893.487822 0.002000
2893.487822 0.003000
3107.879156 0.003000
3107.879156 0.004000
3815.605792 0.004000
3815.605792 0.005000
3847.088119 0.005000
3847.088119 0.006000
3863.009244 0.006000
3863.009244 0.007000
3924.215871 0.007000
3924.215871 0.008000
3927.378831 0.008000
3927.378831 0.009000
3934.179623 0.009000
3934.179623 0.010000
3952.134552 0.010000
3952.134552 0.011000
3952.767769 0.011000
3952.767769 0.012000
3964.508472 0.012000
3964.508472 0.013000
3966.893696 0.013000
3966.893696 0.014000
3967.474909 0.014000
3967.474909 0.015000
3971.437824 0.015000
3971.437824 0.016000
3973.086243 0.016000
3973.086243 0.017000
3975.701631 0.017000
3975.701631 0.018000
3978.393067 0.018000
3978.393067 0.019000
3978.393067 0.019000
3978.393067 0.020000
3978.393067 0.020000
3978.393067 0.021000
3979.321994 0.021000
3979.321994 0.022000
3981.750965 0.022000
3981.750965 0.023000
3981.751288 0.023000
3981.751288 0.024000
3983.004141 0.024000
3983.004141 0.025000
3983.170339 0.025000
3983.170339 0.026000
3987.483951 0.026000
3987.483951 0.027000
3988.001904 0.027000
3988.001904 0.028000
3988.309322 0.028000
3988.309322 0.029000
3991.104866 0.029000
3991.104866 0.030000
3992.885435 0.030000
3992.885435 0.031000
3995.507558 0.031000
3995.507558 0.032000
3996.173844 0.032000
3996.173844 0.033000
3997.347323 0.033000
3997.347323 0.034000
3998.816083 0.034000
3998.816083 0.035000
3999.223270 0.035000
3999.223270 0.036000
3999.898658 0.036000
3999.898658 0.037000
4002.698192 0.037000
4002.698192 0.038000
4005.515819 0.038000
4005.515819 0.039000
4010.740235 0.039000
4010.740235 0.040000
4013.932012 0.040000
4013.932012 0.041000
4014.232151 0.041000
4014.232151 0.042000
4014.578082 0.042000
4014.578082 0.043000
4015.069187 0.043000
4015.069187 0.044000
4015.833057 0.044000
4015.833057 0.045000
4016.037556 0.045000
4016.037556 0.046000
4017.030115 0.046000
4017.030115 0.047000
4022.370269 0.047000
4022.370269 0.048000
4024.228550 0.048000
4024.228550 0.049000
4027.212616 0.049000
4027.212616 0.050000
4027.626439 0.050000
4027.626439 0.051000
4027.925792 0.051000
4027.925792 0.052000
4028.318247 0.052000
4028.318247 0.053000
4028.401491 0.053000
4028.401491 0.054000
4028.794861 0.054000
4028.794861 0.055000
4028.868397 0.055000
4028.868397 0.056000
4030.910820 0.056000
4030.910820 0.057000
4033.244763 0.057000
4033.244763 0.058000
4034.053342 0.058000
4034.053342 0.059000
4034.594545 0.059000
4034.594545 0.060000
4034.662072 0.060000
4034.662072 0.061000
4035.788715 0.061000
4035.788715 0.062000
4035.865839 0.062000
4035.865839 0.063000
4037.158544 0.063000
4037.158544 0.064000
4037.545480 0.064000
4037.545480 0.065000
4038.346233 0.065000
4038.346233 0.066000
4038.880607 0.066000
4038.880607 0.067000
4040.159027 0.067000
4040.159027 0.068000
4040.270907 0.068000
4040.270907 0.069000
4041.242481 0.069000
4041.242481 0.070000
4041.247233 0.070000
4041.247233 0.071000
4042.831771 0.071000
4042.831771 0.072000
4043.570983 0.072000
4043.570983 0.073000
4045.675221 0.073000
4045.675221 0.074000
4046.853907 0.074000
4046.853907 0.075000
4049.412882 0.075000
4049.412882 0.076000
4049.598417 0.076000
4049.598417 0.077000
4049.947455 0.077000
4049.947455 0.078000
4050.577329 0.078000
4050.577329 0.079000
4051.226643 0.079000
4051.226643 0.080000
4051.515941 0.080000
4051.515941 0.081000
4052.713858 0.081000
4052.713858 0.082000
4053.672744 0.082000
4053.672744 0.083000
4053.924931 0.083000
4053.924931 0.084000
4055.367370 0.084000
4055.367370 0.085000
4055.387862 0.085000
4055.387862 0.086000
4055.484406 0.086000
4055.484406 0.087000
4055.547677 0.087000
4055.547677 0.088000
4055.844370 0.088000
4055.844370 0.089000
4056.459756 0.089000
4056.459756 0.090000
4058.575056 0.090000
4058.575056 0.091000
4059.017819 0.091000
4059.017819 0.092000
4059.729879 0.092000
4059.729879 0.093000
4060.922374 0.093000
4060.922374 0.094000
4061.612724 0.094000
4061.612724 0.095000
4061.619149 0.095000
4061.619149 0.096000
4062.046160 0.096000
4062.046160 0.097000
4062.155462 0.097000
4062.155462 0.098000
4064.025358 0.098000
4064.025358 0.099000
4064.771087 0.099000
4064.771087 0.100000
4065.832080 0.100000
4065.832080 0.101000
4066.065992 0.101000
4066.065992 0.102000
4066.076924 0.102000
4066.076924 0.103000
4066.236632 0.103000
4066.236632 0.104000
4066.937342 0.104000
4066.937342 0.105000
4067.037943 0.105000
4067.037943 0.106000
4067.481187 0.106000
4067.481187 0.107000
4068.379994 0.107000
4068.379994 0.108000
4069.910627 0.108000
4069.910627 0.109000
4070.593072 0.109000
4070.593072 0.110000
4071.354433 0.110000
4071.354433 0.111000
4071.803286 0.111000
4071.803286 0.112000
4071.937873 0.112000
4071.937873 0.113000
4071.940238 0.113000
4071.940238 0.114000
4072.334093 0.114000
4072.334093 0.115000
4072.602977 0.115000
4072.602977 0.116000
4072.613581 0.116000
4072.613581 0.117000
4072.686986 0.117000
4072.686986 0.118000
4073.011706 0.118000
4073.011706 0.119000
4073.931782 0.119000
4073.931782 0.120000
4074.378362 0.120000
4074.378362 0.121000
4075.010790 0.121000
4075.010790 0.122000
4075.958452 0.122000
4075.958452 0.123000
4075.958452 0.123000
4075.958452 0.124000
4076.447644 0.124000
4076.447644 0.125000
4076.930132 0.125000
4076.930132 0.126000
4076.947236 0.126000
4076.947236 0.127000
4077.255190 0.127000
4077.255190 0.128000
4077.327092 0.128000
4077.327092 0.129000
4077.608295 0.129000
4077.608295 0.130000
4077.641595 0.130000
4077.641595 0.131000
4077.875544 0.131000
4077.875544 0.132000
4078.193782 0.132000
4078.193782 0.133000
4078.567999 0.133000
4078.567999 0.134000
4078.776865 0.134000
4078.776865 0.135000
4079.021965 0.135000
4079.021965 0.136000
4079.215565 0.136000
4079.215565 0.137000
4079.691711 0.137000
4079.691711 0.138000
4079.912031 0.138000
4079.912031 0.139000
4079.912031 0.139000
4079.912031 0.140000
4080.779049 0.140000
4080.779049 0.141000
4080.938341 0.141000
4080.938341 0.142000
4080.998600 0.142000
4080.998600 0.143000
4081.704621 0.143000
4081.704621 0.144000
4082.650069 0.144000
4082.650069 0.145000
4084.514118 0.145000
4084.514118 0.146000
4084.797824 0.146000
4084.797824 0.147000
4086.128331 0.147000
4086.128331 0.148000
4086.185969 0.148000
4086.185969 0.149000
4086.186335 0.149000
4086.186335 0.150000
4087.166437 0.150000
4087.166437 0.151000
4087.421393 0.151000
4087.421393 0.152000
4087.873724 0.152000
4087.873724 0.153000
4087.917240 0.153000
4087.917240 0.154000
4088.130601 0.154000
4088.130601 0.155000
4088.617401 0.155000
4088.617401 0.156000
4089.334488 0.156000
4089.334488 0.157000
4089.723676 0.157000
4089.723676 0.158000
4089.945987 0.158000
4089.945987 0.159000
4090.837082 0.159000
4090.837082 0.160000
4090.893067 0.160000
4090.893067 0.161000
4091.615095 0.161000
4091.615095 0.162000
4092.281932 0.162000
4092.281932 0.163000
4093.043547 0.163000
4093.043547 0.164000
4093.361008 0.164000
4093.361008 0.165000
4093.472756 0.165000
4093.472756 0.166000
4093.527125 0.166000
4093.527125 0.167000
4094.119169 0.167000
4094.119169 0.168000
4094.147330 0.168000
4094.147330 0.169000
4094.177959 0.169000
4094.177959 0.170000
4094.521927 0.170000
4094.521927 0.171000
4094.971524 0.171000
4094.971524 0.172000
4095.135589 0.172000
4095.135589 0.173000
4095.402774 0.173000
4095.402774 0.174000
4096.133021 0.174000
4096.133021 0.175000
4096.328813 0.175000
4096.328813 0.176000
4096.378757 0.176000
4096.378757 0.177000
4096.450688 0.177000
4096.450688 0.178000
4096.519997 0.178000
4096.519997 0.179000
4096.716791 0.179000
4096.716791 0.180000
4097.097170 0.180000
4097.097170 0.181000
4097.100037 0.181000
4097.100037 0.182000
4097.422553 0.182000
4097.422553 0.183000
4097.666220 0.183000
4097.666220 0.184000
4098.546312 0.184000
4098.546312 0.185000
4099.261797 0.185000
4099.261797 0.186000
4100.224186 0.186000
4100.224186 0.187000
4100.808698 0.187000
4100.808698 0.188000
4102.413262 0.188000
4102.413262 0.189000
4102.415460 0.189000
4102.415460 0.190000
4103.270817 0.190000
4103.270817 0.191000
4103.296395 0.191000
4103.296395 0.192000
4103.581662 0.192000
4103.581662 0.193000
4103.999803 0.193000
4103.999803 0.194000
4106.100318 0.194000
4106.100318 0.195000
4106.184576 0.195000
4106.184576 0.196000
4106.495077 0.196000
4106.495077 0.197000
4107.110362 0.197000
4107.110362 0.198000
4108.194698 0.198000
4108.194698 0.199000
4109.212674 0.199000
4109.212674 0.200000
4109.475364 0.200000
4109.475364 0.201000
4109.619516 0.201000
4109.619516 0.202000
4109.997120 0.202000
4109.997120 0.203000
4110.202806 0.203000
4110.202806 0.204000
4110.604459 0.204000
4110.604459 0.205000
4110.633522 0.205000
4110.633522 0.206000
4111.405349 0.206000
4111.405349 0.207000
4111.600836 0.207000
4111.600836 0.208000
4111.779932 0.208000
4111.779932 0.209000
4111.779932 0.209000
4111.779932 0.210000
4111.779932 0.210000
4111.779932 0.211000
4111.902879 0.211000
4111.902879 0.212000
4111.902879 0.212000
4111.902879 0.213000
4112.100655 0.213000
4112.100655 0.214000
4112.686701 0.214000
4112.686701 0.215000
4112.774747 0.215000
4112.774747 0.216000
4113.180716 0.216000
4113.180716 0.217000
4113.316268 0.217000
4113.316268 0.218000
4114.719056 0.218000
4114.719056 0.219000
4115.074626 0.219000
4115.074626 0.220000
4115.082100 0.220000
4115.082100 0.221000
4116.288892 0.221000
4116.288892 0.222000
4117.091383 0.222000
4117.091383 0.223000
4117.179291 0.223000
4117.179291 0.224000
4118.339217 0.224000
4118.339217 0.225000
4118.420564 0.225000
4118.420564 0.226000
4118.859476 0.226000
4118.859476 0.227000
4119.160035 0.227000
4119.160035 0.228000
4119.528416 0.228000
4119.528416 0.229000
4119.570027 0.229000
4119.570027 0.230000
4120.293797 0.230000
4120.293797 0.231000
4120.947095 0.231000
4120.947095 0.232000
4121.854919 0.232000
4121.854919 0.233000
4122.037065 0.233000
4122.037065 0.234000
4123.220374 0.234000
4123.220374 0.235000
4123.256633 0.235000
4123.256633 0.236000
4123.404281 0.236000
4123.404281 0.237000
4123.506095 0.237000
4123.506095 0.238000
4123.931037 0.238000
4123.931037 0.239000
4123.931798 0.239000
4123.931798 0.240000
4124.194761 0.240000
4124.194761 0.241000
4125.470224 0.241000
4125.470224 0.242000
4126.102596 0.242000
4126.102596 0.243000
4126.215558 0.243000
4126.215558 0.244000
4126.427771 0.244000
4126.427771 0.245000
4126.583405 0.245000
4126.583405 0.246000
4126.645594 0.246000
4126.645594 0.247000
4126.703938 0.247000
4126.703938 0.248000
4126.703938 0.248000
4126.703938 0.249000
4126.705589 0.249000
4126.705589 0.250000
4127.297656 0.250000
4127.297656 0.251000
4127.382303 0.251000
4127.382303 0.252000
4127.424087 0.252000
4127.424087 0.253000
4127.746181 0.253000
4127.746181 0.254000
4127.896102 0.254000
4127.896102 0.255000
4128.129732 0.255000
4128.129732 0.256000
4128.529928 0.256000
4128.529928 0.257000
4128.575373 0.257000
4128.575373 0.258000
4129.167439 0.258000
4129.167439 0.259000
4129.499232 0.259000
4129.499232 0.260000
4129.499232 0.260000
4129.499232 0.261000
4130.163902 0.261000
4130.163902 0.262000
4130.163902 0.262000
4130.163902 0.263000
4130.508115 0.263000
4130.508115 0.264000
4130.549624 0.264000
4130.549624 0.265000
4130.694116 0.265000
4130.694116 0.266000
4131.153722 0.266000
4131.153722 0.267000
4132.002634 0.267000
4132.002634 0.268000
4132.136259 0.268000
4132.136259 0.269000
4132.947285 0.269000
4132.947285 0.270000
4133.071381 0.270000
4133.071381 0.271000
4133.183570 0.271000
4133.183570 0.272000
4133.269729 0.272000
4133.269729 0.273000
4133.459476 0.273000
4133.459476 0.274000
4133.667784 0.274000
4133.667784 0.275000
4133.946117 0.275000
4133.946117 0.276000
4133.971422 0.276000
4133.971422 0.277000
4134.350839 0.277000
4134.350839 0.278000
4134.753156 0.278000
4134.753156 0.279000
4134.855636 0.279000
4134.855636 0.280000
4135.705287 0.280000
4135.705287 0.281000
4136.462238 0.281000
4136.462238 0.282000
4136.755026 0.282000
4136.755026 0.283000
4137.514849 0.283000
4137.514849 0.284000
4139.409366 0.284000
4139.409366 0.285000
4139.428961 0.285000
4139.428961 0.286000
4139.668465 0.286000
4139.668465 0.287000
4139.785207 0.287000
4139.785207 0.288000
4139.838959 0.288000
4139.838959 0.289000
4140.058355 0.289000
4140.058355 0.290000
4140.131810 0.290000
4140.131810 0.291000
4140.179494 0.291000
4140.179494 0.292000
4140.408402 0.292000
4140.408402 0.293000
4142.865597 0.293000
4142.865597 0.294000
4143.373835 0.294000
4143.373835 0.295000
4143.511276 0.295000
4143.511276 0.296000
4144.016699 0.296000
4144.016699 0.297000
4144.446689 0.297000
4144.446689 0.298000
4144.566450 0.298000
4144.566450 0.299000
4144.979227 0.299000
4144.979227 0.300000
4145.704719 0.300000
4145.704719 0.301000
4145.720076 0.301000
4145.720076 0.302000
4147.555966 0.302000
4147.555966 0.303000
4148.748266 0.303000
4148.748266 0.304000
4148.894176 0.304000
4148.894176 0.305000
4149.008808 0.305000
4149.008808 0.306000
4149.096400 0.306000
4149.096400 0.307000
4149.498437 0.307000
4149.498437 0.308000
4149.793805 0.308000
4149.793805 0.309000
4150.421622 0.309000
4150.421622 0.310000
4150.434708 0.310000
4150.434708 0.311000
4150.694139 0.311000
4150.694139 0.312000
4150.897982 0.312000
4150.897982 0.313000
4151.055233 0.313000
4151.055233 0.314000
4151.225147 0.314000
4151.225147 0.315000
4151.316369 0.315000
4151.316369 0.316000
4151.434032 0.316000
4151.434032 0.317000
4151.487826 0.317000
4151.487826 0.318000
4151.748514 0.318000
4151.748514 0.319000
4151.952920 0.319000
4151.952920 0.320000
4152.047790 0.320000
4152.047790 0.321000
4152.077186 0.321000
4152.077186 0.322000
4152.322390 0.322000
4152.322390 0.323000
4152.710035 0.323000
4152.710035 0.324000
4152.773755 0.324000
4152.773755 0.325000
4152.802132 0.325000
4152.802132 0.326000
4152.990681 0.326000
4152.990681 0.327000
4153.075166 0.327000
4153.075166 0.328000
4153.090222 0.328000
4153.090222 0.329000
4153.106106 0.329000
4153.106106 0.330000
4153.753843 0.330000
4153.753843 0.331000
4153.856879 0.331000
4153.856879 0.332000
4153.883412 0.332000
4153.883412 0.333000
4153.903197 0.333000
4153.903197 0.334000
4155.077555 0.334000
4155.077555 0.335000
4155.145819 0.335000
4155.145819 0.336000
4155.301208 0.336000
4155.301208 0.337000
4155.326940 0.337000
4155.326940 0.338000
4155.666408 0.338000
4155.666408 0.339000
4156.147018 0.339000
4156.147018 0.340000
4156.351550 0.340000
4156.351550 0.341000
4156.506166 0.341000
4156.506166 0.342000
4156.603906 0.342000
4156.603906 0.343000
4156.639004 0.343000
4156.639004 0.344000
4156.920495 0.344000
4156.920495 0.345000
4157.498498 0.345000
4157.498498 0.346000
4157.937325 0.346000
4157.937325 0.347000
4158.226680 0.347000
4158.226680 0.348000
4158.240120 0.348000
4158.240120 0.349000
4159.009929 0.349000
4159.009929 0.350000
4159.009929 0.350000
4159.009929 0.351000
4159.147491 0.351000
4159.147491 0.352000
4159.220363 0.352000
4159.220363 0.353000
4159.805235 0.353000
4159.805235 0.354000
4159.840120 0.354000
4159.840120 0.355000
4159.940243 0.355000
4159.940243 0.356000
4160.048902 0.356000
4160.048902 0.357000
4160.167190 0.357000
4160.167190 0.358000
4160.455426 0.358000
4160.455426 0.359000
4160.656794 0.359000
4160.656794 0.360000
4160.656794 0.360000
4160.656794 0.361000
4160.794616 0.361000
4160.794616 0.362000
4161.456903 0.362000
4161.456903 0.363000
4161.470378 0.363000
4161.470378 0.364000
4161.839211 0.364000
4161.839211 0.365000
4162.078763 0.365000
4162.078763 0.366000
4162.163187 0.366000
4162.163187 0.367000
4162.603740 0.367000
4162.603740 0.368000
4162.728688 0.368000
4162.728688 0.369000
4163.264779 0.369000
4163.264779 0.370000
4163.499992 0.370000
4163.499992 0.371000
4163.503348 0.371000
4163.503348 0.372000
4163.764541 0.372000
4163.764541 0.373000
4164.073258 0.373000
4164.073258 0.374000
4164.171881 0.374000
4164.171881 0.375000
4165.056065 0.375000
4165.056065 0.376000
4165.303787 0.376000
4165.303787 0.377000
4165.343186 0.377000
4165.343186 0.378000
4165.647222 0.378000
4165.647222 0.379000
4165.930071 0.379000
4165.930071 0.380000
4166.295181 0.380000
4166.295181 0.381000
4166.703867 0.381000
4166.703867 0.382000
4166.787472 0.382000
4166.787472 0.383000
4166.950014 0.383000
4166.950014 0.384000
4166.971798 0.384000
4166.971798 0.385000
4167.288011 0.385000
4167.288011 0.386000
4167.484259 0.386000
4167.484259 0.387000
4167.576012 0.387000
4167.576012 0.388000
4167.753208 0.388000
4167.753208 0.389000
4167.756742 0.389000
4167.756742 0.390000
4168.019797 0.390000
4168.019797 0.391000
4168.211218 0.391000
4168.211218 0.392000
4168.508037 0.392000
4168.508037 0.393000
4168.737970 0.393000
4168.737970 0.394000
4169.014390 0.394000
4169.014390 0.395000
4169.068697 0.395000
4169.068697 0.396000
4169.095758 0.396000
4169.095758 0.397000
4169.162339 0.397000
4169.162339 0.398000
4169.413531 0.398000
4169.413531 0.399000
4169.413531 0.399000
4169.413531 0.400000
4169.441991 0.400000
4169.441991 0.401000
4169.593934 0.401000
4169.593934 0.402000
4169.752702 0.402000
4169.752702 0.403000
4169.854437 0.403000
4169.854437 0.404000
4170.509424 0.404000
4170.509424 0.405000
4170.806210 0.405000
4170.806210 0.406000
4170.962745 0.406000
4170.962745 0.407000
4171.256751 0.407000
4171.256751 0.408000
4171.301279 0.408000
4171.301279 0.409000
4171.455682 0.409000
4171.455682 0.410000
4171.497326 0.410000
4171.497326 0.411000
4171.607350 0.411000
4171.607350 0.412000
4171.871677 0.412000
4171.871677 0.413000
4172.293813 0.413000
4172.293813 0.414000
4172.770529 0.414000
4172.770529 0.415000
4173.035765 0.415000
4173.035765 0.416000
4173.071818 0.416000
4173.071818 0.417000
4173.341363 0.417000
4173.341363 0.418000
4173.379427 0.418000
4173.379427 0.419000
4173.760372 0.419000
4173.760372 0.420000
4173.789246 0.420000
4173.789246 0.421000
4173.984357 0.421000
4173.984357 0.422000
4174.036142 0.422000
4174.036142 0.423000
4174.128495 0.423000
4174.128495 0.424000
4174.968927 0.424000
4174.968927 0.425000
4176.149429 0.425000
4176.149429 0.426000
4176.535242 0.426000
4176.535242 0.427000
4177.093236 0.427000
4177.093236 0.428000
4177.222617 0.428000
4177.222617 0.429000
4177.387035 0.429000
4177.387035 0.430000
4177.479363 0.430000
4177.479363 0.431000
4177.955195 0.431000
4177.955195 0.432000
4178.293088 0.432000
4178.293088 0.433000
4178.522960 0.433000
4178.522960 0.434000
4178.829463 0.434000
4178.829463 0.435000
4179.119325 0.435000
4179.119325 0.436000
4179.373684 0.436000
4179.373684 0.437000
4179.628924 0.437000
4179.628924 0.438000
4180.039655 0.438000
4180.039655 0.439000
4180.216149 0.439000
4180.216149 0.440000
4180.443425 0.440000
4180.443425 0.441000
4180.513119 0.441000
4180.513119 0.442000
4180.517784 0.442000
4180.517784 0.443000
4180.666176 0.443000
4180.666176 0.444000
4181.272690 0.444000
4181.272690 0.445000
4182.018513 0.445000
4182.018513 0.446000
4182.289215 0.446000
4182.289215 0.447000
4182.696252 0.447000
4182.696252 0.448000
4182.933881 0.448000
4182.933881 0.449000
4183.031205 0.449000
4183.031205 0.450000
4183.080079 0.450000
4183.080079 0.451000
4183.154650 0.451000
4183.154650 0.452000
4183.368962 0.452000
4183.368962 0.453000
4183.450750 0.453000
4183.450750 0.454000
4184.849966 0.454000
4184.849966 0.455000
4185.580842 0.455000
4185.580842 0.456000
4185.749146 0.456000
4185.749146 0.457000
4185.977349 0.457000
4185.977349 0.458000
4186.356813 0.458000
4186.356813 0.459000
4186.365508 0.459000
4186.365508 0.460000
4186.406015 0.460000
4186.406015 0.461000
4186.779066 0.461000
4186.779066 0.462000
4186.870515 0.462000
4186.870515 0.463000
4187.216729 0.463000
4187.216729 0.464000
4187.330070 0.464000
4187.330070 0.465000
4187.392692 0.465000
4187.392692 0.466000
4187.426572 0.466000
4187.426572 0.467000
4187.458703 0.467000
4187.458703 0.468000
4187.701842 0.468000
4187.701842 0.469000
4187.988331 0.469000
4187.988331 0.470000
4188.290968 0.470000
4188.290968 0.471000
4188.440345 0.471000
4188.440345 0.472000
4188.542386 0.472000
4188.542386 0.473000
4188.651725 0.473000
4188.651725 0.474000
4189.058549 0.474000
4189.058549 0.475000
4189.203883 0.475000
4189.203883 0.476000
4189.350077 0.476000
4189.350077 0.477000
4189.809686 0.477000
4189.809686 0.478000
4189.970233 0.478000
4189.970233 0.479000
4190.048050 0.479000
4190.048050 0.480000
4190.261100 0.480000
4190.261100 0.481000
4190.623356 0.481000
4190.623356 0.482000
4190.728289 0.482000
4190.728289 0.483000
4190.978656 0.483000
4190.978656 0.484000
4191.226772 0.484000
4191.226772 0.485000
4191.391912 0.485000
4191.391912 0.486000
4192.071627 0.486000
4192.071627 0.487000
4192.086930 0.487000
4192.086930 0.488000
4192.309377 0.488000
4192.309377 0.489000
4192.437042 0.489000
4192.437042 0.490000
4192.703958 0.490000
4192.703958 0.491000
4193.067304 0.491000
4193.067304 0.492000
4193.185394 0.492000
4193.185394 0.493000
4193.230449 0.493000
4193.230449 0.494000
4193.282345 0.494000
4193.282345 0.495000
4193.663846 0.495000
4193.663846 0.496000
4193.728894 0.496000
4193.728894 0.497000
4194.123426 0.497000
4194.123426 0.498000
4194.154995 0.498000
4194.154995 0.499000
4194.279829 0.499000
4194.279829 0.500000
4195.107098 0.500000
4195.107098 0.501000
4195.111530 0.501000
4195.111530 0.502000
4195.146464 0.502000
4195.146464 0.503000
4195.415976 0.503000
4195.415976 0.504000
4196.189087 0.504000
4196.189087 0.505000
4197.139653 0.505000
4197.139653 0.506000
4197.276954 0.506000
4197.276954 0.507000
4197.587071 0.507000
4197.587071 0.508000
4197.613466 0.508000
4197.613466 0.509000
4197.732952 0.509000
4197.732952 0.510000
4197.779798 0.510000
4197.779798 0.511000
4197.884129 0.511000
4197.884129 0.512000
4198.596384 0.512000
4198.596384 0.513000
4198.678049 0.513000
4198.678049 0.514000
4199.425577 0.514000
4199.425577 0.515000
4199.756880 0.515000
4199.756880 0.516000
4200.068830 0.516000
4200.068830 0.517000
4200.559458 0.517000
4200.559458 0.518000
4200.973027 0.518000
4200.973027 0.519000
4201.301116 0.519000
4201.301116 0.520000
4201.344465 0.520000
4201.344465 0.521000
4201.728090 0.521000
4201.728090 0.522000
4201.752609 0.522000
4201.752609 0.523000
4201.981676 0.523000
4201.981676 0.524000
4202.391241 0.524000
4202.391241 0.525000
4202.743187 0.525000
4202.743187 0.526000
4202.991716 0.526000
4202.991716 0.527000
4203.040580 0.527000
4203.040580 0.528000
4203.086481 0.528000
4203.086481 0.529000
4203.180942 0.529000
4203.180942 0.530000
4203.196570 0.530000
4203.196570 0.531000
4203.280316 0.531000
4203.280316 0.532000
4203.853621 0.532000
4203.853621 0.533000
4203.892748 0.533000
4203.892748 0.534000
4203.907343 0.534000
4203.907343 0.535000
4203.925427 0.535000
4203.925427 0.536000
4204.026457 0.536000
4204.026457 0.537000
4204.135227 0.537000
4204.135227 0.538000
4204.445941 0.538000
4204.445941 0.539000
4204.519082 0.539000
4204.519082 0.540000
4204.527487 0.540000
4204.527487 0.541000
4204.587306 0.541000
4204.587306 0.542000
4204.678731 0.542000
4204.678731 0.543000
4204.694681 0.543000
4204.694681 0.544000
4204.744819 0.544000
4204.744819 0.545000
4204.806955 0.545000
4204.806955 0.546000
4204.818723 0.546000
4204.818723 0.547000
4205.240051 0.547000
4205.240051 0.548000
4205.289098 0.548000
4205.289098 0.549000
4205.345905 0.549000
4205.345905 0.550000
4205.779860 0.550000
4205.779860 0.551000
4205.852774 0.551000
4205.852774 0.552000
4205.940376 0.552000
4205.940376 0.553000
4206.178083 0.553000
4206.178083 0.554000
4206.554662 0.554000
4206.554662 0.555000
4206.743688 0.555000
4206.743688 0.556000
4207.267255 0.556000
4207.267255 0.557000
4208.278422 0.557000
4208.278422 0.558000
4208.769388 0.558000
4208.769388 0.559000
4209.177718 0.559000
4209.177718 0.560000
4209.511451 0.560000
4209.511451 0.561000
4209.590198 0.561000
4209.590198 0.562000
4209.937685 0.562000
4209.937685 0.563000
4209.975618 0.563000
4209.975618 0.564000
4210.450165 0.564000
4210.450165 0.565000
4210.712693 0.565000
4210.712693 0.566000
4210.895928 0.566000
4210.895928 0.567000
4210.943700 0.567000
4210.943700 0.568000
4211.244926 0.568000
4211.244926 0.569000
4211.437173 0.569000
4211.437173 0.570000
4212.149247 0.570000
4212.149247 0.571000
4212.533387 0.571000
4212.533387 0.572000
4212.669320 0.572000
4212.669320 0.573000
4212.859677 0.573000
4212.859677 0.574000
4212.944098 0.574000
4212.944098 0.575000
4212.972247 0.575000
4212.972247 0.576000
4213.149971 0.576000
4213.149971 0.577000
4213.197465 0.577000
4213.197465 0.578000
4213.556034 0.578000
4213.556034 0.579000
4213.968807 0.579000
4213.968807 0.580000
4214.024854 0.580000
4214.024854 0.581000
4214.425748 0.581000
4214.425748 0.582000
4214.486735 0.582000
4214.486735 0.583000
4214.552349 0.583000
4214.552349 0.584000
4214.651230 0.584000
4214.651230 0.585000
4214.704731 0.585000
4214.704731 0.586000
4214.756864 0.586000
4214.756864 0.587000
4215.016844 0.587000
4215.016844 0.588000
4215.384540 0.588000
4215.384540 0.589000
4215.448146 0.589000
4215.448146 0.590000
4216.621499 0.590000
4216.621499 0.591000
4217.048685 0.591000
4217.048685 0.592000
4217.222968 0.592000
4217.222968 0.593000
4217.503575 0.593000
4217.503575 0.594000
4218.551854 0.594000
4218.551854 0.595000
4218.589704 0.595000
4218.589704 0.596000
4218.593720 0.596000
4218.593720 0.597000
4219.527302 0.597000
4219.527302 0.598000
4219.736973 0.598000
4219.736973 0.599000
4219.829369 0.599000
4219.829369 0.600000
4219.970073 0.600000
4219.970073 0.601000
4219.980217 0.601000
4219.980217 0.602000
4220.702557 0.602000
4220.702557 0.603000
4220.807912 0.603000
4220.807912 0.604000
4220.998050 0.604000
4220.998050 0.605000
4221.033811 0.605000
4221.033811 0.606000
4221.296935 0.606000
4221.296935 0.607000
4221.381346 0.607000
4221.381346 0.608000
4221.561682 0.608000
4221.561682 0.609000
4221.609391 0.609000
4221.609391 0.610000
4221.751306 0.610000
4221.751306 0.611000
4221.751306 0.611000
4221.751306 0.612000
4221.755376 0.612000
4221.755376 0.613000
4222.095664 0.613000
4222.095664 0.614000
4222.118513 0.614000
4222.118513 0.615000
4222.278978 0.615000
4222.278978 0.616000
4223.131331 0.616000
4223.131331 0.617000
4224.229626 0.617000
4224.229626 0.618000
4224.312220 0.618000
4224.312220 0.619000
4224.474320 0.619000
4224.474320 0.620000
4224.895685 0.620000
4224.895685 0.621000
4225.177330 0.621000
4225.177330 0.622000
4225.249915 0.622000
4225.249915 0.623000
4225.542995 0.623000
4225.542995 0.624000
4225.960155 0.624000
4225.960155 0.625000
4226.110118 0.625000
4226.110118 0.626000
4226.165835 0.626000
4226.165835 0.627000
4226.184239 0.627000
4226.184239 0.628000
4226.252162 0.628000
4226.252162 0.629000
4226.333447 0.629000
4226.333447 0.630000
4226.699090 0.630000
4226.699090 0.631000
4226.807857 0.631000
4226.807857 0.632000
4226.932487 0.632000
4226.932487 0.633000
4227.338161 0.633000
4227.338161 0.634000
4227.882795 0.634000
4227.882795 0.635000
4227.950731 0.635000
4227.950731 0.636000
4228.354784 0.636000
4228.354784 0.637000
4228.579950 0.637000
4228.579950 0.638000
4229.064271 0.638000
4229.064271 0.639000
4229.450345 0.639000
4229.450345 0.640000
4230.256501 0.640000
4230.256501 0.641000
4230.507769 0.641000
4230.507769 0.642000
4230.544610 0.642000
4230.544610 0.643000
4230.656787 0.643000
4230.656787 0.644000
4230.895424 0.644000
4230.895424 0.645000
4231.060580 0.645000
4231.060580 0.646000
4231.203940 0.646000
4231.203940 0.647000
4231.663653 0.647000
4231.663653 0.648000
4232.301958 0.648000
4232.301958 0.649000
4232.373496 0.649000
4232.373496 0.650000
4232.448847 0.650000
4232.448847 0.651000
4232.543059 0.651000
4232.543059 0.652000
4233.087861 0.652000
4233.087861 0.653000
4233.220692 0.653000
4233.220692 0.654000
4233.264696 0.654000
4233.264696 0.655000
4233.322138 0.655000
4233.322138 0.656000
4234.623426 0.656000
4234.623426 0.657000
4234.944733 0.657000
4234.944733 0.658000
4235.472760 0.658000
4235.472760 0.659000
4235.760787 0.659000
4235.760787 0.660000
4236.425819 0.660000
4236.425819 0.661000
4236.430751 0.661000
4236.430751 0.662000
4236.519245 0.662000
4236.519245 0.663000
4236.837234 0.663000
4236.837234 0.664000
4237.053893 0.664000
4237.053893 0.665000
4237.497519 0.665000
4237.497519 0.666000
4237.613903 0.666000
4237.613903 0.667000
4237.726998 0.667000
4237.726998 0.668000
4237.801892 0.668000
4237.801892 0.669000
4237.816323 0.669000
4237.816323 0.670000
4237.816323 0.670000
4237.816323 0.671000
4237.912110 0.671000
4237.912110 0.672000
4237.994618 0.672000
4237.994618 0.673000
4238.225766 0.673000
4238.225766 0.674000
4238.948990 0.674000
4238.948990 0.675000
4239.048638 0.675000
4239.048638 0.676000
4239.156458 0.676000
4239.156458 0.677000
4239.423709 0.677000
4239.423709 0.678000
4239.988285 0.678000
4239.988285 0.679000
4240.875329 0.679000
4240.875329 0.680000
4241.022157 0.680000
4241.022157 0.681000
4241.686503 0.681000
4241.686503 0.682000
4241.692544 0.682000
4241.692544 0.683000
4241.695986 0.683000
4241.695986 0.684000
4242.096857 0.684000
4242.096857 0.685000
4242.342902 0.685000
4242.342902 0.686000
4242.407798 0.686000
4242.407798 0.687000
4243.371641 0.687000
4243.371641 0.688000
4243.449535 0.688000
4243.449535 0.689000
4244.124067 0.689000
4244.124067 0.690000
4244.283440 0.690000
4244.283440 0.691000
4244.324538 0.691000
4244.324538 0.692000
4244.328388 0.692000
4244.328388 0.693000
4244.591158 0.693000
4244.591158 0.694000
4245.043228 0.694000
4245.043228 0.695000
4245.304683 0.695000
4245.304683 0.696000
4245.736646 0.696000
4245.736646 0.697000
4245.813262 0.697000
4245.813262 0.698000
4245.990594 0.698000
4245.990594 0.699000
4246.051038 0.699000
4246.051038 0.700000
4246.633861 0.700000
4246.633861 0.701000
4246.687009 0.701000
4246.687009 0.702000
4247.178650 0.702000
4247.178650 0.703000
4247.282547 0.703000
4247.282547 0.704000
4247.419548 0.704000
4247.419548 0.705000
4247.501685 0.705000
4247.501685 0.706000
4247.580097 0.706000
4247.580097 0.707000
4247.613538 0.707000
4247.613538 0.708000
4248.367337 0.708000
4248.367337 0.709000
4248.482323 0.709000
4248.482323 0.710000
4248.731381 0.710000
4248.731381 0.711000
4249.058768 0.711000
4249.058768 0.712000
4249.255835 0.712000
4249.255835 0.713000
4250.465835 0.713000
4250.465835 0.714000
4250.780854 0.714000
4250.780854 0.715000
4250.966649 0.715000
4250.966649 0.716000
4250.984282 0.716000
4250.984282 0.717000
4251.001971 0.717000
4251.001971 0.718000
4251.089527 0.718000
4251.089527 0.719000
4251.148133 0.719000
4251.148133 0.720000
4251.149987 0.720000
4251.149987 0.721000
4251.351229 0.721000
4251.351229 0.722000
4251.655797 0.722000
4251.655797 0.723000
4251.772698 0.723000
4251.772698 0.724000
4251.795924 0.724000
4251.795924 0.725000
4251.993998 0.725000
4251.993998 0.726000
4252.305350 0.726000
4252.305350 0.727000
4252.616357 0.727000
4252.616357 0.728000
4252.678500 0.728000
4252.678500 0.729000
4252.723719 0.729000
4252.723719 0.730000
4252.801360 0.730000
4252.801360 0.731000
4252.822069 0.731000
4252.822069 0.732000
4252.822069 0.732000
4252.822069 0.733000
4252.830983 0.733000
4252.830983 0.734000
4252.830983 0.734000
4252.830983 0.735000
4252.907411 0.735000
4252.907411 0.736000
4252.958918 0.736000
4252.958918 0.737000
4253.093900 0.737000
4253.093900 0.738000
4253.164112 0.738000
4253.164112 0.739000
4253.171640 0.739000
4253.171640 0.740000
4253.215311 0.740000
4253.215311 0.741000
4253.274492 0.741000
4253.274492 0.742000
4253.415291 0.742000
4253.415291 0.743000
4253.488564 0.743000
4253.488564 0.744000
4253.591926 0.744000
4253.591926 0.745000
4253.602586 0.745000
4253.602586 0.746000
4253.799920 0.746000
4253.799920 0.747000
4253.969818 0.747000
4253.969818 0.748000
4254.309559 0.748000
4254.309559 0.749000
4254.348762 0.749000
4254.348762 0.750000
4254.447942 0.750000
4254.447942 0.751000
4254.461605 0.751000
4254.461605 0.752000
4254.601973 0.752000
4254.601973 0.753000
4254.668763 0.753000
4254.668763 0.754000
4254.812493 0.754000
4254.812493 0.755000
4254.893856 0.755000
4254.893856 0.756000
4255.069639 0.756000
4255.069639 0.757000
4255.430799 0.757000
4255.430799 0.758000
4257.173330 0.758000
4257.173330 0.759000
4257.598254 0.759000
4257.598254 0.760000
4258.085510 0.760000
4258.085510 0.761000
4259.080247 0.761000
4259.080247 0.762000
4259.498953 0.762000
4259.498953 0.763000
4259.819047 0.763000
4259.819047 0.764000
4259.995216 0.764000
4259.995216 0.765000
4260.203669 0.765000
4260.203669 0.766000
4260.392128 0.766000
4260.392128 0.767000
4260.754452 0.767000
4260.754452 0.768000
4260.860617 0.768000
4260.860617 0.769000
4261.164629 0.769000
4261.164629 0.770000
4261.469524 0.770000
4261.469524 0.771000
4261.642183 0.771000
4261.642183 0.772000
4262.106385 0.772000
4262.106385 0.773000
4262.354583 0.773000
4262.354583 0.774000
4262.354583 0.774000
4262.354583 0.775000
4262.718026 0.775000
4262.718026 0.776000
4262.768175 0.776000
4262.768175 0.777000
4262.925284 0.777000
4262.925284 0.778000
4262.926080 0.778000
4262.926080 0.779000
4263.163259 0.779000
4263.163259 0.780000
4263.748104 0.780000
4263.748104 0.781000
4264.565480 0.781000
4264.565480 0.782000
4264.753807 0.782000
4264.753807 0.783000
4264.982714 0.783000
4264.982714 0.784000
4265.394450 0.784000
4265.394450 0.785000
4265.623081 0.785000
4265.623081 0.786000
4265.775983 0.786000
4265.775983 0.787000
4266.212604 0.787000
4266.212604 0.788000
4266.354880 0.788000
4266.354880 0.789000
4266.667067 0.789000
4266.667067 0.790000
4266.884967 0.790000
4266.884967 0.791000
4267.128315 0.791000
4267.128315 0.792000
4267.541981 0.792000
4267.541981 0.793000
4267.755516 0.793000
4267.755516 0.794000
4268.005021 0.794000
4268.005021 0.795000
4268.278413 0.795000
4268.278413 0.796000
4268.739822 0.796000
4268.739822 0.797000
4269.082953 0.797000
4269.082953 0.798000
4269.483296 0.798000
4269.483296 0.799000
4269.529106 0.799000
4269.529106 0.800000
4269.570183 0.800000
4269.570183 0.801000
4270.384204 0.801000
4270.384204 0.802000
4270.499547 0.802000
4270.499547 0.803000
4270.557038 0.803000
4270.557038 0.804000
4270.671844 0.804000
4270.671844 0.805000
4270.701930 0.805000
4270.701930 0.806000
4270.710975 0.806000
4270.710975 0.807000
4270.986211 0.807000
4270.986211 0.808000
4271.922764 0.808000
4271.922764 0.809000
4272.270659 0.809000
4272.270659 0.810000
4273.027228 0.810000
4273.027228 0.811000
4273.874512 0.811000
4273.874512 0.812000
4273.965720 0.812000
4273.965720 0.813000
4273.995978 0.813000
4273.995978 0.814000
4274.205773 0.814000
4274.205773 0.815000
4274.213061 0.815000
4274.213061 0.816000
4274.353508 0.816000
4274.353508 0.817000
4274.412116 0.817000
4274.412116 0.818000
4274.643819 0.818000
4274.643819 0.819000
4274.643819 0.819000
4274.643819 0.820000
4274.672478 0.820000
4274.672478 0.821000
4274.773941 0.821000
4274.773941 0.822000
4274.786454 0.822000
4274.786454 0.823000
4274.814783 0.823000
4274.814783 0.824000
4275.529018 0.824000
4275.529018 0.825000
4275.766637 0.825000
4275.766637 0.826000
4275.792746 0.826000
4275.792746 0.827000
4276.278035 0.827000
4276.278035 0.828000
4276.500979 0.828000
4276.500979 0.829000
4277.605254 0.829000
4277.605254 0.830000
4277.965944 0.830000
4277.965944 0.831000
4278.086924 0.831000
4278.086924 0.832000
4278.116056 0.832000
4278.116056 0.833000
4278.138528 0.833000
4278.138528 0.834000
4278.357480 0.834000
4278.357480 0.835000
4278.837952 0.835000
4278.837952 0.836000
4278.872067 0.836000
4278.872067 0.837000
4278.885500 0.837000
4278.885500 0.838000
4279.066857 0.838000
4279.066857 0.839000
4279.221600 0.839000
4279.221600 0.840000
4279.669666 0.840000
4279.669666 0.841000
4279.899200 0.841000
4279.899200 0.842000
4279.914386 0.842000
4279.914386 0.843000
4280.334704 0.843000
4280.334704 0.844000
4281.064865 0.844000
4281.064865 0.845000
4282.175766 0.845000
4282.175766 0.846000
4282.373954 0.846000
4282.373954 0.847000
4282.669159 0.847000
4282.669159 0.848000
4283.165626 0.848000
4283.165626 0.849000
4283.205560 0.849000
4283.205560 0.850000
4283.519713 0.850000
4283.519713 0.851000
4283.572337 0.851000
4283.572337 0.852000
4284.958891 0.852000
4284.958891 0.853000
4285.701109 0.853000
4285.701109 0.854000
4286.383965 0.854000
4286.383965 0.855000
4286.477233 0.855000
4286.477233 0.856000
4286.823605 0.856000
4286.823605 0.857000
4287.053215 0.857000
4287.053215 0.858000
4287.160247 0.858000
4287.160247 0.859000
4287.346896 0.859000
4287.346896 0.860000
4287.532668 0.860000
4287.532668 0.861000
4287.781950 0.861000
4287.781950 0.862000
4287.868629 0.862000
4287.868629 0.863000
4287.945228 0.863000
4287.945228 0.864000
4287.983374 0.864000
4287.983374 0.865000
4287.983374 0.865000
4287.983374 0.866000
4288.369043 0.866000
4288.369043 0.867000
4288.506884 0.867000
4288.506884 0.868000
4288.620426 0.868000
4288.620426 0.869000
4288.689214 0.869000
4288.689214 0.870000
4288.712185 0.870000
4288.712185 0.871000
4288.807631 0.871000
4288.807631 0.872000
4289.224357 0.872000
4289.224357 0.873000
4289.291717 0.873000
4289.291717 0.874000
4289.600216 0.874000
4289.600216 0.875000
4289.886310 0.875000
4289.886310 0.876000
4289.982571 0.876000
4289.982571 0.877000
4290.040221 0.877000
4290.040221 0.878000
4290.171086 0.878000
4290.171086 0.879000
4290.533157 0.879000
4290.533157 0.880000
4290.765734 0.880000
4290.765734 0.881000
4291.438175 0.881000
4291.438175 0.882000
4291.734310 0.882000
4291.734310 0.883000
4292.398740 0.883000
4292.398740 0.884000
4292.877757 0.884000
4292.877757 0.885000
4293.187230 0.885000
4293.187230 0.886000
4293.306891 0.886000
4293.306891 0.887000
4293.761102 0.887000
4293.761102 0.888000
4294.076735 0.888000
4294.076735 0.889000
4295.085430 0.889000
4295.085430 0.890000
4295.148262 0.890000
4295.148262 0.891000
4295.214334 0.891000
4295.214334 0.892000
4295.663982 0.892000
4295.663982 0.893000
4295.876398 0.893000
4295.876398 0.894000
4296.282872 0.894000
4296.282872 0.895000
4296.373975 0.895000
4296.373975 0.896000
4296.542190 0.896000
4296.542190 0.897000
4296.617608 0.897000
4296.617608 0.898000
4297.062130 0.898000
4297.062130 0.899000
4297.490374 0.899000
4297.490374 0.900000
4298.181230 0.900000
4298.181230 0.901000
4298.258550 0.901000
4298.258550 0.902000
4298.697516 0.902000
4298.697516 0.903000
4298.719122 0.903000
4298.719122 0.904000
4299.057754 0.904000
4299.057754 0.905000
4300.783785 0.905000
4300.783785 0.906000
4301.064520 0.906000
4301.064520 0.907000
4301.870104 0.907000
4301.870104 0.908000
4302.905841 0.908000
4302.905841 0.909000
4303.049966 0.909000
4303.049966 0.910000
4303.443264 0.910000
4303.443264 0.911000
4303.552901 0.911000
4303.552901 0.912000
4303.862398 0.912000
4303.862398 0.913000
4304.290170 0.913000
4304.290170 0.914000
4304.524552 0.914000
4304.524552 0.915000
4304.738718 0.915000
4304.738718 0.916000
4304.890717 0.916000
4304.890717 0.917000
4305.022056 0.917000
4305.022056 0.918000
4305.022056 0.918000
4305.022056 0.919000
4305.450028 0.919000
4305.450028 0.920000
4306.080928 0.920000
4306.080928 0.921000
4306.576524 0.921000
4306.576524 0.922000
4307.029314 0.922000
4307.029314 0.923000
4307.087327 0.923000
4307.087327 0.924000
4307.430549 0.924000
4307.430549 0.925000
4308.772322 0.925000
4308.772322 0.926000
4310.502013 0.926000
4310.502013 0.927000
4310.710622 0.927000
4310.710622 0.928000
4311.499111 0.928000
4311.499111 0.929000
4311.532367 0.929000
4311.532367 0.930000
4311.707728 0.930000
4311.707728 0.931000
4311.727091 0.931000
4311.727091 0.932000
4312.174370 0.932000
4312.174370 0.933000
4312.174370 0.933000
4312.174370 0.934000
4312.462100 0.934000
4312.462100 0.935000
4312.619244 0.935000
4312.619244 0.936000
4312.805326 0.936000
4312.805326 0.937000
4312.869952 0.937000
4312.869952 0.938000
4313.079476 0.938000
4313.079476 0.939000
4313.867853 0.939000
4313.867853 0.940000
4313.884423 0.940000
4313.884423 0.941000
4314.036440 0.941000
4314.036440 0.942000
4314.288562 0.942000
4314.288562 0.943000
4314.474903 0.943000
4314.474903 0.944000
4314.555368 0.944000
4314.555368 0.945000
4315.103844 0.945000
4315.103844 0.946000
4315.390109 0.946000
4315.390109 0.947000
4316.290686 0.947000
4316.290686 0.948000
4319.701053 0.948000
4319.701053 0.949000
4320.486917 0.949000
4320.486917 0.950000
4321.631001 0.950000
4321.631001 0.951000
4322.557819 0.951000
4322.557819 0.952000
4322.665204 0.952000
4322.665204 0.953000
4323.858810 0.953000
4323.858810 0.954000
4324.047653 0.954000
4324.047653 0.955000
4324.141051 0.955000
4324.141051 0.956000
4324.205850 0.956000
4324.205850 0.957000
4324.295226 0.957000
4324.295226 0.958000
4324.325840 0.958000
4324.325840 0.959000
4324.598107 0.959000
4324.598107 0.960000
4324.687580 0.960000
4324.687580 0.961000
4324.687580 0.961000
4324.687580 0.962000
4324.746878 0.962000
4324.746878 0.963000
4325.096895 0.963000
4325.096895 0.964000
4325.353085 0.964000
4325.353085 0.965000
4325.353085 0.965000
4325.353085 0.966000
4325.576410 0.966000
4325.576410 0.967000
4325.686556 0.967000
4325.686556 0.968000
4325.698659 0.968000
4325.698659 0.969000
4326.248849 0.969000
4326.248849 0.970000
4326.301043 0.970000
4326.301043 0.971000
4326.353007 0.971000
4326.353007 0.972000
4326.507536 0.972000
4326.507536 0.973000
4326.634770 0.973000
4326.634770 0.974000
4326.660051 0.974000
4326.660051 0.975000
4326.885133 0.975000
4326.885133 0.976000
4327.534978 0.976000
4327.534978 0.977000
4328.209892 0.977000
4328.209892 0.978000
4332.002697 0.978000
4332.002697 0.979000
4335.218842 0.979000
4335.218842 0.980000
4338.624075 0.980000
4338.624075 0.981000
4339.296854 0.981000
4339.296854 0.982000
4339.728121 0.982000
4339.728121 0.983000
4343.003513 0.983000
4343.003513 0.984000
4344.655926 0.984000
4344.655926 0.985000
4351.518509 0.985000
4351.518509 0.986000
4361.053625 0.986000
4361.053625 0.987000
4367.562685 0.987000
4367.562685 0.988000
4369.042903 0.988000
4369.042903 0.989000
4374.891174 0.989000
4374.891174 0.990000
4378.174049 0.990000
4378.174049 0.991000
4379.052607 0.991000
4379.052607 0.992000
4401.500806 0.992000
4401.500806 0.993000
4407.187715 0.993000
4407.187715 0.994000
4407.314092 0.994000
4407.314092 0.995000
4454.187595 0.995000
4454.187595 0.996000
4514.150626 0.996000
4514.150626 0.997000
4539.216238 0.997000
4539.216238 0.998000
4554.007591 0.998000
4554.007591 0.999000
4606.302900 0.999000
4606.302900 1.000000
