5028.890377 0.000000
5028.890377 0.001000
5176.637964 0.001000
5176.637964 0.002000
6507.390733 0.002000
6507.390733 0.003000
6662.863000 0.003000
6662.863000 0.004000
6946.494045 0.004000
6946.494045 0.005000
7124.249877 0.005000
7124.249877 0.006000
7134.094750 0.006000
7134.094750 0.007000
7400.280272 0.007000
7400.280272 0.008000
7659.703516 0.008000
7659.703516 0.009000
7687.612158 0.009000
7687.612158 0.010000
7746.720854 0.010000
7746.720854 0.011000
7774.945472 0.011000
7774.945472 0.012000
7893.594829 0.012000
7893.594829 0.013000
7913.887283 0.013000
7913.887283 0.014000
7921.736229 0.014000
7921.736229 0.015000
7998.469465 0.015000
7998.469465 0.016000
8026.269307 0.016000
8026.269307 0.017000
8088.826602 0.017000
8088.826602 0.018000
8170.750046 0.018000
8170.750046 0.019000
8186.188775 0.019000
8186.188775 0.020000
8220.829011 0.020000
8220.829011 0.021000
8425.330489 0.021000
8425.330489 0.022000
8464.339056 0.022000
8464.339056 0.023000
8496.564288 0.023000
8496.564288 0.024000
8526.729045 0.024000
8526.729045 0.025000
8557.550290 0.025000
8557.550290 0.026000
8572.558592 0.026000
8572.558592 0.027000
8582.374764 0.027000
8582.374764 0.028000
8584.593090 0.028000
8584.593090 0.029000
8596.838327 0.029000
8596.838327 0.030000
8603.222192 0.030000
8603.222192 0.031000
8608.056457 0.031000
8608.056457 0.032000
8665.164920 0.032000
8665.164920 0.033000
8693.291467 0.033000
8693.291467 0.034000
8718.228152 0.034000
8718.228152 0.035000
8727.527954 0.035000
8727.527954 0.036000
8745.808471 0.036000
8745.808471 0.037000
8764.269361 0.037000
8764.269361 0.038000
8776.947952 0.038000
8776.947952 0.039000
8780.021003 0.039000
8780.021003 0.040000
8806.498732 0.040000
8806.498732 0.041000
8827.248260 0.041000
8827.248260 0.042000
8852.344883 0.042000
8852.344883 0.043000
8862.153442 0.043000
8862.153442 0.044000
8865.574262 0.044000
8865.574262 0.045000
8866.225859 0.045000
8866.225859 0.046000
8872.416682 0.046000
8872.416682 0.047000
8872.836559 0.047000
8872.836559 0.048000
8910.786101 0.048000
8910.786101 0.049000
8935.374343 0.049000
8935.374343 0.050000
8937.025725 0.050000
8937.025725 0.051000
8940.251714 0.051000
8940.251714 0.052000
8942.570672 0.052000
8942.570672 0.053000
8957.090052 0.053000
8957.090052 0.054000
8958.337087 0.054000
8958.337087 0.055000
8962.494905 0.055000
8962.494905 0.056000
8966.563516 0.056000
8966.563516 0.057000
8978.276786 0.057000
8978.276786 0.058000
8983.086898 0.058000
8983.086898 0.059000
8986.874795 0.059000
8986.874795 0.060000
8989.218183 0.060000
8989.218183 0.061000
8989.308318 0.061000
8989.308318 0.062000
8990.998757 0.062000
8990.998757 0.063000
8993.703838 0.063000
8993.703838 0.064000
9006.653463 0.064000
9006.653463 0.065000
9071.189261 0.065000
9071.189261 0.066000
9072.771817 0.066000
9072.771817 0.067000
9096.189369 0.067000
9096.189369 0.068000
9098.737253 0.068000
9098.737253 0.069000
9106.371051 0.069000
9106.371051 0.070000
9106.374490 0.070000
9106.374490 0.071000
9110.651805 0.071000
9110.651805 0.072000
9115.517799 0.072000
9115.517799 0.073000
9123.278955 0.073000
9123.278955 0.074000
9124.786888 0.074000
9124.786888 0.075000
9129.722751 0.075000
9129.722751 0.076000
9137.504270 0.076000
9137.504270 0.077000
9149.359337 0.077000
9149.359337 0.078000
9153.036845 0.078000
9153.036845 0.079000
9162.190909 0.079000
9162.190909 0.080000
9170.582457 0.080000
9170.582457 0.081000
9185.379371 0.081000
9185.379371 0.082000
9188.751996 0.082000
9188.751996 0.083000
9196.018767 0.083000
9196.018767 0.084000
9199.157213 0.084000
9199.157213 0.085000
9199.707764 0.085000
9199.707764 0.086000
9205.246441 0.086000
9205.246441 0.087000
9210.935053 0.087000
9210.935053 0.088000
9213.211723 0.088000
9213.211723 0.089000
9214.750705 0.089000
9214.750705 0.090000
9214.958134 0.090000
9214.958134 0.091000
9217.966385 0.091000
9217.966385 0.092000
9222.166615 0.092000
9222.166615 0.093000
9226.697037 0.093000
9226.697037 0.094000
9229.373496 0.094000
9229.373496 0.095000
9234.181048 0.095000
9234.181048 0.096000
9238.045057 0.096000
9238.045057 0.097000
9240.449540 0.097000
9240.449540 0.098000
9252.587413 0.098000
9252.587413 0.099000
9265.653081 0.099000
9265.653081 0.100000
9278.578883 0.100000
9278.578883 0.101000
9281.676178 0.101000
9281.676178 0.102000
9292.931619 0.102000
9292.931619 0.103000
9296.187895 0.103000
9296.187895 0.104000
9300.901819 0.104000
9300.901819 0.105000
9303.703396 0.105000
9303.703396 0.106000
9315.412381 0.106000
9315.412381 0.107000
9322.853485 0.107000
9322.853485 0.108000
9325.258442 0.108000
9325.258442 0.109000
9326.667458 0.109000
9326.667458 0.110000
9327.908097 0.110000
9327.908097 0.111000
9330.627847 0.111000
9330.627847 0.112000
9330.953744 0.112000
9330.953744 0.113000
9334.450294 0.113000
9334.450294 0.114000
9341.424611 0.114000
9341.424611 0.115000
9342.620882 0.115000
9342.620882 0.116000
9348.193405 0.116000
9348.193405 0.117000
9349.426216 0.117000
9349.426216 0.118000
9351.547802 0.118000
9351.547802 0.119000
9351.667635 0.119000
9351.667635 0.120000
9360.837106 0.120000
9360.837106 0.121000
9362.792385 0.121000
9362.792385 0.122000
9365.377824 0.122000
9365.377824 0.123000
9367.723028 0.123000
9367.723028 0.124000
9368.742504 0.124000
9368.742504 0.125000
9370.962418 0.125000
9370.962418 0.126000
9375.633751 0.126000
9375.633751 0.127000
9379.892881 0.127000
9379.892881 0.128000
9382.417893 0.128000
9382.417893 0.129000
9389.222933 0.129000
9389.222933 0.130000
9389.751416 0.130000
9389.751416 0.131000
9390.662929 0.131000
9390.662929 0.132000
9390.737384 0.132000
9390.737384 0.133000
9392.464116 0.133000
9392.464116 0.134000
9397.877058 0.134000
9397.877058 0.135000
9398.012209 0.135000
9398.012209 0.136000
9403.225852 0.136000
9403.225852 0.137000
9409.504056 0.137000
9409.504056 0.138000
9410.800455 0.138000
9410.800455 0.139000
9421.771794 0.139000
9421.771794 0.140000
9424.084786 0.140000
9424.084786 0.141000
9425.859494 0.141000
9425.859494 0.142000
9431.886476 0.142000
9431.886476 0.143000
9433.585843 0.143000
9433.585843 0.144000
9434.626223 0.144000
9434.626223 0.145000
9435.097184 0.145000
9435.097184 0.146000
9438.624264 0.146000
9438.624264 0.147000
9438.874606 0.147000
9438.874606 0.148000
9439.618861 0.148000
9439.618861 0.149000
9442.727796 0.149000
9442.727796 0.150000
9446.178580 0.150000
9446.178580 0.151000
9451.525121 0.151000
9451.525121 0.152000
9453.907809 0.152000
9453.907809 0.153000
9456.909521 0.153000
9456.909521 0.154000
9457.559161 0.154000
9457.559161 0.155000
9458.616987 0.155000
9458.616987 0.156000
9459.918239 0.156000
9459.918239 0.157000
9460.801803 0.157000
9460.801803 0.158000
9461.661130 0.158000
9461.661130 0.159000
9462.260041 0.159000
9462.260041 0.160000
9467.091037 0.160000
9467.091037 0.161000
9467.409330 0.161000
9467.409330 0.162000
9467.662705 0.162000
9467.662705 0.163000
9468.833348 0.163000
9468.833348 0.164000
9470.291823 0.164000
9470.291823 0.165000
9471.063374 0.165000
9471.063374 0.166000
9471.113027 0.166000
9471.113027 0.167000
9471.318301 0.167000
9471.318301 0.168000
9476.055997 0.168000
9476.055997 0.169000
9476.392698 0.169000
9476.392698 0.170000
9480.105423 0.170000
9480.105423 0.171000
9480.323096 0.171000
9480.323096 0.172000
9481.524197 0.172000
9481.524197 0.173000
9482.764020 0.173000
9482.764020 0.174000
9483.948312 0.174000
9483.948312 0.175000
9484.137642 0.175000
9484.137642 0.176000
9484.826973 0.176000
9484.826973 0.177000
9486.877813 0.177000
9486.877813 0.178000
9487.237859 0.178000
9487.237859 0.179000
9487.259341 0.179000
9487.259341 0.180000
9487.335357 0.180000
9487.335357 0.181000
9490.733520 0.181000
9490.733520 0.182000
9493.759298 0.182000
9493.759298 0.183000
9495.280088 0.183000
9495.280088 0.184000
9495.667576 0.184000
9495.667576 0.185000
9497.173619 0.185000
9497.173619 0.186000
9498.779438 0.186000
9498.779438 0.187000
9499.854287 0.187000
9499.854287 0.188000
9502.015979 0.188000
9502.015979 0.189000
9505.784151 0.189000
9505.784151 0.190000
9508.535900 0.190000
9508.535900 0.191000
9508.843836 0.191000
9508.843836 0.192000
9513.513967 0.192000
9513.513967 0.193000
9517.036130 0.193000
9517.036130 0.194000
9518.337746 0.194000
9518.337746 0.195000
9519.962623 0.195000
9519.962623 0.196000
9520.233788 0.196000
9520.233788 0.197000
9534.551307 0.197000
9534.551307 0.198000
9541.599134 0.198000
9541.599134 0.199000
9546.423934 0.199000
9546.423934 0.200000
9547.074329 0.200000
9547.074329 0.201000
9557.187816 0.201000
9557.187816 0.202000
9559.574512 0.202000
9559.574512 0.203000
9560.388355 0.203000
9560.388355 0.204000
9561.647535 0.204000
9561.647535 0.205000
9567.221100 0.205000
9567.221100 0.206000
9569.031425 0.206000
9569.031425 0.207000
9569.754730 0.207000
9569.754730 0.208000
9571.410774 0.208000
9571.410774 0.209000
9572.595145 0.209000
9572.595145 0.210000
9572.742026 0.210000
9572.742026 0.211000
9574.628372 0.211000
9574.628372 0.212000
9575.342648 0.212000
9575.342648 0.213000
9576.191705 0.213000
9576.191705 0.214000
9576.892616 0.214000
9576.892616 0.215000
9577.587575 0.215000
9577.587575 0.216000
9577.863910 0.216000
9577.863910 0.217000
9578.158539 0.217000
9578.158539 0.218000
9579.095907 0.218000
9579.095907 0.219000
9580.300954 0.219000
9580.300954 0.220000
9581.108295 0.220000
9581.108295 0.221000
9582.233569 0.221000
9582.233569 0.222000
9582.552459 0.222000
9582.552459 0.223000
9584.703024 0.223000
9584.703024 0.224000
9585.669206 0.224000
9585.669206 0.225000
9586.237350 0.225000
9586.237350 0.226000
9586.734251 0.226000
9586.734251 0.227000
9587.101204 0.227000
9587.101204 0.228000
9590.462042 0.228000
9590.462042 0.229000
9591.163162 0.229000
9591.163162 0.230000
9592.887641 0.230000
9592.887641 0.231000
9594.461625 0.231000
9594.461625 0.232000
9594.905191 0.232000
9594.905191 0.233000
9595.784295 0.233000
9595.784295 0.234000
9597.367444 0.234000
9597.367444 0.235000
9598.042247 0.235000
9598.042247 0.236000
9599.197108 0.236000
9599.197108 0.237000
9599.700205 0.237000
9599.700205 0.238000
9602.452752 0.238000
9602.452752 0.239000
9604.161538 0.239000
9604.161538 0.240000
9605.276320 0.240000
9605.276320 0.241000
9605.561839 0.241000
9605.561839 0.242000
9605.940661 0.242000
9605.940661 0.243000
9608.078295 0.243000
9608.078295 0.244000
9608.106866 0.244000
9608.106866 0.245000
9608.220235 0.245000
9608.220235 0.246000
9608.675815 0.246000
9608.675815 0.247000
9608.805997 0.247000
9608.805997 0.248000
9609.662137 0.248000
9609.662137 0.249000
9609.971616 0.249000
9609.971616 0.250000
9610.149114 0.250000
9610.149114 0.251000
9610.774800 0.251000
9610.774800 0.252000
9613.931086 0.252000
9613.931086 0.253000
9615.210696 0.253000
9615.210696 0.254000
9615.382912 0.254000
9615.382912 0.255000
9615.990608 0.255000
9615.990608 0.256000
9615.999686 0.256000
9615.999686 0.257000
9616.036063 0.257000
9616.036063 0.258000
9616.378865 0.258000
9616.378865 0.259000
9616.719730 0.259000
9616.719730 0.260000
9617.379654 0.260000
9617.379654 0.261000
9617.665998 0.261000
9617.665998 0.262000
9617.901668 0.262000
9617.901668 0.263000
9619.220247 0.263000
9619.220247 0.264000
9619.658988 0.264000
9619.658988 0.265000
9619.867137 0.265000
9619.867137 0.266000
9620.561921 0.266000
9620.561921 0.267000
9620.762818 0.267000
9620.762818 0.268000
9621.553149 0.268000
9621.553149 0.269000
9623.155079 0.269000
9623.155079 0.270000
9623.747738 0.270000
9623.747738 0.271000
9624.923904 0.271000
9624.923904 0.272000
9625.254376 0.272000
9625.254376 0.273000
9625.711893 0.273000
9625.711893 0.274000
9628.699015 0.274000
9628.699015 0.275000
9629.037441 0.275000
9629.037441 0.276000
9631.730482 0.276000
9631.730482 0.277000
9632.832168 0.277000
9632.832168 0.278000
9633.444928 0.278000
9633.444928 0.279000
9634.981716 0.279000
9634.981716 0.280000
9635.109973 0.280000
9635.109973 0.281000
9638.619785 0.281000
9638.619785 0.282000
9638.998838 0.282000
9638.998838 0.283000
9641.137828 0.283000
9641.137828 0.284000
9641.229290 0.284000
9641.229290 0.285000
9641.775427 0.285000
9641.775427 0.286000
9641.792546 0.286000
9641.792546 0.287000
9645.195320 0.287000
9645.195320 0.288000
9646.105315 0.288000
9646.105315 0.289000
9650.496007 0.289000
9650.496007 0.290000
9651.925105 0.290000
9651.925105 0.291000
9658.345200 0.291000
9658.345200 0.292000
9658.759745 0.292000
9658.759745 0.293000
9659.326780 0.293000
9659.326780 0.294000
9659.898073 0.294000
9659.898073 0.295000
9663.741170 0.295000
9663.741170 0.296000
9664.141069 0.296000
9664.141069 0.297000
9664.390736 0.297000
9664.390736 0.298000
9667.477433 0.298000
9667.477433 0.299000
9669.907989 0.299000
9669.907989 0.300000
9670.171550 0.300000
9670.171550 0.301000
9677.150794 0.301000
9677.150794 0.302000
9677.427733 0.302000
9677.427733 0.303000
9680.417285 0.303000
9680.417285 0.304000
9682.993302 0.304000
9682.993302 0.305000
9684.436269 0.305000
9684.436269 0.306000
9685.413383 0.306000
9685.413383 0.307000
9687.074728 0.307000
9687.074728 0.308000
9689.755505 0.308000
9689.755505 0.309000
9690.161230 0.309000
9690.161230 0.310000
9693.713711 0.310000
9693.713711 0.311000
9695.675906 0.311000
9695.675906 0.312000
9695.675906 0.312000
9695.675906 0.313000
9696.679886 0.313000
9696.679886 0.314000
9698.100731 0.314000
9698.100731 0.315000
9699.180243 0.315000
9699.180243 0.316000
9704.040680 0.316000
9704.040680 0.317000
9707.770957 0.317000
9707.770957 0.318000
9708.394103 0.318000
9708.394103 0.319000
9709.512682 0.319000
9709.512682 0.320000
9713.443817 0.320000
9713.443817 0.321000
9713.576022 0.321000
9713.576022 0.322000
9715.824056 0.322000
9715.824056 0.323000
9719.579153 0.323000
9719.579153 0.324000
9720.691839 0.324000
9720.691839 0.325000
9722.672000 0.325000
9722.672000 0.326000
9723.140676 0.326000
9723.140676 0.327000
9723.953227 0.327000
9723.953227 0.328000
9724.299754 0.328000
9724.299754 0.329000
9724.790742 0.329000
9724.790742 0.330000
9724.920470 0.330000
9724.920470 0.331000
9727.231585 0.331000
9727.231585 0.332000
9727.791466 0.332000
9727.791466 0.333000
9728.982373 0.333000
9728.982373 0.334000
9731.233955 0.334000
9731.233955 0.335000
9731.420023 0.335000
9731.420023 0.336000
9732.586117 0.336000
9732.586117 0.337000
9732.608216 0.337000
9732.608216 0.338000
9732.956998 0.338000
9732.956998 0.339000
9732.967956 0.339000
9732.967956 0.340000
9733.006723 0.340000
9733.006723 0.341000
9733.942854 0.341000
9733.942854 0.342000
9733.952823 0.342000
9733.952823 0.343000
9734.575591 0.343000
9734.575591 0.344000
9735.572839 0.344000
9735.572839 0.345000
9735.867220 0.345000
9735.867220 0.346000
9735.867220 0.346000
9735.867220 0.347000
9736.180813 0.347000
9736.180813 0.348000
9737.261691 0.348000
9737.261691 0.349000
9738.183958 0.349000
9738.183958 0.350000
9739.340028 0.350000
9739.340028 0.351000
9740.320878 0.351000
9740.320878 0.352000
9741.860852 0.352000
9741.860852 0.353000
9742.040770 0.353000
9742.040770 0.354000
9744.734078 0.354000
9744.734078 0.355000
9745.351027 0.355000
9745.351027 0.356000
9747.343483 0.356000
9747.343483 0.357000
9747.900160 0.357000
9747.900160 0.358000
9749.117252 0.358000
9749.117252 0.359000
9750.998549 0.359000
9750.998549 0.360000
9753.317271 0.360000
9753.317271 0.361000
9753.976684 0.361000
9753.976684 0.362000
9754.159662 0.362000
9754.159662 0.363000
9755.461615 0.363000
9755.461615 0.364000
9757.187531 0.364000
9757.187531 0.365000
9758.561820 0.365000
9758.561820 0.366000
9758.727267 0.366000
9758.727267 0.367000
9758.877144 0.367000
9758.877144 0.368000
9762.068012 0.368000
9762.068012 0.369000
9762.307387 0.369000
9762.307387 0.370000
9762.978922 0.370000
9762.978922 0.371000
9763.510260 0.371000
9763.510260 0.372000
9763.532155 0.372000
9763.532155 0.373000
9763.697821 0.373000
9763.697821 0.374000
9763.919734 0.374000
9763.919734 0.375000
9764.627668 0.375000
9764.627668 0.376000
9766.535052 0.376000
9766.535052 0.377000
9766.535173 0.377000
9766.535173 0.378000
9768.730907 0.378000
9768.730907 0.379000
9768.929524 0.379000
9768.929524 0.380000
9770.859160 0.380000
9770.859160 0.381000
9771.874956 0.381000
9771.874956 0.382000
9774.759276 0.382000
9774.759276 0.383000
9774.910586 0.383000
9774.910586 0.384000
9776.316261 0.384000
9776.316261 0.385000
9776.427351 0.385000
9776.427351 0.386000
9776.585939 0.386000
9776.585939 0.387000
9777.157867 0.387000
9777.157867 0.388000
9779.198455 0.388000
9779.198455 0.389000
9779.946913 0.389000
9779.946913 0.390000
9786.871605 0.390000
9786.871605 0.391000
9787.206786 0.391000
9787.206786 0.392000
9789.190696 0.392000
9789.190696 0.393000
9790.140190 0.393000
9790.140190 0.394000
9791.960204 0.394000
9791.960204 0.395000
9796.026128 0.395000
9796.026128 0.396000
9796.322595 0.396000
9796.322595 0.397000
9798.096809 0.397000
9798.096809 0.398000
9803.266375 0.398000
9803.266375 0.399000
9803.730006 0.399000
9803.730006 0.400000
9805.319658 0.400000
9805.319658 0.401000
9807.773256 0.401000
9807.773256 0.402000
9807.854270 0.402000
9807.854270 0.403000
9812.591186 0.403000
9812.591186 0.404000
9815.440692 0.404000
9815.440692 0.405000
9816.017484 0.405000
9816.017484 0.406000
9817.484509 0.406000
9817.484509 0.407000
9818.557307 0.407000
9818.557307 0.408000
9820.093024 0.408000
9820.093024 0.409000
9820.410861 0.409000
9820.410861 0.410000
9820.764098 0.410000
9820.764098 0.411000
9821.365561 0.411000
9821.365561 0.412000
9821.450633 0.412000
9821.450633 0.413000
9822.313392 0.413000
9822.313392 0.414000
9823.654155 0.414000
9823.654155 0.415000
9825.169125 0.415000
9825.169125 0.416000
9826.571101 0.416000
9826.571101 0.417000
9826.571101 0.417000
9826.571101 0.418000
9827.066166 0.418000
9827.066166 0.419000
9828.726354 0.419000
9828.726354 0.420000
9830.298498 0.420000
9830.298498 0.421000
9834.935218 0.421000
9834.935218 0.422000
9841.855615 0.422000
9841.855615 0.423000
9842.527707 0.423000
9842.527707 0.424000
9844.863562 0.424000
9844.863562 0.425000
9846.451792 0.425000
9846.451792 0.426000
9846.495870 0.426000
9846.495870 0.427000
9847.234312 0.427000
9847.234312 0.428000
9847.520920 0.428000
9847.520920 0.429000
9848.151308 0.429000
9848.151308 0.430000
9848.885985 0.430000
9848.885985 0.431000
9850.663403 0.431000
9850.663403 0.432000
9850.850685 0.432000
9850.850685 0.433000
9851.383747 0.433000
9851.383747 0.434000
9854.186454 0.434000
9854.186454 0.435000
9855.346821 0.435000
9855.346821 0.436000
9856.006171 0.436000
9856.006171 0.437000
9858.811871 0.437000
9858.811871 0.438000
9860.450563 0.438000
9860.450563 0.439000
9860.571848 0.439000
9860.571848 0.440000
9861.525331 0.440000
9861.525331 0.441000
9862.322059 0.441000
9862.322059 0.442000
9863.814616 0.442000
9863.814616 0.443000
9864.322111 0.443000
9864.322111 0.444000
9866.028686 0.444000
9866.028686 0.445000
9867.092655 0.445000
9867.092655 0.446000
9868.167118 0.446000
9868.167118 0.447000
9869.139987 0.447000
9869.139987 0.448000
9869.759737 0.448000
9869.759737 0.449000
9871.287157 0.449000
9871.287157 0.450000
9871.542140 0.450000
9871.542140 0.451000
9872.021383 0.451000
9872.021383 0.452000
9872.070718 0.452000
9872.070718 0.453000
9872.708995 0.453000
9872.708995 0.454000
9873.998658 0.454000
9873.998658 0.455000
9874.103057 0.455000
9874.103057 0.456000
9874.240652 0.456000
9874.240652 0.457000
9875.181334 0.457000
9875.181334 0.458000
9876.037590 0.458000
9876.037590 0.459000
9876.280561 0.459000
9876.280561 0.460000
9876.280561 0.460000
9876.280561 0.461000
9876.398763 0.461000
9876.398763 0.462000
9876.464914 0.462000
9876.464914 0.463000
9876.556959 0.463000
9876.556959 0.464000
9877.114256 0.464000
9877.114256 0.465000
9877.430220 0.465000
9877.430220 0.466000
9878.029862 0.466000
9878.029862 0.467000
9878.875716 0.467000
9878.875716 0.468000
9879.175686 0.468000
9879.175686 0.469000
9880.912419 0.469000
9880.912419 0.470000
9881.180414 0.470000
9881.180414 0.471000
9881.398725 0.471000
9881.398725 0.472000
9881.614504 0.472000
9881.614504 0.473000
9882.087878 0.473000
9882.087878 0.474000
9883.454958 0.474000
9883.454958 0.475000
9883.720603 0.475000
9883.720603 0.476000
9884.228318 0.476000
9884.228318 0.477000
9884.627780 0.477000
9884.627780 0.478000
9885.385135 0.478000
9885.385135 0.479000
9885.865222 0.479000
9885.865222 0.480000
9885.979082 0.480000
9885.979082 0.481000
9887.747008 0.481000
9887.747008 0.482000
9888.207944 0.482000
9888.207944 0.483000
9889.949357 0.483000
9889.949357 0.484000
9891.811127 0.484000
9891.811127 0.485000
9894.067771 0.485000
9894.067771 0.486000
9895.692573 0.486000
9895.692573 0.487000
9896.531361 0.487000
9896.531361 0.488000
9896.607957 0.488000
9896.607957 0.489000
9896.964540 0.489000
9896.964540 0.490000
9901.022271 0.490000
9901.022271 0.491000
9901.088442 0.491000
9901.088442 0.492000
9901.760904 0.492000
9901.760904 0.493000
9901.760904 0.493000
9901.760904 0.494000
9902.015785 0.494000
9902.015785 0.495000
9902.530394 0.495000
9902.530394 0.496000
9904.574261 0.496000
9904.574261 0.497000
9905.076565 0.497000
9905.076565 0.498000
9910.389986 0.498000
9910.389986 0.499000
9912.448939 0.499000
9912.448939 0.500000
9914.606537 0.500000
9914.606537 0.501000
9914.864511 0.501000
9914.864511 0.502000
9915.211713 0.502000
9915.211713 0.503000
9915.845138 0.503000
9915.845138 0.504000
9916.565691 0.504000
9916.565691 0.505000
9919.789197 0.505000
9919.789197 0.506000
9920.443310 0.506000
9920.443310 0.507000
9920.713437 0.507000
9920.713437 0.508000
9922.213141 0.508000
9922.213141 0.509000
9923.095458 0.509000
9923.095458 0.510000
9927.320265 0.510000
9927.320265 0.511000
9927.680051 0.511000
9927.680051 0.512000
9930.966075 0.512000
9930.966075 0.513000
9933.987587 0.513000
9933.987587 0.514000
9935.561734 0.514000
9935.561734 0.515000
9936.745937 0.515000
9936.745937 0.516000
9938.059392 0.516000
9938.059392 0.517000
9939.599814 0.517000
9939.599814 0.518000
9943.758749 0.518000
9943.758749 0.519000
9946.019511 0.519000
9946.019511 0.520000
9946.101806 0.520000
9946.101806 0.521000
9947.162071 0.521000
9947.162071 0.522000
9948.662210 0.522000
9948.662210 0.523000
9948.836571 0.523000
9948.836571 0.524000
9949.302014 0.524000
9949.302014 0.525000
9949.538478 0.525000
9949.538478 0.526000
9953.451462 0.526000
9953.451462 0.527000
9953.683251 0.527000
9953.683251 0.528000
9953.703357 0.528000
9953.703357 0.529000
9956.385119 0.529000
9956.385119 0.530000
9956.454629 0.530000
9956.454629 0.531000
9961.099034 0.531000
9961.099034 0.532000
9961.581097 0.532000
9961.581097 0.533000
9965.868413 0.533000
9965.868413 0.534000
9966.328744 0.534000
9966.328744 0.535000
9967.773806 0.535000
9967.773806 0.536000
9972.162226 0.536000
9972.162226 0.537000
9975.943586 0.537000
9975.943586 0.538000
9977.586227 0.538000
9977.586227 0.539000
9978.081029 0.539000
9978.081029 0.540000
9979.103249 0.540000
9979.103249 0.541000
9979.339503 0.541000
9979.339503 0.542000
9979.747020 0.542000
9979.747020 0.543000
9981.272509 0.543000
9981.272509 0.544000
9983.104693 0.544000
9983.104693 0.545000
9983.736606 0.545000
9983.736606 0.546000
9987.159902 0.546000
9987.159902 0.547000
9987.473165 0.547000
9987.473165 0.548000
9987.524470 0.548000
9987.524470 0.549000
9988.857701 0.549000
9988.857701 0.550000
9988.879057 0.550000
9988.879057 0.551000
9989.233080 0.551000
9989.233080 0.552000
9992.329484 0.552000
9992.329484 0.553000
9992.502717 0.553000
9992.502717 0.554000
9992.675495 0.554000
9992.675495 0.555000
9994.210286 0.555000
9994.210286 0.556000
9994.462600 0.556000
9994.462600 0.557000
9994.510967 0.557000
9994.510967 0.558000
9995.213685 0.558000
9995.213685 0.559000
9995.627199 0.559000
9995.627199 0.560000
9996.119921 0.560000
9996.119921 0.561000
9997.013480 0.561000
9997.013480 0.562000
9997.867711 0.562000
9997.867711 0.563000
9999.543270 0.563000
9999.543270 0.564000
10000.694698 0.564000
10000.694698 0.565000
10000.821010 0.565000
10000.821010 0.566000
10001.149321 0.566000
10001.149321 0.567000
10001.525617 0.567000
10001.525617 0.568000
10002.112732 0.568000
10002.112732 0.569000
10002.476500 0.569000
10002.476500 0.570000
10003.960931 0.570000
10003.960931 0.571000
10003.988532 0.571000
10003.988532 0.572000
10004.024484 0.572000
10004.024484 0.573000
10004.311774 0.573000
10004.311774 0.574000
10004.311774 0.574000
10004.311774 0.575000
10004.454903 0.575000
10004.454903 0.576000
10006.006999 0.576000
10006.006999 0.577000
10006.183049 0.577000
10006.183049 0.578000
10007.857569 0.578000
10007.857569 0.579000
10008.767807 0.579000
10008.767807 0.580000
10009.125369 0.580000
10009.125369 0.581000
10009.191329 0.581000
10009.191329 0.582000
10009.443630 0.582000
10009.443630 0.583000
10010.365761 0.583000
10010.365761 0.584000
10011.007888 0.584000
10011.007888 0.585000
10011.453072 0.585000
10011.453072 0.586000
10011.708981 0.586000
10011.708981 0.587000
10012.581866 0.587000
10012.581866 0.588000
10013.076308 0.588000
10013.076308 0.589000
10014.052129 0.589000
10014.052129 0.590000
10014.832417 0.590000
10014.832417 0.591000
10016.534679 0.591000
10016.534679 0.592000
10017.585548 0.592000
10017.585548 0.593000
10017.902073 0.593000
10017.902073 0.594000
10017.958330 0.594000
10017.958330 0.595000
10019.179560 0.595000
10019.179560 0.596000
10021.491232 0.596000
10021.491232 0.597000
10021.805500 0.597000
10021.805500 0.598000
10022.428285 0.598000
10022.428285 0.599000
10023.446248 0.599000
10023.446248 0.600000
10024.202091 0.600000
10024.202091 0.601000
10024.350101 0.601000
10024.350101 0.602000
10024.648231 0.602000
10024.648231 0.603000
10025.334343 0.603000
10025.334343 0.604000
10026.843729 0.604000
10026.843729 0.605000
10027.102784 0.605000
10027.102784 0.606000
10027.127526 0.606000
10027.127526 0.607000
10029.110979 0.607000
10029.110979 0.608000
10031.113407 0.608000
10031.113407 0.609000
10031.286557 0.609000
10031.286557 0.610000
10032.734565 0.610000
10032.734565 0.611000
10033.466005 0.611000
10033.466005 0.612000
10034.428855 0.612000
10034.428855 0.613000
10034.452450 0.613000
10034.452450 0.614000
10034.752815 0.614000
10034.752815 0.615000
10037.175850 0.615000
10037.175850 0.616000
10038.400758 0.616000
10038.400758 0.617000
10038.668475 0.617000
10038.668475 0.618000
10039.140592 0.618000
10039.140592 0.619000
10042.062829 0.619000
10042.062829 0.620000
10042.209499 0.620000
10042.209499 0.621000
10042.545738 0.621000
10042.545738 0.622000
10046.532850 0.622000
10046.532850 0.623000
10047.705831 0.623000
10047.705831 0.624000
10048.177787 0.624000
10048.177787 0.625000
10048.289171 0.625000
10048.289171 0.626000
10049.813104 0.626000
10049.813104 0.627000
10049.936502 0.627000
10049.936502 0.628000
10052.742652 0.628000
10052.742652 0.629000
10057.452746 0.629000
10057.452746 0.630000
10059.371197 0.630000
10059.371197 0.631000
10062.956902 0.631000
10062.956902 0.632000
10064.098105 0.632000
10064.098105 0.633000
10065.663886 0.633000
10065.663886 0.634000
10065.765448 0.634000
10065.765448 0.635000
10065.927148 0.635000
10065.927148 0.636000
10066.037667 0.636000
10066.037667 0.637000
10066.205684 0.637000
10066.205684 0.638000
10066.401752 0.638000
10066.401752 0.639000
10067.402026 0.639000
10067.402026 0.640000
10069.801341 0.640000
10069.801341 0.641000
10072.624998 0.641000
10072.624998 0.642000
10072.888135 0.642000
10072.888135 0.643000
10073.424267 0.643000
10073.424267 0.644000
10075.783910 0.644000
10075.783910 0.645000
10077.116473 0.645000
10077.116473 0.646000
10078.746124 0.646000
10078.746124 0.647000
10079.428588 0.647000
10079.428588 0.648000
10081.524646 0.648000
10081.524646 0.649000
10081.530788 0.649000
10081.530788 0.650000
10085.115414 0.650000
10085.115414 0.651000
10087.710653 0.651000
10087.710653 0.652000
10092.886507 0.652000
10092.886507 0.653000
10092.943703 0.653000
10092.943703 0.654000
10093.829613 0.654000
10093.829613 0.655000
10096.957767 0.655000
10096.957767 0.656000
10098.028373 0.656000
10098.028373 0.657000
10101.198476 0.657000
10101.198476 0.658000
10102.140740 0.658000
10102.140740 0.659000
10102.956267 0.659000
10102.956267 0.660000
10103.955649 0.660000
10103.955649 0.661000
10105.436946 0.661000
10105.436946 0.662000
10105.968612 0.662000
10105.968612 0.663000
10107.425169 0.663000
10107.425169 0.664000
10107.646768 0.664000
10107.646768 0.665000
10117.079564 0.665000
10117.079564 0.666000
10117.992341 0.666000
10117.992341 0.667000
10120.490724 0.667000
10120.490724 0.668000
10121.513485 0.668000
10121.513485 0.669000
10125.383997 0.669000
10125.383997 0.670000
10126.585222 0.670000
10126.585222 0.671000
10126.811379 0.671000
10126.811379 0.672000
10128.536348 0.672000
10128.536348 0.673000
10128.887310 0.673000
10128.887310 0.674000
10129.988005 0.674000
10129.988005 0.675000
10130.751732 0.675000
10130.751732 0.676000
10130.776776 0.676000
10130.776776 0.677000
10131.126546 0.677000
10131.126546 0.678000
10131.243128 0.678000
10131.243128 0.679000
10131.443753 0.679000
10131.443753 0.680000
10132.299945 0.680000
10132.299945 0.681000
10132.391090 0.681000
10132.391090 0.682000
10132.545005 0.682000
10132.545005 0.683000
10133.220696 0.683000
10133.220696 0.684000
10133.232950 0.684000
10133.232950 0.685000
10133.661161 0.685000
10133.661161 0.686000
10133.675221 0.686000
10133.675221 0.687000
10134.293942 0.687000
10134.293942 0.688000
10135.181217 0.688000
10135.181217 0.689000
10136.273188 0.689000
10136.273188 0.690000
10136.431016 0.690000
10136.431016 0.691000
10138.474702 0.691000
10138.474702 0.692000
10138.505422 0.692000
10138.505422 0.693000
10140.208474 0.693000
10140.208474 0.694000
10140.847212 0.694000
10140.847212 0.695000
10140.932782 0.695000
10140.932782 0.696000
10141.927197 0.696000
10141.927197 0.697000
10143.395228 0.697000
10143.395228 0.698000
10143.581870 0.698000
10143.581870 0.699000
10143.674923 0.699000
10143.674923 0.700000
10143.738639 0.700000
10143.738639 0.701000
10143.865852 0.701000
10143.865852 0.702000
10144.073835 0.702000
10144.073835 0.703000
10145.049577 0.703000
10145.049577 0.704000
10145.677816 0.704000
10145.677816 0.705000
10148.613949 0.705000
10148.613949 0.706000
10149.765443 0.706000
10149.765443 0.707000
10151.846425 0.707000
10151.846425 0.708000
10152.321358 0.708000
10152.321358 0.709000
10153.620935 0.709000
10153.620935 0.710000
10153.885596 0.710000
10153.885596 0.711000
10155.476684 0.711000
10155.476684 0.712000
10156.005841 0.712000
10156.005841 0.713000
10156.988359 0.713000
10156.988359 0.714000
10160.924526 0.714000
10160.924526 0.715000
10162.225991 0.715000
10162.225991 0.716000
10162.714351 0.716000
10162.714351 0.717000
10162.807390 0.717000
10162.807390 0.718000
10162.897369 0.718000
10162.897369 0.719000
10163.561990 0.719000
10163.561990 0.720000
10163.861594 0.720000
10163.861594 0.721000
10167.220369 0.721000
10167.220369 0.722000
10171.893766 0.722000
10171.893766 0.723000
10174.219091 0.723000
10174.219091 0.724000
10174.334232 0.724000
10174.334232 0.725000
10176.443496 0.725000
10176.443496 0.726000
10181.266261 0.726000
10181.266261 0.727000
10183.938065 0.727000
10183.938065 0.728000
10183.938065 0.728000
10183.938065 0.729000
10190.106706 0.729000
10190.106706 0.730000
10190.607165 0.730000
10190.607165 0.731000
10193.197679 0.731000
10193.197679 0.732000
10195.560744 0.732000
10195.560744 0.733000
10197.254741 0.733000
10197.254741 0.734000
10197.403808 0.734000
10197.403808 0.735000
10200.264812 0.735000
10200.264812 0.736000
10200.506055 0.736000
10200.506055 0.737000
10200.987545 0.737000
10200.987545 0.738000
10202.704296 0.738000
10202.704296 0.739000
10211.157112 0.739000
10211.157112 0.740000
10214.558333 0.740000
10214.558333 0.741000
10217.198093 0.741000
10217.198093 0.742000
10219.257063 0.742000
10219.257063 0.743000
10219.992507 0.743000
10219.992507 0.744000
10222.686139 0.744000
10222.686139 0.745000
10223.109836 0.745000
10223.109836 0.746000
10226.744079 0.746000
10226.744079 0.747000
10237.618683 0.747000
10237.618683 0.748000
10239.549948 0.748000
10239.549948 0.749000
10240.460786 0.749000
10240.460786 0.750000
10243.057781 0.750000
10243.057781 0.751000
10252.385400 0.751000
10252.385400 0.752000
10253.623491 0.752000
10253.623491 0.753000
10254.803342 0.753000
10254.803342 0.754000
10255.454855 0.754000
10255.454855 0.755000
10257.777340 0.755000
10257.777340 0.756000
10258.323900 0.756000
10258.323900 0.757000
10260.706928 0.757000
10260.706928 0.758000
10261.064351 0.758000
10261.064351 0.759000
10261.296104 0.759000
10261.296104 0.760000
10261.323590 0.760000
10261.323590 0.761000
10261.341127 0.761000
10261.341127 0.762000
10263.459949 0.762000
10263.459949 0.763000
10264.974875 0.763000
10264.974875 0.764000
10268.571368 0.764000
10268.571368 0.765000
10270.281704 0.765000
10270.281704 0.766000
10270.882491 0.766000
10270.882491 0.767000
10274.299295 0.767000
10274.299295 0.768000
10276.665309 0.768000
10276.665309 0.769000
10276.765297 0.769000
10276.765297 0.770000
10278.543223 0.770000
10278.543223 0.771000
10279.228996 0.771000
10279.228996 0.772000
10280.165567 0.772000
10280.165567 0.773000
10280.225568 0.773000
10280.225568 0.774000
10280.708350 0.774000
10280.708350 0.775000
10281.826871 0.775000
10281.826871 0.776000
10282.513418 0.776000
10282.513418 0.777000
10285.161432 0.777000
10285.161432 0.778000
10291.142890 0.778000
10291.142890 0.779000
10292.286870 0.779000
10292.286870 0.780000
10293.403985 0.780000
10293.403985 0.781000
10294.157607 0.781000
10294.157607 0.782000
10296.178401 0.782000
10296.178401 0.783000
10296.259374 0.783000
10296.259374 0.784000
10298.005370 0.784000
10298.005370 0.785000
10298.354029 0.785000
10298.354029 0.786000
10298.866497 0.786000
10298.866497 0.787000
10300.858036 0.787000
10300.858036 0.788000
10301.431232 0.788000
10301.431232 0.789000
10302.089803 0.789000
10302.089803 0.790000
10302.891299 0.790000
10302.891299 0.791000
10305.577600 0.791000
10305.577600 0.792000
10308.195494 0.792000
10308.195494 0.793000
10309.852892 0.793000
10309.852892 0.794000
10312.455925 0.794000
10312.455925 0.795000
10313.511762 0.795000
10313.511762 0.796000
10316.369611 0.796000
10316.369611 0.797000
10318.531621 0.797000
10318.531621 0.798000
10318.832319 0.798000
10318.832319 0.799000
10322.068369 0.799000
10322.068369 0.800000
10325.955926 0.800000
10325.955926 0.801000
10327.059224 0.801000
10327.059224 0.802000
10330.138740 0.802000
10330.138740 0.803000
10335.177567 0.803000
10335.177567 0.804000
10347.418071 0.804000
10347.418071 0.805000
10349.426411 0.805000
10349.426411 0.806000
10349.875183 0.806000
10349.875183 0.807000
10350.566469 0.807000
10350.566469 0.808000
10350.911539 0.808000
10350.911539 0.809000
10356.208059 0.809000
10356.208059 0.810000
10365.403153 0.810000
10365.403153 0.811000
10367.355151 0.811000
10367.355151 0.812000
10372.241162 0.812000
10372.241162 0.813000
10373.369726 0.813000
10373.369726 0.814000
10373.876321 0.814000
10373.876321 0.815000
10377.509476 0.815000
10377.509476 0.816000
10382.638202 0.816000
10382.638202 0.817000
10382.733078 0.817000
10382.733078 0.818000
10383.371920 0.818000
10383.371920 0.819000
10383.912258 0.819000
10383.912258 0.820000
10387.035301 0.820000
10387.035301 0.821000
10389.541518 0.821000
10389.541518 0.822000
10390.427143 0.822000
10390.427143 0.823000
10392.412710 0.823000
10392.412710 0.824000
10392.737397 0.824000
10392.737397 0.825000
10396.256454 0.825000
10396.256454 0.826000
10397.445808 0.826000
10397.445808 0.827000
10399.010656 0.827000
10399.010656 0.828000
10401.453860 0.828000
10401.453860 0.829000
10402.790659 0.829000
10402.790659 0.830000
10404.342135 0.830000
10404.342135 0.831000
10408.968296 0.831000
10408.968296 0.832000
10410.998469 0.832000
10410.998469 0.833000
10411.729060 0.833000
10411.729060 0.834000
10412.427685 0.834000
10412.427685 0.835000
10412.750805 0.835000
10412.750805 0.836000
10416.134403 0.836000
10416.134403 0.837000
10416.258002 0.837000
10416.258002 0.838000
10416.797821 0.838000
10416.797821 0.839000
10418.154949 0.839000
10418.154949 0.840000
10424.535602 0.840000
10424.535602 0.841000
10430.429319 0.841000
10430.429319 0.842000
10430.689406 0.842000
10430.689406 0.843000
10432.038429 0.843000
10432.038429 0.844000
10434.658637 0.844000
10434.658637 0.845000
10435.248494 0.845000
10435.248494 0.846000
10436.860343 0.846000
10436.860343 0.847000
10437.594607 0.847000
10437.594607 0.848000
10442.344708 0.848000
10442.344708 0.849000
10445.182283 0.849000
10445.182283 0.850000
10445.565952 0.850000
10445.565952 0.851000
10446.905933 0.851000
10446.905933 0.852000
10448.480240 0.852000
10448.480240 0.853000
10449.694204 0.853000
10449.694204 0.854000
10458.231905 0.854000
10458.231905 0.855000
10458.724857 0.855000
10458.724857 0.856000
10463.928010 0.856000
10463.928010 0.857000
10468.947767 0.857000
10468.947767 0.858000
10472.388400 0.858000
10472.388400 0.859000
10484.745420 0.859000
10484.745420 0.860000
10489.665456 0.860000
10489.665456 0.861000
10502.143512 0.861000
10502.143512 0.862000
10511.959728 0.862000
10511.959728 0.863000
10514.870157 0.863000
10514.870157 0.864000
10515.118829 0.864000
10515.118829 0.865000
10517.471164 0.865000
10517.471164 0.866000
10520.259137 0.866000
10520.259137 0.867000
10520.721772 0.867000
10520.721772 0.868000
10521.574057 0.868000
10521.574057 0.869000
10523.431161 0.869000
10523.431161 0.870000
10527.234167 0.870000
10527.234167 0.871000
10529.280857 0.871000
10529.280857 0.872000
10530.529076 0.872000
10530.529076 0.873000
10531.760109 0.873000
10531.760109 0.874000
10532.380422 0.874000
10532.380422 0.875000
10532.936113 0.875000
10532.936113 0.876000
10540.423987 0.876000
10540.423987 0.877000
10541.789706 0.877000
10541.789706 0.878000
10543.110598 0.878000
10543.110598 0.879000
10552.643570 0.879000
10552.643570 0.880000
10554.144991 0.880000
10554.144991 0.881000
10556.258106 0.881000
10556.258106 0.882000
10560.483751 0.882000
10560.483751 0.883000
10561.058691 0.883000
10561.058691 0.884000
10576.143292 0.884000
10576.143292 0.885000
10580.889391 0.885000
10580.889391 0.886000
10582.641230 0.886000
10582.641230 0.887000
10592.593256 0.887000
10592.593256 0.888000
10607.497969 0.888000
10607.497969 0.889000
10614.664214 0.889000
10614.664214 0.890000
10618.288904 0.890000
10618.288904 0.891000
10622.843189 0.891000
10622.843189 0.892000
10623.609113 0.892000
10623.609113 0.893000
10625.230180 0.893000
10625.230180 0.894000
10625.783274 0.894000
10625.783274 0.895000
10633.478319 0.895000
10633.478319 0.896000
10634.974094 0.896000
10634.974094 0.897000
10647.164830 0.897000
10647.164830 0.898000
10650.223834 0.898000
10650.223834 0.899000
10650.620076 0.899000
10650.620076 0.900000
10650.877936 0.900000
10650.877936 0.901000
10651.563632 0.901000
10651.563632 0.902000
10651.913744 0.902000
10651.913744 0.903000
10655.738789 0.903000
10655.738789 0.904000
10657.220322 0.904000
10657.220322 0.905000
10658.337914 0.905000
10658.337914 0.906000
10658.403729 0.906000
10658.403729 0.907000
10658.704910 0.907000
10658.704910 0.908000
10659.879041 0.908000
10659.879041 0.909000
10662.807493 0.909000
10662.807493 0.910000
10669.809213 0.910000
10669.809213 0.911000
10680.335729 0.911000
10680.335729 0.912000
10693.086033 0.912000
10693.086033 0.913000
10698.042011 0.913000
10698.042011 0.914000
10731.563480 0.914000
10731.563480 0.915000
10733.539610 0.915000
10733.539610 0.916000
10737.845628 0.916000
10737.845628 0.917000
10745.908359 0.917000
10745.908359 0.918000
10754.471597 0.918000
10754.471597 0.919000
10760.683621 0.919000
10760.683621 0.920000
10780.201138 0.920000
10780.201138 0.921000
10798.488858 0.921000
10798.488858 0.922000
10816.076384 0.922000
10816.076384 0.923000
10842.483822 0.923000
10842.483822 0.924000
10878.095602 0.924000
10878.095602 0.925000
10885.952231 0.925000
10885.952231 0.926000
10889.491328 0.926000
10889.491328 0.927000
10907.591180 0.927000
10907.591180 0.928000
10912.578614 0.928000
10912.578614 0.929000
10913.918794 0.929000
10913.918794 0.930000
10915.936992 0.930000
10915.936992 0.931000
10947.255969 0.931000
10947.255969 0.932000
10966.224000 0.932000
10966.224000 0.933000
11011.268144 0.933000
11011.268144 0.934000
11017.054369 0.934000
11017.054369 0.935000
11047.071146 0.935000
11047.071146 0.936000
11086.431997 0.936000
11086.431997 0.937000
11122.692313 0.937000
11122.692313 0.938000
11137.336936 0.938000
11137.336936 0.939000
11140.377314 0.939000
11140.377314 0.940000
11182.455632 0.940000
11182.455632 0.941000
11268.663143 0.941000
11268.663143 0.942000
11277.985846 0.942000
11277.985846 0.943000
11309.011538 0.943000
11309.011538 0.944000
11393.842931 0.944000
11393.842931 0.945000
11415.820545 0.945000
11415.820545 0.946000
11528.691000 0.946000
11528.691000 0.947000
11936.991681 0.947000
11936.991681 0.948000
12532.377428 0.948000
12532.377428 0.949000
12870.931205 0.949000
12870.931205 0.950000
13130.625242 0.950000
13130.625242 0.951000
13279.323737 0.951000
13279.323737 0.952000
13543.656830 0.952000
13543.656830 0.953000
13598.421507 0.953000
13598.421507 0.954000
13797.927074 0.954000
13797.927074 0.955000
13825.193600 0.955000
13825.193600 0.956000
14071.959689 0.956000
14071.959689 0.957000
14246.878138 0.957000
14246.878138 0.958000
14365.659580 0.958000
14365.659580 0.959000
14603.811572 0.959000
14603.811572 0.960000
14717.168113 0.960000
14717.168113 0.961000
14986.793268 0.961000
14986.793268 0.962000
15482.400504 0.962000
15482.400504 0.963000
15933.626129 0.963000
15933.626129 0.964000
16116.190631 0.964000
16116.190631 0.965000
16159.330960 0.965000
16159.330960 0.966000
16343.253131 0.966000
16343.253131 0.967000
16588.819338 0.967000
16588.819338 0.968000
16784.711800 0.968000
16784.711800 0.969000
17068.395834 0.969000
17068.395834 0.970000
17393.730096 0.970000
17393.730096 0.971000
17451.664781 0.971000
17451.664781 0.972000
17470.543547 0.972000
17470.543547 0.973000
17598.840875 0.973000
17598.840875 0.974000
17608.675649 0.974000
17608.675649 0.975000
17874.703303 0.975000
17874.703303 0.976000
17912.236847 0.976000
17912.236847 0.977000
17940.916435 0.977000
17940.916435 0.978000
18019.988839 0.978000
18019.988839 0.979000
18160.780686 0.979000
18160.780686 0.980000
18178.765604 0.980000
18178.765604 0.981000
18386.502279 0.981000
18386.502279 0.982000
18466.738811 0.982000
18466.738811 0.983000
18854.986436 0.983000
18854.986436 0.984000
19220.525536 0.984000
19220.525536 0.985000
19413.237343 0.985000
19413.237343 0.986000
19452.832844 0.986000
19452.832844 0.987000
20381.434017 0.987000
20381.434017 0.988000
20637.616565 0.988000
20637.616565 0.989000
20737.015235 0.989000
20737.015235 0.990000
20799.679004 0.990000
20799.679004 0.991000
20884.383309 0.991000
20884.383309 0.992000
20983.987847 0.992000
20983.987847 0.993000
21291.163378 0.993000
21291.163378 0.994000
21363.952764 0.994000
21363.952764 0.995000
21762.819269 0.995000
21762.819269 0.996000
21785.798388 0.996000
21785.798388 0.997000
21928.008875 0.997000
21928.008875 0.998000
22017.414667 0.998000
22017.414667 0.999000
22160.560934 0.999000
22160.560934 1.000000
