4880.359797 0.000000
4880.359797 0.001000
5061.408518 0.001000
5061.408518 0.002000
6721.884523 0.002000
6721.884523 0.003000
6866.489564 0.003000
6866.489564 0.004000
6913.454834 0.004000
6913.454834 0.005000
7044.506832 0.005000
7044.506832 0.006000
7197.537191 0.006000
7197.537191 0.007000
7231.879045 0.007000
7231.879045 0.008000
7356.126500 0.008000
7356.126500 0.009000
7365.705520 0.009000
7365.705520 0.010000
7405.074838 0.010000
7405.074838 0.011000
7439.850255 0.011000
7439.850255 0.012000
7459.385126 0.012000
7459.385126 0.013000
7500.356169 0.013000
7500.356169 0.014000
7510.115949 0.014000
7510.115949 0.015000
7573.723162 0.015000
7573.723162 0.016000
7618.041029 0.016000
7618.041029 0.017000
7760.626056 0.017000
7760.626056 0.018000
7767.377822 0.018000
7767.377822 0.019000
7767.440336 0.019000
7767.440336 0.020000
7768.501688 0.020000
7768.501688 0.021000
7782.966448 0.021000
7782.966448 0.022000
7786.488198 0.022000
7786.488198 0.023000
7860.606745 0.023000
7860.606745 0.024000
7883.410246 0.024000
7883.410246 0.025000
7884.129623 0.025000
7884.129623 0.026000
7893.397341 0.026000
7893.397341 0.027000
7898.137066 0.027000
7898.137066 0.028000
7898.212726 0.028000
7898.212726 0.029000
7901.692646 0.029000
7901.692646 0.030000
7902.802416 0.030000
7902.802416 0.031000
7909.243721 0.031000
7909.243721 0.032000
7986.455562 0.032000
7986.455562 0.033000
8001.951179 0.033000
8001.951179 0.034000
8009.657226 0.034000
8009.657226 0.035000
8010.438398 0.035000
8010.438398 0.036000
8018.554189 0.036000
8018.554189 0.037000
8036.968850 0.037000
8036.968850 0.038000
8040.823188 0.038000
8040.823188 0.039000
8046.150113 0.039000
8046.150113 0.040000
8051.780838 0.040000
8051.780838 0.041000
8051.837546 0.041000
8051.837546 0.042000
8055.998804 0.042000
8055.998804 0.043000
8061.989458 0.043000
8061.989458 0.044000
8062.280771 0.044000
8062.280771 0.045000
8063.177215 0.045000
8063.177215 0.046000
8079.925520 0.046000
8079.925520 0.047000
8107.667161 0.047000
8107.667161 0.048000
8119.636004 0.048000
8119.636004 0.049000
8124.884718 0.049000
8124.884718 0.050000
8142.654485 0.050000
8142.654485 0.051000
8150.581787 0.051000
8150.581787 0.052000
8152.067085 0.052000
8152.067085 0.053000
8152.127657 0.053000
8152.127657 0.054000
8159.708363 0.054000
8159.708363 0.055000
8161.553656 0.055000
8161.553656 0.056000
8162.968120 0.056000
8162.968120 0.057000
8163.807708 0.057000
8163.807708 0.058000
8165.865597 0.058000
8165.865597 0.059000
8167.405143 0.059000
8167.405143 0.060000
8168.786120 0.060000
8168.786120 0.061000
8170.750046 0.061000
8170.750046 0.062000
8170.858107 0.062000
8170.858107 0.063000
8172.822413 0.063000
8172.822413 0.064000
8173.930585 0.064000
8173.930585 0.065000
8175.509944 0.065000
8175.509944 0.066000
8176.246192 0.066000
8176.246192 0.067000
8191.043119 0.067000
8191.043119 0.068000
8203.273868 0.068000
8203.273868 0.069000
8207.216781 0.069000
8207.216781 0.070000
8231.426687 0.070000
8231.426687 0.071000
8244.525969 0.071000
8244.525969 0.072000
8263.777599 0.072000
8263.777599 0.073000
8269.864704 0.073000
8269.864704 0.074000
8273.811243 0.074000
8273.811243 0.075000
8276.191787 0.075000
8276.191787 0.076000
8277.722540 0.076000
8277.722540 0.077000
8277.755597 0.077000
8277.755597 0.078000
8278.779890 0.078000
8278.779890 0.079000
8282.496523 0.079000
8282.496523 0.080000
8284.441637 0.080000
8284.441637 0.081000
8287.754027 0.081000
8287.754027 0.082000
8288.198478 0.082000
8288.198478 0.083000
8292.064117 0.083000
8292.064117 0.084000
8293.105365 0.084000
8293.105365 0.085000
8294.636798 0.085000
8294.636798 0.086000
8295.039149 0.086000
8295.039149 0.087000
8296.329688 0.087000
8296.329688 0.088000
8296.916654 0.088000
8296.916654 0.089000
8297.453102 0.089000
8297.453102 0.090000
8297.690935 0.090000
8297.690935 0.091000
8299.373817 0.091000
8299.373817 0.092000
8300.235914 0.092000
8300.235914 0.093000
8300.344833 0.093000
8300.344833 0.094000
8301.966237 0.094000
8301.966237 0.095000
8304.416180 0.095000
8304.416180 0.096000
8309.063114 0.096000
8309.063114 0.097000
8309.704017 0.097000
8309.704017 0.098000
8318.161206 0.098000
8318.161206 0.099000
8329.666696 0.099000
8329.666696 0.100000
8330.284113 0.100000
8330.284113 0.101000
8333.576962 0.101000
8333.576962 0.102000
8335.602027 0.102000
8335.602027 0.103000
8340.318151 0.103000
8340.318151 0.104000
8355.819912 0.104000
8355.819912 0.105000
8359.884894 0.105000
8359.884894 0.106000
8369.468724 0.106000
8369.468724 0.107000
8370.878253 0.107000
8370.878253 0.108000
8381.116647 0.108000
8381.116647 0.109000
8381.292031 0.109000
8381.292031 0.110000
8381.413250 0.110000
8381.413250 0.111000
8384.378220 0.111000
8384.378220 0.112000
8385.644111 0.112000
8385.644111 0.113000
8391.458747 0.113000
8391.458747 0.114000
8395.674612 0.114000
8395.674612 0.115000
8396.263376 0.115000
8396.263376 0.116000
8401.694699 0.116000
8401.694699 0.117000
8404.028454 0.117000
8404.028454 0.118000
8404.189524 0.118000
8404.189524 0.119000
8407.703374 0.119000
8407.703374 0.120000
8410.613956 0.120000
8410.613956 0.121000
8410.825192 0.121000
8410.825192 0.122000
8415.268457 0.122000
8415.268457 0.123000
8420.729313 0.123000
8420.729313 0.124000
8420.784308 0.124000
8420.784308 0.125000
8421.488901 0.125000
8421.488901 0.126000
8421.965587 0.126000
8421.965587 0.127000
8422.435248 0.127000
8422.435248 0.128000
8422.493844 0.128000
8422.493844 0.129000
8422.973012 0.129000
8422.973012 0.130000
8426.255228 0.130000
8426.255228 0.131000
8426.924069 0.131000
8426.924069 0.132000
8428.559808 0.132000
8428.559808 0.133000
8429.786499 0.133000
8429.786499 0.134000
8430.542035 0.134000
8430.542035 0.135000
8432.526015 0.135000
8432.526015 0.136000
8433.261163 0.136000
8433.261163 0.137000
8433.806869 0.137000
8433.806869 0.138000
8434.349731 0.138000
8434.349731 0.139000
8435.531462 0.139000
8435.531462 0.140000
8436.256672 0.140000
8436.256672 0.141000
8436.724501 0.141000
8436.724501 0.142000
8439.259852 0.142000
8439.259852 0.143000
8440.811189 0.143000
8440.811189 0.144000
8442.785859 0.144000
8442.785859 0.145000
8445.230394 0.145000
8445.230394 0.146000
8446.556609 0.146000
8446.556609 0.147000
8449.326001 0.147000
8449.326001 0.148000
8457.883030 0.148000
8457.883030 0.149000
8469.441777 0.149000
8469.441777 0.150000
8474.250477 0.150000
8474.250477 0.151000
8475.428025 0.151000
8475.428025 0.152000
8477.709023 0.152000
8477.709023 0.153000
8484.500016 0.153000
8484.500016 0.154000
8496.655050 0.154000
8496.655050 0.155000
8498.468592 0.155000
8498.468592 0.156000
8500.644166 0.156000
8500.644166 0.157000
8518.024179 0.157000
8518.024179 0.158000
8518.450167 0.158000
8518.450167 0.159000
8523.812513 0.159000
8523.812513 0.160000
8526.887679 0.160000
8526.887679 0.161000
8527.417120 0.161000
8527.417120 0.162000
8529.866124 0.162000
8529.866124 0.163000
8530.952190 0.163000
8530.952190 0.164000
8532.959629 0.164000
8532.959629 0.165000
8533.192101 0.165000
8533.192101 0.166000
8539.761709 0.166000
8539.761709 0.167000
8543.383625 0.167000
8543.383625 0.168000
8545.250552 0.168000
8545.250552 0.169000
8545.818191 0.169000
8545.818191 0.170000
8550.852073 0.170000
8550.852073 0.171000
8553.000964 0.171000
8553.000964 0.172000
8553.541624 0.172000
8553.541624 0.173000
8554.954845 0.173000
8554.954845 0.174000
8556.038926 0.174000
8556.038926 0.175000
8556.201602 0.175000
8556.201602 0.176000
8556.767451 0.176000
8556.767451 0.177000
8556.847843 0.177000
8556.847843 0.178000
8558.900030 0.178000
8558.900030 0.179000
8559.972071 0.179000
8559.972071 0.180000
8561.508143 0.180000
8561.508143 0.181000
8561.880037 0.181000
8561.880037 0.182000
8563.433757 0.182000
8563.433757 0.183000
8565.342414 0.183000
8565.342414 0.184000
8565.686881 0.184000
8565.686881 0.185000
8565.892516 0.185000
8565.892516 0.186000
8566.654497 0.186000
8566.654497 0.187000
8567.457845 0.187000
8567.457845 0.188000
8567.642515 0.188000
8567.642515 0.189000
8567.861718 0.189000
8567.861718 0.190000
8568.634484 0.190000
8568.634484 0.191000
8568.680612 0.191000
8568.680612 0.192000
8568.998086 0.192000
8568.998086 0.193000
8570.927419 0.193000
8570.927419 0.194000
8571.534094 0.194000
8571.534094 0.195000
8571.840490 0.195000
8571.840490 0.196000
8572.266379 0.196000
8572.266379 0.197000
8572.348977 0.197000
8572.348977 0.198000
8576.616243 0.198000
8576.616243 0.199000
8579.347644 0.199000
8579.347644 0.200000
8584.458546 0.200000
8584.458546 0.201000
8588.568160 0.201000
8588.568160 0.202000
8588.850130 0.202000
8588.850130 0.203000
8595.784094 0.203000
8595.784094 0.204000
8598.134335 0.204000
8598.134335 0.205000
8599.002473 0.205000
8599.002473 0.206000
8602.634465 0.206000
8602.634465 0.207000
8603.099440 0.207000
8603.099440 0.208000
8607.345138 0.208000
8607.345138 0.209000
8608.056457 0.209000
8608.056457 0.210000
8620.631110 0.210000
8620.631110 0.211000
8624.223827 0.211000
8624.223827 0.212000
8624.905575 0.212000
8624.905575 0.213000
8626.140454 0.213000
8626.140454 0.214000
8626.515871 0.214000
8626.515871 0.215000
8627.153388 0.215000
8627.153388 0.216000
8632.579739 0.216000
8632.579739 0.217000
8643.837831 0.217000
8643.837831 0.218000
8645.923960 0.218000
8645.923960 0.219000
8651.107093 0.219000
8651.107093 0.220000
8656.253665 0.220000
8656.253665 0.221000
8659.346018 0.221000
8659.346018 0.222000
8659.926198 0.222000
8659.926198 0.223000
8660.172762 0.223000
8660.172762 0.224000
8661.468086 0.224000
8661.468086 0.225000
8665.398517 0.225000
8665.398517 0.226000
8673.396313 0.226000
8673.396313 0.227000
8673.499620 0.227000
8673.499620 0.228000
8674.422258 0.228000
8674.422258 0.229000
8677.188848 0.229000
8677.188848 0.230000
8677.355254 0.230000
8677.355254 0.231000
8677.782141 0.231000
8677.782141 0.232000
8680.740091 0.232000
8680.740091 0.233000
8680.818333 0.233000
8680.818333 0.234000
8681.444913 0.234000
8681.444913 0.235000
8682.277273 0.235000
8682.277273 0.236000
8682.726318 0.236000
8682.726318 0.237000
8682.999424 0.237000
8682.999424 0.238000
8685.268489 0.238000
8685.268489 0.239000
8685.611017 0.239000
8685.611017 0.240000
8686.290340 0.240000
8686.290340 0.241000
8688.466719 0.241000
8688.466719 0.242000
8688.609411 0.242000
8688.609411 0.243000
8689.974569 0.243000
8689.974569 0.244000
8690.841643 0.244000
8690.841643 0.245000
8691.308696 0.245000
8691.308696 0.246000
8691.772352 0.246000
8691.772352 0.247000
8692.348189 0.247000
8692.348189 0.248000
8694.907430 0.248000
8694.907430 0.249000
8694.989817 0.249000
8694.989817 0.250000
8695.799305 0.250000
8695.799305 0.251000
8696.567667 0.251000
8696.567667 0.252000
8696.572572 0.252000
8696.572572 0.253000
8697.409776 0.253000
8697.409776 0.254000
8698.032374 0.254000
8698.032374 0.255000
8699.927536 0.255000
8699.927536 0.256000
8700.653972 0.256000
8700.653972 0.257000
8700.661085 0.257000
8700.661085 0.258000
8700.661085 0.258000
8700.661085 0.259000
8701.006307 0.259000
8701.006307 0.260000
8701.628879 0.260000
8701.628879 0.261000
8701.702299 0.261000
8701.702299 0.262000
8702.009647 0.262000
8702.009647 0.263000
8702.586132 0.263000
8702.586132 0.264000
8703.576804 0.264000
8703.576804 0.265000
8706.424239 0.265000
8706.424239 0.266000
8707.797696 0.266000
8707.797696 0.267000
8708.886367 0.267000
8708.886367 0.268000
8710.338956 0.268000
8710.338956 0.269000
8711.464643 0.269000
8711.464643 0.270000
8713.096905 0.270000
8713.096905 0.271000
8714.159491 0.271000
8714.159491 0.272000
8717.223029 0.272000
8717.223029 0.273000
8718.010100 0.273000
8718.010100 0.274000
8721.103728 0.274000
8721.103728 0.275000
8723.472986 0.275000
8723.472986 0.276000
8725.364866 0.276000
8725.364866 0.277000
8725.518193 0.277000
8725.518193 0.278000
8726.173698 0.278000
8726.173698 0.279000
8726.270892 0.279000
8726.270892 0.280000
8727.997860 0.280000
8727.997860 0.281000
8731.750934 0.281000
8731.750934 0.282000
8732.258660 0.282000
8732.258660 0.283000
8733.398441 0.283000
8733.398441 0.284000
8733.501630 0.284000
8733.501630 0.285000
8733.833531 0.285000
8733.833531 0.286000
8734.185443 0.286000
8734.185443 0.287000
8737.886029 0.287000
8737.886029 0.288000
8741.295149 0.288000
8741.295149 0.289000
8745.205235 0.289000
8745.205235 0.290000
8749.656722 0.290000
8749.656722 0.291000
8751.348849 0.291000
8751.348849 0.292000
8751.410355 0.292000
8751.410355 0.293000
8752.176313 0.293000
8752.176313 0.294000
8755.609113 0.294000
8755.609113 0.295000
8758.490113 0.295000
8758.490113 0.296000
8762.830264 0.296000
8762.830264 0.297000
8763.284681 0.297000
8763.284681 0.298000
8766.094549 0.298000
8766.094549 0.299000
8767.737989 0.299000
8767.737989 0.300000
8768.054981 0.300000
8768.054981 0.301000
8768.210216 0.301000
8768.210216 0.302000
8773.268100 0.302000
8773.268100 0.303000
8774.608905 0.303000
8774.608905 0.304000
8776.554110 0.304000
8776.554110 0.305000
8778.326265 0.305000
8778.326265 0.306000
8779.462701 0.306000
8779.462701 0.307000
8779.818227 0.307000
8779.818227 0.308000
8780.172007 0.308000
8780.172007 0.309000
8788.389522 0.309000
8788.389522 0.310000
8792.471586 0.310000
8792.471586 0.311000
8795.012007 0.311000
8795.012007 0.312000
8796.230540 0.312000
8796.230540 0.313000
8796.816041 0.313000
8796.816041 0.314000
8799.579796 0.314000
8799.579796 0.315000
8802.338271 0.315000
8802.338271 0.316000
8804.085248 0.316000
8804.085248 0.317000
8804.476853 0.317000
8804.476853 0.318000
8806.638547 0.318000
8806.638547 0.319000
8807.283804 0.319000
8807.283804 0.320000
8808.206099 0.320000
8808.206099 0.321000
8809.369229 0.321000
8809.369229 0.322000
8810.030913 0.322000
8810.030913 0.323000
8812.692228 0.323000
8812.692228 0.324000
8812.697186 0.324000
8812.697186 0.325000
8815.292938 0.325000
8815.292938 0.326000
8816.159618 0.326000
8816.159618 0.327000
8817.604607 0.327000
8817.604607 0.328000
8818.041702 0.328000
8818.041702 0.329000
8818.964757 0.329000
8818.964757 0.330000
8820.040295 0.330000
8820.040295 0.331000
8820.786607 0.331000
8820.786607 0.332000
8820.949529 0.332000
8820.949529 0.333000
8822.008666 0.333000
8822.008666 0.334000
8822.273541 0.334000
8822.273541 0.335000
8822.974876 0.335000
8822.974876 0.336000
8825.686114 0.336000
8825.686114 0.337000
8825.874813 0.337000
8825.874813 0.338000
8827.177000 0.338000
8827.177000 0.339000
8828.930600 0.339000
8828.930600 0.340000
8829.064040 0.340000
8829.064040 0.341000
8829.108148 0.341000
8829.108148 0.342000
8829.236024 0.342000
8829.236024 0.343000
8832.156352 0.343000
8832.156352 0.344000
8834.448319 0.344000
8834.448319 0.345000
8834.584933 0.345000
8834.584933 0.346000
8837.360545 0.346000
8837.360545 0.347000
8838.038241 0.347000
8838.038241 0.348000
8838.705417 0.348000
8838.705417 0.349000
8839.187461 0.349000
8839.187461 0.350000
8844.165846 0.350000
8844.165846 0.351000
8844.732190 0.351000
8844.732190 0.352000
8846.232779 0.352000
8846.232779 0.353000
8848.372363 0.353000
8848.372363 0.354000
8848.939719 0.354000
8848.939719 0.355000
8853.113180 0.355000
8853.113180 0.356000
8853.777929 0.356000
8853.777929 0.357000
8854.266337 0.357000
8854.266337 0.358000
8855.279486 0.358000
8855.279486 0.359000
8861.119846 0.359000
8861.119846 0.360000
8863.796559 0.360000
8863.796559 0.361000
8865.022661 0.361000
8865.022661 0.362000
8867.125753 0.362000
8867.125753 0.363000
8867.195985 0.363000
8867.195985 0.364000
8867.195985 0.364000
8867.195985 0.365000
8867.370533 0.365000
8867.370533 0.366000
8867.780567 0.366000
8867.780567 0.367000
8868.611853 0.367000
8868.611853 0.368000
8869.801747 0.368000
8869.801747 0.369000
8870.439981 0.369000
8870.439981 0.370000
8874.047198 0.370000
8874.047198 0.371000
8874.199429 0.371000
8874.199429 0.372000
8875.503698 0.372000
8875.503698 0.373000
8877.430197 0.373000
8877.430197 0.374000
8877.975070 0.374000
8877.975070 0.375000
8883.920998 0.375000
8883.920998 0.376000
8884.931126 0.376000
8884.931126 0.377000
8885.869223 0.377000
8885.869223 0.378000
8887.043099 0.378000
8887.043099 0.379000
8888.624001 0.379000
8888.624001 0.380000
8891.045348 0.380000
8891.045348 0.381000
8891.853688 0.381000
8891.853688 0.382000
8891.893140 0.382000
8891.893140 0.383000
8894.462199 0.383000
8894.462199 0.384000
8896.718758 0.384000
8896.718758 0.385000
8897.329933 0.385000
8897.329933 0.386000
8899.795600 0.386000
8899.795600 0.387000
8900.020113 0.387000
8900.020113 0.388000
8902.654804 0.388000
8902.654804 0.389000
8905.531042 0.389000
8905.531042 0.390000
8905.634837 0.390000
8905.634837 0.391000
8912.809026 0.391000
8912.809026 0.392000
8914.013860 0.392000
8914.013860 0.393000
8914.961278 0.393000
8914.961278 0.394000
8915.044151 0.394000
8915.044151 0.395000
8920.184297 0.395000
8920.184297 0.396000
8922.407013 0.396000
8922.407013 0.397000
8922.589423 0.397000
8922.589423 0.398000
8925.130424 0.398000
8925.130424 0.399000
8925.429370 0.399000
8925.429370 0.400000
8937.868870 0.400000
8937.868870 0.401000
8941.204454 0.401000
8941.204454 0.402000
8942.368246 0.402000
8942.368246 0.403000
8942.570672 0.403000
8942.570672 0.404000
8942.667184 0.404000
8942.667184 0.405000
8943.051819 0.405000
8943.051819 0.406000
8943.322743 0.406000
8943.322743 0.407000
8943.868475 0.407000
8943.868475 0.408000
8944.046254 0.408000
8944.046254 0.409000
8945.043878 0.409000
8945.043878 0.410000
8945.184963 0.410000
8945.184963 0.411000
8945.505110 0.411000
8945.505110 0.412000
8946.116249 0.412000
8946.116249 0.413000
8946.606702 0.413000
8946.606702 0.414000
8947.138736 0.414000
8947.138736 0.415000
8948.386143 0.415000
8948.386143 0.416000
8948.825721 0.416000
8948.825721 0.417000
8949.519719 0.417000
8949.519719 0.418000
8949.973588 0.418000
8949.973588 0.419000
8950.487637 0.419000
8950.487637 0.420000
8951.399905 0.420000
8951.399905 0.421000
8951.626442 0.421000
8951.626442 0.422000
8952.955389 0.422000
8952.955389 0.423000
8953.088039 0.423000
8953.088039 0.424000
8953.824707 0.424000
8953.824707 0.425000
8954.619653 0.425000
8954.619653 0.426000
8954.960447 0.426000
8954.960447 0.427000
8955.074312 0.427000
8955.074312 0.428000
8955.197477 0.428000
8955.197477 0.429000
8957.166268 0.429000
8957.166268 0.430000
8957.332886 0.430000
8957.332886 0.431000
8957.897146 0.431000
8957.897146 0.432000
8958.317912 0.432000
8958.317912 0.433000
8959.485262 0.433000
8959.485262 0.434000
8960.249390 0.434000
8960.249390 0.435000
8960.933147 0.435000
8960.933147 0.436000
8961.430483 0.436000
8961.430483 0.437000
8961.805530 0.437000
8961.805530 0.438000
8962.275125 0.438000
8962.275125 0.439000
8962.395757 0.439000
8962.395757 0.440000
8962.533642 0.440000
8962.533642 0.441000
8963.153879 0.441000
8963.153879 0.442000
8963.701741 0.442000
8963.701741 0.443000
8964.005186 0.443000
8964.005186 0.444000
8964.726746 0.444000
8964.726746 0.445000
8966.905964 0.445000
8966.905964 0.446000
8967.390656 0.446000
8967.390656 0.447000
8968.535558 0.447000
8968.535558 0.448000
8969.729866 0.448000
8969.729866 0.449000
8969.999929 0.449000
8969.999929 0.450000
8975.958035 0.450000
8975.958035 0.451000
8977.406089 0.451000
8977.406089 0.452000
8978.440380 0.452000
8978.440380 0.453000
8978.473672 0.453000
8978.473672 0.454000
8979.910920 0.454000
8979.910920 0.455000
8986.109633 0.455000
8986.109633 0.456000
8987.433191 0.456000
8987.433191 0.457000
8991.175760 0.457000
8991.175760 0.458000
8992.421166 0.458000
8992.421166 0.459000
8992.467843 0.459000
8992.467843 0.460000
8994.517935 0.460000
8994.517935 0.461000
8996.162244 0.461000
8996.162244 0.462000
8997.243431 0.462000
8997.243431 0.463000
9000.039738 0.463000
9000.039738 0.464000
9000.549672 0.464000
9000.549672 0.465000
9000.752109 0.465000
9000.752109 0.466000
9000.868060 0.466000
9000.868060 0.467000
9003.447332 0.467000
9003.447332 0.468000
9003.718439 0.468000
9003.718439 0.469000
9005.276208 0.469000
9005.276208 0.470000
9007.355183 0.470000
9007.355183 0.471000
9008.674848 0.471000
9008.674848 0.472000
9009.947605 0.472000
9009.947605 0.473000
9012.212672 0.473000
9012.212672 0.474000
9013.990429 0.474000
9013.990429 0.475000
9014.300176 0.475000
9014.300176 0.476000
9014.928621 0.476000
9014.928621 0.477000
9016.360592 0.477000
9016.360592 0.478000
9017.128109 0.478000
9017.128109 0.479000
9018.630765 0.479000
9018.630765 0.480000
9019.851070 0.480000
9019.851070 0.481000
9020.569777 0.481000
9020.569777 0.482000
9021.219932 0.482000
9021.219932 0.483000
9023.356869 0.483000
9023.356869 0.484000
9029.746993 0.484000
9029.746993 0.485000
9032.091574 0.485000
9032.091574 0.486000
9033.570237 0.486000
9033.570237 0.487000
9036.890738 0.487000
9036.890738 0.488000
9037.111970 0.488000
9037.111970 0.489000
9038.186583 0.489000
9038.186583 0.490000
9038.657988 0.490000
9038.657988 0.491000
9046.633158 0.491000
9046.633158 0.492000
9049.933059 0.492000
9049.933059 0.493000
9054.620347 0.493000
9054.620347 0.494000
9056.945303 0.494000
9056.945303 0.495000
9059.022092 0.495000
9059.022092 0.496000
9060.976986 0.496000
9060.976986 0.497000
9062.011467 0.497000
9062.011467 0.498000
9066.184750 0.498000
9066.184750 0.499000
9067.226997 0.499000
9067.226997 0.500000
9069.952652 0.500000
9069.952652 0.501000
9070.193442 0.501000
9070.193442 0.502000
9070.228214 0.502000
9070.228214 0.503000
9071.576765 0.503000
9071.576765 0.504000
9071.876726 0.504000
9071.876726 0.505000
9073.443955 0.505000
9073.443955 0.506000
9073.711156 0.506000
9073.711156 0.507000
9074.069720 0.507000
9074.069720 0.508000
9076.278002 0.508000
9076.278002 0.509000
9077.774672 0.509000
9077.774672 0.510000
9078.052671 0.510000
9078.052671 0.511000
9078.567617 0.511000
9078.567617 0.512000
9078.642068 0.512000
9078.642068 0.513000
9080.519739 0.513000
9080.519739 0.514000
9080.986456 0.514000
9080.986456 0.515000
9081.203166 0.515000
9081.203166 0.516000
9081.604716 0.516000
9081.604716 0.517000
9081.864948 0.517000
9081.864948 0.518000
9083.524103 0.518000
9083.524103 0.519000
9083.957707 0.519000
9083.957707 0.520000
9084.197909 0.520000
9084.197909 0.521000
9084.197909 0.521000
9084.197909 0.522000
9084.420286 0.522000
9084.420286 0.523000
9084.820077 0.523000
9084.820077 0.524000
9087.305572 0.524000
9087.305572 0.525000
9087.599534 0.525000
9087.599534 0.526000
9087.599534 0.526000
9087.599534 0.527000
9087.825665 0.527000
9087.825665 0.528000
9088.038960 0.528000
9088.038960 0.529000
9088.644091 0.529000
9088.644091 0.530000
9088.758847 0.530000
9088.758847 0.531000
9089.780149 0.531000
9089.780149 0.532000
9090.191918 0.532000
9090.191918 0.533000
9090.227518 0.533000
9090.227518 0.534000
9090.449717 0.534000
9090.449717 0.535000
9090.649883 0.535000
9090.649883 0.536000
9091.383198 0.536000
9091.383198 0.537000
9091.578141 0.537000
9091.578141 0.538000
9092.050365 0.538000
9092.050365 0.539000
9092.676713 0.539000
9092.676713 0.540000
9093.639993 0.540000
9093.639993 0.541000
9094.441141 0.541000
9094.441141 0.542000
9094.746760 0.542000
9094.746760 0.543000
9094.900349 0.543000
9094.900349 0.544000
9094.944711 0.544000
9094.944711 0.545000
9095.452377 0.545000
9095.452377 0.546000
9095.452377 0.546000
9095.452377 0.547000
9096.344484 0.547000
9096.344484 0.548000
9096.784296 0.548000
9096.784296 0.549000
9097.699447 0.549000
9097.699447 0.550000
9097.929248 0.550000
9097.929248 0.551000
9098.760261 0.551000
9098.760261 0.552000
9099.412189 0.552000
9099.412189 0.553000
9099.552396 0.553000
9099.552396 0.554000
9100.160416 0.554000
9100.160416 0.555000
9100.520608 0.555000
9100.520608 0.556000
9101.188296 0.556000
9101.188296 0.557000
9103.637757 0.557000
9103.637757 0.558000
9106.546488 0.558000
9106.546488 0.559000
9106.865891 0.559000
9106.865891 0.560000
9111.472496 0.560000
9111.472496 0.561000
9112.431795 0.561000
9112.431795 0.562000
9112.478802 0.562000
9112.478802 0.563000
9113.169888 0.563000
9113.169888 0.564000
9116.001227 0.564000
9116.001227 0.565000
9116.174483 0.565000
9116.174483 0.566000
9116.477542 0.566000
9116.477542 0.567000
9116.935987 0.567000
9116.935987 0.568000
9117.043905 0.568000
9117.043905 0.569000
9119.792651 0.569000
9119.792651 0.570000
9120.728818 0.570000
9120.728818 0.571000
9123.880919 0.571000
9123.880919 0.572000
9124.179591 0.572000
9124.179591 0.573000
9126.546310 0.573000
9126.546310 0.574000
9127.613017 0.574000
9127.613017 0.575000
9128.346408 0.575000
9128.346408 0.576000
9128.528081 0.576000
9128.528081 0.577000
9128.621067 0.577000
9128.621067 0.578000
9130.116730 0.578000
9130.116730 0.579000
9132.479869 0.579000
9132.479869 0.580000
9132.927682 0.580000
9132.927682 0.581000
9133.389749 0.581000
9133.389749 0.582000
9133.844367 0.582000
9133.844367 0.583000
9134.371546 0.583000
9134.371546 0.584000
9135.443845 0.584000
9135.443845 0.585000
9135.828398 0.585000
9135.828398 0.586000
9136.780583 0.586000
9136.780583 0.587000
9137.335371 0.587000
9137.335371 0.588000
9137.444411 0.588000
9137.444411 0.589000
9137.619546 0.589000
9137.619546 0.590000
9139.046211 0.590000
9139.046211 0.591000
9139.282360 0.591000
9139.282360 0.592000
9139.428255 0.592000
9139.428255 0.593000
9140.202224 0.593000
9140.202224 0.594000
9140.484965 0.594000
9140.484965 0.595000
9140.708942 0.595000
9140.708942 0.596000
9143.897971 0.596000
9143.897971 0.597000
9144.598572 0.597000
9144.598572 0.598000
9144.659676 0.598000
9144.659676 0.599000
9144.791550 0.599000
9144.791550 0.600000
9144.807067 0.600000
9144.807067 0.601000
9144.807067 0.601000
9144.807067 0.602000
9145.222335 0.602000
9145.222335 0.603000
9145.279826 0.603000
9145.279826 0.604000
9148.312972 0.604000
9148.312972 0.605000
9148.605152 0.605000
9148.605152 0.606000
9149.462031 0.606000
9149.462031 0.607000
9150.722091 0.607000
9150.722091 0.608000
9151.445025 0.608000
9151.445025 0.609000
9151.642564 0.609000
9151.642564 0.610000
9153.158905 0.610000
9153.158905 0.611000
9153.981671 0.611000
9153.981671 0.612000
9158.191590 0.612000
9158.191590 0.613000
9158.245406 0.613000
9158.245406 0.614000
9158.886668 0.614000
9158.886668 0.615000
9168.275215 0.615000
9168.275215 0.616000
9168.815797 0.616000
9168.815797 0.617000
9178.669113 0.617000
9178.669113 0.618000
9182.264104 0.618000
9182.264104 0.619000
9184.928532 0.619000
9184.928532 0.620000
9188.149710 0.620000
9188.149710 0.621000
9193.213834 0.621000
9193.213834 0.622000
9199.027549 0.622000
9199.027549 0.623000
9205.849247 0.623000
9205.849247 0.624000
9206.286221 0.624000
9206.286221 0.625000
9206.427822 0.625000
9206.427822 0.626000
9207.208601 0.626000
9207.208601 0.627000
9212.246653 0.627000
9212.246653 0.628000
9214.834150 0.628000
9214.834150 0.629000
9216.437293 0.629000
9216.437293 0.630000
9217.240312 0.630000
9217.240312 0.631000
9218.098233 0.631000
9218.098233 0.632000
9218.461622 0.632000
9218.461622 0.633000
9222.032874 0.633000
9222.032874 0.634000
9224.924835 0.634000
9224.924835 0.635000
9224.961813 0.635000
9224.961813 0.636000
9227.435475 0.636000
9227.435475 0.637000
9228.295442 0.637000
9228.295442 0.638000
9234.490692 0.638000
9234.490692 0.639000
9237.662060 0.639000
9237.662060 0.640000
9239.477653 0.640000
9239.477653 0.641000
9240.249840 0.641000
9240.249840 0.642000
9252.174351 0.642000
9252.174351 0.643000
9252.317331 0.643000
9252.317331 0.644000
9253.507852 0.644000
9253.507852 0.645000
9253.710729 0.645000
9253.710729 0.646000
9254.209710 0.646000
9254.209710 0.647000
9255.438920 0.647000
9255.438920 0.648000
9256.065058 0.648000
9256.065058 0.649000
9256.493963 0.649000
9256.493963 0.650000
9258.114460 0.650000
9258.114460 0.651000
9259.336361 0.651000
9259.336361 0.652000
9259.902499 0.652000
9259.902499 0.653000
9260.323445 0.653000
9260.323445 0.654000
9260.671867 0.654000
9260.671867 0.655000
9262.346604 0.655000
9262.346604 0.656000
9262.785286 0.656000
9262.785286 0.657000
9263.251642 0.657000
9263.251642 0.658000
9263.579434 0.658000
9263.579434 0.659000
9264.821295 0.659000
9264.821295 0.660000
9266.846212 0.660000
9266.846212 0.661000
9267.456745 0.661000
9267.456745 0.662000
9269.451748 0.662000
9269.451748 0.663000
9269.451748 0.663000
9269.451748 0.664000
9269.863956 0.664000
9269.863956 0.665000
9269.981132 0.665000
9269.981132 0.666000
9270.505915 0.666000
9270.505915 0.667000
9271.252879 0.667000
9271.252879 0.668000
9271.366952 0.668000
9271.366952 0.669000
9273.688325 0.669000
9273.688325 0.670000
9274.192542 0.670000
9274.192542 0.671000
9275.835252 0.671000
9275.835252 0.672000
9275.887343 0.672000
9275.887343 0.673000
9276.610845 0.673000
9276.610845 0.674000
9276.786242 0.674000
9276.786242 0.675000
9277.171865 0.675000
9277.171865 0.676000
9277.373975 0.676000
9277.373975 0.677000
9277.862334 0.677000
9277.862334 0.678000
9277.926553 0.678000
9277.926553 0.679000
9278.669563 0.679000
9278.669563 0.680000
9279.304266 0.680000
9279.304266 0.681000
9279.772408 0.681000
9279.772408 0.682000
9281.423928 0.682000
9281.423928 0.683000
9282.491106 0.683000
9282.491106 0.684000
9288.814586 0.684000
9288.814586 0.685000
9289.360453 0.685000
9289.360453 0.686000
9291.696054 0.686000
9291.696054 0.687000
9294.710248 0.687000
9294.710248 0.688000
9300.662728 0.688000
9300.662728 0.689000
9308.288899 0.689000
9308.288899 0.690000
9310.944905 0.690000
9310.944905 0.691000
9320.044783 0.691000
9320.044783 0.692000
9324.430007 0.692000
9324.430007 0.693000
9326.597646 0.693000
9326.597646 0.694000
9327.056240 0.694000
9327.056240 0.695000
9328.954598 0.695000
9328.954598 0.696000
9329.853802 0.696000
9329.853802 0.697000
9332.774460 0.697000
9332.774460 0.698000
9333.241845 0.698000
9333.241845 0.699000
9333.422140 0.699000
9333.422140 0.700000
9338.130644 0.700000
9338.130644 0.701000
9338.473121 0.701000
9338.473121 0.702000
9339.266614 0.702000
9339.266614 0.703000
9340.807476 0.703000
9340.807476 0.704000
9340.918995 0.704000
9340.918995 0.705000
9341.717712 0.705000
9341.717712 0.706000
9341.900128 0.706000
9341.900128 0.707000
9341.953963 0.707000
9341.953963 0.708000
9342.556596 0.708000
9342.556596 0.709000
9342.735458 0.709000
9342.735458 0.710000
9343.167814 0.710000
9343.167814 0.711000
9345.290430 0.711000
9345.290430 0.712000
9346.065564 0.712000
9346.065564 0.713000
9346.284144 0.713000
9346.284144 0.714000
9347.233019 0.714000
9347.233019 0.715000
9347.577531 0.715000
9347.577531 0.716000
9350.053277 0.716000
9350.053277 0.717000
9350.541998 0.717000
9350.541998 0.718000
9350.579237 0.718000
9350.579237 0.719000
9350.681860 0.719000
9350.681860 0.720000
9353.716828 0.720000
9353.716828 0.721000
9358.893711 0.721000
9358.893711 0.722000
9370.048553 0.722000
9370.048553 0.723000
9371.019944 0.723000
9371.019944 0.724000
9374.532937 0.724000
9374.532937 0.725000
9374.582238 0.725000
9374.582238 0.726000
9383.743161 0.726000
9383.743161 0.727000
9385.509412 0.727000
9385.509412 0.728000
9385.746359 0.728000
9385.746359 0.729000
9386.451699 0.729000
9386.451699 0.730000
9387.694889 0.730000
9387.694889 0.731000
9388.608816 0.731000
9388.608816 0.732000
9390.079387 0.732000
9390.079387 0.733000
9391.598890 0.733000
9391.598890 0.734000
9391.954886 0.734000
9391.954886 0.735000
9392.379201 0.735000
9392.379201 0.736000
9392.449616 0.736000
9392.449616 0.737000
9392.638083 0.737000
9392.638083 0.738000
9394.021105 0.738000
9394.021105 0.739000
9394.583243 0.739000
9394.583243 0.740000
9394.725874 0.740000
9394.725874 0.741000
9394.995666 0.741000
9394.995666 0.742000
9395.197163 0.742000
9395.197163 0.743000
9396.587643 0.743000
9396.587643 0.744000
9396.652996 0.744000
9396.652996 0.745000
9396.858350 0.745000
9396.858350 0.746000
9397.237721 0.746000
9397.237721 0.747000
9397.499428 0.747000
9397.499428 0.748000
9398.325503 0.748000
9398.325503 0.749000
9398.699835 0.749000
9398.699835 0.750000
9398.914579 0.750000
9398.914579 0.751000
9399.578030 0.751000
9399.578030 0.752000
9400.376843 0.752000
9400.376843 0.753000
9401.265738 0.753000
9401.265738 0.754000
9402.116805 0.754000
9402.116805 0.755000
9402.201840 0.755000
9402.201840 0.756000
9402.208520 0.756000
9402.208520 0.757000
9402.234717 0.757000
9402.234717 0.758000
9402.762065 0.758000
9402.762065 0.759000
9402.789657 0.759000
9402.789657 0.760000
9403.629309 0.760000
9403.629309 0.761000
9404.142781 0.761000
9404.142781 0.762000
9404.875545 0.762000
9404.875545 0.763000
9405.278792 0.763000
9405.278792 0.764000
9405.468260 0.764000
9405.468260 0.765000
9406.635675 0.765000
9406.635675 0.766000
9408.596866 0.766000
9408.596866 0.767000
9409.773833 0.767000
9409.773833 0.768000
9410.582988 0.768000
9410.582988 0.769000
9411.276594 0.769000
9411.276594 0.770000
9411.423931 0.770000
9411.423931 0.771000
9412.008785 0.771000
9412.008785 0.772000
9417.872960 0.772000
9417.872960 0.773000
9418.646348 0.773000
9418.646348 0.774000
9419.874815 0.774000
9419.874815 0.775000
9422.943342 0.775000
9422.943342 0.776000
9424.592841 0.776000
9424.592841 0.777000
9430.447479 0.777000
9430.447479 0.778000
9431.852317 0.778000
9431.852317 0.779000
9432.837187 0.779000
9432.837187 0.780000
9438.237760 0.780000
9438.237760 0.781000
9443.266064 0.781000
9443.266064 0.782000
9443.719195 0.782000
9443.719195 0.783000
9445.588100 0.783000
9445.588100 0.784000
9446.326147 0.784000
9446.326147 0.785000
9447.451394 0.785000
9447.451394 0.786000
9447.779207 0.786000
9447.779207 0.787000
9450.991576 0.787000
9450.991576 0.788000
9453.332147 0.788000
9453.332147 0.789000
9458.532257 0.789000
9458.532257 0.790000
9459.535794 0.790000
9459.535794 0.791000
9462.061261 0.791000
9462.061261 0.792000
9462.799222 0.792000
9462.799222 0.793000
9462.893555 0.793000
9462.893555 0.794000
9467.631077 0.794000
9467.631077 0.795000
9467.735027 0.795000
9467.735027 0.796000
9469.849751 0.796000
9469.849751 0.797000
9470.590901 0.797000
9470.590901 0.798000
9471.019057 0.798000
9471.019057 0.799000
9471.217975 0.799000
9471.217975 0.800000
9471.274996 0.800000
9471.274996 0.801000
9473.452879 0.801000
9473.452879 0.802000
9475.446068 0.802000
9475.446068 0.803000
9475.830109 0.803000
9475.830109 0.804000
9476.309923 0.804000
9476.309923 0.805000
9478.156312 0.805000
9478.156312 0.806000
9479.688121 0.806000
9479.688121 0.807000
9480.353318 0.807000
9480.353318 0.808000
9481.300752 0.808000
9481.300752 0.809000
9481.524197 0.809000
9481.524197 0.810000
9483.603648 0.810000
9483.603648 0.811000
9486.064445 0.811000
9486.064445 0.812000
9491.244499 0.812000
9491.244499 0.813000
9494.863393 0.813000
9494.863393 0.814000
9495.580777 0.814000
9495.580777 0.815000
9500.806069 0.815000
9500.806069 0.816000
9503.783362 0.816000
9503.783362 0.817000
9504.137332 0.817000
9504.137332 0.818000
9512.081428 0.818000
9512.081428 0.819000
9512.110290 0.819000
9512.110290 0.820000
9519.026813 0.820000
9519.026813 0.821000
9521.115672 0.821000
9521.115672 0.822000
9521.780171 0.822000
9521.780171 0.823000
9522.218419 0.823000
9522.218419 0.824000
9523.083729 0.824000
9523.083729 0.825000
9526.328832 0.825000
9526.328832 0.826000
9527.591525 0.826000
9527.591525 0.827000
9527.619822 0.827000
9527.619822 0.828000
9529.650762 0.828000
9529.650762 0.829000
9529.791150 0.829000
9529.791150 0.830000
9530.117101 0.830000
9530.117101 0.831000
9531.308263 0.831000
9531.308263 0.832000
9531.323500 0.832000
9531.323500 0.833000
9532.645637 0.833000
9532.645637 0.834000
9532.995773 0.834000
9532.995773 0.835000
9533.581616 0.835000
9533.581616 0.836000
9534.790788 0.836000
9534.790788 0.837000
9536.910787 0.837000
9536.910787 0.838000
9540.587975 0.838000
9540.587975 0.839000
9546.812221 0.839000
9546.812221 0.840000
9548.630621 0.840000
9548.630621 0.841000
9548.890209 0.841000
9548.890209 0.842000
9553.918904 0.842000
9553.918904 0.843000
9556.676047 0.843000
9556.676047 0.844000
9557.071771 0.844000
9557.071771 0.845000
9559.443741 0.845000
9559.443741 0.846000
9566.618134 0.846000
9566.618134 0.847000
9581.111373 0.847000
9581.111373 0.848000
9582.146473 0.848000
9582.146473 0.849000
9583.648900 0.849000
9583.648900 0.850000
9586.611869 0.850000
9586.611869 0.851000
9588.556207 0.851000
9588.556207 0.852000
9588.972553 0.852000
9588.972553 0.853000
9589.997106 0.853000
9589.997106 0.854000
9590.576983 0.854000
9590.576983 0.855000
9591.152853 0.855000
9591.152853 0.856000
9591.152853 0.856000
9591.152853 0.857000
9592.292736 0.857000
9592.292736 0.858000
9592.856831 0.858000
9592.856831 0.859000
9594.663787 0.859000
9594.663787 0.860000
9599.980923 0.860000
9599.980923 0.861000
9600.280852 0.861000
9600.280852 0.862000
9600.874794 0.862000
9600.874794 0.863000
9603.363410 0.863000
9603.363410 0.864000
9606.075769 0.864000
9606.075769 0.865000
9612.118182 0.865000
9612.118182 0.866000
9617.616286 0.866000
9617.616286 0.867000
9619.728987 0.867000
9619.728987 0.868000
9627.821982 0.868000
9627.821982 0.869000
9631.790827 0.869000
9631.790827 0.870000
9631.954322 0.870000
9631.954322 0.871000
9645.692576 0.871000
9645.692576 0.872000
9648.898393 0.872000
9648.898393 0.873000
9649.204424 0.873000
9649.204424 0.874000
9655.926333 0.874000
9655.926333 0.875000
9656.027833 0.875000
9656.027833 0.876000
9657.186630 0.876000
9657.186630 0.877000
9657.549795 0.877000
9657.549795 0.878000
9663.159908 0.878000
9663.159908 0.879000
9664.431564 0.879000
9664.431564 0.880000
9664.966098 0.880000
9664.966098 0.881000
9665.275076 0.881000
9665.275076 0.882000
9665.538271 0.882000
9665.538271 0.883000
9665.843436 0.883000
9665.843436 0.884000
9666.275878 0.884000
9666.275878 0.885000
9666.746864 0.885000
9666.746864 0.886000
9667.965492 0.886000
9667.965492 0.887000
9668.254742 0.887000
9668.254742 0.888000
9669.192080 0.888000
9669.192080 0.889000
9673.778971 0.889000
9673.778971 0.890000
9684.024100 0.890000
9684.024100 0.891000
9693.176070 0.891000
9693.176070 0.892000
9703.858993 0.892000
9703.858993 0.893000
9717.615610 0.893000
9717.615610 0.894000
9724.302589 0.894000
9724.302589 0.895000
9730.755943 0.895000
9730.755943 0.896000
9733.204493 0.896000
9733.204493 0.897000
9734.595359 0.897000
9734.595359 0.898000
9735.087056 0.898000
9735.087056 0.899000
9736.766170 0.899000
9736.766170 0.900000
9742.322594 0.900000
9742.322594 0.901000
9764.132995 0.901000
9764.132995 0.902000
9767.552604 0.902000
9767.552604 0.903000
9781.167965 0.903000
9781.167965 0.904000
9785.643578 0.904000
9785.643578 0.905000
9788.918275 0.905000
9788.918275 0.906000
9788.918275 0.906000
9788.918275 0.907000
9789.251010 0.907000
9789.251010 0.908000
9789.351529 0.908000
9789.351529 0.909000
9791.299294 0.909000
9791.299294 0.910000
9793.284211 0.910000
9793.284211 0.911000
9795.271412 0.911000
9795.271412 0.912000
9799.641898 0.912000
9799.641898 0.913000
9799.726649 0.913000
9799.726649 0.914000
9801.020380 0.914000
9801.020380 0.915000
9804.719865 0.915000
9804.719865 0.916000
9806.408841 0.916000
9806.408841 0.917000
9831.527964 0.917000
9831.527964 0.918000
9868.013215 0.918000
9868.013215 0.919000
9892.607339 0.919000
9892.607339 0.920000
9904.914764 0.920000
9904.914764 0.921000
9912.437647 0.921000
9912.437647 0.922000
9914.269254 0.922000
9914.269254 0.923000
9916.742625 0.923000
9916.742625 0.924000
9918.652397 0.924000
9918.652397 0.925000
9920.215351 0.925000
9920.215351 0.926000
9921.276999 0.926000
9921.276999 0.927000
9922.495436 0.927000
9922.495436 0.928000
9922.821764 0.928000
9922.821764 0.929000
9923.360094 0.929000
9923.360094 0.930000
10004.811231 0.930000
10004.811231 0.931000
10051.748001 0.931000
10051.748001 0.932000
10181.350870 0.932000
10181.350870 0.933000
10224.314907 0.933000
10224.314907 0.934000
10225.349900 0.934000
10225.349900 0.935000
10529.481200 0.935000
10529.481200 0.936000
10667.518727 0.936000
10667.518727 0.937000
10685.954873 0.937000
10685.954873 0.938000
10970.234633 0.938000
10970.234633 0.939000
11225.138291 0.939000
11225.138291 0.940000
11248.438949 0.940000
11248.438949 0.941000
11410.321253 0.941000
11410.321253 0.942000
11433.449899 0.942000
11433.449899 0.943000
11553.185386 0.943000
11553.185386 0.944000
11771.551967 0.944000
11771.551967 0.945000
12124.427960 0.945000
12124.427960 0.946000
12301.451333 0.946000
12301.451333 0.947000
12406.658941 0.947000
12406.658941 0.948000
12489.173362 0.948000
12489.173362 0.949000
12663.481862 0.949000
12663.481862 0.950000
12670.710812 0.950000
12670.710812 0.951000
12672.136400 0.951000
12672.136400 0.952000
12682.377240 0.952000
12682.377240 0.953000
12921.911925 0.953000
12921.911925 0.954000
13224.953853 0.954000
13224.953853 0.955000
13374.863684 0.955000
13374.863684 0.956000
13522.016125 0.956000
13522.016125 0.957000
13535.418596 0.957000
13535.418596 0.958000
13860.856714 0.958000
13860.856714 0.959000
14471.080131 0.959000
14471.080131 0.960000
14480.258538 0.960000
14480.258538 0.961000
14618.743675 0.961000
14618.743675 0.962000
14792.871840 0.962000
14792.871840 0.963000
14808.895549 0.963000
14808.895549 0.964000
14874.752850 0.964000
14874.752850 0.965000
14961.298471 0.965000
14961.298471 0.966000
15139.391913 0.966000
15139.391913 0.967000
15199.474862 0.967000
15199.474862 0.968000
15276.873265 0.968000
15276.873265 0.969000
15335.787586 0.969000
15335.787586 0.970000
15348.528928 0.970000
15348.528928 0.971000
15470.653232 0.971000
15470.653232 0.972000
15579.922503 0.972000
15579.922503 0.973000
15874.185046 0.973000
15874.185046 0.974000
16068.871269 0.974000
16068.871269 0.975000
16192.737261 0.975000
16192.737261 0.976000
16210.209435 0.976000
16210.209435 0.977000
16244.146433 0.977000
16244.146433 0.978000
16562.784963 0.978000
16562.784963 0.979000
16710.162960 0.979000
16710.162960 0.980000
16883.011722 0.980000
16883.011722 0.981000
16986.846613 0.981000
16986.846613 0.982000
17063.321239 0.982000
17063.321239 0.983000
17075.914798 0.983000
17075.914798 0.984000
17158.372132 0.984000
17158.372132 0.985000
17213.657840 0.985000
17213.657840 0.986000
17335.769903 0.986000
17335.769903 0.987000
17378.753883 0.987000
17378.753883 0.988000
17383.429523 0.988000
17383.429523 0.989000
17644.241029 0.989000
17644.241029 0.990000
17682.485099 0.990000
17682.485099 0.991000
18224.678954 0.991000
18224.678954 0.992000
18276.271064 0.992000
18276.271064 0.993000
18333.657833 0.993000
18333.657833 0.994000
18337.475973 0.994000
18337.475973 0.995000
18533.235710 0.995000
18533.235710 0.996000
18644.417907 0.996000
18644.417907 0.997000
18689.014117 0.997000
18689.014117 0.998000
19522.286778 0.998000
19522.286778 0.999000
19952.502901 0.999000
19952.502901 1.000000
