52.569381 0.000000
52.569381 0.001000
54.866571 0.001000
54.866571 0.002000
54.957947 0.002000
54.957947 0.003000
55.072684 0.003000
55.072684 0.004000
55.089192 0.004000
55.089192 0.005000
55.107230 0.005000
55.107230 0.006000
55.159280 0.006000
55.159280 0.007000
55.175619 0.007000
55.175619 0.008000
55.184731 0.008000
55.184731 0.009000
55.192434 0.009000
55.192434 0.010000
55.209745 0.010000
55.209745 0.011000
55.214555 0.011000
55.214555 0.012000
55.214555 0.012000
55.214555 0.013000
55.216167 0.013000
55.216167 0.014000
55.219405 0.014000
55.219405 0.015000
55.221030 0.015000
55.221030 0.016000
55.224293 0.016000
55.224293 0.017000
55.249348 0.017000
55.249348 0.018000
55.254485 0.018000
55.254485 0.019000
55.261401 0.019000
55.261401 0.020000
55.271921 0.020000
55.271921 0.021000
55.275467 0.021000
55.275467 0.022000
55.333066 0.022000
55.333066 0.023000
55.451922 0.023000
55.451922 0.024000
55.492264 0.024000
55.492264 0.025000
57.944254 0.025000
57.944254 0.026000
58.017030 0.026000
58.017030 0.027000
58.020406 0.027000
58.020406 0.028000
58.041152 0.028000
58.041152 0.029000
58.045880 0.029000
58.045880 0.030000
58.045880 0.030000
58.045880 0.031000
58.073936 0.031000
58.073936 0.032000
58.077709 0.032000
58.077709 0.033000
58.078973 0.033000
58.078973 0.034000
58.080239 0.034000
58.080239 0.035000
58.081509 0.035000
58.081509 0.036000
58.090483 0.036000
58.090483 0.037000
58.106225 0.037000
58.106225 0.038000
58.108894 0.038000
58.108894 0.039000
58.116980 0.039000
58.116980 0.040000
58.116980 0.040000
58.116980 0.041000
58.118340 0.041000
58.118340 0.042000
58.123811 0.042000
58.123811 0.043000
58.123811 0.043000
58.123811 0.044000
58.129337 0.044000
58.129337 0.045000
58.134918 0.045000
58.134918 0.046000
58.146252 0.046000
58.146252 0.047000
58.159280 0.047000
58.159280 0.048000
58.162216 0.048000
58.162216 0.049000
58.172614 0.049000
58.172614 0.050000
58.192434 0.050000
58.192434 0.051000
58.197105 0.051000
58.197105 0.052000
58.203391 0.052000
58.203391 0.053000
58.212948 0.053000
58.212948 0.054000
58.214555 0.054000
58.214555 0.055000
58.217784 0.055000
58.217784 0.056000
58.232531 0.056000
58.232531 0.057000
58.237527 0.057000
58.237527 0.058000
58.249348 0.058000
58.249348 0.059000
58.268394 0.059000
58.268394 0.060000
58.288040 0.060000
58.288040 0.061000
58.297176 0.061000
58.297176 0.062000
58.304580 0.062000
58.304580 0.063000
58.310189 0.063000
58.310189 0.064000
58.325390 0.064000
58.325390 0.065000
58.327316 0.065000
58.327316 0.066000
58.344903 0.066000
58.344903 0.067000
58.381709 0.067000
58.381709 0.068000
58.424691 0.068000
58.424691 0.069000
58.461236 0.069000
58.461236 0.070000
58.539464 0.070000
58.539464 0.071000
58.542955 0.071000
58.542955 0.072000
58.778651 0.072000
58.778651 0.073000
60.726263 0.073000
60.726263 0.074000
60.933773 0.074000
60.933773 0.075000
60.934716 0.075000
60.934716 0.076000
60.946186 0.076000
60.946186 0.077000
60.951050 0.077000
60.951050 0.078000
60.954979 0.078000
60.954979 0.079000
60.972052 0.079000
60.972052 0.080000
60.978227 0.080000
60.978227 0.081000
60.987642 0.081000
60.987642 0.082000
60.988699 0.082000
60.988699 0.083000
60.988699 0.083000
60.988699 0.084000
60.988699 0.084000
60.988699 0.085000
60.994022 0.085000
60.994022 0.086000
60.994022 0.086000
60.994022 0.087000
60.997244 0.087000
60.997244 0.088000
61.000487 0.088000
61.000487 0.089000
61.002661 0.089000
61.002661 0.090000
61.004844 0.090000
61.004844 0.091000
61.010346 0.091000
61.010346 0.092000
61.011454 0.092000
61.011454 0.093000
61.013677 0.093000
61.013677 0.094000
61.027227 0.094000
61.027227 0.095000
61.028373 0.095000
61.028373 0.096000
61.029522 0.096000
61.029522 0.097000
61.030673 0.097000
61.030673 0.098000
61.032983 0.098000
61.032983 0.099000
61.038805 0.099000
61.038805 0.100000
61.039977 0.100000
61.039977 0.101000
61.042330 0.101000
61.042330 0.102000
61.042330 0.102000
61.042330 0.103000
61.043510 0.103000
61.043510 0.104000
61.045880 0.104000
61.045880 0.105000
61.049454 0.105000
61.049454 0.106000
61.050651 0.106000
61.050651 0.107000
61.051851 0.107000
61.051851 0.108000
61.053054 0.108000
61.053054 0.109000
61.054259 0.109000
61.054259 0.110000
61.055467 0.110000
61.055467 0.111000
61.057892 0.111000
61.057892 0.112000
61.057892 0.112000
61.057892 0.113000
61.061551 0.113000
61.061551 0.114000
61.064005 0.114000
61.064005 0.115000
61.064005 0.115000
61.064005 0.116000
61.065236 0.116000
61.065236 0.117000
61.066470 0.117000
61.066470 0.118000
61.067707 0.118000
61.067707 0.119000
61.067707 0.119000
61.067707 0.120000
61.068947 0.120000
61.068947 0.121000
61.070190 0.121000
61.070190 0.122000
61.070190 0.122000
61.070190 0.123000
61.071435 0.123000
61.071435 0.124000
61.071435 0.124000
61.071435 0.125000
61.073936 0.125000
61.073936 0.126000
61.076448 0.126000
61.076448 0.127000
61.076448 0.127000
61.076448 0.128000
61.076448 0.128000
61.076448 0.129000
61.085337 0.129000
61.085337 0.130000
61.085337 0.130000
61.085337 0.131000
61.093075 0.131000
61.093075 0.132000
61.095680 0.132000
61.095680 0.133000
61.095680 0.133000
61.095680 0.134000
61.095680 0.134000
61.095680 0.135000
61.096987 0.135000
61.096987 0.136000
61.098297 0.136000
61.098297 0.137000
61.099610 0.137000
61.099610 0.138000
61.103570 0.138000
61.103570 0.139000
61.104896 0.139000
61.104896 0.140000
61.104896 0.140000
61.104896 0.141000
61.104896 0.141000
61.104896 0.142000
61.110234 0.142000
61.110234 0.143000
61.111576 0.143000
61.111576 0.144000
61.116980 0.144000
61.116980 0.145000
61.125187 0.145000
61.125187 0.146000
61.132120 0.146000
61.132120 0.147000
61.140556 0.147000
61.140556 0.148000
61.140556 0.148000
61.140556 0.149000
61.146252 0.149000
61.146252 0.150000
61.154904 0.150000
61.154904 0.151000
61.160746 0.151000
61.160746 0.152000
61.163690 0.152000
61.163690 0.153000
61.171117 0.153000
61.171117 0.154000
61.178641 0.154000
61.178641 0.155000
61.186263 0.155000
61.186263 0.156000
61.189340 0.156000
61.189340 0.157000
61.189340 0.157000
61.189340 0.158000
61.189340 0.158000
61.189340 0.159000
61.197105 0.159000
61.197105 0.160000
61.204973 0.160000
61.204973 0.161000
61.206560 0.161000
61.206560 0.162000
61.206560 0.162000
61.206560 0.163000
61.209745 0.163000
61.209745 0.164000
61.214555 0.164000
61.214555 0.165000
61.224293 0.165000
61.224293 0.166000
61.225932 0.166000
61.225932 0.167000
61.239202 0.167000
61.239202 0.168000
61.242566 0.168000
61.242566 0.169000
61.247645 0.169000
61.247645 0.170000
61.319648 0.170000
61.319648 0.171000
61.321557 0.171000
61.321557 0.172000
61.323471 0.172000
61.323471 0.173000
61.348876 0.173000
61.348876 0.174000
61.358912 0.174000
61.358912 0.175000
61.371159 0.175000
61.371159 0.176000
61.381156 0.176000
61.381156 0.177000
61.385732 0.177000
61.385732 0.178000
61.413648 0.178000
61.413648 0.179000
61.517230 0.179000
61.517230 0.180000
61.529983 0.180000
61.529983 0.181000
61.548207 0.181000
61.548207 0.182000
61.619285 0.182000
61.619285 0.183000
61.622821 0.183000
61.622821 0.184000
61.646349 0.184000
61.646349 0.185000
61.682964 0.185000
61.682964 0.186000
61.711527 0.186000
61.711527 0.187000
61.714761 0.187000
61.714761 0.188000
61.741087 0.188000
61.741087 0.189000
61.751172 0.189000
61.751172 0.190000
61.754560 0.190000
61.754560 0.191000
61.763229 0.191000
61.763229 0.192000
61.778651 0.192000
61.778651 0.193000
61.799891 0.193000
61.799891 0.194000
61.821545 0.194000
61.821545 0.195000
61.821545 0.195000
61.821545 0.196000
61.840041 0.196000
61.840041 0.197000
61.908053 0.197000
61.908053 0.198000
62.145564 0.198000
62.145564 0.199000
62.208543 0.199000
62.208543 0.200000
63.390190 0.200000
63.390190 0.201000
63.926299 0.201000
63.926299 0.202000
63.937557 0.202000
63.937557 0.203000
63.941947 0.203000
63.941947 0.204000
63.944254 0.204000
63.944254 0.205000
63.947155 0.205000
63.947155 0.206000
63.958941 0.206000
63.958941 0.207000
63.979264 0.207000
63.979264 0.208000
63.980303 0.208000
63.980303 0.209000
63.988699 0.209000
63.988699 0.210000
63.997244 0.210000
63.997244 0.211000
64.004844 0.211000
64.004844 0.212000
64.007038 0.212000
64.007038 0.213000
64.009241 0.213000
64.009241 0.214000
64.010346 0.214000
64.010346 0.215000
64.017030 0.215000
64.017030 0.216000
64.021537 0.216000
64.021537 0.217000
64.024943 0.217000
64.024943 0.218000
64.024943 0.218000
64.024943 0.219000
64.028373 0.219000
64.028373 0.220000
64.029522 0.220000
64.029522 0.221000
64.035304 0.221000
64.035304 0.222000
64.037635 0.222000
64.037635 0.223000
64.041152 0.223000
64.041152 0.224000
64.045880 0.224000
64.045880 0.225000
64.049454 0.225000
64.049454 0.226000
64.056678 0.226000
64.056678 0.227000
64.057892 0.227000
64.057892 0.228000
64.057892 0.228000
64.057892 0.229000
64.057892 0.229000
64.057892 0.230000
64.060329 0.230000
64.060329 0.231000
64.067707 0.231000
64.067707 0.232000
64.073936 0.232000
64.073936 0.233000
64.073936 0.233000
64.073936 0.234000
64.075190 0.234000
64.075190 0.235000
64.080239 0.235000
64.080239 0.236000
64.081509 0.236000
64.081509 0.237000
64.085337 0.237000
64.085337 0.238000
64.089192 0.238000
64.089192 0.239000
64.093075 0.239000
64.093075 0.240000
64.100927 0.240000
64.100927 0.241000
64.100927 0.241000
64.100927 0.242000
64.104896 0.242000
64.104896 0.243000
64.107558 0.243000
64.107558 0.244000
64.112922 0.244000
64.112922 0.245000
64.118340 0.245000
64.118340 0.246000
64.121068 0.246000
64.121068 0.247000
64.133518 0.247000
64.133518 0.248000
64.149121 0.248000
64.149121 0.249000
64.150561 0.249000
64.150561 0.250000
64.163690 0.250000
64.163690 0.251000
64.180157 0.251000
64.180157 0.252000
64.189340 0.252000
64.189340 0.253000
64.195544 0.253000
64.195544 0.254000
64.208150 0.254000
64.208150 0.255000
64.212948 0.255000
64.212948 0.256000
64.217784 0.256000
64.217784 0.257000
64.237527 0.257000
64.237527 0.258000
64.248709 0.258000
64.248709 0.259000
64.254485 0.259000
64.254485 0.260000
64.277248 0.260000
64.277248 0.261000
64.304580 0.261000
64.304580 0.262000
64.321143 0.262000
64.321143 0.263000
64.335074 0.263000
64.335074 0.264000
64.371159 0.264000
64.371159 0.265000
64.438176 0.265000
64.438176 0.266000
64.445016 0.266000
64.445016 0.267000
64.465938 0.267000
64.465938 0.268000
64.477829 0.268000
64.477829 0.269000
64.482640 0.269000
64.482640 0.270000
64.494809 0.270000
64.494809 0.271000
64.517230 0.271000
64.517230 0.272000
64.575018 0.272000
64.575018 0.273000
64.594352 0.273000
64.594352 0.274000
64.611311 0.274000
64.611311 0.275000
64.737752 0.275000
64.737752 0.276000
64.741087 0.276000
64.741087 0.277000
64.741087 0.277000
64.741087 0.278000
65.935211 0.278000
65.935211 0.279000
66.319695 0.279000
66.319695 0.280000
66.601052 0.280000
66.601052 0.281000
66.905475 0.281000
66.905475 0.282000
66.930956 0.282000
66.930956 0.283000
66.948126 0.283000
66.948126 0.284000
66.949099 0.284000
66.949099 0.285000
66.955966 0.285000
66.955966 0.286000
66.968994 0.286000
66.968994 0.287000
66.970011 0.287000
66.970011 0.288000
66.973075 0.288000
66.973075 0.289000
66.973075 0.289000
66.973075 0.290000
66.975129 0.290000
66.975129 0.291000
66.999403 0.291000
66.999403 0.292000
67.007038 0.292000
67.007038 0.293000
67.009241 0.293000
67.009241 0.294000
67.010346 0.294000
67.010346 0.295000
67.020406 0.295000
67.020406 0.296000
67.021537 0.296000
67.021537 0.297000
67.026084 0.297000
67.026084 0.298000
67.034142 0.298000
67.034142 0.299000
67.043510 0.299000
67.043510 0.300000
67.048938 0.300000
67.048938 0.301000
67.057892 0.301000
67.057892 0.302000
67.070190 0.302000
67.070190 0.303000
67.075190 0.303000
67.075190 0.304000
67.078973 0.304000
67.078973 0.305000
67.086619 0.305000
67.086619 0.306000
67.086619 0.306000
67.086619 0.307000
67.093075 0.307000
67.093075 0.308000
67.094376 0.308000
67.094376 0.309000
67.102247 0.309000
67.102247 0.310000
67.104896 0.310000
67.104896 0.311000
67.115624 0.311000
67.115624 0.312000
67.127950 0.312000
67.127950 0.313000
67.132120 0.313000
67.132120 0.314000
67.136322 0.314000
67.136322 0.315000
67.166649 0.315000
67.166649 0.316000
67.166649 0.316000
67.166649 0.317000
67.206560 0.317000
67.206560 0.318000
67.221838 0.318000
67.221838 0.319000
67.222659 0.319000
67.222659 0.320000
67.242566 0.320000
67.242566 0.321000
67.256206 0.321000
67.256206 0.322000
67.304580 0.322000
67.304580 0.323000
67.306444 0.323000
67.306444 0.324000
67.327316 0.324000
67.327316 0.325000
67.329247 0.325000
67.329247 0.326000
67.331183 0.326000
67.331183 0.327000
67.344903 0.327000
67.344903 0.328000
67.344903 0.328000
67.344903 0.329000
67.356893 0.329000
67.356893 0.330000
67.369102 0.330000
67.369102 0.331000
67.387840 0.331000
67.387840 0.332000
67.387840 0.332000
67.387840 0.333000
67.389954 0.333000
67.389954 0.334000
67.400623 0.334000
67.400623 0.335000
67.413648 0.335000
67.413648 0.336000
67.415843 0.336000
67.415843 0.337000
67.461236 0.337000
67.461236 0.338000
67.497926 0.338000
67.497926 0.339000
67.529983 0.339000
67.529983 0.340000
67.535145 0.340000
67.535145 0.341000
67.566876 0.341000
67.566876 0.342000
67.580493 0.342000
67.580493 0.343000
67.605617 0.343000
67.605617 0.344000
67.622821 0.344000
67.622821 0.345000
67.634499 0.345000
67.634499 0.346000
67.682964 0.346000
67.682964 0.347000
67.692377 0.347000
67.692377 0.348000
67.705095 0.348000
67.705095 0.349000
67.761375 0.349000
67.761375 0.350000
67.847546 0.350000
67.847546 0.351000
67.930259 0.351000
67.930259 0.352000
67.942690 0.352000
67.942690 0.353000
68.052936 0.353000
68.052936 0.354000
68.071759 0.354000
68.071759 0.355000
68.095785 0.355000
68.095785 0.356000
68.105553 0.356000
68.105553 0.357000
68.181854 0.357000
68.181854 0.358000
68.241454 0.358000
68.241454 0.359000
68.258283 0.359000
68.258283 0.360000
68.298560 0.360000
68.298560 0.361000
68.339199 0.361000
68.339199 0.362000
68.352526 0.362000
68.352526 0.363000
68.448384 0.363000
68.448384 0.364000
68.506975 0.364000
68.506975 0.365000
68.604140 0.365000
68.604140 0.366000
68.642802 0.366000
68.642802 0.367000
68.730581 0.367000
68.730581 0.368000
68.824937 0.368000
68.824937 0.369000
68.833841 0.369000
68.833841 0.370000
69.059704 0.370000
69.059704 0.371000
69.697842 0.371000
69.697842 0.372000
69.926299 0.372000
69.926299 0.373000
69.933773 0.373000
69.933773 0.374000
69.938508 0.374000
69.938508 0.375000
69.938508 0.375000
69.938508 0.376000
69.946186 0.376000
69.946186 0.377000
69.956956 0.377000
69.956956 0.378000
69.963940 0.378000
69.963940 0.379000
69.964947 0.379000
69.964947 0.380000
69.965955 0.380000
69.965955 0.381000
69.973075 0.381000
69.973075 0.382000
69.974101 0.382000
69.974101 0.383000
69.978227 0.383000
69.978227 0.384000
69.980303 0.384000
69.980303 0.385000
69.981345 0.385000
69.981345 0.386000
69.984483 0.386000
69.984483 0.387000
69.987642 0.387000
69.987642 0.388000
69.990821 0.388000
69.990821 0.389000
69.994022 0.389000
69.994022 0.390000
69.999403 0.390000
69.999403 0.391000
70.002661 0.391000
70.002661 0.392000
70.003751 0.392000
70.003751 0.393000
70.012564 0.393000
70.012564 0.394000
70.012564 0.394000
70.012564 0.395000
70.014792 0.395000
70.014792 0.396000
70.017030 0.396000
70.017030 0.397000
70.020406 0.397000
70.020406 0.398000
70.021537 0.398000
70.021537 0.399000
70.028373 0.399000
70.028373 0.400000
70.029522 0.400000
70.029522 0.401000
70.034142 0.401000
70.034142 0.402000
70.043510 0.402000
70.043510 0.403000
70.054259 0.403000
70.054259 0.404000
70.055467 0.404000
70.055467 0.405000
70.061551 0.405000
70.061551 0.406000
70.062776 0.406000
70.062776 0.407000
70.078973 0.407000
70.078973 0.408000
70.081509 0.408000
70.081509 0.409000
70.086619 0.409000
70.086619 0.410000
70.086619 0.410000
70.086619 0.411000
70.090483 0.411000
70.090483 0.412000
70.091778 0.412000
70.091778 0.413000
70.107087 0.413000
70.107087 0.414000
70.107558 0.414000
70.107558 0.415000
70.112922 0.415000
70.112922 0.416000
70.126567 0.416000
70.126567 0.417000
70.129337 0.417000
70.129337 0.418000
70.130727 0.418000
70.130727 0.419000
70.142605 0.419000
70.142605 0.420000
70.163690 0.420000
70.163690 0.421000
70.178641 0.421000
70.178641 0.422000
70.178641 0.422000
70.178641 0.423000
70.180157 0.423000
70.180157 0.424000
70.193987 0.424000
70.193987 0.425000
70.232531 0.425000
70.232531 0.426000
70.245947 0.426000
70.245947 0.427000
70.253675 0.427000
70.253675 0.428000
70.256688 0.428000
70.256688 0.429000
70.263142 0.429000
70.263142 0.430000
70.264888 0.430000
70.264888 0.431000
70.280825 0.431000
70.280825 0.432000
70.308314 0.432000
70.308314 0.433000
70.308314 0.433000
70.308314 0.434000
70.315848 0.434000
70.315848 0.435000
70.317745 0.435000
70.317745 0.436000
70.325390 0.436000
70.325390 0.437000
70.327316 0.437000
70.327316 0.438000
70.337028 0.438000
70.337028 0.439000
70.338988 0.439000
70.338988 0.440000
70.354880 0.440000
70.354880 0.441000
70.385732 0.441000
70.385732 0.442000
70.404938 0.442000
70.404938 0.443000
70.409279 0.443000
70.409279 0.444000
70.409279 0.444000
70.409279 0.445000
70.422468 0.445000
70.422468 0.446000
70.435911 0.446000
70.435911 0.447000
70.449613 0.447000
70.449613 0.448000
70.458896 0.448000
70.458896 0.449000
70.499733 0.449000
70.499733 0.450000
70.504690 0.450000
70.504690 0.451000
70.527415 0.451000
70.527415 0.452000
70.529983 0.452000
70.529983 0.453000
70.546986 0.453000
70.546986 0.454000
70.556153 0.454000
70.556153 0.455000
70.588779 0.455000
70.588779 0.456000
70.605617 0.456000
70.605617 0.457000
70.646349 0.457000
70.646349 0.458000
70.646349 0.458000
70.646349 0.459000
70.649338 0.459000
70.649338 0.460000
70.660630 0.460000
70.660630 0.461000
70.664453 0.461000
70.664453 0.462000
70.670577 0.462000
70.670577 0.463000
70.682964 0.463000
70.682964 0.464000
70.701898 0.464000
70.701898 0.465000
70.727823 0.465000
70.727823 0.466000
70.737752 0.466000
70.737752 0.467000
70.751172 0.467000
70.751172 0.468000
70.761375 0.468000
70.761375 0.469000
70.775168 0.469000
70.775168 0.470000
70.782147 0.470000
70.782147 0.471000
70.802555 0.471000
70.802555 0.472000
70.817890 0.472000
70.817890 0.473000
70.905872 0.473000
70.905872 0.474000
70.951068 0.474000
70.951068 0.475000
71.002908 0.475000
71.002908 0.476000
71.179870 0.476000
71.179870 0.477000
71.251485 0.477000
71.251485 0.478000
71.252645 0.478000
71.252645 0.479000
71.262758 0.479000
71.262758 0.480000
71.292718 0.480000
71.292718 0.481000
71.310336 0.481000
71.310336 0.482000
71.435150 0.482000
71.435150 0.483000
71.435150 0.483000
71.435150 0.484000
71.455055 0.484000
71.455055 0.485000
71.461763 0.485000
71.461763 0.486000
71.495866 0.486000
71.495866 0.487000
71.509775 0.487000
71.509775 0.488000
71.516789 0.488000
71.516789 0.489000
71.523842 0.489000
71.523842 0.490000
71.559713 0.490000
71.559713 0.491000
71.567011 0.491000
71.567011 0.492000
71.596628 0.492000
71.596628 0.493000
71.604140 0.493000
71.604140 0.494000
71.611696 0.494000
71.611696 0.495000
71.634631 0.495000
71.634631 0.496000
71.650148 0.496000
71.650148 0.497000
71.665851 0.497000
71.665851 0.498000
71.697825 0.498000
71.697825 0.499000
71.772671 0.499000
71.772671 0.500000
71.781246 0.500000
71.781246 0.501000
71.781246 0.501000
71.781246 0.502000
71.798558 0.502000
71.798558 0.503000
71.833841 0.503000
71.833841 0.504000
71.964718 0.504000
71.964718 0.505000
71.977873 0.505000
71.977873 0.506000
72.004377 0.506000
72.004377 0.507000
72.024610 0.507000
72.024610 0.508000
72.055479 0.508000
72.055479 0.509000
72.065911 0.509000
72.065911 0.510000
72.163121 0.510000
72.163121 0.511000
72.173333 0.511000
72.173333 0.512000
72.185571 0.512000
72.185571 0.513000
72.208345 0.513000
72.208345 0.514000
72.867206 0.514000
72.867206 0.515000
72.901074 0.515000
72.901074 0.516000
72.914410 0.516000
72.914410 0.517000
72.922607 0.517000
72.922607 0.518000
72.942331 0.518000
72.942331 0.519000
72.948126 0.519000
72.948126 0.520000
72.971030 0.520000
72.971030 0.521000
72.974101 0.521000
72.974101 0.522000
72.990821 0.522000
72.990821 0.523000
72.994022 0.523000
72.994022 0.524000
72.998322 0.524000
72.998322 0.525000
73.001573 0.525000
73.001573 0.526000
73.011454 0.526000
73.011454 0.527000
73.020406 0.527000
73.020406 0.528000
73.024943 0.528000
73.024943 0.529000
73.024943 0.529000
73.024943 0.530000
73.026084 0.530000
73.026084 0.531000
73.034142 0.531000
73.034142 0.532000
73.051851 0.532000
73.051851 0.533000
73.066470 0.533000
73.066470 0.534000
73.081509 0.534000
73.081509 0.535000
73.091778 0.535000
73.091778 0.536000
73.093075 0.536000
73.093075 0.537000
73.103570 0.537000
73.103570 0.538000
73.118340 0.538000
73.118340 0.539000
73.123811 0.539000
73.123811 0.540000
73.154904 0.540000
73.154904 0.541000
73.229222 0.541000
73.229222 0.542000
73.254485 0.542000
73.254485 0.543000
73.287143 0.543000
73.287143 0.544000
73.306444 0.544000
73.306444 0.545000
73.313956 0.545000
73.313956 0.546000
73.356893 0.546000
73.356893 0.547000
73.402777 0.547000
73.402777 0.548000
73.407105 0.548000
73.407105 0.549000
73.411460 0.549000
73.411460 0.550000
73.413648 0.550000
73.413648 0.551000
73.431401 0.551000
73.431401 0.552000
73.438176 0.552000
73.438176 0.553000
73.463583 0.553000
73.463583 0.554000
73.465938 0.554000
73.465938 0.555000
73.475435 0.555000
73.475435 0.556000
73.480231 0.556000
73.480231 0.557000
73.494809 0.557000
73.494809 0.558000
73.497267 0.558000
73.497267 0.559000
73.509681 0.559000
73.509681 0.560000
73.522305 0.560000
73.522305 0.561000
73.524856 0.561000
73.524856 0.562000
73.529983 0.562000
73.529983 0.563000
73.532560 0.563000
73.532560 0.564000
73.534204 0.564000
73.534204 0.565000
73.535145 0.565000
73.535145 0.566000
73.548207 0.566000
73.548207 0.567000
73.550846 0.567000
73.550846 0.568000
73.553495 0.568000
73.553495 0.569000
73.622821 0.569000
73.622821 0.570000
73.652339 0.570000
73.652339 0.571000
73.655351 0.571000
73.655351 0.572000
73.701898 0.572000
73.701898 0.573000
73.705095 0.573000
73.705095 0.574000
73.724538 0.574000
73.724538 0.575000
73.731120 0.575000
73.731120 0.576000
73.765668 0.576000
73.765668 0.577000
73.836311 0.577000
73.836311 0.578000
73.878197 0.578000
73.878197 0.579000
74.038710 0.579000
74.038710 0.580000
74.105553 0.580000
74.105553 0.581000
74.147101 0.581000
74.147101 0.582000
74.166150 0.582000
74.166150 0.583000
74.176594 0.583000
74.176594 0.584000
74.208543 0.584000
74.208543 0.585000
74.422060 0.585000
74.422060 0.586000
74.501559 0.586000
74.501559 0.587000
74.523842 0.587000
74.523842 0.588000
74.574352 0.588000
74.574352 0.589000
74.604140 0.589000
74.604140 0.590000
74.604140 0.590000
74.604140 0.591000
74.604140 0.591000
74.604140 0.592000
74.611696 0.592000
74.611696 0.593000
74.626941 0.593000
74.626941 0.594000
74.650148 0.594000
74.650148 0.595000
74.650148 0.595000
74.650148 0.596000
74.650148 0.596000
74.650148 0.597000
74.657976 0.597000
74.657976 0.598000
74.665851 0.598000
74.665851 0.599000
74.665851 0.599000
74.665851 0.600000
74.673772 0.600000
74.673772 0.601000
74.689759 0.601000
74.689759 0.602000
74.697825 0.602000
74.697825 0.603000
74.714103 0.603000
74.714103 0.604000
74.722317 0.604000
74.722317 0.605000
74.730581 0.605000
74.730581 0.606000
74.764149 0.606000
74.764149 0.607000
74.764149 0.607000
74.764149 0.608000
74.764149 0.608000
74.764149 0.609000
74.772671 0.609000
74.772671 0.610000
74.789875 0.610000
74.789875 0.611000
74.798558 0.611000
74.798558 0.612000
74.798558 0.612000
74.798558 0.613000
74.807296 0.613000
74.807296 0.614000
74.807296 0.614000
74.807296 0.615000
74.808126 0.615000
74.808126 0.616000
74.808898 0.616000
74.808898 0.617000
74.816088 0.617000
74.816088 0.618000
74.816088 0.618000
74.816088 0.619000
74.842803 0.619000
74.842803 0.620000
74.851821 0.620000
74.851821 0.621000
74.879226 0.621000
74.879226 0.622000
74.879226 0.622000
74.879226 0.623000
74.888479 0.623000
74.888479 0.624000
74.888479 0.624000
74.888479 0.625000
74.907166 0.625000
74.907166 0.626000
74.916601 0.626000
74.916601 0.627000
74.935658 0.627000
74.935658 0.628000
74.954967 0.628000
74.954967 0.629000
74.954967 0.629000
74.954967 0.630000
75.014459 0.630000
75.014459 0.631000
75.014459 0.631000
75.014459 0.632000
75.055479 0.632000
75.055479 0.633000
75.065911 0.633000
75.065911 0.634000
75.086990 0.634000
75.086990 0.635000
75.163121 0.635000
75.163121 0.636000
75.196918 0.636000
75.196918 0.637000
75.231449 0.637000
75.231449 0.638000
75.254891 0.638000
75.254891 0.639000
75.254891 0.639000
75.254891 0.640000
75.278676 0.640000
75.278676 0.641000
75.290701 0.641000
75.290701 0.642000
75.411859 0.642000
75.411859 0.643000
75.429077 0.643000
75.429077 0.644000
75.442239 0.644000
75.442239 0.645000
75.537302 0.645000
75.537302 0.646000
75.539151 0.646000
75.539151 0.647000
75.775763 0.647000
75.775763 0.648000
75.775763 0.648000
75.775763 0.649000
75.824120 0.649000
75.824120 0.650000
75.954979 0.650000
75.954979 0.651000
75.954979 0.651000
75.954979 0.652000
75.971030 0.652000
75.971030 0.653000
75.973075 0.653000
75.973075 0.654000
75.977192 0.654000
75.977192 0.655000
75.981345 0.655000
75.981345 0.656000
76.002661 0.656000
76.002661 0.657000
76.010346 0.657000
76.010346 0.658000
76.038805 0.658000
76.038805 0.659000
76.060329 0.659000
76.060329 0.660000
76.065236 0.660000
76.065236 0.661000
76.100927 0.661000
76.100927 0.662000
76.137730 0.662000
76.137730 0.663000
76.263142 0.663000
76.263142 0.664000
76.308314 0.664000
76.308314 0.665000
76.309244 0.665000
76.309244 0.666000
76.338988 0.666000
76.338988 0.667000
76.354734 0.667000
76.354734 0.668000
76.375291 0.668000
76.375291 0.669000
76.407105 0.669000
76.407105 0.670000
76.440449 0.670000
76.440449 0.671000
76.458896 0.671000
76.458896 0.672000
76.489917 0.672000
76.489917 0.673000
76.542245 0.673000
76.542245 0.674000
76.548207 0.674000
76.548207 0.675000
76.591560 0.675000
76.591560 0.676000
76.608459 0.676000
76.608459 0.677000
76.617045 0.677000
76.617045 0.678000
76.799839 0.678000
76.799839 0.679000
76.847546 0.679000
76.847546 0.680000
76.858921 0.680000
76.858921 0.681000
76.870438 0.681000
76.870438 0.682000
76.909893 0.682000
76.909893 0.683000
76.980973 0.683000
76.980973 0.684000
76.998482 0.684000
76.998482 0.685000
77.062304 0.685000
77.062304 0.686000
77.110472 0.686000
77.110472 0.687000
77.267904 0.687000
77.267904 0.688000
77.316269 0.688000
77.316269 0.689000
77.389947 0.689000
77.389947 0.690000
77.435150 0.690000
77.435150 0.691000
77.468508 0.691000
77.468508 0.692000
77.545242 0.692000
77.545242 0.693000
77.589159 0.693000
77.589159 0.694000
77.589159 0.694000
77.589159 0.695000
77.611696 0.695000
77.611696 0.696000
77.611696 0.696000
77.611696 0.697000
77.611696 0.697000
77.611696 0.698000
77.634631 0.698000
77.634631 0.699000
77.650148 0.699000
77.650148 0.700000
77.657976 0.700000
77.657976 0.701000
77.665851 0.701000
77.665851 0.702000
77.681742 0.702000
77.681742 0.703000
77.681742 0.703000
77.681742 0.704000
77.697825 0.704000
77.697825 0.705000
77.747262 0.705000
77.747262 0.706000
77.755679 0.706000
77.755679 0.707000
77.764149 0.707000
77.764149 0.708000
77.764149 0.708000
77.764149 0.709000
77.772671 0.709000
77.772671 0.710000
77.772671 0.710000
77.772671 0.711000
77.772671 0.711000
77.772671 0.712000
77.798558 0.712000
77.798558 0.713000
77.807296 0.713000
77.807296 0.714000
77.807296 0.714000
77.807296 0.715000
77.816088 0.715000
77.816088 0.716000
77.816088 0.716000
77.816088 0.717000
77.816088 0.717000
77.816088 0.718000
77.824937 0.718000
77.824937 0.719000
77.842803 0.719000
77.842803 0.720000
77.842803 0.720000
77.842803 0.721000
77.860897 0.721000
77.860897 0.722000
77.870032 0.722000
77.870032 0.723000
77.879226 0.723000
77.879226 0.724000
77.888479 0.724000
77.888479 0.725000
77.926098 0.725000
77.926098 0.726000
77.926098 0.726000
77.926098 0.727000
77.945281 0.727000
77.945281 0.728000
77.954967 0.728000
77.954967 0.729000
77.974533 0.729000
77.974533 0.730000
77.984415 0.730000
77.984415 0.731000
77.984415 0.731000
77.984415 0.732000
77.984415 0.732000
77.984415 0.733000
77.994362 0.733000
77.994362 0.734000
78.014459 0.734000
78.014459 0.735000
78.034830 0.735000
78.034830 0.736000
78.034830 0.736000
78.034830 0.737000
78.045119 0.737000
78.045119 0.738000
78.055479 0.738000
78.055479 0.739000
78.065911 0.739000
78.065911 0.740000
78.076414 0.740000
78.076414 0.741000
78.086990 0.741000
78.086990 0.742000
78.108362 0.742000
78.108362 0.743000
78.130035 0.743000
78.130035 0.744000
78.163121 0.744000
78.163121 0.745000
78.196918 0.745000
78.196918 0.746000
78.231449 0.746000
78.231449 0.747000
78.243127 0.747000
78.243127 0.748000
78.254891 0.748000
78.254891 0.749000
78.266345 0.749000
78.266345 0.750000
78.266740 0.750000
78.266740 0.751000
78.266740 0.751000
78.266740 0.752000
78.315019 0.752000
78.315019 0.753000
78.327313 0.753000
78.327313 0.754000
78.327313 0.754000
78.327313 0.755000
78.377424 0.755000
78.377424 0.756000
78.416015 0.756000
78.416015 0.757000
78.455504 0.757000
78.455504 0.758000
78.811907 0.758000
78.811907 0.759000
78.883899 0.759000
78.883899 0.760000
78.964947 0.760000
78.964947 0.761000
78.984483 0.761000
78.984483 0.762000
79.009241 0.762000
79.009241 0.763000
79.019278 0.763000
79.019278 0.764000
79.047068 0.764000
79.047068 0.765000
79.089192 0.765000
79.089192 0.766000
79.103570 0.766000
79.103570 0.767000
79.118340 0.767000
79.118340 0.768000
79.123811 0.768000
79.123811 0.769000
79.297176 0.769000
79.297176 0.770000
79.400623 0.770000
79.400623 0.771000
79.402777 0.771000
79.402777 0.772000
79.454239 0.772000
79.454239 0.773000
79.482640 0.773000
79.482640 0.774000
79.504690 0.774000
79.504690 0.775000
79.550846 0.775000
79.550846 0.776000
79.565436 0.776000
79.565436 0.777000
79.575018 0.777000
79.575018 0.778000
79.606941 0.778000
79.606941 0.779000
79.609096 0.779000
79.609096 0.780000
79.619928 0.780000
79.619928 0.781000
79.637445 0.781000
79.637445 0.782000
79.678441 0.782000
79.678441 0.783000
79.689228 0.783000
79.689228 0.784000
79.847546 0.784000
79.847546 0.785000
79.851322 0.785000
79.851322 0.786000
79.985322 0.786000
79.985322 0.787000
79.985322 0.787000
79.985322 0.788000
80.062304 0.788000
80.062304 0.789000
80.209206 0.789000
80.209206 0.790000
80.509775 0.790000
80.509775 0.791000
80.604140 0.791000
80.604140 0.792000
80.626941 0.792000
80.626941 0.793000
80.657976 0.793000
80.657976 0.794000
80.673772 0.794000
80.673772 0.795000
80.673772 0.795000
80.673772 0.796000
80.673772 0.796000
80.673772 0.797000
80.681742 0.797000
80.681742 0.798000
80.689759 0.798000
80.689759 0.799000
80.722317 0.799000
80.722317 0.800000
80.730581 0.800000
80.730581 0.801000
80.730581 0.801000
80.730581 0.802000
80.738896 0.802000
80.738896 0.803000
80.755679 0.803000
80.755679 0.804000
80.755679 0.804000
80.755679 0.805000
80.772671 0.805000
80.772671 0.806000
80.772671 0.806000
80.772671 0.807000
80.772671 0.807000
80.772671 0.808000
80.772671 0.808000
80.772671 0.809000
80.781246 0.809000
80.781246 0.810000
80.781246 0.810000
80.781246 0.811000
80.789875 0.811000
80.789875 0.812000
80.824937 0.812000
80.824937 0.813000
80.851821 0.813000
80.851821 0.814000
80.851821 0.814000
80.851821 0.815000
80.888479 0.815000
80.888479 0.816000
80.945281 0.816000
80.945281 0.817000
80.945281 0.817000
80.945281 0.818000
80.954967 0.818000
80.954967 0.819000
80.964718 0.819000
80.964718 0.820000
80.964718 0.820000
80.964718 0.821000
80.984415 0.821000
80.984415 0.822000
81.014459 0.822000
81.014459 0.823000
81.034830 0.823000
81.034830 0.824000
81.065911 0.824000
81.065911 0.825000
81.076414 0.825000
81.076414 0.826000
81.076414 0.826000
81.076414 0.827000
81.086990 0.827000
81.086990 0.828000
81.086990 0.828000
81.086990 0.829000
81.108362 0.829000
81.108362 0.830000
81.119161 0.830000
81.119161 0.831000
81.130035 0.831000
81.130035 0.832000
81.140986 0.832000
81.140986 0.833000
81.140986 0.833000
81.140986 0.834000
81.152014 0.834000
81.152014 0.835000
81.152014 0.835000
81.152014 0.836000
81.185571 0.836000
81.185571 0.837000
81.196918 0.837000
81.196918 0.838000
81.196918 0.838000
81.196918 0.839000
81.208345 0.839000
81.208345 0.840000
81.243127 0.840000
81.243127 0.841000
81.243127 0.841000
81.243127 0.842000
81.278676 0.842000
81.278676 0.843000
81.306721 0.843000
81.306721 0.844000
81.403053 0.844000
81.403053 0.845000
81.509606 0.845000
81.509606 0.846000
81.523399 0.846000
81.523399 0.847000
81.637796 0.847000
81.637796 0.848000
81.667572 0.848000
81.667572 0.849000
81.939461 0.849000
81.939461 0.850000
81.960934 0.850000
81.960934 0.851000
82.026084 0.851000
82.026084 0.852000
82.072684 0.852000
82.072684 0.853000
82.164286 0.853000
82.164286 0.854000
82.189340 0.854000
82.189340 0.855000
82.302721 0.855000
82.302721 0.856000
82.385732 0.856000
82.385732 0.857000
82.445016 0.857000
82.445016 0.858000
82.489917 0.858000
82.489917 0.859000
82.566876 0.859000
82.566876 0.860000
82.731120 0.860000
82.731120 0.861000
82.741087 0.861000
82.741087 0.862000
82.803421 0.862000
82.803421 0.863000
82.862744 0.863000
82.862744 0.864000
82.994076 0.864000
82.994076 0.865000
82.999054 0.865000
82.999054 0.866000
83.071759 0.866000
83.071759 0.867000
83.389947 0.867000
83.389947 0.868000
83.448384 0.868000
83.448384 0.869000
83.455055 0.869000
83.455055 0.870000
83.552457 0.870000
83.552457 0.871000
83.619296 0.871000
83.619296 0.872000
83.626941 0.872000
83.626941 0.873000
83.665851 0.873000
83.665851 0.874000
83.714103 0.874000
83.714103 0.875000
83.722317 0.875000
83.722317 0.876000
83.747262 0.876000
83.747262 0.877000
83.764149 0.877000
83.764149 0.878000
83.772671 0.878000
83.772671 0.879000
83.781246 0.879000
83.781246 0.880000
83.851821 0.880000
83.851821 0.881000
83.897792 0.881000
83.897792 0.882000
83.897792 0.882000
83.897792 0.883000
83.917475 0.883000
83.917475 0.884000
83.926098 0.884000
83.926098 0.885000
83.935658 0.885000
83.935658 0.886000
83.964718 0.886000
83.964718 0.887000
83.974533 0.887000
83.974533 0.888000
84.034830 0.888000
84.034830 0.889000
84.108362 0.889000
84.108362 0.890000
84.108362 0.890000
84.108362 0.891000
84.119161 0.891000
84.119161 0.892000
84.119161 0.892000
84.119161 0.893000
84.119161 0.893000
84.119161 0.894000
84.152014 0.894000
84.152014 0.895000
84.163121 0.895000
84.163121 0.896000
84.208345 0.896000
84.208345 0.897000
84.219856 0.897000
84.219856 0.898000
84.231449 0.898000
84.231449 0.899000
84.315019 0.899000
84.315019 0.900000
84.416015 0.900000
84.416015 0.901000
84.442239 0.901000
84.442239 0.902000
84.565440 0.902000
84.565440 0.903000
84.623089 0.903000
84.623089 0.904000
84.967979 0.904000
84.967979 0.905000
85.057892 0.905000
85.057892 0.906000
85.061551 0.906000
85.061551 0.907000
85.125187 0.907000
85.125187 0.908000
85.545577 0.908000
85.545577 0.909000
85.553495 0.909000
85.553495 0.910000
85.810626 0.910000
85.810626 0.911000
86.485724 0.911000
86.485724 0.912000
86.714103 0.912000
86.714103 0.913000
86.722317 0.913000
86.722317 0.914000
86.816088 0.914000
86.816088 0.915000
86.842803 0.915000
86.842803 0.916000
86.851821 0.916000
86.851821 0.917000
86.879226 0.917000
86.879226 0.918000
86.888479 0.918000
86.888479 0.919000
86.897792 0.919000
86.897792 0.920000
86.897792 0.920000
86.897792 0.921000
86.954967 0.921000
86.954967 0.922000
86.974533 0.922000
86.974533 0.923000
86.984415 0.923000
86.984415 0.924000
87.004377 0.924000
87.004377 0.925000
87.086990 0.925000
87.086990 0.926000
87.097639 0.926000
87.097639 0.927000
87.130035 0.927000
87.130035 0.928000
87.185571 0.928000
87.185571 0.929000
87.243127 0.929000
87.243127 0.930000
87.254891 0.930000
87.254891 0.931000
87.278676 0.931000
87.278676 0.932000
87.377424 0.932000
87.377424 0.933000
87.442239 0.933000
87.442239 0.934000
87.468872 0.934000
87.468872 0.935000
87.697842 0.935000
87.697842 0.936000
87.950073 0.936000
87.950073 0.937000
88.012564 0.937000
88.012564 0.938000
88.360938 0.938000
88.360938 0.939000
88.407105 0.939000
88.407105 0.940000
88.640402 0.940000
88.640402 0.941000
89.356500 0.941000
89.356500 0.942000
89.523842 0.942000
89.523842 0.943000
89.559713 0.943000
89.559713 0.944000
89.738896 0.944000
89.738896 0.945000
89.789875 0.945000
89.789875 0.946000
89.816088 0.946000
89.816088 0.947000
89.888479 0.947000
89.888479 0.948000
89.907166 0.948000
89.907166 0.949000
89.907166 0.949000
89.907166 0.950000
89.926098 0.950000
89.926098 0.951000
89.984415 0.951000
89.984415 0.952000
90.004377 0.952000
90.004377 0.953000
90.108362 0.953000
90.108362 0.954000
90.119161 0.954000
90.119161 0.955000
90.152014 0.955000
90.152014 0.956000
90.196918 0.956000
90.196918 0.957000
90.278676 0.957000
90.278676 0.958000
90.677373 0.958000
90.677373 0.959000
90.924670 0.959000
90.924670 0.960000
91.545577 0.960000
91.545577 0.961000
92.663704 0.961000
92.663704 0.962000
92.907166 0.962000
92.907166 0.963000
92.935658 0.963000
92.935658 0.964000
93.097639 0.964000
93.097639 0.965000
93.097639 0.965000
93.097639 0.966000
93.961934 0.966000
93.961934 0.967000
94.056678 0.967000
94.056678 0.968000
94.331183 0.968000
94.331183 0.969000
94.934384 0.969000
94.934384 0.970000
95.755679 0.970000
95.755679 0.971000
95.842803 0.971000
95.842803 0.972000
95.954967 0.972000
95.954967 0.973000
95.974533 0.973000
95.974533 0.974000
96.014459 0.974000
96.014459 0.975000
96.055479 0.975000
96.055479 0.976000
96.185571 0.976000
96.185571 0.977000
98.907166 0.977000
98.907166 0.978000
99.014459 0.978000
99.014459 0.979000
99.024610 0.979000
99.024610 0.980000
99.174306 0.980000
99.174306 0.981000
100.741087 0.981000
100.741087 0.982000
101.025339 0.982000
101.025339 0.983000
101.552457 0.983000
101.552457 0.984000
103.409279 0.984000
103.409279 0.985000
103.778651 0.985000
103.778651 0.986000
103.930259 0.986000
103.930259 0.987000
104.665851 0.987000
104.665851 0.988000
104.879226 0.988000
104.879226 0.989000
105.231449 0.989000
105.231449 0.990000
107.071423 0.990000
107.071423 0.991000
107.842803 0.991000
107.842803 0.992000
107.964718 0.992000
107.964718 0.993000
108.594032 0.993000
108.594032 0.994000
113.039043 0.994000
113.039043 0.995000
120.000000 0.995000
120.000000 0.996000
120.000000 0.996000
120.000000 0.997000
120.000000 0.997000
120.000000 0.998000
120.000000 0.998000
120.000000 0.999000
120.000000 0.999000
120.000000 1.000000
