55.538726 0.000000
55.538726 0.001000
58.571944 0.001000
58.571944 0.002000
58.628954 0.002000
58.628954 0.003000
59.211318 0.003000
59.211318 0.004000
61.579448 0.004000
61.579448 0.005000
61.596075 0.005000
61.596075 0.006000
61.638496 0.006000
61.638496 0.007000
61.671650 0.007000
61.671650 0.008000
61.688741 0.008000
61.688741 0.009000
61.718298 0.009000
61.718298 0.010000
61.748920 0.010000
61.748920 0.011000
61.915162 0.011000
61.915162 0.012000
61.950220 0.012000
61.950220 0.013000
61.959718 0.013000
61.959718 0.014000
61.980080 0.014000
61.980080 0.015000
62.099569 0.015000
62.099569 0.016000
62.143126 0.016000
62.143126 0.017000
62.145670 0.017000
62.145670 0.018000
62.458312 0.018000
62.458312 0.019000
62.559545 0.019000
62.559545 0.020000
62.822325 0.020000
62.822325 0.021000
63.113064 0.021000
63.113064 0.022000
63.529143 0.022000
63.529143 0.023000
63.706393 0.023000
63.706393 0.024000
63.715567 0.024000
63.715567 0.025000
64.163397 0.025000
64.163397 0.026000
64.538726 0.026000
64.538726 0.027000
64.582883 0.027000
64.582883 0.028000
64.582883 0.028000
64.582883 0.029000
64.593279 0.029000
64.593279 0.030000
64.598880 0.030000
64.598880 0.031000
64.655659 0.031000
64.655659 0.032000
64.657924 0.032000
64.657924 0.033000
64.659438 0.033000
64.659438 0.034000
64.662474 0.034000
64.662474 0.035000
64.690313 0.035000
64.690313 0.036000
64.705389 0.036000
64.705389 0.037000
64.719111 0.037000
64.719111 0.038000
64.733058 0.038000
64.733058 0.039000
64.741370 0.039000
64.741370 0.040000
64.769381 0.040000
64.769381 0.041000
64.772838 0.041000
64.772838 0.042000
64.809079 0.042000
64.809079 0.043000
64.813602 0.043000
64.813602 0.044000
64.860116 0.044000
64.860116 0.045000
64.863942 0.045000
64.863942 0.046000
64.881356 0.046000
64.881356 0.047000
64.908102 0.047000
64.908102 0.048000
64.934595 0.048000
64.934595 0.049000
64.942896 0.049000
64.942896 0.050000
64.946028 0.050000
64.946028 0.051000
65.105681 0.051000
65.105681 0.052000
65.138056 0.052000
65.138056 0.053000
65.177778 0.053000
65.177778 0.054000
65.209965 0.054000
65.209965 0.055000
65.361745 0.055000
65.361745 0.056000
65.440016 0.056000
65.440016 0.057000
65.451627 0.057000
65.451627 0.058000
65.824541 0.058000
65.824541 0.059000
65.877443 0.059000
65.877443 0.060000
65.928877 0.060000
65.928877 0.061000
65.949599 0.061000
65.949599 0.062000
66.057452 0.062000
66.057452 0.063000
66.148522 0.063000
66.148522 0.064000
66.167954 0.064000
66.167954 0.065000
66.179167 0.065000
66.179167 0.066000
66.248157 0.066000
66.248157 0.067000
66.376428 0.067000
66.376428 0.068000
66.625480 0.068000
66.625480 0.069000
66.745001 0.069000
66.745001 0.070000
66.764437 0.070000
66.764437 0.071000
66.767476 0.071000
66.767476 0.072000
67.167395 0.072000
67.167395 0.073000
67.332945 0.073000
67.332945 0.074000
67.394530 0.074000
67.394530 0.075000
67.465110 0.075000
67.465110 0.076000
67.501931 0.076000
67.501931 0.077000
67.541331 0.077000
67.541331 0.078000
67.551180 0.078000
67.551180 0.079000
67.557151 0.079000
67.557151 0.080000
67.573303 0.080000
67.573303 0.081000
67.588410 0.081000
67.588410 0.082000
67.592582 0.082000
67.592582 0.083000
67.613060 0.083000
67.613060 0.084000
67.622414 0.084000
67.622414 0.085000
67.657924 0.085000
67.657924 0.086000
67.662474 0.086000
67.662474 0.087000
67.664758 0.087000
67.664758 0.088000
67.677050 0.088000
67.677050 0.089000
67.682485 0.089000
67.682485 0.090000
67.690313 0.090000
67.690313 0.091000
67.702193 0.091000
67.702193 0.092000
67.713434 0.092000
67.713434 0.093000
67.714243 0.093000
67.714243 0.094000
67.722372 0.094000
67.722372 0.095000
67.728933 0.095000
67.728933 0.096000
67.734714 0.096000
67.734714 0.097000
67.787685 0.097000
67.787685 0.098000
67.798318 0.098000
67.798318 0.099000
67.813602 0.099000
67.813602 0.100000
67.840289 0.100000
67.840289 0.101000
67.856306 0.101000
67.856306 0.102000
67.859162 0.102000
67.859162 0.103000
67.863898 0.103000
67.863898 0.104000
67.879405 0.104000
67.879405 0.105000
67.885270 0.105000
67.885270 0.106000
67.906700 0.106000
67.906700 0.107000
67.907098 0.107000
67.907098 0.108000
67.914838 0.108000
67.914838 0.109000
67.935629 0.109000
67.935629 0.110000
67.963969 0.110000
67.963969 0.111000
67.968239 0.111000
67.968239 0.112000
67.972528 0.112000
67.972528 0.113000
67.987689 0.113000
67.987689 0.114000
67.988781 0.114000
67.988781 0.115000
68.006419 0.115000
68.006419 0.116000
68.033476 0.116000
68.033476 0.117000
68.041507 0.117000
68.041507 0.118000
68.043813 0.118000
68.043813 0.119000
68.058933 0.119000
68.058933 0.120000
68.077856 0.120000
68.077856 0.121000
68.082642 0.121000
68.082642 0.122000
68.102009 0.122000
68.102009 0.123000
68.106908 0.123000
68.106908 0.124000
68.127988 0.124000
68.127988 0.125000
68.129033 0.125000
68.129033 0.126000
68.154623 0.126000
68.154623 0.127000
68.162357 0.127000
68.162357 0.128000
68.179309 0.128000
68.179309 0.129000
68.220834 0.129000
68.220834 0.130000
68.222200 0.130000
68.222200 0.131000
68.230432 0.131000
68.230432 0.132000
68.247083 0.132000
68.247083 0.133000
68.258324 0.133000
68.258324 0.134000
68.266830 0.134000
68.266830 0.135000
68.346390 0.135000
68.346390 0.136000
68.364841 0.136000
68.364841 0.137000
68.369499 0.137000
68.369499 0.138000
68.405840 0.138000
68.405840 0.139000
68.550488 0.139000
68.550488 0.140000
68.626719 0.140000
68.626719 0.141000
68.783040 0.141000
68.783040 0.142000
68.828982 0.142000
68.828982 0.143000
69.034226 0.143000
69.034226 0.144000
69.036789 0.144000
69.036789 0.145000
69.070511 0.145000
69.070511 0.146000
69.105387 0.146000
69.105387 0.147000
69.137525 0.147000
69.137525 0.148000
69.148522 0.148000
69.148522 0.149000
69.181982 0.149000
69.181982 0.150000
69.239368 0.150000
69.239368 0.151000
69.329463 0.151000
69.329463 0.152000
69.382791 0.152000
69.382791 0.153000
69.607203 0.153000
69.607203 0.154000
69.686082 0.154000
69.686082 0.155000
69.798215 0.155000
69.798215 0.156000
69.948078 0.156000
69.948078 0.157000
69.953079 0.157000
69.953079 0.158000
69.988117 0.158000
69.988117 0.159000
70.083853 0.159000
70.083853 0.160000
70.463933 0.160000
70.463933 0.161000
70.471373 0.161000
70.471373 0.162000
70.486616 0.162000
70.486616 0.163000
70.522645 0.163000
70.522645 0.164000
70.561157 0.164000
70.561157 0.165000
70.584261 0.165000
70.584261 0.166000
70.603814 0.166000
70.603814 0.167000
70.609578 0.167000
70.609578 0.168000
70.610203 0.168000
70.610203 0.169000
70.613775 0.169000
70.613775 0.170000
70.621690 0.170000
70.621690 0.171000
70.631146 0.171000
70.631146 0.172000
70.640004 0.172000
70.640004 0.173000
70.667814 0.173000
70.667814 0.174000
70.701395 0.174000
70.701395 0.175000
70.702991 0.175000
70.702991 0.176000
70.707794 0.176000
70.707794 0.177000
70.743879 0.177000
70.743879 0.178000
70.748920 0.178000
70.748920 0.179000
70.751451 0.179000
70.751451 0.180000
70.757387 0.180000
70.757387 0.181000
70.764220 0.181000
70.764220 0.182000
70.776309 0.182000
70.776309 0.183000
70.792100 0.183000
70.792100 0.184000
70.800996 0.184000
70.800996 0.185000
70.809982 0.185000
70.809982 0.186000
70.814249 0.186000
70.814249 0.187000
70.818147 0.187000
70.818147 0.188000
70.842159 0.188000
70.842159 0.189000
70.844971 0.189000
70.844971 0.190000
70.853459 0.190000
70.853459 0.191000
70.856306 0.191000
70.856306 0.192000
70.883311 0.192000
70.883311 0.193000
70.886251 0.193000
70.886251 0.194000
70.891173 0.194000
70.891173 0.195000
70.899102 0.195000
70.899102 0.196000
70.904091 0.196000
70.904091 0.197000
70.924318 0.197000
70.924318 0.198000
70.926364 0.198000
70.926364 0.199000
70.929442 0.199000
70.929442 0.200000
70.951271 0.200000
70.951271 0.201000
70.956541 0.201000
70.956541 0.202000
70.973604 0.202000
70.973604 0.203000
70.994259 0.203000
70.994259 0.204000
70.998664 0.204000
70.998664 0.205000
71.004197 0.205000
71.004197 0.206000
71.016479 0.206000
71.016479 0.207000
71.020984 0.207000
71.020984 0.208000
71.031193 0.208000
71.031193 0.209000
71.041507 0.209000
71.041507 0.210000
71.049602 0.210000
71.049602 0.211000
71.061280 0.211000
71.061280 0.212000
71.083842 0.212000
71.083842 0.213000
71.100788 0.213000
71.100788 0.214000
71.121744 0.214000
71.121744 0.215000
71.136792 0.215000
71.136792 0.216000
71.140588 0.216000
71.140588 0.217000
71.157563 0.217000
71.157563 0.218000
71.161087 0.218000
71.161087 0.219000
71.171452 0.219000
71.171452 0.220000
71.200543 0.220000
71.200543 0.221000
71.216746 0.221000
71.216746 0.222000
71.222200 0.222000
71.222200 0.223000
71.234572 0.223000
71.234572 0.224000
71.234572 0.224000
71.234572 0.225000
71.237340 0.225000
71.237340 0.226000
71.252690 0.226000
71.252690 0.227000
71.256913 0.227000
71.256913 0.228000
71.272536 0.228000
71.272536 0.229000
71.272536 0.229000
71.272536 0.230000
71.337272 0.230000
71.337272 0.231000
71.350975 0.231000
71.350975 0.232000
71.352508 0.232000
71.352508 0.233000
71.355579 0.233000
71.355579 0.234000
71.384983 0.234000
71.384983 0.235000
71.386740 0.235000
71.386740 0.236000
71.386740 0.236000
71.386740 0.237000
71.389902 0.237000
71.389902 0.238000
71.410663 0.238000
71.410663 0.239000
71.449962 0.239000
71.449962 0.240000
71.453295 0.240000
71.453295 0.241000
71.455496 0.241000
71.455496 0.242000
71.513144 0.242000
71.513144 0.243000
71.526874 0.243000
71.526874 0.244000
71.572334 0.244000
71.572334 0.245000
71.577854 0.245000
71.577854 0.246000
71.622894 0.246000
71.622894 0.247000
71.636330 0.247000
71.636330 0.248000
71.683471 0.248000
71.683471 0.249000
71.687477 0.249000
71.687477 0.250000
71.713807 0.250000
71.713807 0.251000
71.742751 0.251000
71.742751 0.252000
71.744842 0.252000
71.744842 0.253000
71.753239 0.253000
71.753239 0.254000
71.820114 0.254000
71.820114 0.255000
71.851400 0.255000
71.851400 0.256000
71.874179 0.256000
71.874179 0.257000
71.944768 0.257000
71.944768 0.258000
71.959307 0.258000
71.959307 0.259000
71.969081 0.259000
71.969081 0.260000
71.975392 0.260000
71.975392 0.261000
72.024017 0.261000
72.024017 0.262000
72.028038 0.262000
72.028038 0.263000
72.044505 0.263000
72.044505 0.264000
72.086330 0.264000
72.086330 0.265000
72.115763 0.265000
72.115763 0.266000
72.159596 0.266000
72.159596 0.267000
72.173550 0.267000
72.173550 0.268000
72.190459 0.268000
72.190459 0.269000
72.210417 0.269000
72.210417 0.270000
72.227725 0.270000
72.227725 0.271000
72.262910 0.271000
72.262910 0.272000
72.280794 0.272000
72.280794 0.273000
72.314098 0.273000
72.314098 0.274000
72.320227 0.274000
72.320227 0.275000
72.326378 0.275000
72.326378 0.276000
72.376428 0.276000
72.376428 0.277000
72.385981 0.277000
72.385981 0.278000
72.461071 0.278000
72.461071 0.279000
72.550094 0.279000
72.550094 0.280000
72.734915 0.280000
72.734915 0.281000
72.887868 0.281000
72.887868 0.282000
72.932016 0.282000
72.932016 0.283000
73.179137 0.283000
73.179137 0.284000
73.459007 0.284000
73.459007 0.285000
73.490872 0.285000
73.490872 0.286000
73.590527 0.286000
73.590527 0.287000
73.626768 0.287000
73.626768 0.288000
73.642197 0.288000
73.642197 0.289000
73.659438 0.289000
73.659438 0.290000
73.683265 0.290000
73.683265 0.291000
73.684045 0.291000
73.684045 0.292000
73.688741 0.292000
73.688741 0.293000
73.712626 0.293000
73.712626 0.294000
73.728110 0.294000
73.728110 0.295000
73.738036 0.295000
73.738036 0.296000
73.754838 0.296000
73.754838 0.297000
73.789448 0.297000
73.789448 0.298000
73.793872 0.298000
73.793872 0.299000
73.794759 0.299000
73.794759 0.300000
73.799210 0.300000
73.799210 0.301000
73.817236 0.301000
73.817236 0.302000
73.824549 0.302000
73.824549 0.303000
73.851566 0.303000
73.851566 0.304000
73.864622 0.304000
73.864622 0.305000
73.868746 0.305000
73.868746 0.306000
73.869710 0.306000
73.869710 0.307000
73.877458 0.307000
73.877458 0.308000
73.877458 0.308000
73.877458 0.309000
73.909108 0.309000
73.909108 0.310000
73.923296 0.310000
73.923296 0.311000
73.954430 0.311000
73.954430 0.312000
73.970382 0.312000
73.970382 0.313000
73.985509 0.313000
73.985509 0.314000
74.002832 0.314000
74.002832 0.315000
74.004197 0.315000
74.004197 0.316000
74.008646 0.316000
74.008646 0.317000
74.033476 0.317000
74.033476 0.318000
74.038057 0.318000
74.038057 0.319000
74.039205 0.319000
74.039205 0.320000
74.040355 0.320000
74.040355 0.321000
74.040381 0.321000
74.040381 0.322000
74.049602 0.322000
74.049602 0.323000
74.049602 0.323000
74.049602 0.324000
74.051927 0.324000
74.051927 0.325000
74.061280 0.325000
74.061280 0.326000
74.065988 0.326000
74.065988 0.327000
74.083842 0.327000
74.083842 0.328000
74.087450 0.328000
74.087450 0.329000
74.116775 0.329000
74.116775 0.330000
74.140588 0.330000
74.140588 0.331000
74.141856 0.331000
74.141856 0.332000
74.143126 0.332000
74.143126 0.333000
74.152058 0.333000
74.152058 0.334000
74.153340 0.334000
74.153340 0.335000
74.154623 0.335000
74.154623 0.336000
74.165849 0.336000
74.165849 0.337000
74.167545 0.337000
74.167545 0.338000
74.168846 0.338000
74.168846 0.339000
74.179309 0.339000
74.179309 0.340000
74.180624 0.340000
74.180624 0.341000
74.195196 0.341000
74.195196 0.342000
74.216746 0.342000
74.216746 0.343000
74.220834 0.343000
74.220834 0.344000
74.229056 0.344000
74.229056 0.345000
74.237340 0.345000
74.237340 0.346000
74.252690 0.346000
74.252690 0.347000
74.263987 0.347000
74.263987 0.348000
74.288379 0.348000
74.288379 0.349000
74.304446 0.349000
74.304446 0.350000
74.316274 0.350000
74.316274 0.351000
74.316274 0.351000
74.316274 0.352000
74.320742 0.352000
74.320742 0.353000
74.320742 0.353000
74.320742 0.354000
74.323730 0.354000
74.323730 0.355000
74.329729 0.355000
74.329729 0.356000
74.334249 0.356000
74.334249 0.357000
74.341822 0.357000
74.341822 0.358000
74.367944 0.358000
74.367944 0.359000
74.394661 0.359000
74.394661 0.360000
74.453295 0.360000
74.453295 0.361000
74.456637 0.361000
74.456637 0.362000
74.471793 0.362000
74.471793 0.363000
74.485423 0.363000
74.485423 0.364000
74.488855 0.364000
74.488855 0.365000
74.502162 0.365000
74.502162 0.366000
74.524837 0.366000
74.524837 0.367000
74.527240 0.367000
74.527240 0.368000
74.577854 0.368000
74.577854 0.369000
74.611486 0.369000
74.611486 0.370000
74.640195 0.370000
74.640195 0.371000
74.653811 0.371000
74.653811 0.372000
74.730270 0.372000
74.730270 0.373000
74.761688 0.373000
74.761688 0.374000
74.789511 0.374000
74.789511 0.375000
74.810276 0.375000
74.810276 0.376000
74.881084 0.376000
74.881084 0.377000
74.885706 0.377000
74.885706 0.378000
74.949599 0.378000
74.949599 0.379000
74.971534 0.379000
74.971534 0.380000
74.991310 0.380000
74.991310 0.381000
75.011246 0.381000
75.011246 0.382000
75.047085 0.382000
75.047085 0.383000
75.047085 0.383000
75.047085 0.384000
75.102315 0.384000
75.102315 0.385000
75.107680 0.385000
75.107680 0.386000
75.137525 0.386000
75.137525 0.387000
75.140267 0.387000
75.140267 0.388000
75.148522 0.388000
75.148522 0.389000
75.156821 0.389000
75.156821 0.390000
75.159032 0.390000
75.159032 0.391000
75.210417 0.391000
75.210417 0.392000
75.221935 0.392000
75.221935 0.393000
75.250781 0.393000
75.250781 0.394000
75.259949 0.394000
75.259949 0.395000
75.271828 0.395000
75.271828 0.396000
75.295849 0.396000
75.295849 0.397000
75.329463 0.397000
75.329463 0.398000
75.437865 0.398000
75.437865 0.399000
75.441161 0.399000
75.441161 0.400000
75.444463 0.400000
75.444463 0.401000
75.464067 0.401000
75.464067 0.402000
75.467759 0.402000
75.467759 0.403000
75.507434 0.403000
75.507434 0.404000
75.564200 0.404000
75.564200 0.405000
75.636457 0.405000
75.636457 0.406000
75.662448 0.406000
75.662448 0.407000
75.731396 0.407000
75.731396 0.408000
75.778203 0.408000
75.778203 0.409000
75.794200 0.409000
75.794200 0.410000
75.814917 0.410000
75.814917 0.411000
75.851257 0.411000
75.851257 0.412000
75.854797 0.412000
75.854797 0.413000
76.030924 0.413000
76.030924 0.414000
76.224119 0.414000
76.224119 0.415000
76.370130 0.415000
76.370130 0.416000
76.409093 0.416000
76.409093 0.417000
76.416910 0.417000
76.416910 0.418000
76.480578 0.418000
76.480578 0.419000
76.489654 0.419000
76.489654 0.420000
76.508148 0.420000
76.508148 0.421000
76.566532 0.421000
76.566532 0.422000
76.601047 0.422000
76.601047 0.423000
76.601696 0.423000
76.601696 0.424000
76.611630 0.424000
76.611630 0.425000
76.627496 0.425000
76.627496 0.426000
76.642939 0.426000
76.642939 0.427000
76.649648 0.427000
76.649648 0.428000
76.651147 0.428000
76.651147 0.429000
76.659438 0.429000
76.659438 0.430000
76.670113 0.430000
76.670113 0.431000
76.724827 0.431000
76.724827 0.432000
76.729756 0.432000
76.729756 0.433000
76.737204 0.433000
76.737204 0.434000
76.738868 0.434000
76.738868 0.435000
76.740535 0.435000
76.740535 0.436000
76.740535 0.436000
76.740535 0.437000
76.749763 0.437000
76.749763 0.438000
76.758238 0.438000
76.758238 0.439000
76.774572 0.439000
76.774572 0.440000
76.778050 0.440000
76.778050 0.441000
76.786374 0.441000
76.786374 0.442000
76.799210 0.442000
76.799210 0.443000
76.803682 0.443000
76.803682 0.444000
76.805478 0.444000
76.805478 0.445000
76.821800 0.445000
76.821800 0.446000
76.856306 0.446000
76.856306 0.447000
76.860033 0.447000
76.860033 0.448000
76.878431 0.448000
76.878431 0.449000
76.890187 0.449000
76.890187 0.450000
76.897113 0.450000
76.897113 0.451000
76.898107 0.451000
76.898107 0.452000
76.918204 0.452000
76.918204 0.453000
76.940588 0.453000
76.940588 0.454000
76.941855 0.454000
76.941855 0.455000
76.957599 0.455000
76.957599 0.456000
76.968239 0.456000
76.968239 0.457000
76.980080 0.457000
76.980080 0.458000
77.009761 0.458000
77.009761 0.459000
77.011996 0.459000
77.011996 0.460000
77.055424 0.460000
77.055424 0.461000
77.067169 0.461000
77.067169 0.462000
77.077856 0.462000
77.077856 0.463000
77.081443 0.463000
77.081443 0.464000
77.098350 0.464000
77.098350 0.465000
77.111830 0.465000
77.111830 0.466000
77.145670 0.466000
77.145670 0.467000
77.157969 0.467000
77.157969 0.468000
77.171452 0.468000
77.171452 0.469000
77.176683 0.469000
77.176683 0.470000
77.183259 0.470000
77.183259 0.471000
77.184578 0.471000
77.184578 0.472000
77.187223 0.472000
77.187223 0.473000
77.188548 0.473000
77.188548 0.474000
77.193863 0.474000
77.193863 0.475000
77.238727 0.475000
77.238727 0.476000
77.240115 0.476000
77.240115 0.477000
77.245686 0.477000
77.245686 0.478000
77.279710 0.478000
77.279710 0.479000
77.283377 0.479000
77.283377 0.480000
77.304446 0.480000
77.304446 0.481000
77.314789 0.481000
77.314789 0.482000
77.319251 0.482000
77.319251 0.483000
77.325227 0.483000
77.325227 0.484000
77.349445 0.484000
77.349445 0.485000
77.350975 0.485000
77.350975 0.486000
77.393073 0.486000
77.393073 0.487000
77.415506 0.487000
77.415506 0.488000
77.415506 0.488000
77.415506 0.489000
77.463350 0.489000
77.463350 0.490000
77.466720 0.490000
77.466720 0.491000
77.488855 0.491000
77.488855 0.492000
77.546883 0.492000
77.546883 0.493000
77.546883 0.493000
77.546883 0.494000
77.555914 0.494000
77.555914 0.495000
77.563186 0.495000
77.563186 0.496000
77.655768 0.496000
77.655768 0.497000
77.669547 0.497000
77.669547 0.498000
77.726136 0.498000
77.726136 0.499000
77.734418 0.499000
77.734418 0.500000
77.791675 0.500000
77.791675 0.501000
77.811301 0.501000
77.811301 0.502000
77.815701 0.502000
77.815701 0.503000
77.865023 0.503000
77.865023 0.504000
77.865023 0.504000
77.865023 0.505000
77.918484 0.505000
77.918484 0.506000
77.935155 0.506000
77.935155 0.507000
77.937553 0.507000
77.937553 0.508000
77.942359 0.508000
77.942359 0.509000
77.976453 0.509000
77.976453 0.510000
77.993801 0.510000
77.993801 0.511000
78.036121 0.511000
78.036121 0.512000
78.047085 0.512000
78.047085 0.513000
78.078400 0.513000
78.078400 0.514000
78.088983 0.514000
78.088983 0.515000
78.104995 0.515000
78.104995 0.516000
78.110369 0.516000
78.110369 0.517000
78.132056 0.517000
78.132056 0.518000
78.173550 0.518000
78.173550 0.519000
78.182089 0.519000
78.182089 0.520000
78.233536 0.520000
78.233536 0.521000
78.247387 0.521000
78.247387 0.522000
78.254042 0.522000
78.254042 0.523000
78.262910 0.523000
78.262910 0.524000
78.277800 0.524000
78.277800 0.525000
78.317160 0.525000
78.317160 0.526000
78.357483 0.526000
78.357483 0.527000
78.370089 0.527000
78.370089 0.528000
78.376428 0.528000
78.376428 0.529000
78.398804 0.529000
78.398804 0.530000
78.418966 0.530000
78.418966 0.531000
78.429740 0.531000
78.429740 0.532000
78.618118 0.532000
78.618118 0.533000
78.867879 0.533000
78.867879 0.534000
79.071314 0.534000
79.071314 0.535000
79.393497 0.535000
79.393497 0.536000
79.421667 0.536000
79.421667 0.537000
79.567206 0.537000
79.567206 0.538000
79.588410 0.538000
79.588410 0.539000
79.623138 0.539000
79.623138 0.540000
79.627496 0.540000
79.627496 0.541000
79.631146 0.541000
79.631146 0.542000
79.682485 0.542000
79.682485 0.543000
79.725231 0.543000
79.725231 0.544000
79.765078 0.544000
79.765078 0.545000
79.771108 0.545000
79.771108 0.546000
79.774572 0.546000
79.774572 0.547000
79.778921 0.547000
79.778921 0.548000
79.808235 0.548000
79.808235 0.549000
79.817889 0.549000
79.817889 0.550000
79.821800 0.550000
79.821800 0.551000
79.825468 0.551000
79.825468 0.552000
79.834335 0.552000
79.834335 0.553000
79.841224 0.553000
79.841224 0.554000
79.842159 0.554000
79.842159 0.555000
79.860033 0.555000
79.860033 0.556000
79.891173 0.556000
79.891173 0.557000
79.892160 0.557000
79.892160 0.558000
79.904091 0.558000
79.904091 0.559000
79.922276 0.559000
79.922276 0.560000
79.939055 0.560000
79.939055 0.561000
79.952322 0.561000
79.952322 0.562000
79.953375 0.562000
79.953375 0.563000
79.984421 0.563000
79.984421 0.564000
80.014235 0.564000
80.014235 0.565000
80.022113 0.565000
80.022113 0.566000
80.025508 0.566000
80.025508 0.567000
80.025508 0.567000
80.025508 0.568000
80.027778 0.568000
80.027778 0.569000
80.046125 0.569000
80.046125 0.570000
80.051927 0.570000
80.051927 0.571000
80.055424 0.571000
80.055424 0.572000
80.077856 0.572000
80.077856 0.573000
80.139321 0.573000
80.139321 0.574000
80.143126 0.574000
80.143126 0.575000
80.157195 0.575000
80.157195 0.576000
80.168846 0.576000
80.168846 0.577000
80.199204 0.577000
80.199204 0.578000
80.199204 0.578000
80.199204 0.579000
80.227681 0.579000
80.227681 0.580000
80.229056 0.580000
80.229056 0.581000
80.248482 0.581000
80.248482 0.582000
80.258324 0.582000
80.258324 0.583000
80.295654 0.583000
80.295654 0.584000
80.300041 0.584000
80.300041 0.585000
80.304446 0.585000
80.304446 0.586000
80.317762 0.586000
80.317762 0.587000
80.349445 0.587000
80.349445 0.588000
80.357117 0.588000
80.357117 0.589000
80.423621 0.589000
80.423621 0.590000
80.448682 0.590000
80.448682 0.591000
80.472154 0.591000
80.472154 0.592000
80.478589 0.592000
80.478589 0.593000
80.501235 0.593000
80.501235 0.594000
80.504415 0.594000
80.504415 0.595000
80.532567 0.595000
80.532567 0.596000
80.550488 0.596000
80.550488 0.597000
80.572334 0.597000
80.572334 0.598000
80.603936 0.598000
80.603936 0.599000
80.622894 0.599000
80.622894 0.600000
80.663624 0.600000
80.663624 0.601000
80.665596 0.601000
80.665596 0.602000
80.677486 0.602000
80.677486 0.603000
80.685473 0.603000
80.685473 0.604000
80.689484 0.604000
80.689484 0.605000
80.693507 0.605000
80.693507 0.606000
80.703619 0.606000
80.703619 0.607000
80.736496 0.607000
80.736496 0.608000
80.753239 0.608000
80.753239 0.609000
80.772323 0.609000
80.772323 0.610000
80.778743 0.610000
80.778743 0.611000
80.824541 0.611000
80.824541 0.612000
80.849142 0.612000
80.849142 0.613000
80.902002 0.613000
80.902002 0.614000
80.969081 0.614000
80.969081 0.615000
80.976453 0.615000
80.976453 0.616000
80.983863 0.616000
80.983863 0.617000
80.988823 0.617000
80.988823 0.618000
81.016405 0.618000
81.016405 0.619000
81.034226 0.619000
81.034226 0.620000
81.044505 0.620000
81.044505 0.621000
81.054854 0.621000
81.054854 0.622000
81.067890 0.622000
81.067890 0.623000
81.083682 0.623000
81.083682 0.624000
81.086330 0.624000
81.086330 0.625000
81.099639 0.625000
81.099639 0.626000
81.126606 0.626000
81.126606 0.627000
81.126606 0.627000
81.126606 0.628000
81.140267 0.628000
81.140267 0.629000
81.162377 0.629000
81.162377 0.630000
81.219048 0.630000
81.219048 0.631000
81.242292 0.631000
81.242292 0.632000
81.262910 0.632000
81.262910 0.633000
81.268711 0.633000
81.268711 0.634000
81.311043 0.634000
81.311043 0.635000
81.314098 0.635000
81.314098 0.636000
81.323300 0.636000
81.323300 0.637000
81.334315 0.637000
81.334315 0.638000
81.369315 0.638000
81.369315 0.639000
81.373255 0.639000
81.373255 0.640000
81.441161 0.640000
81.441161 0.641000
81.480270 0.641000
81.480270 0.642000
81.484594 0.642000
81.484594 0.643000
81.498868 0.643000
81.498868 0.644000
81.519147 0.644000
81.519147 0.645000
81.589159 0.645000
81.589159 0.646000
81.596355 0.646000
81.596355 0.647000
81.680093 0.647000
81.680093 0.648000
81.774226 0.648000
81.774226 0.649000
81.946837 0.649000
81.946837 0.650000
81.975122 0.650000
81.975122 0.651000
82.158414 0.651000
82.158414 0.652000
82.188912 0.652000
82.188912 0.653000
82.486616 0.653000
82.486616 0.654000
82.493826 0.654000
82.493826 0.655000
82.576711 0.655000
82.576711 0.656000
82.604658 0.656000
82.604658 0.657000
82.669346 0.657000
82.669346 0.658000
82.674731 0.658000
82.674731 0.659000
82.683265 0.659000
82.683265 0.660000
82.689527 0.660000
82.689527 0.661000
82.694235 0.661000
82.694235 0.662000
82.699008 0.662000
82.699008 0.663000
82.722372 0.663000
82.722372 0.664000
82.728933 0.664000
82.728933 0.665000
82.749060 0.665000
82.749060 0.666000
82.759117 0.666000
82.759117 0.667000
82.789448 0.667000
82.789448 0.668000
82.802786 0.668000
82.802786 0.669000
82.812695 0.669000
82.812695 0.670000
82.827241 0.670000
82.827241 0.671000
82.845910 0.671000
82.845910 0.672000
82.845910 0.672000
82.845910 0.673000
82.848734 0.673000
82.848734 0.674000
82.859162 0.674000
82.859162 0.675000
82.872608 0.675000
82.872608 0.676000
82.875515 0.676000
82.875515 0.677000
82.894138 0.677000
82.894138 0.678000
82.922276 0.678000
82.922276 0.679000
82.924318 0.679000
82.924318 0.680000
82.927389 0.680000
82.927389 0.681000
82.984421 0.681000
82.984421 0.682000
83.041507 0.682000
83.041507 0.683000
83.055424 0.683000
83.055424 0.684000
83.067169 0.684000
83.067169 0.685000
83.070719 0.685000
83.070719 0.686000
83.095918 0.686000
83.095918 0.687000
83.100835 0.687000
83.100835 0.688000
83.118015 0.688000
83.118015 0.689000
83.172757 0.689000
83.172757 0.690000
83.203227 0.690000
83.203227 0.691000
83.276835 0.691000
83.276835 0.692000
83.290906 0.692000
83.290906 0.693000
83.291283 0.693000
83.291283 0.694000
83.313306 0.694000
83.313306 0.695000
83.322235 0.695000
83.322235 0.696000
83.329729 0.696000
83.329729 0.697000
83.332741 0.697000
83.332741 0.698000
83.341822 0.698000
83.341822 0.699000
83.344865 0.699000
83.344865 0.700000
83.383587 0.700000
83.383587 0.701000
83.410663 0.701000
83.410663 0.702000
83.471793 0.702000
83.471793 0.703000
83.480294 0.703000
83.480294 0.704000
83.487138 0.704000
83.487138 0.705000
83.502676 0.705000
83.502676 0.706000
83.506156 0.706000
83.506156 0.707000
83.532567 0.707000
83.532567 0.708000
83.537916 0.708000
83.537916 0.709000
83.541691 0.709000
83.541691 0.710000
83.543289 0.710000
83.543289 0.711000
83.543289 0.711000
83.543289 0.712000
83.550488 0.712000
83.550488 0.713000
83.554103 0.713000
83.554103 0.714000
83.560592 0.714000
83.560592 0.715000
83.572334 0.715000
83.572334 0.716000
83.585172 0.716000
83.585172 0.717000
83.609594 0.717000
83.609594 0.718000
83.613380 0.718000
83.613380 0.719000
83.613380 0.719000
83.613380 0.720000
83.626719 0.720000
83.626719 0.721000
83.667570 0.721000
83.667570 0.722000
83.671528 0.722000
83.671528 0.723000
83.705650 0.723000
83.705650 0.724000
83.778743 0.724000
83.778743 0.725000
83.804728 0.725000
83.804728 0.726000
83.806916 0.726000
83.806916 0.727000
83.880274 0.727000
83.880274 0.728000
83.906692 0.728000
83.906692 0.729000
83.913755 0.729000
83.913755 0.730000
83.986341 0.730000
83.986341 0.731000
83.991310 0.731000
83.991310 0.732000
84.031667 0.732000
84.031667 0.733000
84.039357 0.733000
84.039357 0.734000
84.078400 0.734000
84.078400 0.735000
84.078400 0.735000
84.078400 0.736000
84.085083 0.736000
84.085083 0.737000
84.113064 0.737000
84.113064 0.738000
84.123888 0.738000
84.123888 0.739000
84.156821 0.739000
84.156821 0.740000
84.176356 0.740000
84.176356 0.741000
84.201833 0.741000
84.201833 0.742000
84.201833 0.742000
84.201833 0.743000
84.218691 0.743000
84.218691 0.744000
84.224827 0.744000
84.224827 0.745000
84.228559 0.745000
84.228559 0.746000
84.310581 0.746000
84.310581 0.747000
84.329463 0.747000
84.329463 0.748000
84.374957 0.748000
84.374957 0.749000
84.474473 0.749000
84.474473 0.750000
84.954847 0.750000
84.954847 0.751000
85.014350 0.751000
85.014350 0.752000
85.026624 0.752000
85.026624 0.753000
85.065318 0.753000
85.065318 0.754000
85.238483 0.754000
85.238483 0.755000
85.576711 0.755000
85.576711 0.756000
85.599583 0.756000
85.599583 0.757000
85.644425 0.757000
85.644425 0.758000
85.645169 0.758000
85.645169 0.759000
85.681707 0.759000
85.681707 0.760000
85.740535 0.760000
85.740535 0.761000
85.763363 0.761000
85.763363 0.762000
85.785047 0.762000
85.785047 0.763000
85.786805 0.763000
85.786805 0.764000
85.801891 0.764000
85.801891 0.765000
85.873576 0.765000
85.873576 0.766000
85.884290 0.766000
85.884290 0.767000
85.921256 0.767000
85.921256 0.768000
85.930471 0.768000
85.930471 0.769000
85.985509 0.769000
85.985509 0.770000
86.015357 0.770000
86.015357 0.771000
86.017604 0.771000
86.017604 0.772000
86.049602 0.772000
86.049602 0.773000
86.053091 0.773000
86.053091 0.774000
86.070719 0.774000
86.070719 0.775000
86.106908 0.775000
86.106908 0.776000
86.109366 0.776000
86.109366 0.777000
86.122990 0.777000
86.122990 0.778000
86.189409 0.778000
86.189409 0.779000
86.229056 0.779000
86.229056 0.780000
86.242897 0.780000
86.242897 0.781000
86.255503 0.781000
86.255503 0.782000
86.295654 0.782000
86.295654 0.783000
86.297114 0.783000
86.297114 0.784000
86.304446 0.784000
86.304446 0.785000
86.346390 0.785000
86.346390 0.786000
86.382013 0.786000
86.382013 0.787000
86.382013 0.787000
86.382013 0.788000
86.410663 0.788000
86.410663 0.789000
86.413889 0.789000
86.413889 0.790000
86.441668 0.790000
86.441668 0.791000
86.451627 0.791000
86.451627 0.792000
86.456637 0.792000
86.456637 0.793000
86.509645 0.793000
86.509645 0.794000
86.529013 0.794000
86.529013 0.795000
86.543289 0.795000
86.543289 0.796000
86.651858 0.796000
86.651858 0.797000
86.657728 0.797000
86.657728 0.798000
86.707685 0.798000
86.707685 0.799000
86.738578 0.799000
86.738578 0.800000
86.746936 0.800000
86.746936 0.801000
86.759619 0.801000
86.759619 0.802000
86.798186 0.802000
86.798186 0.803000
86.862744 0.803000
86.862744 0.804000
86.904345 0.804000
86.904345 0.805000
86.959307 0.805000
86.959307 0.806000
86.988823 0.806000
86.988823 0.807000
86.991310 0.807000
86.991310 0.808000
87.018938 0.808000
87.018938 0.809000
87.096968 0.809000
87.096968 0.810000
87.115763 0.810000
87.115763 0.811000
87.121175 0.811000
87.121175 0.812000
87.201833 0.812000
87.201833 0.813000
87.307993 0.813000
87.307993 0.814000
87.311689 0.814000
87.311689 0.815000
87.447772 0.815000
87.447772 0.816000
87.494774 0.816000
87.494774 0.817000
87.494774 0.817000
87.494774 0.818000
87.607018 0.818000
87.607018 0.819000
88.003487 0.819000
88.003487 0.820000
88.013489 0.820000
88.013489 0.821000
88.238319 0.821000
88.238319 0.822000
88.383769 0.822000
88.383769 0.823000
88.578078 0.823000
88.578078 0.824000
88.613060 0.824000
88.613060 0.825000
88.743042 0.825000
88.743042 0.826000
88.794759 0.826000
88.794759 0.827000
88.805478 0.827000
88.805478 0.828000
88.843096 0.828000
88.843096 0.829000
88.857365 0.829000
88.857365 0.830000
88.889201 0.830000
88.889201 0.831000
88.951271 0.831000
88.951271 0.832000
88.952322 0.832000
88.952322 0.833000
88.958078 0.833000
88.958078 0.834000
88.967170 0.834000
88.967170 0.835000
89.003088 0.835000
89.003088 0.836000
89.052006 0.836000
89.052006 0.837000
89.060106 0.837000
89.060106 0.838000
89.064809 0.838000
89.064809 0.839000
89.091071 0.839000
89.091071 0.840000
89.099569 0.840000
89.099569 0.841000
89.124237 0.841000
89.124237 0.842000
89.149498 0.842000
89.149498 0.843000
89.157195 0.843000
89.157195 0.844000
89.162357 0.844000
89.162357 0.845000
89.166246 0.845000
89.166246 0.846000
89.222200 0.846000
89.222200 0.847000
89.240115 0.847000
89.240115 0.848000
89.294195 0.848000
89.294195 0.849000
89.386740 0.849000
89.386740 0.850000
89.497475 0.850000
89.497475 0.851000
89.499206 0.851000
89.499206 0.852000
89.509645 0.852000
89.509645 0.853000
89.539705 0.853000
89.539705 0.854000
89.550488 0.854000
89.550488 0.855000
89.586897 0.855000
89.586897 0.856000
89.592693 0.856000
89.592693 0.857000
89.744842 0.857000
89.744842 0.858000
89.791675 0.858000
89.791675 0.859000
89.820114 0.859000
89.820114 0.860000
89.828982 0.860000
89.828982 0.861000
89.876477 0.861000
89.876477 0.862000
89.885706 0.862000
89.885706 0.863000
89.996295 0.863000
89.996295 0.864000
90.062662 0.864000
90.062662 0.865000
90.096968 0.865000
90.096968 0.866000
90.179167 0.866000
90.179167 0.867000
90.317160 0.867000
90.317160 0.868000
90.317160 0.868000
90.317160 0.869000
90.385981 0.869000
90.385981 0.870000
90.494774 0.870000
90.494774 0.871000
90.585860 0.871000
90.585860 0.872000
90.607203 0.872000
90.607203 0.873000
90.707884 0.873000
90.707884 0.874000
90.778203 0.874000
90.778203 0.875000
90.910070 0.875000
90.910070 0.876000
91.133801 0.876000
91.133801 0.877000
91.248539 0.877000
91.248539 0.878000
91.410772 0.878000
91.410772 0.879000
91.513158 0.879000
91.513158 0.880000
91.526473 0.880000
91.526473 0.881000
91.554032 0.881000
91.554032 0.882000
91.592582 0.882000
91.592582 0.883000
91.644425 0.883000
91.644425 0.884000
91.654905 0.884000
91.654905 0.885000
91.893275 0.885000
91.893275 0.886000
91.909108 0.886000
91.909108 0.887000
91.967170 0.887000
91.967170 0.888000
91.968239 0.888000
91.968239 0.889000
92.001467 0.889000
92.001467 0.890000
92.043813 0.890000
92.043813 0.891000
92.207265 0.891000
92.207265 0.892000
92.216746 0.892000
92.216746 0.893000
92.227681 0.893000
92.227681 0.894000
92.252690 0.894000
92.252690 0.895000
92.292738 0.895000
92.292738 0.896000
92.382013 0.896000
92.382013 0.897000
92.532609 0.897000
92.532609 0.898000
92.543289 0.898000
92.543289 0.899000
92.594560 0.899000
92.594560 0.900000
92.628160 0.900000
92.628160 0.901000
92.634402 0.901000
92.634402 0.902000
92.837906 0.902000
92.837906 0.903000
93.086330 0.903000
93.086330 0.904000
93.236450 0.904000
93.236450 0.905000
93.304948 0.905000
93.304948 0.906000
93.344971 0.906000
93.344971 0.907000
94.187918 0.907000
94.187918 0.908000
94.210092 0.908000
94.210092 0.909000
94.620245 0.909000
94.620245 0.910000
94.657168 0.910000
94.657168 0.911000
94.670881 0.911000
94.670881 0.912000
94.757387 0.912000
94.757387 0.913000
94.826387 0.913000
94.826387 0.914000
94.830997 0.914000
94.830997 0.915000
94.883311 0.915000
94.883311 0.916000
94.929442 0.916000
94.929442 0.917000
94.934595 0.917000
94.934595 0.918000
95.046125 0.918000
95.046125 0.919000
95.081443 0.919000
95.081443 0.920000
95.108137 0.920000
95.108137 0.921000
95.141915 0.921000
95.141915 0.922000
95.174064 0.922000
95.174064 0.923000
95.335760 0.923000
95.335760 0.924000
95.451627 0.924000
95.451627 0.925000
95.485423 0.925000
95.485423 0.926000
95.568667 0.926000
95.568667 0.927000
95.761688 0.927000
95.761688 0.928000
95.800364 0.928000
95.800364 0.929000
95.840146 0.929000
95.840146 0.930000
95.892667 0.930000
95.892667 0.931000
95.998794 0.931000
95.998794 0.932000
96.216166 0.932000
96.216166 0.933000
96.323300 0.933000
96.323300 0.934000
96.344971 0.934000
96.344971 0.935000
96.382791 0.935000
96.382791 0.936000
96.398801 0.936000
96.398801 0.937000
97.050969 0.937000
97.050969 0.938000
97.532897 0.938000
97.532897 0.939000
97.657168 0.939000
97.657168 0.940000
97.835632 0.940000
97.835632 0.941000
97.988829 0.941000
97.988829 0.942000
98.010878 0.942000
98.010878 0.943000
98.017375 0.943000
98.017375 0.944000
98.068351 0.944000
98.068351 0.945000
98.247083 0.945000
98.247083 0.946000
98.494020 0.946000
98.494020 0.947000
98.542634 0.947000
98.542634 0.948000
98.630555 0.948000
98.630555 0.949000
98.925605 0.949000
98.925605 0.950000
99.081039 0.950000
99.081039 0.951000
99.130013 0.951000
99.130013 0.952000
99.196136 0.952000
99.196136 0.953000
99.314098 0.953000
99.314098 0.954000
99.368193 0.954000
99.368193 0.955000
100.937699 0.955000
100.937699 0.956000
101.134269 0.956000
101.134269 0.957000
101.317762 0.957000
101.317762 0.958000
101.354042 0.958000
101.354042 0.959000
101.511393 0.959000
101.511393 0.960000
101.644071 0.960000
101.644071 0.961000
101.804728 0.961000
101.804728 0.962000
101.878778 0.962000
101.878778 0.963000
101.906692 0.963000
101.906692 0.964000
103.586333 0.964000
103.586333 0.965000
103.883311 0.965000
103.883311 0.966000
104.319251 0.966000
104.319251 0.967000
104.372615 0.967000
104.372615 0.968000
104.463350 0.968000
104.463350 0.969000
104.500940 0.969000
104.500940 0.970000
104.620985 0.970000
104.620985 0.971000
104.869594 0.971000
104.869594 0.972000
104.991310 0.972000
104.991310 0.973000
105.013877 0.973000
105.013877 0.974000
105.039357 0.974000
105.039357 0.975000
105.320227 0.975000
105.320227 0.976000
106.600991 0.976000
106.600991 0.977000
106.844971 0.977000
106.844971 0.978000
107.326866 0.978000
107.326866 0.979000
107.782101 0.979000
107.782101 0.980000
108.039461 0.980000
108.039461 0.981000
109.743042 0.981000
109.743042 0.982000
110.354042 0.982000
110.354042 0.983000
110.465949 0.983000
110.465949 0.984000
110.527240 0.984000
110.527240 0.985000
110.929687 0.985000
110.929687 0.986000
110.966631 0.986000
110.966631 0.987000
111.207551 0.987000
111.207551 0.988000
111.498172 0.988000
111.498172 0.989000
112.629684 0.989000
112.629684 0.990000
112.893467 0.990000
112.893467 0.991000
113.426882 0.991000
113.426882 0.992000
116.346390 0.992000
116.346390 0.993000
117.083682 0.993000
117.083682 0.994000
118.974680 0.994000
118.974680 0.995000
120.000000 0.995000
120.000000 0.996000
120.000000 0.996000
120.000000 0.997000
120.000000 0.997000
120.000000 0.998000
120.000000 0.998000
120.000000 0.999000
120.000000 0.999000
120.000000 1.000000
