13.538726 0.000000
13.538726 0.001000
13.571944 0.001000
13.571944 0.002000
13.628954 0.002000
13.628954 0.003000
15.706393 0.003000
15.706393 0.004000
16.501931 0.004000
16.501931 0.005000
16.551180 0.005000
16.551180 0.006000
16.557151 0.006000
16.557151 0.007000
16.579448 0.007000
16.579448 0.008000
16.741370 0.008000
16.741370 0.009000
17.099569 0.009000
17.099569 0.010000
19.394530 0.010000
19.394530 0.011000
19.541331 0.011000
19.541331 0.012000
19.582883 0.012000
19.582883 0.013000
19.596075 0.013000
19.596075 0.014000
19.598880 0.014000
19.598880 0.015000
19.610203 0.015000
19.610203 0.016000
19.627496 0.016000
19.627496 0.017000
19.655659 0.017000
19.655659 0.018000
19.662474 0.018000
19.662474 0.019000
19.662474 0.019000
19.662474 0.020000
19.664758 0.020000
19.664758 0.021000
19.682485 0.021000
19.682485 0.022000
19.688741 0.022000
19.688741 0.023000
19.690313 0.023000
19.690313 0.024000
19.705389 0.024000
19.705389 0.025000
19.707794 0.025000
19.707794 0.026000
19.733058 0.026000
19.733058 0.027000
19.748920 0.027000
19.748920 0.028000
19.772838 0.028000
19.772838 0.029000
19.787685 0.029000
19.787685 0.030000
19.881356 0.030000
19.881356 0.031000
19.906700 0.031000
19.906700 0.032000
19.915162 0.032000
19.915162 0.033000
19.950220 0.033000
19.950220 0.034000
19.959718 0.034000
19.959718 0.035000
20.006419 0.035000
20.006419 0.036000
20.077856 0.036000
20.077856 0.037000
20.143126 0.037000
20.143126 0.038000
20.145670 0.038000
20.145670 0.039000
20.154623 0.039000
20.154623 0.040000
20.179309 0.040000
20.179309 0.041000
20.458312 0.041000
20.458312 0.042000
20.559545 0.042000
20.559545 0.043000
20.822325 0.043000
20.822325 0.044000
20.828982 0.044000
20.828982 0.045000
21.376428 0.045000
21.376428 0.046000
21.715567 0.046000
21.715567 0.047000
21.767476 0.047000
21.767476 0.048000
21.798215 0.048000
21.798215 0.049000
22.163397 0.049000
22.163397 0.050000
22.167395 0.050000
22.167395 0.051000
22.522645 0.051000
22.522645 0.052000
22.538726 0.052000
22.538726 0.053000
22.573303 0.053000
22.573303 0.054000
22.582883 0.054000
22.582883 0.055000
22.588410 0.055000
22.588410 0.056000
22.593279 0.056000
22.593279 0.057000
22.631146 0.057000
22.631146 0.058000
22.657924 0.058000
22.657924 0.059000
22.657924 0.059000
22.657924 0.060000
22.671650 0.060000
22.671650 0.061000
22.718298 0.061000
22.718298 0.062000
22.728933 0.062000
22.728933 0.063000
22.769381 0.063000
22.769381 0.064000
22.792100 0.064000
22.792100 0.065000
22.798318 0.065000
22.798318 0.066000
22.840289 0.066000
22.840289 0.067000
22.863942 0.067000
22.863942 0.068000
22.879405 0.068000
22.879405 0.069000
22.885270 0.069000
22.885270 0.070000
22.908102 0.070000
22.908102 0.071000
22.914838 0.071000
22.914838 0.072000
22.934595 0.072000
22.934595 0.073000
22.935629 0.073000
22.935629 0.074000
22.972528 0.074000
22.972528 0.075000
23.058933 0.075000
23.058933 0.076000
23.102009 0.076000
23.102009 0.077000
23.105681 0.077000
23.105681 0.078000
23.138056 0.078000
23.138056 0.079000
23.162357 0.079000
23.162357 0.080000
23.177778 0.080000
23.177778 0.081000
23.200543 0.081000
23.200543 0.082000
23.211318 0.082000
23.211318 0.083000
23.229056 0.083000
23.229056 0.084000
23.361745 0.084000
23.361745 0.085000
23.369499 0.085000
23.369499 0.086000
23.440016 0.086000
23.440016 0.087000
23.472154 0.087000
23.472154 0.088000
23.550488 0.088000
23.550488 0.089000
23.626719 0.089000
23.626719 0.090000
23.742751 0.090000
23.742751 0.091000
23.824541 0.091000
23.824541 0.092000
23.877443 0.092000
23.877443 0.093000
23.928877 0.093000
23.928877 0.094000
23.949599 0.094000
23.949599 0.095000
24.057452 0.095000
24.057452 0.096000
24.113064 0.096000
24.113064 0.097000
24.148522 0.097000
24.148522 0.098000
24.148522 0.098000
24.148522 0.099000
24.159596 0.099000
24.159596 0.100000
24.179167 0.100000
24.179167 0.101000
24.239368 0.101000
24.239368 0.102000
24.248157 0.102000
24.248157 0.103000
24.329463 0.103000
24.329463 0.104000
24.385981 0.104000
24.385981 0.105000
24.607203 0.105000
24.607203 0.106000
24.609948 0.106000
24.609948 0.107000
24.625480 0.107000
24.625480 0.108000
24.686082 0.108000
24.686082 0.109000
24.745001 0.109000
24.745001 0.110000
24.764437 0.110000
24.764437 0.111000
24.953079 0.111000
24.953079 0.112000
24.988117 0.112000
24.988117 0.113000
25.179137 0.113000
25.179137 0.114000
25.332945 0.114000
25.332945 0.115000
25.394029 0.115000
25.394029 0.116000
25.471373 0.116000
25.471373 0.117000
25.480578 0.117000
25.480578 0.118000
25.489654 0.118000
25.489654 0.119000
25.567206 0.119000
25.567206 0.120000
25.576711 0.120000
25.576711 0.121000
25.584261 0.121000
25.584261 0.122000
25.601047 0.122000
25.601047 0.123000
25.613775 0.123000
25.613775 0.124000
25.631146 0.124000
25.631146 0.125000
25.638496 0.125000
25.638496 0.126000
25.651147 0.126000
25.651147 0.127000
25.659438 0.127000
25.659438 0.128000
25.659438 0.128000
25.659438 0.129000
25.667814 0.129000
25.667814 0.130000
25.677050 0.130000
25.677050 0.131000
25.713434 0.131000
25.713434 0.132000
25.719111 0.132000
25.719111 0.133000
25.722372 0.133000
25.722372 0.134000
25.734714 0.134000
25.734714 0.135000
25.748920 0.135000
25.748920 0.136000
25.764220 0.136000
25.764220 0.137000
25.774572 0.137000
25.774572 0.138000
25.776309 0.138000
25.776309 0.139000
25.794759 0.139000
25.794759 0.140000
25.813602 0.140000
25.813602 0.141000
25.813602 0.141000
25.813602 0.142000
25.818147 0.142000
25.818147 0.143000
25.826387 0.143000
25.826387 0.144000
25.856306 0.144000
25.856306 0.145000
25.856306 0.145000
25.856306 0.146000
25.856306 0.146000
25.856306 0.147000
25.878431 0.147000
25.878431 0.148000
25.886251 0.148000
25.886251 0.149000
25.929442 0.149000
25.929442 0.150000
25.946028 0.150000
25.946028 0.151000
25.951271 0.151000
25.951271 0.152000
25.957599 0.152000
25.957599 0.153000
25.967170 0.153000
25.967170 0.154000
25.980080 0.154000
25.980080 0.155000
25.998664 0.155000
25.998664 0.156000
26.009761 0.156000
26.009761 0.157000
26.031193 0.157000
26.031193 0.158000
26.033476 0.158000
26.033476 0.159000
26.043813 0.159000
26.043813 0.160000
26.065988 0.160000
26.065988 0.161000
26.087450 0.161000
26.087450 0.162000
26.116775 0.162000
26.116775 0.163000
26.127988 0.163000
26.127988 0.164000
26.129033 0.164000
26.129033 0.165000
26.157195 0.165000
26.157195 0.166000
26.167545 0.166000
26.167545 0.167000
26.184578 0.167000
26.184578 0.168000
26.220834 0.168000
26.220834 0.169000
26.222200 0.169000
26.222200 0.170000
26.230432 0.170000
26.230432 0.171000
26.234572 0.171000
26.234572 0.172000
26.234572 0.172000
26.234572 0.173000
26.247083 0.173000
26.247083 0.174000
26.258324 0.174000
26.258324 0.175000
26.266830 0.175000
26.266830 0.176000
26.272536 0.176000
26.272536 0.177000
26.341822 0.177000
26.341822 0.178000
26.346390 0.178000
26.346390 0.179000
26.349445 0.179000
26.349445 0.180000
26.364841 0.180000
26.364841 0.181000
26.384983 0.181000
26.384983 0.182000
26.449962 0.182000
26.449962 0.183000
26.451627 0.183000
26.451627 0.184000
26.501235 0.184000
26.501235 0.185000
26.513144 0.185000
26.513144 0.186000
26.611486 0.186000
26.611486 0.187000
26.683471 0.187000
26.683471 0.188000
26.687477 0.188000
26.687477 0.189000
26.713807 0.189000
26.713807 0.190000
26.744842 0.190000
26.744842 0.191000
26.753239 0.191000
26.753239 0.192000
26.783040 0.192000
26.783040 0.193000
26.949599 0.193000
26.949599 0.194000
26.975392 0.194000
26.975392 0.195000
27.028038 0.195000
27.028038 0.196000
27.034226 0.196000
27.034226 0.197000
27.036789 0.197000
27.036789 0.198000
27.044505 0.198000
27.044505 0.199000
27.070511 0.199000
27.070511 0.200000
27.086330 0.200000
27.086330 0.201000
27.104995 0.201000
27.104995 0.202000
27.105387 0.202000
27.105387 0.203000
27.137525 0.203000
27.137525 0.204000
27.156821 0.204000
27.156821 0.205000
27.167954 0.205000
27.167954 0.206000
27.181982 0.206000
27.181982 0.207000
27.210417 0.207000
27.210417 0.208000
27.271828 0.208000
27.271828 0.209000
27.326378 0.209000
27.326378 0.210000
27.373255 0.210000
27.373255 0.211000
27.376428 0.211000
27.376428 0.212000
27.529143 0.212000
27.529143 0.213000
27.550094 0.213000
27.550094 0.214000
27.887868 0.214000
27.887868 0.215000
27.932016 0.215000
27.932016 0.216000
27.948078 0.216000
27.948078 0.217000
27.975122 0.217000
27.975122 0.218000
28.238319 0.218000
28.238319 0.219000
28.410772 0.219000
28.410772 0.220000
28.416910 0.220000
28.416910 0.221000
28.463933 0.221000
28.463933 0.222000
28.465110 0.222000
28.465110 0.223000
28.486616 0.223000
28.486616 0.224000
28.561157 0.224000
28.561157 0.225000
28.578078 0.225000
28.578078 0.226000
28.592582 0.226000
28.592582 0.227000
28.603814 0.227000
28.603814 0.228000
28.609578 0.228000
28.609578 0.229000
28.620245 0.229000
28.620245 0.230000
28.621690 0.230000
28.621690 0.231000
28.626768 0.231000
28.626768 0.232000
28.627496 0.232000
28.627496 0.233000
28.670113 0.233000
28.670113 0.234000
28.682485 0.234000
28.682485 0.235000
28.688741 0.235000
28.688741 0.236000
28.690313 0.236000
28.690313 0.237000
28.701395 0.237000
28.701395 0.238000
28.702193 0.238000
28.702193 0.239000
28.702991 0.239000
28.702991 0.240000
28.712626 0.240000
28.712626 0.241000
28.714243 0.241000
28.714243 0.242000
28.738868 0.242000
28.738868 0.243000
28.740535 0.243000
28.740535 0.244000
28.743879 0.244000
28.743879 0.245000
28.751451 0.245000
28.751451 0.246000
28.754838 0.246000
28.754838 0.247000
28.757387 0.247000
28.757387 0.248000
28.789448 0.248000
28.789448 0.249000
28.800996 0.249000
28.800996 0.250000
28.802786 0.250000
28.802786 0.251000
28.809079 0.251000
28.809079 0.252000
28.812695 0.252000
28.812695 0.253000
28.814249 0.253000
28.814249 0.254000
28.817236 0.254000
28.817236 0.255000
28.824549 0.255000
28.824549 0.256000
28.830997 0.256000
28.830997 0.257000
28.842159 0.257000
28.842159 0.258000
28.851566 0.258000
28.851566 0.259000
28.853459 0.259000
28.853459 0.260000
28.859162 0.260000
28.859162 0.261000
28.860116 0.261000
28.860116 0.262000
28.868746 0.262000
28.868746 0.263000
28.877458 0.263000
28.877458 0.264000
28.890187 0.264000
28.890187 0.265000
28.891173 0.265000
28.891173 0.266000
28.894138 0.266000
28.894138 0.267000
28.907098 0.267000
28.907098 0.268000
28.918204 0.268000
28.918204 0.269000
28.921256 0.269000
28.921256 0.270000
28.923296 0.270000
28.923296 0.271000
28.924318 0.271000
28.924318 0.272000
28.926364 0.272000
28.926364 0.273000
28.942896 0.273000
28.942896 0.274000
28.963969 0.274000
28.963969 0.275000
28.968239 0.275000
28.968239 0.276000
28.973604 0.276000
28.973604 0.277000
28.980080 0.277000
28.980080 0.278000
28.984421 0.278000
28.984421 0.279000
28.985509 0.279000
28.985509 0.280000
28.987689 0.280000
28.987689 0.281000
28.988781 0.281000
28.988781 0.282000
28.994259 0.282000
28.994259 0.283000
29.004197 0.283000
29.004197 0.284000
29.011996 0.284000
29.011996 0.285000
29.020984 0.285000
29.020984 0.286000
29.038057 0.286000
29.038057 0.287000
29.041507 0.287000
29.041507 0.288000
29.041507 0.288000
29.041507 0.289000
29.061280 0.289000
29.061280 0.290000
29.061280 0.290000
29.061280 0.291000
29.067169 0.291000
29.067169 0.292000
29.082642 0.292000
29.082642 0.293000
29.083842 0.293000
29.083842 0.294000
29.083842 0.294000
29.083842 0.295000
29.106908 0.295000
29.106908 0.296000
29.136792 0.296000
29.136792 0.297000
29.140588 0.297000
29.140588 0.298000
29.154623 0.298000
29.154623 0.299000
29.161087 0.299000
29.161087 0.300000
29.168846 0.300000
29.168846 0.301000
29.171452 0.301000
29.171452 0.302000
29.171452 0.302000
29.171452 0.303000
29.176683 0.303000
29.176683 0.304000
29.195196 0.304000
29.195196 0.305000
29.199204 0.305000
29.199204 0.306000
29.209965 0.306000
29.209965 0.307000
29.216746 0.307000
29.216746 0.308000
29.222200 0.308000
29.222200 0.309000
29.237340 0.309000
29.237340 0.310000
29.237340 0.310000
29.237340 0.311000
29.238727 0.311000
29.238727 0.312000
29.252690 0.312000
29.252690 0.313000
29.263987 0.313000
29.263987 0.314000
29.304446 0.314000
29.304446 0.315000
29.316274 0.315000
29.316274 0.316000
29.320742 0.316000
29.320742 0.317000
29.329729 0.317000
29.329729 0.318000
29.337272 0.318000
29.337272 0.319000
29.350975 0.319000
29.350975 0.320000
29.352508 0.320000
29.352508 0.321000
29.355579 0.321000
29.355579 0.322000
29.357117 0.322000
29.357117 0.323000
29.367944 0.323000
29.367944 0.324000
29.383587 0.324000
29.383587 0.325000
29.386740 0.325000
29.386740 0.326000
29.386740 0.326000
29.386740 0.327000
29.389902 0.327000
29.389902 0.328000
29.410663 0.328000
29.410663 0.329000
29.453295 0.329000
29.453295 0.330000
29.455496 0.330000
29.455496 0.331000
29.485423 0.331000
29.485423 0.332000
29.502162 0.332000
29.502162 0.333000
29.524837 0.333000
29.524837 0.334000
29.526874 0.334000
29.526874 0.335000
29.537916 0.335000
29.537916 0.336000
29.546883 0.336000
29.546883 0.337000
29.577854 0.337000
29.577854 0.338000
29.636330 0.338000
29.636330 0.339000
29.640195 0.339000
29.640195 0.340000
29.730270 0.340000
29.730270 0.341000
29.782101 0.341000
29.782101 0.342000
29.815701 0.342000
29.815701 0.343000
29.851400 0.343000
29.851400 0.344000
29.874179 0.344000
29.874179 0.345000
29.881084 0.345000
29.881084 0.346000
29.944768 0.346000
29.944768 0.347000
29.959307 0.347000
29.959307 0.348000
29.971534 0.348000
29.971534 0.349000
30.020811 0.349000
30.020811 0.350000
30.047085 0.350000
30.047085 0.351000
30.047085 0.351000
30.047085 0.352000
30.078400 0.352000
30.078400 0.353000
30.088983 0.353000
30.088983 0.354000
30.099639 0.354000
30.099639 0.355000
30.102315 0.355000
30.102315 0.356000
30.107680 0.356000
30.107680 0.357000
30.115763 0.357000
30.115763 0.358000
30.132056 0.358000
30.132056 0.359000
30.137525 0.359000
30.137525 0.360000
30.148522 0.360000
30.148522 0.361000
30.159032 0.361000
30.159032 0.362000
30.173550 0.362000
30.173550 0.363000
30.190459 0.363000
30.190459 0.364000
30.247387 0.364000
30.247387 0.365000
30.254042 0.365000
30.254042 0.366000
30.259949 0.366000
30.259949 0.367000
30.262910 0.367000
30.262910 0.368000
30.268711 0.368000
30.268711 0.369000
30.280794 0.369000
30.280794 0.370000
30.295849 0.370000
30.295849 0.371000
30.314098 0.371000
30.314098 0.372000
30.320227 0.372000
30.320227 0.373000
30.323300 0.373000
30.323300 0.374000
30.329463 0.374000
30.329463 0.375000
30.382791 0.375000
30.382791 0.376000
30.418966 0.376000
30.418966 0.377000
30.437865 0.377000
30.437865 0.378000
30.444463 0.378000
30.444463 0.379000
30.461071 0.379000
30.461071 0.380000
30.464067 0.380000
30.464067 0.381000
30.494774 0.381000
30.494774 0.382000
30.498868 0.382000
30.498868 0.383000
30.607018 0.383000
30.607018 0.384000
30.636457 0.384000
30.636457 0.385000
30.662448 0.385000
30.662448 0.386000
30.734915 0.386000
30.734915 0.387000
30.778203 0.387000
30.778203 0.388000
30.814917 0.388000
30.814917 0.389000
30.851257 0.389000
30.851257 0.390000
30.854797 0.390000
30.854797 0.391000
30.899897 0.391000
30.899897 0.392000
30.954847 0.392000
30.954847 0.393000
31.065318 0.393000
31.065318 0.394000
31.083853 0.394000
31.083853 0.395000
31.370130 0.395000
31.370130 0.396000
31.393497 0.396000
31.393497 0.397000
31.409093 0.397000
31.409093 0.398000
31.421667 0.398000
31.421667 0.399000
31.459007 0.399000
31.459007 0.400000
31.508148 0.400000
31.508148 0.401000
31.566532 0.401000
31.566532 0.402000
31.588410 0.402000
31.588410 0.403000
31.590527 0.403000
31.590527 0.404000
31.601696 0.404000
31.601696 0.405000
31.622414 0.405000
31.622414 0.406000
31.640004 0.406000
31.640004 0.407000
31.642939 0.407000
31.642939 0.408000
31.649648 0.408000
31.649648 0.409000
31.661992 0.409000
31.661992 0.410000
31.728933 0.410000
31.728933 0.411000
31.737204 0.411000
31.737204 0.412000
31.740535 0.412000
31.740535 0.413000
31.758238 0.413000
31.758238 0.414000
31.794759 0.414000
31.794759 0.415000
31.809982 0.415000
31.809982 0.416000
31.821800 0.416000
31.821800 0.417000
31.842159 0.417000
31.842159 0.418000
31.859162 0.418000
31.859162 0.419000
31.864622 0.419000
31.864622 0.420000
31.869710 0.420000
31.869710 0.421000
31.877458 0.421000
31.877458 0.422000
31.883311 0.422000
31.883311 0.423000
31.897113 0.423000
31.897113 0.424000
31.904091 0.424000
31.904091 0.425000
31.904091 0.425000
31.904091 0.426000
31.909108 0.426000
31.909108 0.427000
31.922276 0.427000
31.922276 0.428000
31.922276 0.428000
31.922276 0.429000
31.939055 0.429000
31.939055 0.430000
31.954430 0.430000
31.954430 0.431000
31.956541 0.431000
31.956541 0.432000
32.004197 0.432000
32.004197 0.433000
32.008646 0.433000
32.008646 0.434000
32.025508 0.434000
32.025508 0.435000
32.033476 0.435000
32.033476 0.436000
32.049602 0.436000
32.049602 0.437000
32.049602 0.437000
32.049602 0.438000
32.051927 0.438000
32.051927 0.439000
32.055424 0.439000
32.055424 0.440000
32.070719 0.440000
32.070719 0.441000
32.077856 0.441000
32.077856 0.442000
32.077856 0.442000
32.077856 0.443000
32.081443 0.443000
32.081443 0.444000
32.098350 0.444000
32.098350 0.445000
32.100788 0.445000
32.100788 0.446000
32.140588 0.446000
32.140588 0.447000
32.141856 0.447000
32.141856 0.448000
32.143126 0.448000
32.143126 0.449000
32.145670 0.449000
32.145670 0.450000
32.157562 0.450000
32.157562 0.451000
32.165849 0.451000
32.165849 0.452000
32.179309 0.452000
32.179309 0.453000
32.180624 0.453000
32.180624 0.454000
32.188548 0.454000
32.188548 0.455000
32.193863 0.455000
32.193863 0.456000
32.245686 0.456000
32.245686 0.457000
32.248482 0.457000
32.248482 0.458000
32.252690 0.458000
32.252690 0.459000
32.272536 0.459000
32.272536 0.460000
32.279710 0.460000
32.279710 0.461000
32.290906 0.461000
32.290906 0.462000
32.295654 0.462000
32.295654 0.463000
32.304446 0.463000
32.304446 0.464000
32.304446 0.464000
32.304446 0.465000
32.319251 0.465000
32.319251 0.466000
32.323730 0.466000
32.323730 0.467000
32.332741 0.467000
32.332741 0.468000
32.334249 0.468000
32.334249 0.469000
32.350975 0.469000
32.350975 0.470000
32.393073 0.470000
32.393073 0.471000
32.394661 0.471000
32.394661 0.472000
32.405840 0.472000
32.405840 0.473000
32.413889 0.473000
32.413889 0.474000
32.453295 0.474000
32.453295 0.475000
32.456637 0.475000
32.456637 0.476000
32.488855 0.476000
32.488855 0.477000
32.504415 0.477000
32.504415 0.478000
32.527240 0.478000
32.527240 0.479000
32.532567 0.479000
32.532567 0.480000
32.542634 0.480000
32.542634 0.481000
32.543289 0.481000
32.543289 0.482000
32.550488 0.482000
32.550488 0.483000
32.560592 0.483000
32.560592 0.484000
32.572334 0.484000
32.572334 0.485000
32.572334 0.485000
32.572334 0.486000
32.572334 0.486000
32.572334 0.487000
32.577854 0.487000
32.577854 0.488000
32.586897 0.488000
32.586897 0.489000
32.622894 0.489000
32.622894 0.490000
32.653811 0.490000
32.653811 0.491000
32.655768 0.491000
32.655768 0.492000
32.663624 0.492000
32.663624 0.493000
32.677486 0.493000
32.677486 0.494000
32.734418 0.494000
32.734418 0.495000
32.761688 0.495000
32.761688 0.496000
32.789511 0.496000
32.789511 0.497000
32.798186 0.497000
32.798186 0.498000
32.804728 0.498000
32.804728 0.499000
32.810276 0.499000
32.810276 0.500000
32.811301 0.500000
32.811301 0.501000
32.820114 0.501000
32.820114 0.502000
32.865023 0.502000
32.865023 0.503000
32.865023 0.503000
32.865023 0.504000
32.876477 0.504000
32.876477 0.505000
32.885706 0.505000
32.885706 0.506000
32.935155 0.506000
32.935155 0.507000
32.969081 0.507000
32.969081 0.508000
32.976453 0.508000
32.976453 0.509000
32.991310 0.509000
32.991310 0.510000
33.011246 0.510000
33.011246 0.511000
33.024017 0.511000
33.024017 0.512000
33.047085 0.512000
33.047085 0.513000
33.067890 0.513000
33.067890 0.514000
33.173550 0.514000
33.173550 0.515000
33.210417 0.515000
33.210417 0.516000
33.228559 0.516000
33.228559 0.517000
33.262910 0.517000
33.262910 0.518000
33.311043 0.518000
33.311043 0.519000
33.329463 0.519000
33.329463 0.520000
33.357483 0.520000
33.357483 0.521000
33.376428 0.521000
33.376428 0.522000
33.441161 0.522000
33.441161 0.523000
33.441161 0.523000
33.441161 0.524000
33.447772 0.524000
33.447772 0.525000
33.450888 0.525000
33.450888 0.526000
33.467759 0.526000
33.467759 0.527000
33.589159 0.527000
33.589159 0.528000
33.618118 0.528000
33.618118 0.529000
33.707884 0.529000
33.707884 0.530000
33.794200 0.530000
33.794200 0.531000
33.867879 0.531000
33.867879 0.532000
34.224119 0.532000
34.224119 0.533000
34.490872 0.533000
34.490872 0.534000
34.493826 0.534000
34.493826 0.535000
34.513158 0.535000
34.513158 0.536000
34.576711 0.536000
34.576711 0.537000
34.592582 0.537000
34.592582 0.538000
34.600991 0.538000
34.600991 0.539000
34.604658 0.539000
34.604658 0.540000
34.611630 0.540000
34.611630 0.541000
34.613060 0.541000
34.613060 0.542000
34.629684 0.542000
34.629684 0.543000
34.642197 0.543000
34.642197 0.544000
34.645169 0.544000
34.645169 0.545000
34.659438 0.545000
34.659438 0.546000
34.669346 0.546000
34.669346 0.547000
34.674731 0.547000
34.674731 0.548000
34.683265 0.548000
34.683265 0.549000
34.683265 0.549000
34.683265 0.550000
34.725231 0.550000
34.725231 0.551000
34.738036 0.551000
34.738036 0.552000
34.740535 0.552000
34.740535 0.553000
34.749763 0.553000
34.749763 0.554000
34.757387 0.554000
34.757387 0.555000
34.763363 0.555000
34.763363 0.556000
34.771108 0.556000
34.771108 0.557000
34.778050 0.557000
34.778050 0.558000
34.778921 0.558000
34.778921 0.559000
34.785047 0.559000
34.785047 0.560000
34.786374 0.560000
34.786374 0.561000
34.793872 0.561000
34.793872 0.562000
34.799210 0.562000
34.799210 0.563000
34.799210 0.563000
34.799210 0.564000
34.803682 0.564000
34.803682 0.565000
34.825468 0.565000
34.825468 0.566000
34.841224 0.566000
34.841224 0.567000
34.844971 0.567000
34.844971 0.568000
34.845910 0.568000
34.845910 0.569000
34.860033 0.569000
34.860033 0.570000
34.860033 0.570000
34.860033 0.571000
34.878796 0.571000
34.878796 0.572000
34.892160 0.572000
34.892160 0.573000
34.898107 0.573000
34.898107 0.574000
34.924318 0.574000
34.924318 0.575000
34.937699 0.575000
34.937699 0.576000
34.940588 0.576000
34.940588 0.577000
34.952322 0.577000
34.952322 0.578000
34.958078 0.578000
34.958078 0.579000
34.968239 0.579000
34.968239 0.580000
34.970382 0.580000
34.970382 0.581000
35.002832 0.581000
35.002832 0.582000
35.003088 0.582000
35.003088 0.583000
35.016479 0.583000
35.016479 0.584000
35.017604 0.584000
35.017604 0.585000
35.039205 0.585000
35.039205 0.586000
35.040355 0.586000
35.040355 0.587000
35.046125 0.587000
35.046125 0.588000
35.049602 0.588000
35.049602 0.589000
35.051927 0.589000
35.051927 0.590000
35.100835 0.590000
35.100835 0.591000
35.111830 0.591000
35.111830 0.592000
35.121744 0.592000
35.121744 0.593000
35.122990 0.593000
35.122990 0.594000
35.134269 0.594000
35.134269 0.595000
35.152058 0.595000
35.152058 0.596000
35.162357 0.596000
35.162357 0.597000
35.168846 0.597000
35.168846 0.598000
35.172757 0.598000
35.172757 0.599000
35.183259 0.599000
35.183259 0.600000
35.187223 0.600000
35.187223 0.601000
35.199204 0.601000
35.199204 0.602000
35.203227 0.602000
35.203227 0.603000
35.207265 0.603000
35.207265 0.604000
35.216746 0.604000
35.216746 0.605000
35.220834 0.605000
35.220834 0.606000
35.222200 0.606000
35.222200 0.607000
35.227681 0.607000
35.227681 0.608000
35.229056 0.608000
35.229056 0.609000
35.229056 0.609000
35.229056 0.610000
35.240115 0.610000
35.240115 0.611000
35.256913 0.611000
35.256913 0.612000
35.258324 0.612000
35.258324 0.613000
35.276835 0.613000
35.276835 0.614000
35.283377 0.614000
35.283377 0.615000
35.288379 0.615000
35.288379 0.616000
35.291283 0.616000
35.291283 0.617000
35.292738 0.617000
35.292738 0.618000
35.300041 0.618000
35.300041 0.619000
35.313306 0.619000
35.313306 0.620000
35.314789 0.620000
35.314789 0.621000
35.316274 0.621000
35.316274 0.622000
35.317762 0.622000
35.317762 0.623000
35.320742 0.623000
35.320742 0.624000
35.325227 0.624000
35.325227 0.625000
35.382013 0.625000
35.382013 0.626000
35.415506 0.626000
35.415506 0.627000
35.423621 0.627000
35.423621 0.628000
35.448682 0.628000
35.448682 0.629000
35.451627 0.629000
35.451627 0.630000
35.456637 0.630000
35.456637 0.631000
35.463350 0.631000
35.463350 0.632000
35.466720 0.632000
35.466720 0.633000
35.471793 0.633000
35.471793 0.634000
35.480294 0.634000
35.480294 0.635000
35.488855 0.635000
35.488855 0.636000
35.529013 0.636000
35.529013 0.637000
35.532567 0.637000
35.532567 0.638000
35.543289 0.638000
35.543289 0.639000
35.543289 0.639000
35.543289 0.640000
35.550488 0.640000
35.550488 0.641000
35.554103 0.641000
35.554103 0.642000
35.555914 0.642000
35.555914 0.643000
35.563186 0.643000
35.563186 0.644000
35.609594 0.644000
35.609594 0.645000
35.613380 0.645000
35.613380 0.646000
35.626719 0.646000
35.626719 0.647000
35.628160 0.647000
35.628160 0.648000
35.644071 0.648000
35.644071 0.649000
35.665596 0.649000
35.665596 0.650000
35.669547 0.650000
35.669547 0.651000
35.671528 0.651000
35.671528 0.652000
35.693507 0.652000
35.693507 0.653000
35.736496 0.653000
35.736496 0.654000
35.753239 0.654000
35.753239 0.655000
35.772323 0.655000
35.772323 0.656000
35.791675 0.656000
35.791675 0.657000
35.824541 0.657000
35.824541 0.658000
35.902002 0.658000
35.902002 0.659000
35.904345 0.659000
35.904345 0.660000
35.906692 0.660000
35.906692 0.661000
35.918484 0.661000
35.918484 0.662000
35.942359 0.662000
35.942359 0.663000
35.951010 0.663000
35.951010 0.664000
35.959307 0.664000
35.959307 0.665000
35.969081 0.665000
35.969081 0.666000
35.976453 0.666000
35.976453 0.667000
35.983863 0.667000
35.983863 0.668000
35.988823 0.668000
35.988823 0.669000
36.016405 0.669000
36.016405 0.670000
36.034226 0.670000
36.034226 0.671000
36.036121 0.671000
36.036121 0.672000
36.039357 0.672000
36.039357 0.673000
36.039461 0.673000
36.039461 0.674000
36.044505 0.674000
36.044505 0.675000
36.047022 0.675000
36.047022 0.676000
36.054854 0.676000
36.054854 0.677000
36.078400 0.677000
36.078400 0.678000
36.083682 0.678000
36.083682 0.679000
36.083682 0.679000
36.083682 0.680000
36.085083 0.680000
36.085083 0.681000
36.113064 0.681000
36.113064 0.682000
36.123888 0.682000
36.123888 0.683000
36.126606 0.683000
36.126606 0.684000
36.140267 0.684000
36.140267 0.685000
36.140267 0.685000
36.140267 0.686000
36.162377 0.686000
36.162377 0.687000
36.176356 0.687000
36.176356 0.688000
36.182089 0.688000
36.182089 0.689000
36.196136 0.689000
36.196136 0.690000
36.201833 0.690000
36.201833 0.691000
36.201833 0.691000
36.201833 0.692000
36.201833 0.692000
36.201833 0.693000
36.218691 0.693000
36.218691 0.694000
36.219048 0.694000
36.219048 0.695000
36.224827 0.695000
36.224827 0.696000
36.227725 0.696000
36.227725 0.697000
36.233536 0.697000
36.233536 0.698000
36.242292 0.698000
36.242292 0.699000
36.250781 0.699000
36.250781 0.700000
36.262910 0.700000
36.262910 0.701000
36.277800 0.701000
36.277800 0.702000
36.307993 0.702000
36.307993 0.703000
36.317160 0.703000
36.317160 0.704000
36.317160 0.704000
36.317160 0.705000
36.370089 0.705000
36.370089 0.706000
36.374957 0.706000
36.374957 0.707000
36.398804 0.707000
36.398804 0.708000
36.429740 0.708000
36.429740 0.709000
36.480270 0.709000
36.480270 0.710000
36.507434 0.710000
36.507434 0.711000
36.585860 0.711000
36.585860 0.712000
36.596355 0.712000
36.596355 0.713000
36.680093 0.713000
36.680093 0.714000
36.731396 0.714000
36.731396 0.715000
36.774226 0.715000
36.774226 0.716000
37.050969 0.716000
37.050969 0.717000
37.158414 0.717000
37.158414 0.718000
37.188912 0.718000
37.188912 0.719000
37.210092 0.719000
37.210092 0.720000
37.554032 0.720000
37.554032 0.721000
37.599583 0.721000
37.599583 0.722000
37.623138 0.722000
37.623138 0.723000
37.654905 0.723000
37.654905 0.724000
37.657168 0.724000
37.657168 0.725000
37.684045 0.725000
37.684045 0.726000
37.724827 0.726000
37.724827 0.727000
37.729756 0.727000
37.729756 0.728000
37.801891 0.728000
37.801891 0.729000
37.805478 0.729000
37.805478 0.730000
37.834335 0.730000
37.834335 0.731000
37.835632 0.731000
37.835632 0.732000
37.856306 0.732000
37.856306 0.733000
37.857365 0.733000
37.857365 0.734000
37.875515 0.734000
37.875515 0.735000
37.927389 0.735000
37.927389 0.736000
37.941855 0.736000
37.941855 0.737000
37.952322 0.737000
37.952322 0.738000
37.953375 0.738000
37.953375 0.739000
37.968239 0.739000
37.968239 0.740000
37.984421 0.740000
37.984421 0.741000
38.014235 0.741000
38.014235 0.742000
38.025508 0.742000
38.025508 0.743000
38.060106 0.743000
38.060106 0.744000
38.064809 0.744000
38.064809 0.745000
38.091071 0.745000
38.091071 0.746000
38.108137 0.746000
38.108137 0.747000
38.139321 0.747000
38.139321 0.748000
38.143126 0.748000
38.143126 0.749000
38.166246 0.749000
38.166246 0.750000
38.240115 0.750000
38.240115 0.751000
38.252690 0.751000
38.252690 0.752000
38.319251 0.752000
38.319251 0.753000
38.322235 0.753000
38.322235 0.754000
38.349445 0.754000
38.349445 0.755000
38.372615 0.755000
38.372615 0.756000
38.487138 0.756000
38.487138 0.757000
38.497475 0.757000
38.497475 0.758000
38.499206 0.758000
38.499206 0.759000
38.506156 0.759000
38.506156 0.760000
38.539705 0.760000
38.539705 0.761000
38.546883 0.761000
38.546883 0.762000
38.585172 0.762000
38.585172 0.763000
38.603936 0.763000
38.603936 0.764000
38.613380 0.764000
38.613380 0.765000
38.651858 0.765000
38.651858 0.766000
38.685473 0.766000
38.685473 0.767000
38.703619 0.767000
38.703619 0.768000
38.726136 0.768000
38.726136 0.769000
38.744842 0.769000
38.744842 0.770000
38.778743 0.770000
38.778743 0.771000
38.800364 0.771000
38.800364 0.772000
38.806916 0.772000
38.806916 0.773000
38.849142 0.773000
38.849142 0.774000
38.885706 0.774000
38.885706 0.775000
38.986341 0.775000
38.986341 0.776000
38.988823 0.776000
38.988823 0.777000
38.991310 0.777000
38.991310 0.778000
38.993801 0.778000
38.993801 0.779000
38.996295 0.779000
38.996295 0.780000
38.998794 0.780000
38.998794 0.781000
39.031667 0.781000
39.031667 0.782000
39.086330 0.782000
39.086330 0.783000
39.096968 0.783000
39.096968 0.784000
39.110369 0.784000
39.110369 0.785000
39.126606 0.785000
39.126606 0.786000
39.156821 0.786000
39.156821 0.787000
39.179167 0.787000
39.179167 0.788000
39.221935 0.788000
39.221935 0.789000
39.304948 0.789000
39.304948 0.790000
39.474473 0.790000
39.474473 0.791000
39.484594 0.791000
39.484594 0.792000
39.494774 0.792000
39.494774 0.793000
39.519147 0.793000
39.519147 0.794000
39.564200 0.794000
39.564200 0.795000
40.030924 0.795000
40.030924 0.796000
40.187918 0.796000
40.187918 0.797000
40.248539 0.797000
40.248539 0.798000
40.383769 0.798000
40.383769 0.799000
40.602401 0.799000
40.602401 0.800000
40.613060 0.800000
40.613060 0.801000
40.657168 0.801000
40.657168 0.802000
40.749060 0.802000
40.749060 0.803000
40.805478 0.803000
40.805478 0.804000
40.843096 0.804000
40.843096 0.805000
40.884290 0.805000
40.884290 0.806000
40.889201 0.806000
40.889201 0.807000
40.930471 0.807000
40.930471 0.808000
41.027778 0.808000
41.027778 0.809000
41.040381 0.809000
41.040381 0.810000
41.041507 0.810000
41.041507 0.811000
41.043813 0.811000
41.043813 0.812000
41.055424 0.812000
41.055424 0.813000
41.055424 0.813000
41.055424 0.814000
41.067169 0.814000
41.067169 0.815000
41.068351 0.815000
41.068351 0.816000
41.095918 0.816000
41.095918 0.817000
41.099569 0.817000
41.099569 0.818000
41.106908 0.818000
41.106908 0.819000
41.149498 0.819000
41.149498 0.820000
41.189409 0.820000
41.189409 0.821000
41.216746 0.821000
41.216746 0.822000
41.255503 0.822000
41.255503 0.823000
41.295654 0.823000
41.295654 0.824000
41.297114 0.824000
41.297114 0.825000
41.304446 0.825000
41.304446 0.826000
41.341822 0.826000
41.341822 0.827000
41.382013 0.827000
41.382013 0.828000
41.386740 0.828000
41.386740 0.829000
41.426882 0.829000
41.426882 0.830000
41.441668 0.830000
41.441668 0.831000
41.502676 0.831000
41.502676 0.832000
41.541691 0.832000
41.541691 0.833000
41.550488 0.833000
41.550488 0.834000
41.622894 0.834000
41.622894 0.835000
41.657728 0.835000
41.657728 0.836000
41.705650 0.836000
41.705650 0.837000
41.707685 0.837000
41.707685 0.838000
41.738578 0.838000
41.738578 0.839000
41.746936 0.839000
41.746936 0.840000
41.778743 0.840000
41.778743 0.841000
41.791675 0.841000
41.791675 0.842000
41.804728 0.842000
41.804728 0.843000
41.828982 0.843000
41.828982 0.844000
41.862744 0.844000
41.862744 0.845000
41.906692 0.845000
41.906692 0.846000
41.913755 0.846000
41.913755 0.847000
41.929687 0.847000
41.929687 0.848000
41.937553 0.848000
41.937553 0.849000
41.991310 0.849000
41.991310 0.850000
42.078400 0.850000
42.078400 0.851000
42.096968 0.851000
42.096968 0.852000
42.115763 0.852000
42.115763 0.853000
42.121175 0.853000
42.121175 0.854000
42.207551 0.854000
42.207551 0.855000
42.311689 0.855000
42.311689 0.856000
42.314098 0.856000
42.314098 0.857000
42.369315 0.857000
42.369315 0.858000
42.398801 0.858000
42.398801 0.859000
42.494774 0.859000
42.494774 0.860000
42.498172 0.860000
42.498172 0.861000
42.607203 0.861000
42.607203 0.862000
42.778203 0.862000
42.778203 0.863000
42.910070 0.863000
42.910070 0.864000
42.946837 0.864000
42.946837 0.865000
43.003487 0.865000
43.003487 0.866000
43.026624 0.866000
43.026624 0.867000
43.238483 0.867000
43.238483 0.868000
43.689527 0.868000
43.689527 0.869000
43.694235 0.869000
43.694235 0.870000
43.728110 0.870000
43.728110 0.871000
43.774572 0.871000
43.774572 0.872000
43.827241 0.872000
43.827241 0.873000
43.845910 0.873000
43.845910 0.874000
43.848734 0.874000
43.848734 0.875000
43.891173 0.875000
43.891173 0.876000
43.909108 0.876000
43.909108 0.877000
43.974680 0.877000
43.974680 0.878000
44.001467 0.878000
44.001467 0.879000
44.053091 0.879000
44.053091 0.880000
44.109366 0.880000
44.109366 0.881000
44.157195 0.881000
44.157195 0.882000
44.157969 0.882000
44.157969 0.883000
44.227681 0.883000
44.227681 0.884000
44.269679 0.884000
44.269679 0.885000
44.294195 0.885000
44.294195 0.886000
44.415506 0.886000
44.415506 0.887000
44.451627 0.887000
44.451627 0.888000
44.478589 0.888000
44.478589 0.889000
44.532609 0.889000
44.532609 0.890000
44.568667 0.890000
44.568667 0.891000
44.592693 0.891000
44.592693 0.892000
44.761688 0.892000
44.761688 0.893000
44.820114 0.893000
44.820114 0.894000
44.837906 0.894000
44.837906 0.895000
44.880274 0.895000
44.880274 0.896000
44.925605 0.896000
44.925605 0.897000
45.013877 0.897000
45.013877 0.898000
45.018938 0.898000
45.018938 0.899000
45.086330 0.899000
45.086330 0.900000
45.236450 0.900000
45.236450 0.901000
45.314098 0.901000
45.314098 0.902000
45.334315 0.902000
45.334315 0.903000
45.344971 0.903000
45.344971 0.904000
45.344971 0.904000
45.344971 0.905000
45.385981 0.905000
45.385981 0.906000
46.486616 0.906000
46.486616 0.907000
46.526473 0.907000
46.526473 0.908000
46.532897 0.908000
46.532897 0.909000
46.699008 0.909000
46.699008 0.910000
46.817889 0.910000
46.817889 0.911000
46.872608 0.911000
46.872608 0.912000
46.951271 0.912000
46.951271 0.913000
47.022113 0.913000
47.022113 0.914000
47.124237 0.914000
47.124237 0.915000
47.174064 0.915000
47.174064 0.916000
47.242897 0.916000
47.242897 0.917000
47.247083 0.917000
47.247083 0.918000
47.329729 0.918000
47.329729 0.919000
47.335760 0.919000
47.335760 0.920000
47.343774 0.920000
47.343774 0.921000
47.382013 0.921000
47.382013 0.922000
47.485423 0.922000
47.485423 0.923000
47.509645 0.923000
47.509645 0.924000
47.543289 0.924000
47.543289 0.925000
47.634402 0.925000
47.634402 0.926000
47.667570 0.926000
47.667570 0.927000
47.689484 0.927000
47.689484 0.928000
47.759619 0.928000
47.759619 0.929000
47.869594 0.929000
47.869594 0.930000
48.062662 0.930000
48.062662 0.931000
48.216166 0.931000
48.216166 0.932000
48.310581 0.932000
48.310581 0.933000
49.014350 0.933000
49.014350 0.934000
49.133801 0.934000
49.133801 0.935000
49.644425 0.935000
49.644425 0.936000
49.759117 0.936000
49.759117 0.937000
49.808235 0.937000
49.808235 0.938000
49.873576 0.938000
49.873576 0.939000
49.883311 0.939000
49.883311 0.940000
49.893275 0.940000
49.893275 0.941000
49.893467 0.941000
49.893467 0.942000
50.070719 0.942000
50.070719 0.943000
50.141915 0.943000
50.141915 0.944000
50.326866 0.944000
50.326866 0.945000
50.344865 0.945000
50.344865 0.946000
50.630555 0.946000
50.630555 0.947000
50.778930 0.947000
50.778930 0.948000
50.840146 0.948000
50.840146 0.949000
50.878778 0.949000
50.878778 0.950000
51.317160 0.950000
51.317160 0.951000
52.670881 0.951000
52.670881 0.952000
52.681707 0.952000
52.681707 0.953000
52.722372 0.953000
52.722372 0.954000
52.743042 0.954000
52.743042 0.955000
52.765078 0.955000
52.765078 0.956000
52.883311 0.956000
52.883311 0.957000
52.934595 0.957000
52.934595 0.958000
52.967170 0.958000
52.967170 0.959000
52.988829 0.959000
52.988829 0.960000
53.049602 0.960000
53.049602 0.961000
53.052006 0.961000
53.052006 0.962000
53.118015 0.962000
53.118015 0.963000
53.346390 0.963000
53.346390 0.964000
53.410663 0.964000
53.410663 0.965000
53.500940 0.965000
53.500940 0.966000
53.509645 0.966000
53.509645 0.967000
53.620985 0.967000
53.620985 0.968000
54.039357 0.968000
54.039357 0.969000
54.382791 0.969000
54.382791 0.970000
54.384098 0.970000
54.384098 0.971000
55.644425 0.971000
55.644425 0.972000
56.010878 0.972000
56.010878 0.973000
56.081443 0.973000
56.081443 0.974000
56.471793 0.974000
56.471793 0.975000
56.494020 0.975000
56.494020 0.976000
56.594560 0.976000
56.594560 0.977000
56.892667 0.977000
56.892667 0.978000
56.991310 0.978000
56.991310 0.979000
57.130013 0.979000
57.130013 0.980000
57.368193 0.980000
57.368193 0.981000
59.015357 0.981000
59.015357 0.982000
59.511393 0.982000
59.511393 0.983000
61.985509 0.983000
61.985509 0.984000
64.743042 0.984000
64.743042 0.985000
65.046125 0.985000
65.046125 0.986000
65.317762 0.986000
65.317762 0.987000
65.354042 0.987000
65.354042 0.988000
65.463350 0.988000
65.463350 0.989000
66.081039 0.989000
66.081039 0.990000
66.320227 0.990000
66.320227 0.991000
67.929442 0.991000
67.929442 0.992000
68.527240 0.992000
68.527240 0.993000
70.586333 0.993000
70.586333 0.994000
80.017375 0.994000
80.017375 0.995000
80.465949 0.995000
80.465949 0.996000
86.966631 0.996000
86.966631 0.997000
89.354042 0.997000
89.354042 0.998000
120.000000 0.998000
120.000000 0.999000
120.000000 0.999000
120.000000 1.000000
