2538.965274 0.000000
2538.965274 0.001000
2713.497091 0.001000
2713.497091 0.002000
2873.937618 0.002000
2873.937618 0.003000
3104.034001 0.003000
3104.034001 0.004000
3742.758590 0.004000
3742.758590 0.005000
3786.792685 0.005000
3786.792685 0.006000
3844.323905 0.006000
3844.323905 0.007000
3872.299167 0.007000
3872.299167 0.008000
3912.264312 0.008000
3912.264312 0.009000
3924.361429 0.009000
3924.361429 0.010000
3962.549583 0.010000
3962.549583 0.011000
4003.772677 0.011000
4003.772677 0.012000
4013.350344 0.012000
4013.350344 0.013000
4013.677267 0.013000
4013.677267 0.014000
4017.295663 0.014000
4017.295663 0.015000
4036.055433 0.015000
4036.055433 0.016000
4036.260665 0.016000
4036.260665 0.017000
4038.049150 0.017000
4038.049150 0.018000
4041.697045 0.018000
4041.697045 0.019000
4043.023767 0.019000
4043.023767 0.020000
4046.277243 0.020000
4046.277243 0.021000
4046.470651 0.021000
4046.470651 0.022000
4048.708681 0.022000
4048.708681 0.023000
4049.843942 0.023000
4049.843942 0.024000
4051.160855 0.024000
4051.160855 0.025000
4053.625058 0.025000
4053.625058 0.026000
4054.495657 0.026000
4054.495657 0.027000
4056.008882 0.027000
4056.008882 0.028000
4059.932199 0.028000
4059.932199 0.029000
4063.227529 0.029000
4063.227529 0.030000
4065.355537 0.030000
4065.355537 0.031000
4067.477702 0.031000
4067.477702 0.032000
4068.386999 0.032000
4068.386999 0.033000
4070.341000 0.033000
4070.341000 0.034000
4073.836052 0.034000
4073.836052 0.035000
4074.817286 0.035000
4074.817286 0.036000
4076.649483 0.036000
4076.649483 0.037000
4077.649591 0.037000
4077.649591 0.038000
4079.409258 0.038000
4079.409258 0.039000
4079.649833 0.039000
4079.649833 0.040000
4080.150015 0.040000
4080.150015 0.041000
4084.514118 0.041000
4084.514118 0.042000
4084.987244 0.042000
4084.987244 0.043000
4085.260068 0.043000
4085.260068 0.044000
4085.489006 0.044000
4085.489006 0.045000
4086.128331 0.045000
4086.128331 0.046000
4086.128331 0.046000
4086.128331 0.047000
4086.651080 0.047000
4086.651080 0.048000
4086.651080 0.048000
4086.651080 0.049000
4087.178326 0.049000
4087.178326 0.050000
4088.129133 0.050000
4088.129133 0.051000
4088.175598 0.051000
4088.175598 0.052000
4089.398159 0.052000
4089.398159 0.053000
4089.398159 0.053000
4089.398159 0.054000
4090.111798 0.054000
4090.111798 0.055000
4090.579546 0.055000
4090.579546 0.056000
4091.496389 0.056000
4091.496389 0.057000
4091.608303 0.057000
4091.608303 0.058000
4091.785332 0.058000
4091.785332 0.059000
4092.168184 0.059000
4092.168184 0.060000
4092.168184 0.060000
4092.168184 0.061000
4092.389178 0.061000
4092.389178 0.062000
4092.489178 0.062000
4092.489178 0.063000
4092.826846 0.063000
4092.826846 0.064000
4094.314766 0.064000
4094.314766 0.065000
4094.319516 0.065000
4094.319516 0.066000
4094.521927 0.066000
4094.521927 0.067000
4095.337577 0.067000
4095.337577 0.068000
4095.936013 0.068000
4095.936013 0.069000
4095.936013 0.069000
4095.936013 0.070000
4096.523399 0.070000
4096.523399 0.071000
4097.871736 0.071000
4097.871736 0.072000
4103.024278 0.072000
4103.024278 0.073000
4103.179084 0.073000
4103.179084 0.074000
4103.492123 0.074000
4103.492123 0.075000
4104.276030 0.075000
4104.276030 0.076000
4105.065421 0.076000
4105.065421 0.077000
4106.364067 0.077000
4106.364067 0.078000
4106.375890 0.078000
4106.375890 0.079000
4106.760584 0.079000
4106.760584 0.080000
4106.872737 0.080000
4106.872737 0.081000
4107.061819 0.081000
4107.061819 0.082000
4108.478323 0.082000
4108.478323 0.083000
4109.704267 0.083000
4109.704267 0.084000
4109.998879 0.084000
4109.998879 0.085000
4111.804824 0.085000
4111.804824 0.086000
4111.804824 0.086000
4111.804824 0.087000
4111.903480 0.087000
4111.903480 0.088000
4112.969083 0.088000
4112.969083 0.089000
4113.156570 0.089000
4113.156570 0.090000
4114.463634 0.090000
4114.463634 0.091000
4117.229390 0.091000
4117.229390 0.092000
4117.561668 0.092000
4117.561668 0.093000
4117.848155 0.093000
4117.848155 0.094000
4118.414859 0.094000
4118.414859 0.095000
4118.631311 0.095000
4118.631311 0.096000
4118.710099 0.096000
4118.710099 0.097000
4119.141381 0.097000
4119.141381 0.098000
4119.231812 0.098000
4119.231812 0.099000
4120.990868 0.099000
4120.990868 0.100000
4121.497599 0.100000
4121.497599 0.101000
4122.704746 0.101000
4122.704746 0.102000
4123.641387 0.102000
4123.641387 0.103000
4123.845677 0.103000
4123.845677 0.104000
4124.082302 0.104000
4124.082302 0.105000
4124.777518 0.105000
4124.777518 0.106000
4125.000273 0.106000
4125.000273 0.107000
4125.903293 0.107000
4125.903293 0.108000
4126.386682 0.108000
4126.386682 0.109000
4126.526787 0.109000
4126.526787 0.110000
4128.375557 0.110000
4128.375557 0.111000
4128.439447 0.111000
4128.439447 0.112000
4128.575373 0.112000
4128.575373 0.113000
4128.578306 0.113000
4128.578306 0.114000
4129.180128 0.114000
4129.180128 0.115000
4129.434927 0.115000
4129.434927 0.116000
4129.556113 0.116000
4129.556113 0.117000
4130.188825 0.117000
4130.188825 0.118000
4130.691888 0.118000
4130.691888 0.119000
4132.665630 0.119000
4132.665630 0.120000
4133.324947 0.120000
4133.324947 0.121000
4134.058778 0.121000
4134.058778 0.122000
4134.762799 0.122000
4134.762799 0.123000
4135.436933 0.123000
4135.436933 0.124000
4135.657494 0.124000
4135.657494 0.125000
4135.668594 0.125000
4135.668594 0.126000
4135.765137 0.126000
4135.765137 0.127000
4135.926576 0.127000
4135.926576 0.128000
4136.182747 0.128000
4136.182747 0.129000
4136.390337 0.129000
4136.390337 0.130000
4136.689731 0.130000
4136.689731 0.131000
4137.926800 0.131000
4137.926800 0.132000
4137.960902 0.132000
4137.960902 0.133000
4138.523399 0.133000
4138.523399 0.134000
4139.589172 0.134000
4139.589172 0.135000
4139.673600 0.135000
4139.673600 0.136000
4139.986169 0.136000
4139.986169 0.137000
4140.045788 0.137000
4140.045788 0.138000
4140.049930 0.138000
4140.049930 0.139000
4140.414136 0.139000
4140.414136 0.140000
4140.691831 0.140000
4140.691831 0.141000
4141.396175 0.141000
4141.396175 0.142000
4141.615448 0.142000
4141.615448 0.143000
4141.833302 0.143000
4141.833302 0.144000
4141.842489 0.144000
4141.842489 0.145000
4142.288362 0.145000
4142.288362 0.146000
4142.901752 0.146000
4142.901752 0.147000
4143.526640 0.147000
4143.526640 0.148000
4143.732316 0.148000
4143.732316 0.149000
4144.390084 0.149000
4144.390084 0.150000
4145.424613 0.150000
4145.424613 0.151000
4145.549619 0.151000
4145.549619 0.152000
4146.312342 0.152000
4146.312342 0.153000
4146.339127 0.153000
4146.339127 0.154000
4146.670558 0.154000
4146.670558 0.155000
4147.800723 0.155000
4147.800723 0.156000
4148.005515 0.156000
4148.005515 0.157000
4148.151336 0.157000
4148.151336 0.158000
4148.619526 0.158000
4148.619526 0.159000
4148.877931 0.159000
4148.877931 0.160000
4149.344140 0.160000
4149.344140 0.161000
4149.495380 0.161000
4149.495380 0.162000
4150.414527 0.162000
4150.414527 0.163000
4150.564489 0.163000
4150.564489 0.164000
4150.658536 0.164000
4150.658536 0.165000
4151.054262 0.165000
4151.054262 0.166000
4151.410051 0.166000
4151.410051 0.167000
4151.971128 0.167000
4151.971128 0.168000
4152.257696 0.168000
4152.257696 0.169000
4152.474310 0.169000
4152.474310 0.170000
4152.697976 0.170000
4152.697976 0.171000
4153.044307 0.171000
4153.044307 0.172000
4153.055667 0.172000
4153.055667 0.173000
4153.237962 0.173000
4153.237962 0.174000
4153.954175 0.174000
4153.954175 0.175000
4154.327688 0.175000
4154.327688 0.176000
4154.353084 0.176000
4154.353084 0.177000
4154.652863 0.177000
4154.652863 0.178000
4155.817846 0.178000
4155.817846 0.179000
4156.277238 0.179000
4156.277238 0.180000
4156.778462 0.180000
4156.778462 0.181000
4156.798259 0.181000
4156.798259 0.182000
4156.837066 0.182000
4156.837066 0.183000
4157.458889 0.183000
4157.458889 0.184000
4158.671193 0.184000
4158.671193 0.185000
4158.788996 0.185000
4158.788996 0.186000
4159.562460 0.186000
4159.562460 0.187000
4160.394726 0.187000
4160.394726 0.188000
4160.767285 0.188000
4160.767285 0.189000
4161.013337 0.189000
4161.013337 0.190000
4161.158990 0.190000
4161.158990 0.191000
4161.234025 0.191000
4161.234025 0.192000
4161.485067 0.192000
4161.485067 0.193000
4162.315568 0.193000
4162.315568 0.194000
4163.916295 0.194000
4163.916295 0.195000
4164.263304 0.195000
4164.263304 0.196000
4164.903695 0.196000
4164.903695 0.197000
4165.494418 0.197000
4165.494418 0.198000
4165.786610 0.198000
4165.786610 0.199000
4166.681517 0.199000
4166.681517 0.200000
4166.703872 0.200000
4166.703872 0.201000
4166.802621 0.201000
4166.802621 0.202000
4167.441049 0.202000
4167.441049 0.203000
4167.529473 0.203000
4167.529473 0.204000
4167.654047 0.204000
4167.654047 0.205000
4167.799254 0.205000
4167.799254 0.206000
4167.959342 0.206000
4167.959342 0.207000
4167.982130 0.207000
4167.982130 0.208000
4169.188440 0.208000
4169.188440 0.209000
4169.302754 0.209000
4169.302754 0.210000
4169.360414 0.210000
4169.360414 0.211000
4169.462805 0.211000
4169.462805 0.212000
4169.525136 0.212000
4169.525136 0.213000
4169.720761 0.213000
4169.720761 0.214000
4169.806885 0.214000
4169.806885 0.215000
4170.184492 0.215000
4170.184492 0.216000
4170.415446 0.216000
4170.415446 0.217000
4171.481175 0.217000
4171.481175 0.218000
4171.928330 0.218000
4171.928330 0.219000
4173.310877 0.219000
4173.310877 0.220000
4173.864663 0.220000
4173.864663 0.221000
4174.139928 0.221000
4174.139928 0.222000
4174.358105 0.222000
4174.358105 0.223000
4175.179586 0.223000
4175.179586 0.224000
4175.229918 0.224000
4175.229918 0.225000
4175.410986 0.225000
4175.410986 0.226000
4175.590992 0.226000
4175.590992 0.227000
4175.769945 0.227000
4175.769945 0.228000
4175.855856 0.228000
4175.855856 0.229000
4176.649235 0.229000
4176.649235 0.230000
4176.649235 0.230000
4176.649235 0.231000
4177.181598 0.231000
4177.181598 0.232000
4177.337162 0.232000
4177.337162 0.233000
4177.769537 0.233000
4177.769537 0.234000
4178.562352 0.234000
4178.562352 0.235000
4178.810659 0.235000
4178.810659 0.236000
4179.362851 0.236000
4179.362851 0.237000
4179.412041 0.237000
4179.412041 0.238000
4179.503160 0.238000
4179.503160 0.239000
4179.521442 0.239000
4179.521442 0.240000
4179.958357 0.240000
4179.958357 0.241000
4180.232121 0.241000
4180.232121 0.242000
4180.343221 0.242000
4180.343221 0.243000
4180.781020 0.243000
4180.781020 0.244000
4181.031143 0.244000
4181.031143 0.245000
4181.644426 0.245000
4181.644426 0.246000
4182.255623 0.246000
4182.255623 0.247000
4182.602331 0.247000
4182.602331 0.248000
4182.637628 0.248000
4182.637628 0.249000
4182.938587 0.249000
4182.938587 0.250000
4182.979692 0.250000
4182.979692 0.251000
4183.252617 0.251000
4183.252617 0.252000
4183.534655 0.252000
4183.534655 0.253000
4183.891357 0.253000
4183.891357 0.254000
4183.943669 0.254000
4183.943669 0.255000
4184.040022 0.255000
4184.040022 0.256000
4184.081630 0.256000
4184.081630 0.257000
4184.886183 0.257000
4184.886183 0.258000
4184.887491 0.258000
4184.887491 0.259000
4185.052980 0.259000
4185.052980 0.260000
4186.707215 0.260000
4186.707215 0.261000
4187.205008 0.261000
4187.205008 0.262000
4187.328154 0.262000
4187.328154 0.263000
4187.383858 0.263000
4187.383858 0.264000
4188.075204 0.264000
4188.075204 0.265000
4188.099943 0.265000
4188.099943 0.266000
4189.147475 0.266000
4189.147475 0.267000
4189.524639 0.267000
4189.524639 0.268000
4190.080107 0.268000
4190.080107 0.269000
4190.254142 0.269000
4190.254142 0.270000
4190.323037 0.270000
4190.323037 0.271000
4190.356197 0.271000
4190.356197 0.272000
4190.431531 0.272000
4190.431531 0.273000
4190.623940 0.273000
4190.623940 0.274000
4190.929891 0.274000
4190.929891 0.275000
4191.211712 0.275000
4191.211712 0.276000
4191.481025 0.276000
4191.481025 0.277000
4191.709870 0.277000
4191.709870 0.278000
4191.873149 0.278000
4191.873149 0.279000
4192.037376 0.279000
4192.037376 0.280000
4192.312572 0.280000
4192.312572 0.281000
4192.623281 0.281000
4192.623281 0.282000
4192.891499 0.282000
4192.891499 0.283000
4192.990339 0.283000
4192.990339 0.284000
4193.501352 0.284000
4193.501352 0.285000
4193.996420 0.285000
4193.996420 0.286000
4194.597363 0.286000
4194.597363 0.287000
4194.797861 0.287000
4194.797861 0.288000
4196.967992 0.288000
4196.967992 0.289000
4197.119903 0.289000
4197.119903 0.290000
4197.573171 0.290000
4197.573171 0.291000
4197.766601 0.291000
4197.766601 0.292000
4197.920067 0.292000
4197.920067 0.293000
4198.327611 0.293000
4198.327611 0.294000
4198.464871 0.294000
4198.464871 0.295000
4199.015173 0.295000
4199.015173 0.296000
4199.061087 0.296000
4199.061087 0.297000
4199.293674 0.297000
4199.293674 0.298000
4199.380871 0.298000
4199.380871 0.299000
4199.706862 0.299000
4199.706862 0.300000
4199.796196 0.300000
4199.796196 0.301000
4199.936697 0.301000
4199.936697 0.302000
4200.691317 0.302000
4200.691317 0.303000
4202.054770 0.303000
4202.054770 0.304000
4203.525942 0.304000
4203.525942 0.305000
4203.670522 0.305000
4203.670522 0.306000
4204.067748 0.306000
4204.067748 0.307000
4204.098558 0.307000
4204.098558 0.308000
4204.200558 0.308000
4204.200558 0.309000
4204.822197 0.309000
4204.822197 0.310000
4204.978577 0.310000
4204.978577 0.311000
4205.278180 0.311000
4205.278180 0.312000
4205.412557 0.312000
4205.412557 0.313000
4205.886725 0.313000
4205.886725 0.314000
4206.079593 0.314000
4206.079593 0.315000
4206.227029 0.315000
4206.227029 0.316000
4207.686415 0.316000
4207.686415 0.317000
4208.243568 0.317000
4208.243568 0.318000
4208.451135 0.318000
4208.451135 0.319000
4208.618093 0.319000
4208.618093 0.320000
4208.647135 0.320000
4208.647135 0.321000
4209.457963 0.321000
4209.457963 0.322000
4209.652516 0.322000
4209.652516 0.323000
4209.730957 0.323000
4209.730957 0.324000
4210.031579 0.324000
4210.031579 0.325000
4210.065961 0.325000
4210.065961 0.326000
4210.186115 0.326000
4210.186115 0.327000
4210.359787 0.327000
4210.359787 0.328000
4210.631013 0.328000
4210.631013 0.329000
4211.374017 0.329000
4211.374017 0.330000
4211.440316 0.330000
4211.440316 0.331000
4211.550021 0.331000
4211.550021 0.332000
4211.780021 0.332000
4211.780021 0.333000
4211.790704 0.333000
4211.790704 0.334000
4211.920149 0.334000
4211.920149 0.335000
4212.216609 0.335000
4212.216609 0.336000
4212.428278 0.336000
4212.428278 0.337000
4212.681870 0.337000
4212.681870 0.338000
4212.682769 0.338000
4212.682769 0.339000
4212.839208 0.339000
4212.839208 0.340000
4213.136597 0.340000
4213.136597 0.341000
4213.352123 0.341000
4213.352123 0.342000
4213.457202 0.342000
4213.457202 0.343000
4213.558700 0.343000
4213.558700 0.344000
4213.925298 0.344000
4213.925298 0.345000
4214.186000 0.345000
4214.186000 0.346000
4214.471160 0.346000
4214.471160 0.347000
4215.370450 0.347000
4215.370450 0.348000
4216.031022 0.348000
4216.031022 0.349000
4216.239636 0.349000
4216.239636 0.350000
4216.611573 0.350000
4216.611573 0.351000
4216.911872 0.351000
4216.911872 0.352000
4217.087731 0.352000
4217.087731 0.353000
4217.116584 0.353000
4217.116584 0.354000
4218.182091 0.354000
4218.182091 0.355000
4218.182091 0.355000
4218.182091 0.356000
4218.779634 0.356000
4218.779634 0.357000
4219.026175 0.357000
4219.026175 0.358000
4219.930986 0.358000
4219.930986 0.359000
4220.039268 0.359000
4220.039268 0.360000
4220.841469 0.360000
4220.841469 0.361000
4220.985852 0.361000
4220.985852 0.362000
4221.180177 0.362000
4221.180177 0.363000
4221.741827 0.363000
4221.741827 0.364000
4222.836633 0.364000
4222.836633 0.365000
4223.016288 0.365000
4223.016288 0.366000
4223.246172 0.366000
4223.246172 0.367000
4223.375352 0.367000
4223.375352 0.368000
4223.763336 0.368000
4223.763336 0.369000
4223.793794 0.369000
4223.793794 0.370000
4223.799789 0.370000
4223.799789 0.371000
4223.932046 0.371000
4223.932046 0.372000
4224.154550 0.372000
4224.154550 0.373000
4224.192271 0.373000
4224.192271 0.374000
4224.567114 0.374000
4224.567114 0.375000
4224.603012 0.375000
4224.603012 0.376000
4224.721978 0.376000
4224.721978 0.377000
4224.828498 0.377000
4224.828498 0.378000
4224.858374 0.378000
4224.858374 0.379000
4224.943867 0.379000
4224.943867 0.380000
4226.007088 0.380000
4226.007088 0.381000
4226.027641 0.381000
4226.027641 0.382000
4226.088926 0.382000
4226.088926 0.383000
4226.907193 0.383000
4226.907193 0.384000
4226.975201 0.384000
4226.975201 0.385000
4227.338389 0.385000
4227.338389 0.386000
4228.813017 0.386000
4228.813017 0.387000
4229.403039 0.387000
4229.403039 0.388000
4229.569522 0.388000
4229.569522 0.389000
4229.570829 0.389000
4229.570829 0.390000
4229.818700 0.390000
4229.818700 0.391000
4230.177327 0.391000
4230.177327 0.392000
4230.196509 0.392000
4230.196509 0.393000
4230.442169 0.393000
4230.442169 0.394000
4230.580494 0.394000
4230.580494 0.395000
4230.651074 0.395000
4230.651074 0.396000
4230.788280 0.396000
4230.788280 0.397000
4232.203499 0.397000
4232.203499 0.398000
4232.223836 0.398000
4232.223836 0.399000
4232.369718 0.399000
4232.369718 0.400000
4232.820617 0.400000
4232.820617 0.401000
4233.031277 0.401000
4233.031277 0.402000
4233.536683 0.402000
4233.536683 0.403000
4233.886415 0.403000
4233.886415 0.404000
4233.932040 0.404000
4233.932040 0.405000
4234.243711 0.405000
4234.243711 0.406000
4234.774792 0.406000
4234.774792 0.407000
4234.902404 0.407000
4234.902404 0.408000
4234.907554 0.408000
4234.907554 0.409000
4235.029650 0.409000
4235.029650 0.410000
4236.851221 0.410000
4236.851221 0.411000
4236.888499 0.411000
4236.888499 0.412000
4238.047039 0.412000
4238.047039 0.413000
4238.249942 0.413000
4238.249942 0.414000
4238.277099 0.414000
4238.277099 0.415000
4238.356174 0.415000
4238.356174 0.416000
4238.430611 0.416000
4238.430611 0.417000
4238.548585 0.417000
4238.548585 0.418000
4238.579619 0.418000
4238.579619 0.419000
4238.626030 0.419000
4238.626030 0.420000
4238.830566 0.420000
4238.830566 0.421000
4238.952300 0.421000
4238.952300 0.422000
4239.056140 0.422000
4239.056140 0.423000
4239.440001 0.423000
4239.440001 0.424000
4239.490969 0.424000
4239.490969 0.425000
4239.902585 0.425000
4239.902585 0.426000
4240.062970 0.426000
4240.062970 0.427000
4240.087508 0.427000
4240.087508 0.428000
4240.254068 0.428000
4240.254068 0.429000
4240.467939 0.429000
4240.467939 0.430000
4240.799618 0.430000
4240.799618 0.431000
4240.961815 0.431000
4240.961815 0.432000
4241.169157 0.432000
4241.169157 0.433000
4241.199354 0.433000
4241.199354 0.434000
4241.204730 0.434000
4241.204730 0.435000
4241.295004 0.435000
4241.295004 0.436000
4241.878704 0.436000
4241.878704 0.437000
4242.160946 0.437000
4242.160946 0.438000
4242.292765 0.438000
4242.292765 0.439000
4242.431644 0.439000
4242.431644 0.440000
4242.800713 0.440000
4242.800713 0.441000
4243.249569 0.441000
4243.249569 0.442000
4243.281815 0.442000
4243.281815 0.443000
4244.634676 0.443000
4244.634676 0.444000
4244.930679 0.444000
4244.930679 0.445000
4245.338444 0.445000
4245.338444 0.446000
4245.931756 0.446000
4245.931756 0.447000
4245.963013 0.447000
4245.963013 0.448000
4246.086940 0.448000
4246.086940 0.449000
4247.049754 0.449000
4247.049754 0.450000
4247.451331 0.450000
4247.451331 0.451000
4247.476427 0.451000
4247.476427 0.452000
4247.930588 0.452000
4247.930588 0.453000
4248.111359 0.453000
4248.111359 0.454000
4248.298886 0.454000
4248.298886 0.455000
4249.410600 0.455000
4249.410600 0.456000
4249.967286 0.456000
4249.967286 0.457000
4250.169098 0.457000
4250.169098 0.458000
4250.234779 0.458000
4250.234779 0.459000
4250.524419 0.459000
4250.524419 0.460000
4250.969381 0.460000
4250.969381 0.461000
4251.006231 0.461000
4251.006231 0.462000
4251.355897 0.462000
4251.355897 0.463000
4251.856558 0.463000
4251.856558 0.464000
4252.103975 0.464000
4252.103975 0.465000
4252.472956 0.465000
4252.472956 0.466000
4252.711778 0.466000
4252.711778 0.467000
4252.819525 0.467000
4252.819525 0.468000
4252.835187 0.468000
4252.835187 0.469000
4253.210482 0.469000
4253.210482 0.470000
4253.479037 0.470000
4253.479037 0.471000
4253.957368 0.471000
4253.957368 0.472000
4254.545487 0.472000
4254.545487 0.473000
4254.660265 0.473000
4254.660265 0.474000
4254.860644 0.474000
4254.860644 0.475000
4255.438662 0.475000
4255.438662 0.476000
4255.465701 0.476000
4255.465701 0.477000
4255.570010 0.477000
4255.570010 0.478000
4255.600816 0.478000
4255.600816 0.479000
4255.797587 0.479000
4255.797587 0.480000
4256.338330 0.480000
4256.338330 0.481000
4256.445315 0.481000
4256.445315 0.482000
4257.352747 0.482000
4257.352747 0.483000
4258.038773 0.483000
4258.038773 0.484000
4258.200510 0.484000
4258.200510 0.485000
4258.220946 0.485000
4258.220946 0.486000
4258.272406 0.486000
4258.272406 0.487000
4258.444612 0.487000
4258.444612 0.488000
4258.470074 0.488000
4258.470074 0.489000
4258.602361 0.489000
4258.602361 0.490000
4259.008495 0.490000
4259.008495 0.491000
4259.112247 0.491000
4259.112247 0.492000
4259.687264 0.492000
4259.687264 0.493000
4259.732738 0.493000
4259.732738 0.494000
4259.907709 0.494000
4259.907709 0.495000
4259.922994 0.495000
4259.922994 0.496000
4260.031017 0.496000
4260.031017 0.497000
4260.854761 0.497000
4260.854761 0.498000
4261.333005 0.498000
4261.333005 0.499000
4261.507007 0.499000
4261.507007 0.500000
4261.559299 0.500000
4261.559299 0.501000
4261.796333 0.501000
4261.796333 0.502000
4261.840880 0.502000
4261.840880 0.503000
4261.946743 0.503000
4261.946743 0.504000
4262.208063 0.504000
4262.208063 0.505000
4262.614439 0.505000
4262.614439 0.506000
4262.700883 0.506000
4262.700883 0.507000
4263.731952 0.507000
4263.731952 0.508000
4263.917069 0.508000
4263.917069 0.509000
4264.360841 0.509000
4264.360841 0.510000
4265.196855 0.510000
4265.196855 0.511000
4265.523398 0.511000
4265.523398 0.512000
4265.615268 0.512000
4265.615268 0.513000
4265.803416 0.513000
4265.803416 0.514000
4266.125983 0.514000
4266.125983 0.515000
4266.175021 0.515000
4266.175021 0.516000
4266.509847 0.516000
4266.509847 0.517000
4266.684781 0.517000
4266.684781 0.518000
4267.088002 0.518000
4267.088002 0.519000
4267.779847 0.519000
4267.779847 0.520000
4267.808156 0.520000
4267.808156 0.521000
4268.987233 0.521000
4268.987233 0.522000
4269.967879 0.522000
4269.967879 0.523000
4270.338504 0.523000
4270.338504 0.524000
4270.637274 0.524000
4270.637274 0.525000
4270.818680 0.525000
4270.818680 0.526000
4270.889041 0.526000
4270.889041 0.527000
4271.246135 0.527000
4271.246135 0.528000
4271.313159 0.528000
4271.313159 0.529000
4271.756334 0.529000
4271.756334 0.530000
4272.744673 0.530000
4272.744673 0.531000
4273.005712 0.531000
4273.005712 0.532000
4273.116656 0.532000
4273.116656 0.533000
4273.641833 0.533000
4273.641833 0.534000
4273.830721 0.534000
4273.830721 0.535000
4273.884257 0.535000
4273.884257 0.536000
4274.112176 0.536000
4274.112176 0.537000
4274.115075 0.537000
4274.115075 0.538000
4274.207125 0.538000
4274.207125 0.539000
4274.612093 0.539000
4274.612093 0.540000
4275.095282 0.540000
4275.095282 0.541000
4275.286310 0.541000
4275.286310 0.542000
4275.391281 0.542000
4275.391281 0.543000
4275.522098 0.543000
4275.522098 0.544000
4276.108446 0.544000
4276.108446 0.545000
4276.825982 0.545000
4276.825982 0.546000
4277.105418 0.546000
4277.105418 0.547000
4277.259849 0.547000
4277.259849 0.548000
4277.446261 0.548000
4277.446261 0.549000
4277.627027 0.549000
4277.627027 0.550000
4278.445674 0.550000
4278.445674 0.551000
4279.712621 0.551000
4279.712621 0.552000
4279.759564 0.552000
4279.759564 0.553000
4279.865949 0.553000
4279.865949 0.554000
4279.941659 0.554000
4279.941659 0.555000
4280.288203 0.555000
4280.288203 0.556000
4280.973743 0.556000
4280.973743 0.557000
4281.610800 0.557000
4281.610800 0.558000
4281.666456 0.558000
4281.666456 0.559000
4281.878822 0.559000
4281.878822 0.560000
4281.901397 0.560000
4281.901397 0.561000
4281.903853 0.561000
4281.903853 0.562000
4281.913881 0.562000
4281.913881 0.563000
4282.271822 0.563000
4282.271822 0.564000
4282.340368 0.564000
4282.340368 0.565000
4282.436740 0.565000
4282.436740 0.566000
4282.844396 0.566000
4282.844396 0.567000
4283.000566 0.567000
4283.000566 0.568000
4283.056526 0.568000
4283.056526 0.569000
4283.096096 0.569000
4283.096096 0.570000
4283.506323 0.570000
4283.506323 0.571000
4283.585067 0.571000
4283.585067 0.572000
4283.615654 0.572000
4283.615654 0.573000
4283.816861 0.573000
4283.816861 0.574000
4284.077313 0.574000
4284.077313 0.575000
4284.871809 0.575000
4284.871809 0.576000
4285.071160 0.576000
4285.071160 0.577000
4285.296327 0.577000
4285.296327 0.578000
4285.389443 0.578000
4285.389443 0.579000
4285.799250 0.579000
4285.799250 0.580000
4285.810158 0.580000
4285.810158 0.581000
4285.896421 0.581000
4285.896421 0.582000
4286.055664 0.582000
4286.055664 0.583000
4286.119059 0.583000
4286.119059 0.584000
4286.255117 0.584000
4286.255117 0.585000
4286.283445 0.585000
4286.283445 0.586000
4286.575875 0.586000
4286.575875 0.587000
4286.702432 0.587000
4286.702432 0.588000
4287.009027 0.588000
4287.009027 0.589000
4287.257022 0.589000
4287.257022 0.590000
4287.284913 0.590000
4287.284913 0.591000
4287.476776 0.591000
4287.476776 0.592000
4287.587556 0.592000
4287.587556 0.593000
4287.830870 0.593000
4287.830870 0.594000
4288.121856 0.594000
4288.121856 0.595000
4288.262071 0.595000
4288.262071 0.596000
4288.350623 0.596000
4288.350623 0.597000
4288.399087 0.597000
4288.399087 0.598000
4288.816676 0.598000
4288.816676 0.599000
4288.921926 0.599000
4288.921926 0.600000
4289.006752 0.600000
4289.006752 0.601000
4289.633934 0.601000
4289.633934 0.602000
4289.739583 0.602000
4289.739583 0.603000
4289.754755 0.603000
4289.754755 0.604000
4289.996882 0.604000
4289.996882 0.605000
4290.076503 0.605000
4290.076503 0.606000
4291.167412 0.606000
4291.167412 0.607000
4291.186759 0.607000
4291.186759 0.608000
4291.253781 0.608000
4291.253781 0.609000
4291.946828 0.609000
4291.946828 0.610000
4291.976189 0.610000
4291.976189 0.611000
4292.636668 0.611000
4292.636668 0.612000
4292.641615 0.612000
4292.641615 0.613000
4292.706980 0.613000
4292.706980 0.614000
4292.936885 0.614000
4292.936885 0.615000
4293.168495 0.615000
4293.168495 0.616000
4293.943160 0.616000
4293.943160 0.617000
4294.904644 0.617000
4294.904644 0.618000
4295.178039 0.618000
4295.178039 0.619000
4295.774228 0.619000
4295.774228 0.620000
4296.289443 0.620000
4296.289443 0.621000
4296.433989 0.621000
4296.433989 0.622000
4296.537216 0.622000
4296.537216 0.623000
4296.716081 0.623000
4296.716081 0.624000
4297.061344 0.624000
4297.061344 0.625000
4297.482472 0.625000
4297.482472 0.626000
4297.651975 0.626000
4297.651975 0.627000
4297.707958 0.627000
4297.707958 0.628000
4297.735853 0.628000
4297.735853 0.629000
4297.763685 0.629000
4297.763685 0.630000
4297.988670 0.630000
4297.988670 0.631000
4298.015992 0.631000
4298.015992 0.632000
4298.173654 0.632000
4298.173654 0.633000
4298.200495 0.633000
4298.200495 0.634000
4298.324900 0.634000
4298.324900 0.635000
4298.517943 0.635000
4298.517943 0.636000
4298.557517 0.636000
4298.557517 0.637000
4298.570032 0.637000
4298.570032 0.638000
4298.617335 0.638000
4298.617335 0.639000
4298.621892 0.639000
4298.621892 0.640000
4298.661817 0.640000
4298.661817 0.641000
4299.152922 0.641000
4299.152922 0.642000
4299.230960 0.642000
4299.230960 0.643000
4299.261975 0.643000
4299.261975 0.644000
4299.324631 0.644000
4299.324631 0.645000
4299.568882 0.645000
4299.568882 0.646000
4299.660448 0.646000
4299.660448 0.647000
4299.963526 0.647000
4299.963526 0.648000
4300.092979 0.648000
4300.092979 0.649000
4300.121565 0.649000
4300.121565 0.650000
4300.241717 0.650000
4300.241717 0.651000
4300.346308 0.651000
4300.346308 0.652000
4300.436178 0.652000
4300.436178 0.653000
4300.630345 0.653000
4300.630345 0.654000
4300.691087 0.654000
4300.691087 0.655000
4301.062870 0.655000
4301.062870 0.656000
4301.439786 0.656000
4301.439786 0.657000
4301.593462 0.657000
4301.593462 0.658000
4301.848590 0.658000
4301.848590 0.659000
4302.148710 0.659000
4302.148710 0.660000
4302.405755 0.660000
4302.405755 0.661000
4302.415256 0.661000
4302.415256 0.662000
4302.708942 0.662000
4302.708942 0.663000
4302.983752 0.663000
4302.983752 0.664000
4303.651061 0.664000
4303.651061 0.665000
4303.733241 0.665000
4303.733241 0.666000
4303.871440 0.666000
4303.871440 0.667000
4304.091943 0.667000
4304.091943 0.668000
4304.096782 0.668000
4304.096782 0.669000
4304.146093 0.669000
4304.146093 0.670000
4304.397387 0.670000
4304.397387 0.671000
4304.724127 0.671000
4304.724127 0.672000
4304.980792 0.672000
4304.980792 0.673000
4305.085215 0.673000
4305.085215 0.674000
4305.127153 0.674000
4305.127153 0.675000
4305.413547 0.675000
4305.413547 0.676000
4305.456283 0.676000
4305.456283 0.677000
4305.584227 0.677000
4305.584227 0.678000
4305.634343 0.678000
4305.634343 0.679000
4305.806531 0.679000
4305.806531 0.680000
4306.368357 0.680000
4306.368357 0.681000
4306.414770 0.681000
4306.414770 0.682000
4306.579579 0.682000
4306.579579 0.683000
4306.885220 0.683000
4306.885220 0.684000
4306.905450 0.684000
4306.905450 0.685000
4306.947293 0.685000
4306.947293 0.686000
4307.366639 0.686000
4307.366639 0.687000
4307.378219 0.687000
4307.378219 0.688000
4307.563032 0.688000
4307.563032 0.689000
4307.707949 0.689000
4307.707949 0.690000
4307.743468 0.690000
4307.743468 0.691000
4307.833678 0.691000
4307.833678 0.692000
4308.085833 0.692000
4308.085833 0.693000
4308.275208 0.693000
4308.275208 0.694000
4308.367834 0.694000
4308.367834 0.695000
4308.572505 0.695000
4308.572505 0.696000
4308.808129 0.696000
4308.808129 0.697000
4309.063291 0.697000
4309.063291 0.698000
4309.410953 0.698000
4309.410953 0.699000
4310.157234 0.699000
4310.157234 0.700000
4310.412797 0.700000
4310.412797 0.701000
4310.567706 0.701000
4310.567706 0.702000
4310.915515 0.702000
4310.915515 0.703000
4311.151744 0.703000
4311.151744 0.704000
4311.413208 0.704000
4311.413208 0.705000
4311.493180 0.705000
4311.493180 0.706000
4311.578145 0.706000
4311.578145 0.707000
4311.744476 0.707000
4311.744476 0.708000
4311.912547 0.708000
4311.912547 0.709000
4312.103428 0.709000
4312.103428 0.710000
4312.223066 0.710000
4312.223066 0.711000
4312.970770 0.711000
4312.970770 0.712000
4313.007807 0.712000
4313.007807 0.713000
4313.148175 0.713000
4313.148175 0.714000
4313.244809 0.714000
4313.244809 0.715000
4313.455091 0.715000
4313.455091 0.716000
4313.469253 0.716000
4313.469253 0.717000
4313.479481 0.717000
4313.479481 0.718000
4313.970996 0.718000
4313.970996 0.719000
4314.406902 0.719000
4314.406902 0.720000
4314.438810 0.720000
4314.438810 0.721000
4314.448364 0.721000
4314.448364 0.722000
4314.727762 0.722000
4314.727762 0.723000
4315.030629 0.723000
4315.030629 0.724000
4315.108288 0.724000
4315.108288 0.725000
4315.601560 0.725000
4315.601560 0.726000
4315.873546 0.726000
4315.873546 0.727000
4315.951376 0.727000
4315.951376 0.728000
4316.082326 0.728000
4316.082326 0.729000
4316.227274 0.729000
4316.227274 0.730000
4316.469942 0.730000
4316.469942 0.731000
4316.919026 0.731000
4316.919026 0.732000
4317.555318 0.732000
4317.555318 0.733000
4317.559350 0.733000
4317.559350 0.734000
4318.572044 0.734000
4318.572044 0.735000
4319.005571 0.735000
4319.005571 0.736000
4319.124080 0.736000
4319.124080 0.737000
4319.293294 0.737000
4319.293294 0.738000
4319.505045 0.738000
4319.505045 0.739000
4319.844831 0.739000
4319.844831 0.740000
4319.844831 0.740000
4319.844831 0.741000
4320.144385 0.741000
4320.144385 0.742000
4320.499177 0.742000
4320.499177 0.743000
4320.819287 0.743000
4320.819287 0.744000
4320.896868 0.744000
4320.896868 0.745000
4321.240765 0.745000
4321.240765 0.746000
4321.877567 0.746000
4321.877567 0.747000
4321.891169 0.747000
4321.891169 0.748000
4322.340272 0.748000
4322.340272 0.749000
4322.799466 0.749000
4322.799466 0.750000
4323.802509 0.750000
4323.802509 0.751000
4324.044630 0.751000
4324.044630 0.752000
4324.101038 0.752000
4324.101038 0.753000
4325.041393 0.753000
4325.041393 0.754000
4325.500230 0.754000
4325.500230 0.755000
4325.549974 0.755000
4325.549974 0.756000
4325.565800 0.756000
4325.565800 0.757000
4325.625313 0.757000
4325.625313 0.758000
4326.263098 0.758000
4326.263098 0.759000
4326.613295 0.759000
4326.613295 0.760000
4327.748380 0.760000
4327.748380 0.761000
4328.446819 0.761000
4328.446819 0.762000
4328.464795 0.762000
4328.464795 0.763000
4328.644576 0.763000
4328.644576 0.764000
4329.579990 0.764000
4329.579990 0.765000
4329.785788 0.765000
4329.785788 0.766000
4329.912348 0.766000
4329.912348 0.767000
4329.943033 0.767000
4329.943033 0.768000
4330.152891 0.768000
4330.152891 0.769000
4331.032508 0.769000
4331.032508 0.770000
4331.036530 0.770000
4331.036530 0.771000
4331.056603 0.771000
4331.056603 0.772000
4331.350484 0.772000
4331.350484 0.773000
4332.023312 0.773000
4332.023312 0.774000
4332.296386 0.774000
4332.296386 0.775000
4332.705997 0.775000
4332.705997 0.776000
4332.893735 0.776000
4332.893735 0.777000
4333.124052 0.777000
4333.124052 0.778000
4333.235649 0.778000
4333.235649 0.779000
4333.304915 0.779000
4333.304915 0.780000
4333.416459 0.780000
4333.416459 0.781000
4333.442521 0.781000
4333.442521 0.782000
4333.917361 0.782000
4333.917361 0.783000
4334.727186 0.783000
4334.727186 0.784000
4335.001859 0.784000
4335.001859 0.785000
4335.034548 0.785000
4335.034548 0.786000
4335.966746 0.786000
4335.966746 0.787000
4335.966746 0.787000
4335.966746 0.788000
4336.139778 0.788000
4336.139778 0.789000
4336.307597 0.789000
4336.307597 0.790000
4336.365669 0.790000
4336.365669 0.791000
4336.399733 0.791000
4336.399733 0.792000
4336.491813 0.792000
4336.491813 0.793000
4336.507767 0.793000
4336.507767 0.794000
4336.548855 0.794000
4336.548855 0.795000
4336.562243 0.795000
4336.562243 0.796000
4336.671393 0.796000
4336.671393 0.797000
4337.004925 0.797000
4337.004925 0.798000
4337.377453 0.798000
4337.377453 0.799000
4337.490265 0.799000
4337.490265 0.800000
4337.624406 0.800000
4337.624406 0.801000
4338.019452 0.801000
4338.019452 0.802000
4338.238669 0.802000
4338.238669 0.803000
4338.480634 0.803000
4338.480634 0.804000
4338.950886 0.804000
4338.950886 0.805000
4339.893267 0.805000
4339.893267 0.806000
4340.281047 0.806000
4340.281047 0.807000
4340.336848 0.807000
4340.336848 0.808000
4340.491904 0.808000
4340.491904 0.809000
4341.272723 0.809000
4341.272723 0.810000
4342.381523 0.810000
4342.381523 0.811000
4342.518782 0.811000
4342.518782 0.812000
4342.519522 0.812000
4342.519522 0.813000
4343.164334 0.813000
4343.164334 0.814000
4343.195953 0.814000
4343.195953 0.815000
4343.566756 0.815000
4343.566756 0.816000
4343.862197 0.816000
4343.862197 0.817000
4344.876238 0.817000
4344.876238 0.818000
4345.540134 0.818000
4345.540134 0.819000
4345.563500 0.819000
4345.563500 0.820000
4345.649972 0.820000
4345.649972 0.821000
4345.737966 0.821000
4345.737966 0.822000
4345.852443 0.822000
4345.852443 0.823000
4345.943429 0.823000
4345.943429 0.824000
4346.036643 0.824000
4346.036643 0.825000
4346.042198 0.825000
4346.042198 0.826000
4346.290426 0.826000
4346.290426 0.827000
4346.533856 0.827000
4346.533856 0.828000
4346.650164 0.828000
4346.650164 0.829000
4346.959042 0.829000
4346.959042 0.830000
4346.982832 0.830000
4346.982832 0.831000
4347.042811 0.831000
4347.042811 0.832000
4347.179928 0.832000
4347.179928 0.833000
4347.530491 0.833000
4347.530491 0.834000
4347.530491 0.834000
4347.530491 0.835000
4347.609956 0.835000
4347.609956 0.836000
4347.886096 0.836000
4347.886096 0.837000
4347.920976 0.837000
4347.920976 0.838000
4347.979835 0.838000
4347.979835 0.839000
4348.275978 0.839000
4348.275978 0.840000
4349.002047 0.840000
4349.002047 0.841000
4349.575995 0.841000
4349.575995 0.842000
4349.630742 0.842000
4349.630742 0.843000
4349.638850 0.843000
4349.638850 0.844000
4349.770542 0.844000
4349.770542 0.845000
4349.971969 0.845000
4349.971969 0.846000
4350.062508 0.846000
4350.062508 0.847000
4350.548977 0.847000
4350.548977 0.848000
4351.293354 0.848000
4351.293354 0.849000
4351.396243 0.849000
4351.396243 0.850000
4352.660119 0.850000
4352.660119 0.851000
4352.888489 0.851000
4352.888489 0.852000
4354.259679 0.852000
4354.259679 0.853000
4354.490680 0.853000
4354.490680 0.854000
4354.984418 0.854000
4354.984418 0.855000
4355.726709 0.855000
4355.726709 0.856000
4355.987242 0.856000
4355.987242 0.857000
4356.202516 0.857000
4356.202516 0.858000
4356.388203 0.858000
4356.388203 0.859000
4358.176762 0.859000
4358.176762 0.860000
4358.917668 0.860000
4358.917668 0.861000
4359.189072 0.861000
4359.189072 0.862000
4359.888731 0.862000
4359.888731 0.863000
4360.458761 0.863000
4360.458761 0.864000
4360.605471 0.864000
4360.605471 0.865000
4361.203852 0.865000
4361.203852 0.866000
4361.502198 0.866000
4361.502198 0.867000
4361.607711 0.867000
4361.607711 0.868000
4361.876749 0.868000
4361.876749 0.869000
4361.905822 0.869000
4361.905822 0.870000
4362.900226 0.870000
4362.900226 0.871000
4363.291894 0.871000
4363.291894 0.872000
4363.291894 0.872000
4363.291894 0.873000
4363.437570 0.873000
4363.437570 0.874000
4363.725507 0.874000
4363.725507 0.875000
4364.199388 0.875000
4364.199388 0.876000
4364.427246 0.876000
4364.427246 0.877000
4365.093799 0.877000
4365.093799 0.878000
4365.141013 0.878000
4365.141013 0.879000
4366.204342 0.879000
4366.204342 0.880000
4366.212303 0.880000
4366.212303 0.881000
4366.503245 0.881000
4366.503245 0.882000
4366.601941 0.882000
4366.601941 0.883000
4366.886036 0.883000
4366.886036 0.884000
4367.692723 0.884000
4367.692723 0.885000
4367.724945 0.885000
4367.724945 0.886000
4367.789152 0.886000
4367.789152 0.887000
4368.129391 0.887000
4368.129391 0.888000
4368.990574 0.888000
4368.990574 0.889000
4369.086553 0.889000
4369.086553 0.890000
4369.516662 0.890000
4369.516662 0.891000
4369.605073 0.891000
4369.605073 0.892000
4369.686848 0.892000
4369.686848 0.893000
4370.305255 0.893000
4370.305255 0.894000
4370.496119 0.894000
4370.496119 0.895000
4371.239487 0.895000
4371.239487 0.896000
4371.285641 0.896000
4371.285641 0.897000
4371.762288 0.897000
4371.762288 0.898000
4373.308246 0.898000
4373.308246 0.899000
4373.402840 0.899000
4373.402840 0.900000
4375.110778 0.900000
4375.110778 0.901000
4377.316354 0.901000
4377.316354 0.902000
4377.623246 0.902000
4377.623246 0.903000
4377.817596 0.903000
4377.817596 0.904000
4378.220982 0.904000
4378.220982 0.905000
4378.263941 0.905000
4378.263941 0.906000
4379.406147 0.906000
4379.406147 0.907000
4379.743951 0.907000
4379.743951 0.908000
4380.461045 0.908000
4380.461045 0.909000
4380.721475 0.909000
4380.721475 0.910000
4382.360080 0.910000
4382.360080 0.911000
4382.882689 0.911000
4382.882689 0.912000
4382.940491 0.912000
4382.940491 0.913000
4383.184269 0.913000
4383.184269 0.914000
4383.321481 0.914000
4383.321481 0.915000
4383.542746 0.915000
4383.542746 0.916000
4383.612350 0.916000
4383.612350 0.917000
4384.698549 0.917000
4384.698549 0.918000
4384.714026 0.918000
4384.714026 0.919000
4385.716788 0.919000
4385.716788 0.920000
4386.402347 0.920000
4386.402347 0.921000
4388.427880 0.921000
4388.427880 0.922000
4388.622331 0.922000
4388.622331 0.923000
4389.678965 0.923000
4389.678965 0.924000
4390.042466 0.924000
4390.042466 0.925000
4392.357734 0.925000
4392.357734 0.926000
4392.572330 0.926000
4392.572330 0.927000
4392.962895 0.927000
4392.962895 0.928000
4393.429959 0.928000
4393.429959 0.929000
4396.059975 0.929000
4396.059975 0.930000
4396.089890 0.930000
4396.089890 0.931000
4396.349818 0.931000
4396.349818 0.932000
4396.427716 0.932000
4396.427716 0.933000
4396.769491 0.933000
4396.769491 0.934000
4396.954218 0.934000
4396.954218 0.935000
4397.073158 0.935000
4397.073158 0.936000
4397.567669 0.936000
4397.567669 0.937000
4397.854289 0.937000
4397.854289 0.938000
4397.888091 0.938000
4397.888091 0.939000
4397.909315 0.939000
4397.909315 0.940000
4397.927877 0.940000
4397.927877 0.941000
4398.200716 0.941000
4398.200716 0.942000
4398.289604 0.942000
4398.289604 0.943000
4398.349425 0.943000
4398.349425 0.944000
4399.169141 0.944000
4399.169141 0.945000
4399.322348 0.945000
4399.322348 0.946000
4405.043224 0.946000
4405.043224 0.947000
4406.184200 0.947000
4406.184200 0.948000
4409.497546 0.948000
4409.497546 0.949000
4411.347202 0.949000
4411.347202 0.950000
4414.127722 0.950000
4414.127722 0.951000
4416.628814 0.951000
4416.628814 0.952000
4418.232151 0.952000
4418.232151 0.953000
4418.295020 0.953000
4418.295020 0.954000
4418.576782 0.954000
4418.576782 0.955000
4418.730212 0.955000
4418.730212 0.956000
4419.402078 0.956000
4419.402078 0.957000
4420.120510 0.957000
4420.120510 0.958000
4426.450686 0.958000
4426.450686 0.959000
4431.086593 0.959000
4431.086593 0.960000
4431.820066 0.960000
4431.820066 0.961000
4433.589041 0.961000
4433.589041 0.962000
4438.146458 0.962000
4438.146458 0.963000
4438.379318 0.963000
4438.379318 0.964000
4440.705271 0.964000
4440.705271 0.965000
4440.807353 0.965000
4440.807353 0.966000
4441.174583 0.966000
4441.174583 0.967000
4441.197820 0.967000
4441.197820 0.968000
4441.600797 0.968000
4441.600797 0.969000
4441.913936 0.969000
4441.913936 0.970000
4447.443418 0.970000
4447.443418 0.971000
4448.698355 0.971000
4448.698355 0.972000
4454.006004 0.972000
4454.006004 0.973000
4454.739745 0.973000
4454.739745 0.974000
4464.854334 0.974000
4464.854334 0.975000
4466.692011 0.975000
4466.692011 0.976000
4466.960401 0.976000
4466.960401 0.977000
4470.225135 0.977000
4470.225135 0.978000
4478.174356 0.978000
4478.174356 0.979000
4482.850963 0.979000
4482.850963 0.980000
4485.556853 0.980000
4485.556853 0.981000
4487.766701 0.981000
4487.766701 0.982000
4494.228626 0.982000
4494.228626 0.983000
4507.642768 0.983000
4507.642768 0.984000
4520.970699 0.984000
4520.970699 0.985000
4523.127275 0.985000
4523.127275 0.986000
4530.392723 0.986000
4530.392723 0.987000
4534.429924 0.987000
4534.429924 0.988000
4534.539122 0.988000
4534.539122 0.989000
4535.259568 0.989000
4535.259568 0.990000
4544.325079 0.990000
4544.325079 0.991000
4545.637744 0.991000
4545.637744 0.992000
4545.765109 0.992000
4545.765109 0.993000
4547.179416 0.993000
4547.179416 0.994000
4551.827902 0.994000
4551.827902 0.995000
4599.895538 0.995000
4599.895538 0.996000
4608.367127 0.996000
4608.367127 0.997000
4613.082065 0.997000
4613.082065 0.998000
4661.086580 0.998000
4661.086580 0.999000
4704.855842 0.999000
4704.855842 1.000000
