11.833841 0.000000
11.833841 0.001000
13.089192 0.001000
13.089192 0.002000
13.180157 0.002000
13.180157 0.003000
13.221030 0.003000
13.221030 0.004000
13.254485 0.004000
13.254485 0.005000
13.333066 0.005000
13.333066 0.006000
13.344903 0.006000
13.344903 0.007000
13.371159 0.007000
13.371159 0.008000
13.371159 0.008000
13.371159 0.009000
13.569381 0.009000
13.569381 0.010000
13.712690 0.010000
13.712690 0.011000
13.714761 0.011000
13.714761 0.012000
13.737752 0.012000
13.737752 0.013000
13.778651 0.013000
13.778651 0.014000
14.105553 0.014000
14.105553 0.015000
14.292718 0.015000
14.292718 0.016000
14.489878 0.016000
14.489878 0.017000
14.523842 0.017000
14.523842 0.018000
14.589159 0.018000
14.589159 0.019000
14.604140 0.019000
14.604140 0.020000
14.665851 0.020000
14.665851 0.021000
14.722317 0.021000
14.722317 0.022000
14.789875 0.022000
14.789875 0.023000
14.807296 0.023000
14.807296 0.024000
14.824937 0.024000
14.824937 0.025000
14.833841 0.025000
14.833841 0.026000
14.842803 0.026000
14.842803 0.027000
14.994362 0.027000
14.994362 0.028000
15.004377 0.028000
15.004377 0.029000
15.024610 0.029000
15.024610 0.030000
15.055479 0.030000
15.055479 0.031000
15.163121 0.031000
15.163121 0.032000
15.173333 0.032000
15.173333 0.033000
15.254891 0.033000
15.254891 0.034000
15.278676 0.034000
15.278676 0.035000
15.290701 0.035000
15.290701 0.036000
15.315019 0.036000
15.315019 0.037000
15.319695 0.037000
15.319695 0.038000
15.601052 0.038000
15.601052 0.039000
15.697842 0.039000
15.697842 0.040000
15.824120 0.040000
15.824120 0.041000
15.934716 0.041000
15.934716 0.042000
15.941947 0.042000
15.941947 0.043000
15.944254 0.043000
15.944254 0.044000
15.947155 0.044000
15.947155 0.045000
15.951050 0.045000
15.951050 0.046000
15.957947 0.046000
15.957947 0.047000
15.972052 0.047000
15.972052 0.048000
15.978227 0.048000
15.978227 0.049000
15.987642 0.049000
15.987642 0.050000
15.988699 0.050000
15.988699 0.051000
15.994022 0.051000
15.994022 0.052000
15.994022 0.052000
15.994022 0.053000
15.997244 0.053000
15.997244 0.054000
16.000487 0.054000
16.000487 0.055000
16.002661 0.055000
16.002661 0.056000
16.004844 0.056000
16.004844 0.057000
16.017030 0.057000
16.017030 0.058000
16.017030 0.058000
16.017030 0.059000
16.020406 0.059000
16.020406 0.060000
16.027227 0.060000
16.027227 0.061000
16.028373 0.061000
16.028373 0.062000
16.029522 0.062000
16.029522 0.063000
16.032983 0.063000
16.032983 0.064000
16.038805 0.064000
16.038805 0.065000
16.042330 0.065000
16.042330 0.066000
16.042330 0.066000
16.042330 0.067000
16.045880 0.067000
16.045880 0.068000
16.045880 0.068000
16.045880 0.069000
16.049454 0.069000
16.049454 0.070000
16.053054 0.070000
16.053054 0.071000
16.055467 0.071000
16.055467 0.072000
16.057892 0.072000
16.057892 0.073000
16.061551 0.073000
16.061551 0.074000
16.064005 0.074000
16.064005 0.075000
16.066470 0.075000
16.066470 0.076000
16.067707 0.076000
16.067707 0.077000
16.067707 0.077000
16.067707 0.078000
16.068947 0.078000
16.068947 0.079000
16.070190 0.079000
16.070190 0.080000
16.070190 0.080000
16.070190 0.081000
16.072684 0.081000
16.072684 0.082000
16.073936 0.082000
16.073936 0.083000
16.073936 0.083000
16.073936 0.084000
16.077709 0.084000
16.077709 0.085000
16.078973 0.085000
16.078973 0.086000
16.080239 0.086000
16.080239 0.087000
16.081509 0.087000
16.081509 0.088000
16.085337 0.088000
16.085337 0.089000
16.086619 0.089000
16.086619 0.090000
16.090483 0.090000
16.090483 0.091000
16.093075 0.091000
16.093075 0.092000
16.096987 0.092000
16.096987 0.093000
16.098297 0.093000
16.098297 0.094000
16.099610 0.094000
16.099610 0.095000
16.104896 0.095000
16.104896 0.096000
16.104896 0.096000
16.104896 0.097000
16.107087 0.097000
16.107087 0.098000
16.107230 0.098000
16.107230 0.099000
16.111576 0.099000
16.111576 0.100000
16.116980 0.100000
16.116980 0.101000
16.116980 0.101000
16.116980 0.102000
16.118340 0.102000
16.118340 0.103000
16.123811 0.103000
16.123811 0.104000
16.123811 0.104000
16.123811 0.105000
16.129337 0.105000
16.129337 0.106000
16.132120 0.106000
16.132120 0.107000
16.134918 0.107000
16.134918 0.108000
16.140556 0.108000
16.140556 0.109000
16.146252 0.109000
16.146252 0.110000
16.154904 0.110000
16.154904 0.111000
16.159280 0.111000
16.159280 0.112000
16.164286 0.112000
16.164286 0.113000
16.172614 0.113000
16.172614 0.114000
16.175619 0.114000
16.175619 0.115000
16.184731 0.115000
16.184731 0.116000
16.186263 0.116000
16.186263 0.117000
16.192434 0.117000
16.192434 0.118000
16.214555 0.118000
16.214555 0.119000
16.214555 0.119000
16.214555 0.120000
16.214555 0.120000
16.214555 0.121000
16.216167 0.121000
16.216167 0.122000
16.219405 0.122000
16.219405 0.123000
16.224293 0.123000
16.224293 0.124000
16.237527 0.124000
16.237527 0.125000
16.249348 0.125000
16.249348 0.126000
16.249348 0.126000
16.249348 0.127000
16.261401 0.127000
16.261401 0.128000
16.297176 0.128000
16.297176 0.129000
16.304580 0.129000
16.304580 0.130000
16.308314 0.130000
16.308314 0.131000
16.317745 0.131000
16.317745 0.132000
16.319648 0.132000
16.319648 0.133000
16.325390 0.133000
16.325390 0.134000
16.327316 0.134000
16.327316 0.135000
16.327316 0.135000
16.327316 0.136000
16.329247 0.136000
16.329247 0.137000
16.331183 0.137000
16.331183 0.138000
16.344903 0.138000
16.344903 0.139000
16.348876 0.139000
16.348876 0.140000
16.354880 0.140000
16.354880 0.141000
16.358912 0.141000
16.358912 0.142000
16.385732 0.142000
16.385732 0.143000
16.387840 0.143000
16.387840 0.144000
16.387840 0.144000
16.387840 0.145000
16.407105 0.145000
16.407105 0.146000
16.409279 0.146000
16.409279 0.147000
16.413648 0.147000
16.413648 0.148000
16.415843 0.148000
16.415843 0.149000
16.424691 0.149000
16.424691 0.150000
16.438176 0.150000
16.438176 0.151000
16.449613 0.151000
16.449613 0.152000
16.451922 0.152000
16.451922 0.153000
16.461236 0.153000
16.461236 0.154000
16.461236 0.154000
16.461236 0.155000
16.465938 0.155000
16.465938 0.156000
16.494809 0.156000
16.494809 0.157000
16.494809 0.157000
16.494809 0.158000
16.517230 0.158000
16.517230 0.159000
16.522305 0.159000
16.522305 0.160000
16.529983 0.160000
16.529983 0.161000
16.548207 0.161000
16.548207 0.162000
16.575018 0.162000
16.575018 0.163000
16.594352 0.163000
16.594352 0.164000
16.611311 0.164000
16.611311 0.165000
16.622821 0.165000
16.622821 0.166000
16.646349 0.166000
16.646349 0.167000
16.646349 0.167000
16.646349 0.168000
16.711527 0.168000
16.711527 0.169000
16.741087 0.169000
16.741087 0.170000
16.751172 0.170000
16.751172 0.171000
16.754560 0.171000
16.754560 0.172000
16.761375 0.172000
16.761375 0.173000
16.778651 0.173000
16.778651 0.174000
16.799891 0.174000
16.799891 0.175000
16.802555 0.175000
16.802555 0.176000
16.803421 0.176000
16.803421 0.177000
16.817890 0.177000
16.817890 0.178000
16.840041 0.178000
16.840041 0.179000
16.930259 0.179000
16.930259 0.180000
17.071759 0.180000
17.071759 0.181000
17.095785 0.181000
17.095785 0.182000
17.208543 0.182000
17.208543 0.183000
17.258283 0.183000
17.258283 0.184000
17.298560 0.184000
17.298560 0.185000
17.352526 0.185000
17.352526 0.186000
17.422060 0.186000
17.422060 0.187000
17.448384 0.187000
17.448384 0.188000
17.455055 0.188000
17.455055 0.189000
17.461763 0.189000
17.461763 0.190000
17.468508 0.190000
17.468508 0.191000
17.495866 0.191000
17.495866 0.192000
17.506975 0.192000
17.506975 0.193000
17.509775 0.193000
17.509775 0.194000
17.516789 0.194000
17.516789 0.195000
17.523842 0.195000
17.523842 0.196000
17.523842 0.196000
17.523842 0.197000
17.545242 0.197000
17.545242 0.198000
17.559713 0.198000
17.559713 0.199000
17.567011 0.199000
17.567011 0.200000
17.582602 0.200000
17.582602 0.201000
17.589159 0.201000
17.589159 0.202000
17.596628 0.202000
17.596628 0.203000
17.604140 0.203000
17.604140 0.204000
17.611696 0.204000
17.611696 0.205000
17.611696 0.205000
17.611696 0.206000
17.611696 0.206000
17.611696 0.207000
17.611696 0.207000
17.611696 0.208000
17.634631 0.208000
17.634631 0.209000
17.634631 0.209000
17.634631 0.210000
17.650148 0.210000
17.650148 0.211000
17.650148 0.211000
17.650148 0.212000
17.650148 0.212000
17.650148 0.213000
17.657976 0.213000
17.657976 0.214000
17.665851 0.214000
17.665851 0.215000
17.673772 0.215000
17.673772 0.216000
17.673772 0.216000
17.673772 0.217000
17.697825 0.217000
17.697825 0.218000
17.714103 0.218000
17.714103 0.219000
17.730581 0.219000
17.730581 0.220000
17.730581 0.220000
17.730581 0.221000
17.747262 0.221000
17.747262 0.222000
17.755679 0.222000
17.755679 0.223000
17.764149 0.223000
17.764149 0.224000
17.764149 0.224000
17.764149 0.225000
17.764149 0.225000
17.764149 0.226000
17.772671 0.226000
17.772671 0.227000
17.781246 0.227000
17.781246 0.228000
17.781246 0.228000
17.781246 0.229000
17.798558 0.229000
17.798558 0.230000
17.798558 0.230000
17.798558 0.231000
17.798558 0.231000
17.798558 0.232000
17.807296 0.232000
17.807296 0.233000
17.807296 0.233000
17.807296 0.234000
17.816088 0.234000
17.816088 0.235000
17.816088 0.235000
17.816088 0.236000
17.816088 0.236000
17.816088 0.237000
17.816088 0.237000
17.816088 0.238000
17.824937 0.238000
17.824937 0.239000
17.842803 0.239000
17.842803 0.240000
17.851821 0.240000
17.851821 0.241000
17.860897 0.241000
17.860897 0.242000
17.870032 0.242000
17.870032 0.243000
17.879226 0.243000
17.879226 0.244000
17.888479 0.244000
17.888479 0.245000
17.888479 0.245000
17.888479 0.246000
17.916601 0.246000
17.916601 0.247000
17.917475 0.247000
17.917475 0.248000
17.926098 0.248000
17.926098 0.249000
17.935211 0.249000
17.935211 0.250000
17.935658 0.250000
17.935658 0.251000
17.945281 0.251000
17.945281 0.252000
17.954967 0.252000
17.954967 0.253000
17.954967 0.253000
17.954967 0.254000
17.954967 0.254000
17.954967 0.255000
17.954967 0.255000
17.954967 0.256000
17.974533 0.256000
17.974533 0.257000
17.984415 0.257000
17.984415 0.258000
17.984415 0.258000
17.984415 0.259000
18.014459 0.259000
18.014459 0.260000
18.014459 0.260000
18.014459 0.261000
18.034830 0.261000
18.034830 0.262000
18.045119 0.262000
18.045119 0.263000
18.055479 0.263000
18.055479 0.264000
18.055479 0.264000
18.055479 0.265000
18.065911 0.265000
18.065911 0.266000
18.076414 0.266000
18.076414 0.267000
18.086990 0.267000
18.086990 0.268000
18.108362 0.268000
18.108362 0.269000
18.108362 0.269000
18.108362 0.270000
18.130035 0.270000
18.130035 0.271000
18.152014 0.271000
18.152014 0.272000
18.163121 0.272000
18.163121 0.273000
18.163121 0.273000
18.163121 0.274000
18.163121 0.274000
18.163121 0.275000
18.185571 0.275000
18.185571 0.276000
18.196918 0.276000
18.196918 0.277000
18.196918 0.277000
18.196918 0.278000
18.219856 0.278000
18.219856 0.279000
18.231449 0.279000
18.231449 0.280000
18.231449 0.280000
18.231449 0.281000
18.231449 0.281000
18.231449 0.282000
18.254891 0.282000
18.254891 0.283000
18.254891 0.283000
18.254891 0.284000
18.266345 0.284000
18.266345 0.285000
18.266740 0.285000
18.266740 0.286000
18.327313 0.286000
18.327313 0.287000
18.390190 0.287000
18.390190 0.288000
18.411859 0.288000
18.411859 0.289000
18.429077 0.289000
18.429077 0.290000
18.523399 0.290000
18.523399 0.291000
18.537302 0.291000
18.537302 0.292000
18.677373 0.292000
18.677373 0.293000
18.775763 0.293000
18.775763 0.294000
18.811907 0.294000
18.811907 0.295000
18.905475 0.295000
18.905475 0.296000
18.926299 0.296000
18.926299 0.297000
18.933773 0.297000
18.933773 0.298000
18.933773 0.298000
18.933773 0.299000
18.937557 0.299000
18.937557 0.300000
18.938508 0.300000
18.938508 0.301000
18.944254 0.301000
18.944254 0.302000
18.946186 0.302000
18.946186 0.303000
18.946186 0.303000
18.946186 0.304000
18.949099 0.304000
18.949099 0.305000
18.954979 0.305000
18.954979 0.306000
18.956956 0.306000
18.956956 0.307000
18.958941 0.307000
18.958941 0.308000
18.973075 0.308000
18.973075 0.309000
18.979264 0.309000
18.979264 0.310000
18.980303 0.310000
18.980303 0.311000
18.984483 0.311000
18.984483 0.312000
18.988699 0.312000
18.988699 0.313000
18.988699 0.313000
18.988699 0.314000
18.988699 0.314000
18.988699 0.315000
19.002661 0.315000
19.002661 0.316000
19.007038 0.316000
19.007038 0.317000
19.007038 0.317000
19.007038 0.318000
19.009241 0.318000
19.009241 0.319000
19.010346 0.319000
19.010346 0.320000
19.010346 0.320000
19.010346 0.321000
19.010346 0.321000
19.010346 0.322000
19.011454 0.322000
19.011454 0.323000
19.012564 0.323000
19.012564 0.324000
19.013677 0.324000
19.013677 0.325000
19.020406 0.325000
19.020406 0.326000
19.021537 0.326000
19.021537 0.327000
19.021537 0.327000
19.021537 0.328000
19.024943 0.328000
19.024943 0.329000
19.024943 0.329000
19.024943 0.330000
19.029522 0.330000
19.029522 0.331000
19.030673 0.331000
19.030673 0.332000
19.035304 0.332000
19.035304 0.333000
19.037635 0.333000
19.037635 0.334000
19.038805 0.334000
19.038805 0.335000
19.039977 0.335000
19.039977 0.336000
19.041152 0.336000
19.041152 0.337000
19.041152 0.337000
19.041152 0.338000
19.043510 0.338000
19.043510 0.339000
19.043510 0.339000
19.043510 0.340000
19.045880 0.340000
19.045880 0.341000
19.048938 0.341000
19.048938 0.342000
19.050651 0.342000
19.050651 0.343000
19.051851 0.343000
19.051851 0.344000
19.054259 0.344000
19.054259 0.345000
19.056678 0.345000
19.056678 0.346000
19.057892 0.346000
19.057892 0.347000
19.057892 0.347000
19.057892 0.348000
19.057892 0.348000
19.057892 0.349000
19.057892 0.349000
19.057892 0.350000
19.064005 0.350000
19.064005 0.351000
19.067707 0.351000
19.067707 0.352000
19.070190 0.352000
19.070190 0.353000
19.071435 0.353000
19.071435 0.354000
19.071435 0.354000
19.071435 0.355000
19.073936 0.355000
19.073936 0.356000
19.075190 0.356000
19.075190 0.357000
19.076448 0.357000
19.076448 0.358000
19.080239 0.358000
19.080239 0.359000
19.085337 0.359000
19.085337 0.360000
19.086619 0.360000
19.086619 0.361000
19.090483 0.361000
19.090483 0.362000
19.093075 0.362000
19.093075 0.363000
19.095680 0.363000
19.095680 0.364000
19.095680 0.364000
19.095680 0.365000
19.100927 0.365000
19.100927 0.366000
19.104896 0.366000
19.104896 0.367000
19.104896 0.367000
19.104896 0.368000
19.106225 0.368000
19.106225 0.369000
19.107558 0.369000
19.107558 0.370000
19.112922 0.370000
19.112922 0.371000
19.112922 0.371000
19.112922 0.372000
19.123811 0.372000
19.123811 0.373000
19.125187 0.373000
19.125187 0.374000
19.132120 0.374000
19.132120 0.375000
19.133518 0.375000
19.133518 0.376000
19.140556 0.376000
19.140556 0.377000
19.142605 0.377000
19.142605 0.378000
19.146252 0.378000
19.146252 0.379000
19.159280 0.379000
19.159280 0.380000
19.162216 0.380000
19.162216 0.381000
19.163690 0.381000
19.163690 0.382000
19.166649 0.382000
19.166649 0.383000
19.171117 0.383000
19.171117 0.384000
19.178641 0.384000
19.178641 0.385000
19.189340 0.385000
19.189340 0.386000
19.192434 0.386000
19.192434 0.387000
19.193987 0.387000
19.193987 0.388000
19.195544 0.388000
19.195544 0.389000
19.197105 0.389000
19.197105 0.390000
19.203391 0.390000
19.203391 0.391000
19.208150 0.391000
19.208150 0.392000
19.209745 0.392000
19.209745 0.393000
19.212948 0.393000
19.212948 0.394000
19.212948 0.394000
19.212948 0.395000
19.214555 0.395000
19.214555 0.396000
19.217784 0.396000
19.217784 0.397000
19.217784 0.397000
19.217784 0.398000
19.222659 0.398000
19.222659 0.399000
19.225932 0.399000
19.225932 0.400000
19.232531 0.400000
19.232531 0.401000
19.237527 0.401000
19.237527 0.402000
19.239202 0.402000
19.239202 0.403000
19.247645 0.403000
19.247645 0.404000
19.253675 0.404000
19.253675 0.405000
19.254485 0.405000
19.254485 0.406000
19.263142 0.406000
19.263142 0.407000
19.264888 0.407000
19.264888 0.408000
19.268394 0.408000
19.268394 0.409000
19.271921 0.409000
19.271921 0.410000
19.275467 0.410000
19.275467 0.411000
19.287143 0.411000
19.287143 0.412000
19.297176 0.412000
19.297176 0.413000
19.304580 0.413000
19.304580 0.414000
19.306444 0.414000
19.306444 0.415000
19.313956 0.415000
19.313956 0.416000
19.315848 0.416000
19.315848 0.417000
19.337028 0.417000
19.337028 0.418000
19.338988 0.418000
19.338988 0.419000
19.356893 0.419000
19.356893 0.420000
19.356893 0.420000
19.356893 0.421000
19.381156 0.421000
19.381156 0.422000
19.381709 0.422000
19.381709 0.423000
19.389954 0.423000
19.389954 0.424000
19.400623 0.424000
19.400623 0.425000
19.404938 0.425000
19.404938 0.426000
19.413648 0.426000
19.413648 0.427000
19.431401 0.427000
19.431401 0.428000
19.435911 0.428000
19.435911 0.429000
19.445016 0.429000
19.445016 0.430000
19.463583 0.430000
19.463583 0.431000
19.475435 0.431000
19.475435 0.432000
19.480231 0.432000
19.480231 0.433000
19.492264 0.433000
19.492264 0.434000
19.497267 0.434000
19.497267 0.435000
19.504690 0.435000
19.504690 0.436000
19.511049 0.436000
19.511049 0.437000
19.529983 0.437000
19.529983 0.438000
19.535145 0.438000
19.535145 0.439000
19.539464 0.439000
19.539464 0.440000
19.542955 0.440000
19.542955 0.441000
19.545577 0.441000
19.545577 0.442000
19.565436 0.442000
19.565436 0.443000
19.566876 0.443000
19.566876 0.444000
19.588779 0.444000
19.588779 0.445000
19.605617 0.445000
19.605617 0.446000
19.605617 0.446000
19.605617 0.447000
19.606941 0.447000
19.606941 0.448000
19.608459 0.448000
19.608459 0.449000
19.617045 0.449000
19.617045 0.450000
19.622821 0.450000
19.622821 0.451000
19.642257 0.451000
19.642257 0.452000
19.646349 0.452000
19.646349 0.453000
19.649338 0.453000
19.649338 0.454000
19.660630 0.454000
19.660630 0.455000
19.664453 0.455000
19.664453 0.456000
19.678441 0.456000
19.678441 0.457000
19.682964 0.457000
19.682964 0.458000
19.682964 0.458000
19.682964 0.459000
19.682964 0.459000
19.682964 0.460000
19.724538 0.460000
19.724538 0.461000
19.727823 0.461000
19.727823 0.462000
19.737752 0.462000
19.737752 0.463000
19.741087 0.463000
19.741087 0.464000
19.741087 0.464000
19.741087 0.465000
19.761375 0.465000
19.761375 0.466000
19.775168 0.466000
19.775168 0.467000
19.778651 0.467000
19.778651 0.468000
19.821545 0.468000
19.821545 0.469000
19.821545 0.469000
19.821545 0.470000
19.836311 0.470000
19.836311 0.471000
19.847546 0.471000
19.847546 0.472000
19.870438 0.472000
19.870438 0.473000
19.878197 0.473000
19.878197 0.474000
19.905872 0.474000
19.905872 0.475000
19.908053 0.475000
19.908053 0.476000
19.942690 0.476000
19.942690 0.477000
19.980973 0.477000
19.980973 0.478000
20.038710 0.478000
20.038710 0.479000
20.052936 0.479000
20.052936 0.480000
20.062304 0.480000
20.062304 0.481000
20.071759 0.481000
20.071759 0.482000
20.105553 0.482000
20.105553 0.483000
20.145564 0.483000
20.145564 0.484000
20.147101 0.484000
20.147101 0.485000
20.166150 0.485000
20.166150 0.486000
20.181854 0.486000
20.181854 0.487000
20.209206 0.487000
20.209206 0.488000
20.241454 0.488000
20.241454 0.489000
20.252645 0.489000
20.252645 0.490000
20.262758 0.490000
20.262758 0.491000
20.310336 0.491000
20.310336 0.492000
20.435150 0.492000
20.435150 0.493000
20.574352 0.493000
20.574352 0.494000
20.604140 0.494000
20.604140 0.495000
20.604140 0.495000
20.604140 0.496000
20.611696 0.496000
20.611696 0.497000
20.650148 0.497000
20.650148 0.498000
20.657976 0.498000
20.657976 0.499000
20.657976 0.499000
20.657976 0.500000
20.665851 0.500000
20.665851 0.501000
20.673772 0.501000
20.673772 0.502000
20.681742 0.502000
20.681742 0.503000
20.689759 0.503000
20.689759 0.504000
20.689759 0.504000
20.689759 0.505000
20.697825 0.505000
20.697825 0.506000
20.738896 0.506000
20.738896 0.507000
20.755679 0.507000
20.755679 0.508000
20.764149 0.508000
20.764149 0.509000
20.764149 0.509000
20.764149 0.510000
20.772671 0.510000
20.772671 0.511000
20.772671 0.511000
20.772671 0.512000
20.772671 0.512000
20.772671 0.513000
20.772671 0.513000
20.772671 0.514000
20.772671 0.514000
20.772671 0.515000
20.781246 0.515000
20.781246 0.516000
20.798558 0.516000
20.798558 0.517000
20.807296 0.517000
20.807296 0.518000
20.808898 0.518000
20.808898 0.519000
20.824937 0.519000
20.824937 0.520000
20.842803 0.520000
20.842803 0.521000
20.851821 0.521000
20.851821 0.522000
20.851821 0.522000
20.851821 0.523000
20.851821 0.523000
20.851821 0.524000
20.879226 0.524000
20.879226 0.525000
20.888479 0.525000
20.888479 0.526000
20.888479 0.526000
20.888479 0.527000
20.907166 0.527000
20.907166 0.528000
20.926098 0.528000
20.926098 0.529000
20.935658 0.529000
20.935658 0.530000
20.945281 0.530000
20.945281 0.531000
20.964718 0.531000
20.964718 0.532000
20.964718 0.532000
20.964718 0.533000
20.974533 0.533000
20.974533 0.534000
20.974533 0.534000
20.974533 0.535000
20.984415 0.535000
20.984415 0.536000
21.014459 0.536000
21.014459 0.537000
21.014459 0.537000
21.014459 0.538000
21.034830 0.538000
21.034830 0.539000
21.034830 0.539000
21.034830 0.540000
21.059704 0.540000
21.059704 0.541000
21.065911 0.541000
21.065911 0.542000
21.065911 0.542000
21.065911 0.543000
21.076414 0.543000
21.076414 0.544000
21.086990 0.544000
21.086990 0.545000
21.108362 0.545000
21.108362 0.546000
21.108362 0.546000
21.108362 0.547000
21.119161 0.547000
21.119161 0.548000
21.130035 0.548000
21.130035 0.549000
21.152014 0.549000
21.152014 0.550000
21.152014 0.550000
21.152014 0.551000
21.152014 0.551000
21.152014 0.552000
21.185571 0.552000
21.185571 0.553000
21.196918 0.553000
21.196918 0.554000
21.208345 0.554000
21.208345 0.555000
21.243127 0.555000
21.243127 0.556000
21.243127 0.556000
21.243127 0.557000
21.254891 0.557000
21.254891 0.558000
21.266740 0.558000
21.266740 0.559000
21.306721 0.559000
21.306721 0.560000
21.315019 0.560000
21.315019 0.561000
21.327313 0.561000
21.327313 0.562000
21.377424 0.562000
21.377424 0.563000
21.403053 0.563000
21.403053 0.564000
21.416015 0.564000
21.416015 0.565000
21.442239 0.565000
21.442239 0.566000
21.565440 0.566000
21.565440 0.567000
21.637796 0.567000
21.637796 0.568000
21.667572 0.568000
21.667572 0.569000
21.726263 0.569000
21.726263 0.570000
21.775763 0.570000
21.775763 0.571000
21.866571 0.571000
21.866571 0.572000
21.901074 0.572000
21.901074 0.573000
21.922607 0.573000
21.922607 0.574000
21.924670 0.574000
21.924670 0.575000
21.926299 0.575000
21.926299 0.576000
21.930956 0.576000
21.930956 0.577000
21.938508 0.577000
21.938508 0.578000
21.948126 0.578000
21.948126 0.579000
21.955966 0.579000
21.955966 0.580000
21.965955 0.580000
21.965955 0.581000
21.970011 0.581000
21.970011 0.582000
21.973075 0.582000
21.973075 0.583000
21.974101 0.583000
21.974101 0.584000
21.974101 0.584000
21.974101 0.585000
21.975129 0.585000
21.975129 0.586000
21.978227 0.586000
21.978227 0.587000
21.981345 0.587000
21.981345 0.588000
21.987642 0.588000
21.987642 0.589000
21.990821 0.589000
21.990821 0.590000
21.997244 0.590000
21.997244 0.591000
21.999403 0.591000
21.999403 0.592000
21.999403 0.592000
21.999403 0.593000
22.003751 0.593000
22.003751 0.594000
22.009241 0.594000
22.009241 0.595000
22.010346 0.595000
22.010346 0.596000
22.011454 0.596000
22.011454 0.597000
22.017030 0.597000
22.017030 0.598000
22.019278 0.598000
22.019278 0.599000
22.020406 0.599000
22.020406 0.600000
22.021537 0.600000
22.021537 0.601000
22.024943 0.601000
22.024943 0.602000
22.026084 0.602000
22.026084 0.603000
22.026084 0.603000
22.026084 0.604000
22.028373 0.604000
22.028373 0.605000
22.034142 0.605000
22.034142 0.606000
22.045880 0.606000
22.045880 0.607000
22.049454 0.607000
22.049454 0.608000
22.051851 0.608000
22.051851 0.609000
22.054259 0.609000
22.054259 0.610000
22.057892 0.610000
22.057892 0.611000
22.062776 0.611000
22.062776 0.612000
22.066470 0.612000
22.066470 0.613000
22.073936 0.613000
22.073936 0.614000
22.076448 0.614000
22.076448 0.615000
22.076448 0.615000
22.076448 0.616000
22.078973 0.616000
22.078973 0.617000
22.081509 0.617000
22.081509 0.618000
22.081509 0.618000
22.081509 0.619000
22.086619 0.619000
22.086619 0.620000
22.089192 0.620000
22.089192 0.621000
22.091778 0.621000
22.091778 0.622000
22.095680 0.622000
22.095680 0.623000
22.100927 0.623000
22.100927 0.624000
22.100927 0.624000
22.100927 0.625000
22.102247 0.625000
22.102247 0.626000
22.103570 0.626000
22.103570 0.627000
22.104896 0.627000
22.104896 0.628000
22.108894 0.628000
22.108894 0.629000
22.110234 0.629000
22.110234 0.630000
22.115624 0.630000
22.115624 0.631000
22.116980 0.631000
22.116980 0.632000
22.118340 0.632000
22.118340 0.633000
22.121068 0.633000
22.121068 0.634000
22.126567 0.634000
22.126567 0.635000
22.129337 0.635000
22.129337 0.636000
22.149121 0.636000
22.149121 0.637000
22.150561 0.637000
22.150561 0.638000
22.160746 0.638000
22.160746 0.639000
22.166649 0.639000
22.166649 0.640000
22.178641 0.640000
22.178641 0.641000
22.180157 0.641000
22.180157 0.642000
22.189340 0.642000
22.189340 0.643000
22.189340 0.643000
22.189340 0.644000
22.204973 0.644000
22.204973 0.645000
22.206560 0.645000
22.206560 0.646000
22.206560 0.646000
22.206560 0.647000
22.209745 0.647000
22.209745 0.648000
22.221838 0.648000
22.221838 0.649000
22.229222 0.649000
22.229222 0.650000
22.288040 0.650000
22.288040 0.651000
22.308314 0.651000
22.308314 0.652000
22.308314 0.652000
22.308314 0.653000
22.310189 0.653000
22.310189 0.654000
22.321143 0.654000
22.321143 0.655000
22.323471 0.655000
22.323471 0.656000
22.325390 0.656000
22.325390 0.657000
22.327316 0.657000
22.327316 0.658000
22.335074 0.658000
22.335074 0.659000
22.338988 0.659000
22.338988 0.660000
22.344903 0.660000
22.344903 0.661000
22.369102 0.661000
22.369102 0.662000
22.385732 0.662000
22.385732 0.663000
22.400623 0.663000
22.400623 0.664000
22.407105 0.664000
22.407105 0.665000
22.409279 0.665000
22.409279 0.666000
22.411460 0.666000
22.411460 0.667000
22.422468 0.667000
22.422468 0.668000
22.438176 0.668000
22.438176 0.669000
22.458896 0.669000
22.458896 0.670000
22.465938 0.670000
22.465938 0.671000
22.477829 0.671000
22.477829 0.672000
22.499733 0.672000
22.499733 0.673000
22.504690 0.673000
22.504690 0.674000
22.509681 0.674000
22.509681 0.675000
22.529983 0.675000
22.529983 0.676000
22.534204 0.676000
22.534204 0.677000
22.535145 0.677000
22.535145 0.678000
22.542245 0.678000
22.542245 0.679000
22.548207 0.679000
22.548207 0.680000
22.550846 0.680000
22.550846 0.681000
22.556153 0.681000
22.556153 0.682000
22.566876 0.682000
22.566876 0.683000
22.580493 0.683000
22.580493 0.684000
22.591560 0.684000
22.591560 0.685000
22.609096 0.685000
22.609096 0.686000
22.619285 0.686000
22.619285 0.687000
22.652339 0.687000
22.652339 0.688000
22.689228 0.688000
22.689228 0.689000
22.701898 0.689000
22.701898 0.690000
22.705095 0.690000
22.705095 0.691000
22.705095 0.691000
22.705095 0.692000
22.731120 0.692000
22.731120 0.693000
22.751172 0.693000
22.751172 0.694000
22.763229 0.694000
22.763229 0.695000
22.765668 0.695000
22.765668 0.696000
22.782147 0.696000
22.782147 0.697000
22.847546 0.697000
22.847546 0.698000
22.858921 0.698000
22.858921 0.699000
22.951068 0.699000
22.951068 0.700000
22.985322 0.700000
22.985322 0.701000
22.985322 0.701000
22.985322 0.702000
23.179870 0.702000
23.179870 0.703000
23.208543 0.703000
23.208543 0.704000
23.267904 0.704000
23.267904 0.705000
23.316269 0.705000
23.316269 0.706000
23.339199 0.706000
23.339199 0.707000
23.389947 0.707000
23.389947 0.708000
23.389947 0.708000
23.389947 0.709000
23.435150 0.709000
23.435150 0.710000
23.485724 0.710000
23.485724 0.711000
23.501559 0.711000
23.501559 0.712000
23.509775 0.712000
23.509775 0.713000
23.604140 0.713000
23.604140 0.714000
23.626941 0.714000
23.626941 0.715000
23.626941 0.715000
23.626941 0.716000
23.642802 0.716000
23.642802 0.717000
23.650148 0.717000
23.650148 0.718000
23.665851 0.718000
23.665851 0.719000
23.665851 0.719000
23.665851 0.720000
23.681742 0.720000
23.681742 0.721000
23.681742 0.721000
23.681742 0.722000
23.722317 0.722000
23.722317 0.723000
23.730581 0.723000
23.730581 0.724000
23.747262 0.724000
23.747262 0.725000
23.755679 0.725000
23.755679 0.726000
23.772671 0.726000
23.772671 0.727000
23.772671 0.727000
23.772671 0.728000
23.772671 0.728000
23.772671 0.729000
23.772671 0.729000
23.772671 0.730000
23.781246 0.730000
23.781246 0.731000
23.789875 0.731000
23.789875 0.732000
23.816088 0.732000
23.816088 0.733000
23.816088 0.733000
23.816088 0.734000
23.816088 0.734000
23.816088 0.735000
23.842803 0.735000
23.842803 0.736000
23.879226 0.736000
23.879226 0.737000
23.879226 0.737000
23.879226 0.738000
23.907166 0.738000
23.907166 0.739000
23.926098 0.739000
23.926098 0.740000
23.945281 0.740000
23.945281 0.741000
23.964718 0.741000
23.964718 0.742000
23.964718 0.742000
23.964718 0.743000
23.977873 0.743000
23.977873 0.744000
24.034830 0.744000
24.034830 0.745000
24.076414 0.745000
24.076414 0.746000
24.086990 0.746000
24.086990 0.747000
24.086990 0.747000
24.086990 0.748000
24.119161 0.748000
24.119161 0.749000
24.119161 0.749000
24.119161 0.750000
24.119161 0.750000
24.119161 0.751000
24.140986 0.751000
24.140986 0.752000
24.174306 0.752000
24.174306 0.753000
24.196918 0.753000
24.196918 0.754000
24.208345 0.754000
24.208345 0.755000
24.243127 0.755000
24.243127 0.756000
24.243127 0.756000
24.243127 0.757000
24.278676 0.757000
24.278676 0.758000
24.278676 0.758000
24.278676 0.759000
24.442239 0.759000
24.442239 0.760000
24.468872 0.760000
24.468872 0.761000
24.509606 0.761000
24.509606 0.762000
24.539151 0.762000
24.539151 0.763000
24.594032 0.763000
24.594032 0.764000
24.623089 0.764000
24.623089 0.765000
24.914410 0.765000
24.914410 0.766000
24.942331 0.766000
24.942331 0.767000
24.948126 0.767000
24.948126 0.768000
24.954979 0.768000
24.954979 0.769000
24.960934 0.769000
24.960934 0.770000
24.964947 0.770000
24.964947 0.771000
24.964947 0.771000
24.964947 0.772000
24.968994 0.772000
24.968994 0.773000
24.971030 0.773000
24.971030 0.774000
24.971030 0.774000
24.971030 0.775000
24.973075 0.775000
24.973075 0.776000
24.973075 0.776000
24.973075 0.777000
24.980303 0.777000
24.980303 0.778000
24.990821 0.778000
24.990821 0.779000
24.994022 0.779000
24.994022 0.780000
24.998322 0.780000
24.998322 0.781000
25.014792 0.781000
25.014792 0.782000
25.020406 0.782000
25.020406 0.783000
25.024943 0.783000
25.024943 0.784000
25.055467 0.784000
25.055467 0.785000
25.060329 0.785000
25.060329 0.786000
25.060329 0.786000
25.060329 0.787000
25.061551 0.787000
25.061551 0.788000
25.065236 0.788000
25.065236 0.789000
25.075190 0.789000
25.075190 0.790000
25.078973 0.790000
25.078973 0.791000
25.085337 0.791000
25.085337 0.792000
25.093075 0.792000
25.093075 0.793000
25.093075 0.793000
25.093075 0.794000
25.094376 0.794000
25.094376 0.795000
25.118340 0.795000
25.118340 0.796000
25.118340 0.796000
25.118340 0.797000
25.125187 0.797000
25.125187 0.798000
25.127950 0.798000
25.127950 0.799000
25.130727 0.799000
25.130727 0.800000
25.136322 0.800000
25.136322 0.801000
25.154904 0.801000
25.154904 0.802000
25.189340 0.802000
25.189340 0.803000
25.197105 0.803000
25.197105 0.804000
25.206560 0.804000
25.206560 0.805000
25.224293 0.805000
25.224293 0.806000
25.232531 0.806000
25.232531 0.807000
25.242566 0.807000
25.242566 0.808000
25.248709 0.808000
25.248709 0.809000
25.254485 0.809000
25.254485 0.810000
25.302721 0.810000
25.302721 0.811000
25.304580 0.811000
25.304580 0.812000
25.306444 0.812000
25.306444 0.813000
25.309244 0.813000
25.309244 0.814000
25.321557 0.814000
25.321557 0.815000
25.360938 0.815000
25.360938 0.816000
25.375291 0.816000
25.375291 0.817000
25.385732 0.817000
25.385732 0.818000
25.402777 0.818000
25.402777 0.819000
25.413648 0.819000
25.413648 0.820000
25.440449 0.820000
25.440449 0.821000
25.482640 0.821000
25.482640 0.822000
25.489917 0.822000
25.489917 0.823000
25.524856 0.823000
25.524856 0.824000
25.527415 0.824000
25.527415 0.825000
25.546986 0.825000
25.546986 0.826000
25.553495 0.826000
25.553495 0.827000
25.619928 0.827000
25.619928 0.828000
25.637445 0.828000
25.637445 0.829000
25.670577 0.829000
25.670577 0.830000
25.731120 0.830000
25.731120 0.831000
25.778651 0.831000
25.778651 0.832000
25.799839 0.832000
25.799839 0.833000
25.909893 0.833000
25.909893 0.834000
25.930259 0.834000
25.930259 0.835000
25.994076 0.835000
25.994076 0.836000
25.999054 0.836000
25.999054 0.837000
26.002908 0.837000
26.002908 0.838000
26.039043 0.838000
26.039043 0.839000
26.110472 0.839000
26.110472 0.840000
26.176594 0.840000
26.176594 0.841000
26.356500 0.841000
26.356500 0.842000
26.448384 0.842000
26.448384 0.843000
26.552457 0.843000
26.552457 0.844000
26.604140 0.844000
26.604140 0.845000
26.619296 0.845000
26.619296 0.846000
26.626941 0.846000
26.626941 0.847000
26.697825 0.847000
26.697825 0.848000
26.714103 0.848000
26.714103 0.849000
26.714103 0.849000
26.714103 0.850000
26.722317 0.850000
26.722317 0.851000
26.730581 0.851000
26.730581 0.852000
26.738896 0.852000
26.738896 0.853000
26.755679 0.853000
26.755679 0.854000
26.764149 0.854000
26.764149 0.855000
26.789875 0.855000
26.789875 0.856000
26.808126 0.856000
26.808126 0.857000
26.888479 0.857000
26.888479 0.858000
26.897792 0.858000
26.897792 0.859000
26.897792 0.859000
26.897792 0.860000
26.897792 0.860000
26.897792 0.861000
26.954967 0.861000
26.954967 0.862000
26.974533 0.862000
26.974533 0.863000
26.984415 0.863000
26.984415 0.864000
26.984415 0.864000
26.984415 0.865000
27.014459 0.865000
27.014459 0.866000
27.024610 0.866000
27.024610 0.867000
27.086990 0.867000
27.086990 0.868000
27.108362 0.868000
27.108362 0.869000
27.130035 0.869000
27.130035 0.870000
27.185571 0.870000
27.185571 0.871000
27.278676 0.871000
27.278676 0.872000
27.377424 0.872000
27.377424 0.873000
27.416015 0.873000
27.416015 0.874000
27.697842 0.874000
27.697842 0.875000
27.950073 0.875000
27.950073 0.876000
27.954979 0.876000
27.954979 0.877000
27.963940 0.877000
27.963940 0.878000
27.981345 0.878000
27.981345 0.879000
27.994022 0.879000
27.994022 0.880000
28.002661 0.880000
28.002661 0.881000
28.004844 0.881000
28.004844 0.882000
28.009241 0.882000
28.009241 0.883000
28.012564 0.883000
28.012564 0.884000
28.012564 0.884000
28.012564 0.885000
28.026084 0.885000
28.026084 0.886000
28.028373 0.886000
28.028373 0.887000
28.029522 0.887000
28.029522 0.888000
28.029522 0.888000
28.029522 0.889000
28.034142 0.889000
28.034142 0.890000
28.061551 0.890000
28.061551 0.891000
28.086619 0.891000
28.086619 0.892000
28.089192 0.892000
28.089192 0.893000
28.163690 0.893000
28.163690 0.894000
28.163690 0.894000
28.163690 0.895000
28.178641 0.895000
28.178641 0.896000
28.189340 0.896000
28.189340 0.897000
28.256206 0.897000
28.256206 0.898000
28.263142 0.898000
28.263142 0.899000
28.277248 0.899000
28.277248 0.900000
28.280825 0.900000
28.280825 0.901000
28.445016 0.901000
28.445016 0.902000
28.458896 0.902000
28.458896 0.903000
28.482640 0.903000
28.482640 0.904000
28.489917 0.904000
28.489917 0.905000
28.497926 0.905000
28.497926 0.906000
28.529983 0.906000
28.529983 0.907000
28.532560 0.907000
28.532560 0.908000
28.548207 0.908000
28.548207 0.909000
28.550846 0.909000
28.550846 0.910000
28.553495 0.910000
28.553495 0.911000
28.622821 0.911000
28.622821 0.912000
28.634499 0.912000
28.634499 0.913000
28.640402 0.913000
28.640402 0.914000
28.655351 0.914000
28.655351 0.915000
28.701898 0.915000
28.701898 0.916000
28.847546 0.916000
28.847546 0.917000
28.862744 0.917000
28.862744 0.918000
28.998482 0.918000
28.998482 0.919000
29.251485 0.919000
29.251485 0.920000
29.559713 0.920000
29.559713 0.921000
29.663704 0.921000
29.663704 0.922000
29.665851 0.922000
29.665851 0.923000
29.673772 0.923000
29.673772 0.924000
29.781246 0.924000
29.781246 0.925000
29.842803 0.925000
29.842803 0.926000
29.851821 0.926000
29.851821 0.927000
29.888479 0.927000
29.888479 0.928000
29.897792 0.928000
29.897792 0.929000
29.907166 0.929000
29.907166 0.930000
29.926098 0.930000
29.926098 0.931000
29.954967 0.931000
29.954967 0.932000
29.984415 0.932000
29.984415 0.933000
30.004377 0.933000
30.004377 0.934000
30.004377 0.934000
30.004377 0.935000
30.055479 0.935000
30.055479 0.936000
30.097639 0.936000
30.097639 0.937000
30.097639 0.937000
30.097639 0.938000
30.119161 0.938000
30.119161 0.939000
30.140986 0.939000
30.140986 0.940000
30.185571 0.940000
30.185571 0.941000
30.231449 0.941000
30.231449 0.942000
30.442239 0.942000
30.442239 0.943000
30.455504 0.943000
30.455504 0.944000
30.961934 0.944000
30.961934 0.945000
31.001573 0.945000
31.001573 0.946000
31.034142 0.946000
31.034142 0.947000
31.047068 0.947000
31.047068 0.948000
31.057892 0.948000
31.057892 0.949000
31.072684 0.949000
31.072684 0.950000
31.091778 0.950000
31.091778 0.951000
31.103570 0.951000
31.103570 0.952000
31.103570 0.952000
31.103570 0.953000
31.107558 0.953000
31.107558 0.954000
31.137730 0.954000
31.137730 0.955000
31.242566 0.955000
31.242566 0.956000
31.354734 0.956000
31.354734 0.957000
31.409279 0.957000
31.409279 0.958000
31.454239 0.958000
31.454239 0.959000
31.575018 0.959000
31.575018 0.960000
31.692377 0.960000
31.692377 0.961000
31.741087 0.961000
31.741087 0.962000
31.741087 0.962000
31.741087 0.963000
31.851322 0.963000
31.851322 0.964000
31.934384 0.964000
31.934384 0.965000
32.455055 0.965000
32.455055 0.966000
32.842803 0.966000
32.842803 0.967000
32.907166 0.967000
32.907166 0.968000
32.907166 0.968000
32.907166 0.969000
32.935658 0.969000
32.935658 0.970000
33.014459 0.970000
33.014459 0.971000
33.065911 0.971000
33.065911 0.972000
33.196918 0.972000
33.196918 0.973000
33.208345 0.973000
33.208345 0.974000
33.967979 0.974000
33.967979 0.975000
33.977192 0.975000
33.977192 0.976000
34.043510 0.976000
34.043510 0.977000
34.810626 0.977000
34.810626 0.978000
35.964718 0.978000
35.964718 0.979000
36.097639 0.979000
36.097639 0.980000
36.984483 0.980000
36.984483 0.981000
37.123811 0.981000
37.123811 0.982000
37.407105 0.982000
37.407105 0.983000
38.062304 0.983000
38.062304 0.984000
40.056678 0.984000
40.056678 0.985000
40.081509 0.985000
40.081509 0.986000
40.409279 0.986000
40.409279 0.987000
41.552457 0.987000
41.552457 0.988000
43.065236 0.988000
43.065236 0.989000
43.331183 0.989000
43.331183 0.990000
43.402777 0.990000
43.402777 0.991000
44.025339 0.991000
44.025339 0.992000
44.879226 0.992000
44.879226 0.993000
48.883899 0.993000
48.883899 0.994000
48.939461 0.994000
48.939461 0.995000
52.545577 0.995000
52.545577 0.996000
56.722317 0.996000
56.722317 0.997000
120.000000 0.997000
120.000000 0.998000
120.000000 0.998000
120.000000 0.999000
120.000000 0.999000
120.000000 1.000000
