77.846629 0.000000
77.846629 0.001000
79.505196 0.001000
79.505196 0.002000
89.227239 0.002000
89.227239 0.003000
90.246074 0.003000
90.246074 0.004000
90.459430 0.004000
90.459430 0.005000
91.260226 0.005000
91.260226 0.006000
93.105826 0.006000
93.105826 0.007000
93.233086 0.007000
93.233086 0.008000
93.322546 0.008000
93.322546 0.009000
93.432265 0.009000
93.432265 0.010000
93.799661 0.010000
93.799661 0.011000
94.003232 0.011000
94.003232 0.012000
94.105778 0.012000
94.105778 0.013000
94.114618 0.013000
94.114618 0.014000
94.166097 0.014000
94.166097 0.015000
94.190876 0.015000
94.190876 0.016000
94.190876 0.016000
94.190876 0.017000
94.230829 0.017000
94.230829 0.018000
94.230829 0.018000
94.230829 0.019000
94.246359 0.019000
94.246359 0.020000
94.261641 0.020000
94.261641 0.021000
94.269191 0.021000
94.269191 0.022000
94.298796 0.022000
94.298796 0.023000
94.313253 0.023000
94.313253 0.024000
94.320398 0.024000
94.320398 0.025000
94.327487 0.025000
94.327487 0.026000
94.348430 0.026000
94.348430 0.027000
94.355305 0.027000
94.355305 0.028000
94.362128 0.028000
94.362128 0.029000
94.362128 0.029000
94.362128 0.030000
94.362128 0.030000
94.362128 0.031000
94.368899 0.031000
94.368899 0.032000
94.375619 0.032000
94.375619 0.033000
94.375619 0.033000
94.375619 0.034000
94.377758 0.034000
94.377758 0.035000
94.382289 0.035000
94.382289 0.036000
94.388909 0.036000
94.388909 0.037000
94.395480 0.037000
94.395480 0.038000
94.395480 0.038000
94.395480 0.039000
94.421282 0.039000
94.421282 0.040000
94.421282 0.040000
94.421282 0.041000
94.427615 0.041000
94.427615 0.042000
94.427615 0.042000
94.427615 0.043000
94.440143 0.043000
94.440143 0.044000
94.446339 0.044000
94.446339 0.045000
94.446339 0.045000
94.446339 0.046000
94.446339 0.046000
94.446339 0.047000
94.446339 0.047000
94.446339 0.048000
94.452490 0.048000
94.452490 0.049000
94.452490 0.049000
94.452490 0.050000
94.452694 0.050000
94.452694 0.051000
94.458598 0.051000
94.458598 0.052000
94.458598 0.052000
94.458598 0.053000
94.458598 0.053000
94.458598 0.054000
94.458598 0.054000
94.458598 0.055000
94.464662 0.055000
94.464662 0.056000
94.464662 0.056000
94.464662 0.057000
94.464662 0.057000
94.464662 0.058000
94.470682 0.058000
94.470682 0.059000
94.470682 0.059000
94.470682 0.060000
94.470682 0.060000
94.470682 0.061000
94.476660 0.061000
94.476660 0.062000
94.482596 0.062000
94.482596 0.063000
94.482596 0.063000
94.482596 0.064000
94.488489 0.064000
94.488489 0.065000
94.488489 0.065000
94.488489 0.066000
94.488489 0.066000
94.488489 0.067000
94.488489 0.067000
94.488489 0.068000
94.494342 0.068000
94.494342 0.069000
94.494342 0.069000
94.494342 0.070000
94.494342 0.070000
94.494342 0.071000
94.494342 0.071000
94.494342 0.072000
94.500153 0.072000
94.500153 0.073000
94.505924 0.073000
94.505924 0.074000
94.505924 0.074000
94.505924 0.075000
94.505924 0.075000
94.505924 0.076000
94.505924 0.076000
94.505924 0.077000
94.511655 0.077000
94.511655 0.078000
94.511655 0.078000
94.511655 0.079000
94.511655 0.079000
94.511655 0.080000
94.517346 0.080000
94.517346 0.081000
94.517346 0.081000
94.517346 0.082000
94.522998 0.082000
94.522998 0.083000
94.522998 0.083000
94.522998 0.084000
94.522998 0.084000
94.522998 0.085000
94.528611 0.085000
94.528611 0.086000
94.528611 0.086000
94.528611 0.087000
94.528611 0.087000
94.528611 0.088000
94.528611 0.088000
94.528611 0.089000
94.528611 0.089000
94.528611 0.090000
94.534186 0.090000
94.534186 0.091000
94.534186 0.091000
94.534186 0.092000
94.534186 0.092000
94.534186 0.093000
94.534186 0.093000
94.534186 0.094000
94.534186 0.094000
94.534186 0.095000
94.539723 0.095000
94.539723 0.096000
94.539723 0.096000
94.539723 0.097000
94.539723 0.097000
94.539723 0.098000
94.545222 0.098000
94.545222 0.099000
94.545222 0.099000
94.545222 0.100000
94.545222 0.100000
94.545222 0.101000
94.545222 0.101000
94.545222 0.102000
94.550683 0.102000
94.550683 0.103000
94.550683 0.103000
94.550683 0.104000
94.550683 0.104000
94.550683 0.105000
94.556108 0.105000
94.556108 0.106000
94.556108 0.106000
94.556108 0.107000
94.556108 0.107000
94.556108 0.108000
94.556108 0.108000
94.556108 0.109000
94.561496 0.109000
94.561496 0.110000
94.561496 0.110000
94.561496 0.111000
94.561496 0.111000
94.561496 0.112000
94.566848 0.112000
94.566848 0.113000
94.572164 0.113000
94.572164 0.114000
94.572164 0.114000
94.572164 0.115000
94.572164 0.115000
94.572164 0.116000
94.577445 0.116000
94.577445 0.117000
94.582691 0.117000
94.582691 0.118000
94.582691 0.118000
94.582691 0.119000
94.582691 0.119000
94.582691 0.120000
94.582691 0.120000
94.582691 0.121000
94.582691 0.121000
94.582691 0.122000
94.587902 0.122000
94.587902 0.123000
94.587902 0.123000
94.587902 0.124000
94.587902 0.124000
94.587902 0.125000
94.593078 0.125000
94.593078 0.126000
94.598220 0.126000
94.598220 0.127000
94.598220 0.127000
94.598220 0.128000
94.598220 0.128000
94.598220 0.129000
94.598220 0.129000
94.598220 0.130000
94.598220 0.130000
94.598220 0.131000
94.598220 0.131000
94.598220 0.132000
94.603329 0.132000
94.603329 0.133000
94.603329 0.133000
94.603329 0.134000
94.603329 0.134000
94.603329 0.135000
94.603329 0.135000
94.603329 0.136000
94.608404 0.136000
94.608404 0.137000
94.608404 0.137000
94.608404 0.138000
94.608404 0.138000
94.608404 0.139000
94.608404 0.139000
94.608404 0.140000
94.613447 0.140000
94.613447 0.141000
94.613447 0.141000
94.613447 0.142000
94.613447 0.142000
94.613447 0.143000
94.613447 0.143000
94.613447 0.144000
94.613447 0.144000
94.613447 0.145000
94.613447 0.145000
94.613447 0.146000
94.618456 0.146000
94.618456 0.147000
94.618456 0.147000
94.618456 0.148000
94.618456 0.148000
94.618456 0.149000
94.623433 0.149000
94.623433 0.150000
94.623433 0.150000
94.623433 0.151000
94.623433 0.151000
94.623433 0.152000
94.628378 0.152000
94.628378 0.153000
94.628378 0.153000
94.628378 0.154000
94.628378 0.154000
94.628378 0.155000
94.628378 0.155000
94.628378 0.156000
94.633291 0.156000
94.633291 0.157000
94.638173 0.157000
94.638173 0.158000
94.638173 0.158000
94.638173 0.159000
94.638173 0.159000
94.638173 0.160000
94.638173 0.160000
94.638173 0.161000
94.643023 0.161000
94.643023 0.162000
94.643023 0.162000
94.643023 0.163000
94.643023 0.163000
94.643023 0.164000
94.643023 0.164000
94.643023 0.165000
94.647843 0.165000
94.647843 0.166000
94.647843 0.166000
94.647843 0.167000
94.647843 0.167000
94.647843 0.168000
94.647843 0.168000
94.647843 0.169000
94.647843 0.169000
94.647843 0.170000
94.652632 0.170000
94.652632 0.171000
94.652632 0.171000
94.652632 0.172000
94.652632 0.172000
94.652632 0.173000
94.652632 0.173000
94.652632 0.174000
94.657390 0.174000
94.657390 0.175000
94.662119 0.175000
94.662119 0.176000
94.666818 0.176000
94.666818 0.177000
94.666818 0.177000
94.666818 0.178000
94.666818 0.178000
94.666818 0.179000
94.666818 0.179000
94.666818 0.180000
94.666818 0.180000
94.666818 0.181000
94.671487 0.181000
94.671487 0.182000
94.671487 0.182000
94.671487 0.183000
94.671487 0.183000
94.671487 0.184000
94.671487 0.184000
94.671487 0.185000
94.676127 0.185000
94.676127 0.186000
94.680738 0.186000
94.680738 0.187000
94.680738 0.187000
94.680738 0.188000
94.685321 0.188000
94.685321 0.189000
94.685321 0.189000
94.685321 0.190000
94.685321 0.190000
94.685321 0.191000
94.685321 0.191000
94.685321 0.192000
94.685321 0.192000
94.685321 0.193000
94.685321 0.193000
94.685321 0.194000
94.689875 0.194000
94.689875 0.195000
94.689875 0.195000
94.689875 0.196000
94.689875 0.196000
94.689875 0.197000
94.689875 0.197000
94.689875 0.198000
94.694401 0.198000
94.694401 0.199000
94.694401 0.199000
94.694401 0.200000
94.694401 0.200000
94.694401 0.201000
94.694401 0.201000
94.694401 0.202000
94.698899 0.202000
94.698899 0.203000
94.698899 0.203000
94.698899 0.204000
94.703370 0.204000
94.703370 0.205000
94.703370 0.205000
94.703370 0.206000
94.703370 0.206000
94.703370 0.207000
94.703370 0.207000
94.703370 0.208000
94.707813 0.208000
94.707813 0.209000
94.707813 0.209000
94.707813 0.210000
94.707813 0.210000
94.707813 0.211000
94.707813 0.211000
94.707813 0.212000
94.707813 0.212000
94.707813 0.213000
94.707813 0.213000
94.707813 0.214000
94.707813 0.214000
94.707813 0.215000
94.707813 0.215000
94.707813 0.216000
94.712230 0.216000
94.712230 0.217000
94.712230 0.217000
94.712230 0.218000
94.712230 0.218000
94.712230 0.219000
94.712230 0.219000
94.712230 0.220000
94.716619 0.220000
94.716619 0.221000
94.716619 0.221000
94.716619 0.222000
94.716619 0.222000
94.716619 0.223000
94.720982 0.223000
94.720982 0.224000
94.720982 0.224000
94.720982 0.225000
94.725318 0.225000
94.725318 0.226000
94.729628 0.226000
94.729628 0.227000
94.729628 0.227000
94.729628 0.228000
94.729628 0.228000
94.729628 0.229000
94.733913 0.229000
94.733913 0.230000
94.733913 0.230000
94.733913 0.231000
94.733913 0.231000
94.733913 0.232000
94.733913 0.232000
94.733913 0.233000
94.738171 0.233000
94.738171 0.234000
94.746612 0.234000
94.746612 0.235000
94.746612 0.235000
94.746612 0.236000
94.750796 0.236000
94.750796 0.237000
94.750796 0.237000
94.750796 0.238000
94.754954 0.238000
94.754954 0.239000
94.754954 0.239000
94.754954 0.240000
94.754954 0.240000
94.754954 0.241000
94.767282 0.241000
94.767282 0.242000
94.844235 0.242000
94.844235 0.243000
94.906547 0.243000
94.906547 0.244000
94.944900 0.244000
94.944900 0.245000
94.947990 0.245000
94.947990 0.246000
94.954123 0.246000
94.954123 0.247000
94.975107 0.247000
94.975107 0.248000
94.978046 0.248000
94.978046 0.249000
95.001034 0.249000
95.001034 0.250000
95.014952 0.250000
95.014952 0.251000
95.017695 0.251000
95.017695 0.252000
95.023142 0.252000
95.023142 0.253000
95.033882 0.253000
95.033882 0.254000
95.072405 0.254000
95.072405 0.255000
95.072405 0.255000
95.072405 0.256000
95.077342 0.256000
95.077342 0.257000
95.082235 0.257000
95.082235 0.258000
95.096650 0.258000
95.096650 0.259000
95.110683 0.259000
95.110683 0.260000
95.112986 0.260000
95.112986 0.261000
95.119834 0.261000
95.119834 0.262000
95.135468 0.262000
95.135468 0.263000
95.139849 0.263000
95.139849 0.264000
95.144192 0.264000
95.144192 0.265000
95.146350 0.265000
95.146350 0.266000
95.225704 0.266000
95.225704 0.267000
95.247134 0.267000
95.247134 0.268000
95.265929 0.268000
95.265929 0.269000
95.275856 0.269000
95.275856 0.270000
95.282353 0.270000
95.282353 0.271000
95.290339 0.271000
95.290339 0.272000
95.293493 0.272000
95.293493 0.273000
95.295062 0.273000
95.295062 0.274000
95.298181 0.274000
95.298181 0.275000
95.299733 0.275000
95.299733 0.276000
95.301279 0.276000
95.301279 0.277000
95.307406 0.277000
95.307406 0.278000
95.307406 0.278000
95.307406 0.279000
95.307406 0.279000
95.307406 0.280000
95.313447 0.280000
95.313447 0.281000
95.316435 0.281000
95.316435 0.282000
95.322348 0.282000
95.322348 0.283000
95.323813 0.283000
95.323813 0.284000
95.325274 0.284000
95.325274 0.285000
95.329623 0.285000
95.329623 0.286000
95.332498 0.286000
95.332498 0.287000
95.336773 0.287000
95.336773 0.288000
95.336773 0.288000
95.336773 0.289000
95.342404 0.289000
95.342404 0.290000
95.343799 0.290000
95.343799 0.291000
95.345190 0.291000
95.345190 0.292000
95.345190 0.292000
95.345190 0.293000
95.346577 0.293000
95.346577 0.294000
95.347958 0.294000
95.347958 0.295000
95.349335 0.295000
95.349335 0.296000
95.353437 0.296000
95.353437 0.297000
95.353437 0.297000
95.353437 0.298000
95.354795 0.298000
95.354795 0.299000
95.356148 0.299000
95.356148 0.300000
95.356148 0.300000
95.356148 0.301000
95.356148 0.301000
95.356148 0.302000
95.357497 0.302000
95.357497 0.303000
95.360182 0.303000
95.360182 0.304000
95.362848 0.304000
95.362848 0.305000
95.366814 0.305000
95.366814 0.306000
95.369436 0.306000
95.369436 0.307000
95.369436 0.307000
95.369436 0.308000
95.372041 0.308000
95.372041 0.309000
95.374629 0.309000
95.374629 0.310000
95.374629 0.310000
95.374629 0.311000
95.377199 0.311000
95.377199 0.312000
95.377199 0.312000
95.377199 0.313000
95.381024 0.313000
95.381024 0.314000
95.381024 0.314000
95.381024 0.315000
95.382290 0.315000
95.382290 0.316000
95.384811 0.316000
95.384811 0.317000
95.389803 0.317000
95.389803 0.318000
95.389803 0.318000
95.389803 0.319000
95.391040 0.319000
95.391040 0.320000
95.392274 0.320000
95.392274 0.321000
95.392274 0.321000
95.392274 0.322000
95.393504 0.322000
95.393504 0.323000
95.395952 0.323000
95.395952 0.324000
95.397171 0.324000
95.397171 0.325000
95.398385 0.325000
95.398385 0.326000
95.400802 0.326000
95.400802 0.327000
95.404398 0.327000
95.404398 0.328000
95.404398 0.328000
95.404398 0.329000
95.405589 0.329000
95.405589 0.330000
95.407961 0.330000
95.407961 0.331000
95.412658 0.331000
95.412658 0.332000
95.416143 0.332000
95.416143 0.333000
95.417297 0.333000
95.417297 0.334000
95.417297 0.334000
95.417297 0.335000
95.418448 0.335000
95.418448 0.336000
95.419595 0.336000
95.419595 0.337000
95.419595 0.337000
95.419595 0.338000
95.420739 0.338000
95.420739 0.339000
95.420739 0.339000
95.420739 0.340000
95.421879 0.340000
95.421879 0.341000
95.423016 0.341000
95.423016 0.342000
95.423016 0.342000
95.423016 0.343000
95.424149 0.343000
95.424149 0.344000
95.429761 0.344000
95.429761 0.345000
95.431983 0.345000
95.431983 0.346000
95.431983 0.346000
95.431983 0.347000
95.431983 0.347000
95.431983 0.348000
95.437476 0.348000
95.437476 0.349000
95.439651 0.349000
95.439651 0.350000
95.445029 0.350000
95.445029 0.351000
95.446095 0.351000
95.446095 0.352000
95.447158 0.352000
95.447158 0.353000
95.447158 0.353000
95.447158 0.354000
95.448218 0.354000
95.448218 0.355000
95.451378 0.355000
95.451378 0.356000
95.453469 0.356000
95.453469 0.357000
95.453469 0.357000
95.453469 0.358000
95.456582 0.358000
95.456582 0.359000
95.456582 0.359000
95.456582 0.360000
95.457614 0.360000
95.457614 0.361000
95.458642 0.361000
95.458642 0.362000
95.460691 0.362000
95.460691 0.363000
95.461710 0.363000
95.461710 0.364000
95.462727 0.364000
95.462727 0.365000
95.463740 0.365000
95.463740 0.366000
95.465759 0.366000
95.465759 0.367000
95.467766 0.367000
95.467766 0.368000
95.468765 0.368000
95.468765 0.369000
95.469761 0.369000
95.469761 0.370000
95.472732 0.370000
95.472732 0.371000
95.472732 0.371000
95.472732 0.372000
95.473716 0.372000
95.473716 0.373000
95.473716 0.373000
95.473716 0.374000
95.474698 0.374000
95.474698 0.375000
95.474698 0.375000
95.474698 0.376000
95.475677 0.376000
95.475677 0.377000
95.510021 0.377000
95.510021 0.378000
95.522128 0.378000
95.522128 0.379000
95.522976 0.379000
95.522976 0.380000
95.535421 0.380000
95.535421 0.381000
95.535421 0.381000
95.535421 0.382000
95.540264 0.382000
95.540264 0.383000
95.541064 0.383000
95.541064 0.384000
95.547387 0.384000
95.547387 0.385000
95.547387 0.385000
95.547387 0.386000
95.548948 0.386000
95.548948 0.387000
95.548948 0.387000
95.548948 0.388000
95.551274 0.388000
95.551274 0.389000
95.553582 0.389000
95.553582 0.390000
95.558146 0.390000
95.558146 0.391000
95.561151 0.391000
95.561151 0.392000
95.564864 0.392000
95.564864 0.393000
95.565601 0.393000
95.565601 0.394000
95.566337 0.394000
95.566337 0.395000
95.567070 0.395000
95.567070 0.396000
95.567802 0.396000
95.567802 0.397000
95.568531 0.397000
95.568531 0.398000
95.569259 0.398000
95.569259 0.399000
95.569986 0.399000
95.569986 0.400000
95.571433 0.400000
95.571433 0.401000
95.572873 0.401000
95.572873 0.402000
95.572873 0.402000
95.572873 0.403000
95.573590 0.403000
95.573590 0.404000
95.573590 0.404000
95.573590 0.405000
95.573590 0.405000
95.573590 0.406000
95.575731 0.406000
95.575731 0.407000
95.577857 0.407000
95.577857 0.408000
95.578562 0.408000
95.578562 0.409000
95.579265 0.409000
95.579265 0.410000
95.579967 0.410000
95.579967 0.411000
95.579967 0.411000
95.579967 0.412000
95.579967 0.412000
95.579967 0.413000
95.579967 0.413000
95.579967 0.414000
95.580667 0.414000
95.580667 0.415000
95.580667 0.415000
95.580667 0.416000
95.581365 0.416000
95.581365 0.417000
95.582062 0.417000
95.582062 0.418000
95.582062 0.418000
95.582062 0.419000
95.583450 0.419000
95.583450 0.420000
95.584142 0.420000
95.584142 0.421000
95.584831 0.421000
95.584831 0.422000
95.584831 0.422000
95.584831 0.423000
95.586206 0.423000
95.586206 0.424000
95.586206 0.424000
95.586206 0.425000
95.586206 0.425000
95.586206 0.426000
95.586891 0.426000
95.586891 0.427000
95.587574 0.427000
95.587574 0.428000
95.587574 0.428000
95.587574 0.429000
95.588256 0.429000
95.588256 0.430000
95.588256 0.430000
95.588256 0.431000
95.589614 0.431000
95.589614 0.432000
95.589614 0.432000
95.589614 0.433000
95.589614 0.433000
95.589614 0.434000
95.589614 0.434000
95.589614 0.435000
95.590291 0.435000
95.590291 0.436000
95.590291 0.436000
95.590291 0.437000
95.592311 0.437000
95.592311 0.438000
95.592982 0.438000
95.592982 0.439000
95.592982 0.439000
95.592982 0.440000
95.593650 0.440000
95.593650 0.441000
95.593650 0.441000
95.593650 0.442000
95.594983 0.442000
95.594983 0.443000
95.594983 0.443000
95.594983 0.444000
95.594983 0.444000
95.594983 0.445000
95.595647 0.445000
95.595647 0.446000
95.596309 0.446000
95.596309 0.447000
95.596309 0.447000
95.596309 0.448000
95.596309 0.448000
95.596309 0.449000
95.596309 0.449000
95.596309 0.450000
95.596970 0.450000
95.596970 0.451000
95.597630 0.451000
95.597630 0.452000
95.597630 0.452000
95.597630 0.453000
95.598287 0.453000
95.598287 0.454000
95.598287 0.454000
95.598287 0.455000
95.598287 0.455000
95.598287 0.456000
95.598943 0.456000
95.598943 0.457000
95.599598 0.457000
95.599598 0.458000
95.599598 0.458000
95.599598 0.459000
95.599598 0.459000
95.599598 0.460000
95.600251 0.460000
95.600251 0.461000
95.600903 0.461000
95.600903 0.462000
95.601553 0.462000
95.601553 0.463000
95.601553 0.463000
95.601553 0.464000
95.602201 0.464000
95.602201 0.465000
95.602848 0.465000
95.602848 0.466000
95.602848 0.466000
95.602848 0.467000
95.603494 0.467000
95.603494 0.468000
95.603494 0.468000
95.603494 0.469000
95.604780 0.469000
95.604780 0.470000
95.604780 0.470000
95.604780 0.471000
95.604780 0.471000
95.604780 0.472000
95.604780 0.472000
95.604780 0.473000
95.604780 0.473000
95.604780 0.474000
95.604780 0.474000
95.604780 0.475000
95.605421 0.475000
95.605421 0.476000
95.606699 0.476000
95.606699 0.477000
95.606699 0.477000
95.606699 0.478000
95.607335 0.478000
95.607335 0.479000
95.607970 0.479000
95.607970 0.480000
95.607970 0.480000
95.607970 0.481000
95.608604 0.481000
95.608604 0.482000
95.609236 0.482000
95.609236 0.483000
95.610496 0.483000
95.610496 0.484000
95.611124 0.484000
95.611124 0.485000
95.612375 0.485000
95.612375 0.486000
95.612375 0.486000
95.612375 0.487000
95.612375 0.487000
95.612375 0.488000
95.612998 0.488000
95.612998 0.489000
95.612998 0.489000
95.612998 0.490000
95.613620 0.490000
95.613620 0.491000
95.613620 0.491000
95.613620 0.492000
95.614241 0.492000
95.614241 0.493000
95.614860 0.493000
95.614860 0.494000
95.614860 0.494000
95.614860 0.495000
95.615478 0.495000
95.615478 0.496000
95.616709 0.496000
95.616709 0.497000
95.617323 0.497000
95.617323 0.498000
95.617323 0.498000
95.617323 0.499000
95.617935 0.499000
95.617935 0.500000
95.619155 0.500000
95.619155 0.501000
95.619763 0.501000
95.619763 0.502000
95.619763 0.502000
95.619763 0.503000
95.619763 0.503000
95.619763 0.504000
95.620370 0.504000
95.620370 0.505000
95.620370 0.505000
95.620370 0.506000
95.620370 0.506000
95.620370 0.507000
95.621579 0.507000
95.621579 0.508000
95.622182 0.508000
95.622182 0.509000
95.622182 0.509000
95.622182 0.510000
95.622182 0.510000
95.622182 0.511000
95.622182 0.511000
95.622182 0.512000
95.623981 0.512000
95.623981 0.513000
95.623981 0.513000
95.623981 0.514000
95.624578 0.514000
95.624578 0.515000
95.624578 0.515000
95.624578 0.516000
95.624578 0.516000
95.624578 0.517000
95.624578 0.517000
95.624578 0.518000
95.626362 0.518000
95.626362 0.519000
95.626362 0.519000
95.626362 0.520000
95.626362 0.520000
95.626362 0.521000
95.627544 0.521000
95.627544 0.522000
95.628133 0.522000
95.628133 0.523000
95.628721 0.523000
95.628721 0.524000
95.629307 0.524000
95.629307 0.525000
95.629307 0.525000
95.629307 0.526000
95.629893 0.526000
95.629893 0.527000
95.629893 0.527000
95.629893 0.528000
95.629893 0.528000
95.629893 0.529000
95.629893 0.529000
95.629893 0.530000
95.630477 0.530000
95.630477 0.531000
95.630477 0.531000
95.630477 0.532000
95.631641 0.532000
95.631641 0.533000
95.631641 0.533000
95.631641 0.534000
95.632800 0.534000
95.632800 0.535000
95.632800 0.535000
95.632800 0.536000
95.633953 0.536000
95.633953 0.537000
95.633953 0.537000
95.633953 0.538000
95.633953 0.538000
95.633953 0.539000
95.634528 0.539000
95.634528 0.540000
95.635102 0.540000
95.635102 0.541000
95.635674 0.541000
95.635674 0.542000
95.635674 0.542000
95.635674 0.543000
95.636816 0.543000
95.636816 0.544000
95.636816 0.544000
95.636816 0.545000
95.638518 0.545000
95.638518 0.546000
95.638518 0.546000
95.638518 0.547000
95.638518 0.547000
95.638518 0.548000
95.638518 0.548000
95.638518 0.549000
95.640209 0.549000
95.640209 0.550000
95.640209 0.550000
95.640209 0.551000
95.641330 0.551000
95.641330 0.552000
95.641330 0.552000
95.641330 0.553000
95.641330 0.553000
95.641330 0.554000
95.641330 0.554000
95.641330 0.555000
95.641889 0.555000
95.641889 0.556000
95.641889 0.556000
95.641889 0.557000
95.643558 0.557000
95.643558 0.558000
95.645217 0.558000
95.645217 0.559000
95.645217 0.559000
95.645217 0.560000
95.645767 0.560000
95.645767 0.561000
95.645767 0.561000
95.645767 0.562000
95.646317 0.562000
95.646317 0.563000
95.646865 0.563000
95.646865 0.564000
95.646865 0.564000
95.646865 0.565000
95.647412 0.565000
95.647412 0.566000
95.648502 0.566000
95.648502 0.567000
95.649045 0.567000
95.649045 0.568000
95.649045 0.568000
95.649045 0.569000
95.649588 0.569000
95.649588 0.570000
95.649588 0.570000
95.649588 0.571000
95.649588 0.571000
95.649588 0.572000
95.649588 0.572000
95.649588 0.573000
95.650129 0.573000
95.650129 0.574000
95.650668 0.574000
95.650668 0.575000
95.650668 0.575000
95.650668 0.576000
95.651207 0.576000
95.651207 0.577000
95.652281 0.577000
95.652281 0.578000
95.653884 0.578000
95.653884 0.579000
95.653884 0.579000
95.653884 0.580000
95.654416 0.580000
95.654416 0.581000
95.655476 0.581000
95.655476 0.582000
95.657059 0.582000
95.657059 0.583000
95.657584 0.583000
95.657584 0.584000
95.658108 0.584000
95.658108 0.585000
95.658631 0.585000
95.658631 0.586000
95.659153 0.586000
95.659153 0.587000
95.659153 0.587000
95.659153 0.588000
95.659153 0.588000
95.659153 0.589000
95.661230 0.589000
95.661230 0.590000
95.661746 0.590000
95.661746 0.591000
95.662262 0.591000
95.662262 0.592000
95.662776 0.592000
95.662776 0.593000
95.662776 0.593000
95.662776 0.594000
95.663289 0.594000
95.663289 0.595000
95.663801 0.595000
95.663801 0.596000
95.663801 0.596000
95.663801 0.597000
95.664823 0.597000
95.664823 0.598000
95.664823 0.598000
95.664823 0.599000
95.665840 0.599000
95.665840 0.600000
95.667357 0.600000
95.667357 0.601000
95.667861 0.601000
95.667861 0.602000
95.667861 0.602000
95.667861 0.603000
95.668364 0.603000
95.668364 0.604000
95.670364 0.604000
95.670364 0.605000
95.671854 0.605000
95.671854 0.606000
95.674317 0.606000
95.674317 0.607000
95.674317 0.607000
95.674317 0.608000
95.676269 0.608000
95.676269 0.609000
95.680604 0.609000
95.680604 0.610000
97.165973 0.610000
97.165973 0.611000
97.469203 0.611000
97.469203 0.612000
97.614051 0.612000
97.614051 0.613000
97.883010 0.613000
97.883010 0.614000
97.995385 0.614000
97.995385 0.615000
98.000128 0.615000
98.000128 0.616000
98.023408 0.616000
98.023408 0.617000
98.041525 0.617000
98.041525 0.618000
98.045986 0.618000
98.045986 0.619000
98.054828 0.619000
98.054828 0.620000
98.063565 0.620000
98.063565 0.621000
98.076477 0.621000
98.076477 0.622000
98.076477 0.622000
98.076477 0.623000
98.076477 0.623000
98.076477 0.624000
98.080730 0.624000
98.080730 0.625000
98.080730 0.625000
98.080730 0.626000
98.084958 0.626000
98.084958 0.627000
98.084958 0.627000
98.084958 0.628000
98.089162 0.628000
98.089162 0.629000
98.089162 0.629000
98.089162 0.630000
98.089162 0.630000
98.089162 0.631000
98.109817 0.631000
98.109817 0.632000
98.113876 0.632000
98.113876 0.633000
98.121926 0.633000
98.121926 0.634000
98.121926 0.634000
98.121926 0.635000
98.137753 0.635000
98.137753 0.636000
98.141654 0.636000
98.141654 0.637000
98.145533 0.637000
98.145533 0.638000
98.160833 0.638000
98.160833 0.639000
98.172087 0.639000
98.172087 0.640000
98.190436 0.640000
98.190436 0.641000
98.194046 0.641000
98.194046 0.642000
98.194046 0.642000
98.194046 0.643000
98.197636 0.643000
98.197636 0.644000
98.211806 0.644000
98.211806 0.645000
98.229098 0.645000
98.229098 0.646000
98.382502 0.646000
98.382502 0.647000
98.447500 0.647000
98.447500 0.648000
98.509687 0.648000
98.509687 0.649000
99.245196 0.649000
99.245196 0.650000
99.500652 0.650000
99.500652 0.651000
99.592485 0.651000
99.592485 0.652000
99.974782 0.652000
99.974782 0.653000
99.989995 0.653000
99.989995 0.654000
100.004772 0.654000
100.004772 0.655000
100.013027 0.655000
100.013027 0.656000
100.059878 0.656000
100.059878 0.657000
100.065430 0.657000
100.065430 0.658000
100.067266 0.658000
100.067266 0.659000
100.070918 0.659000
100.070918 0.660000
100.074542 0.660000
100.074542 0.661000
100.079927 0.661000
100.079927 0.662000
100.081708 0.662000
100.081708 0.663000
100.097442 0.663000
100.097442 0.664000
100.097442 0.664000
100.097442 0.665000
100.117619 0.665000
100.117619 0.666000
100.132184 0.666000
100.132184 0.667000
100.156950 0.667000
100.156950 0.668000
100.168824 0.668000
100.168824 0.669000
100.171741 0.669000
100.171741 0.670000
100.171741 0.670000
100.171741 0.671000
100.181798 0.671000
100.181798 0.672000
100.184627 0.672000
100.184627 0.673000
100.231234 0.673000
100.231234 0.674000
100.291630 0.674000
100.291630 0.675000
100.304281 0.675000
100.304281 0.676000
101.343727 0.676000
101.343727 0.677000
101.393866 0.677000
101.393866 0.678000
101.398263 0.678000
101.398263 0.679000
101.398263 0.679000
101.398263 0.680000
101.406980 0.680000
101.406980 0.681000
101.406980 0.681000
101.406980 0.682000
101.415596 0.682000
101.415596 0.683000
101.415596 0.683000
101.415596 0.684000
101.419867 0.684000
101.419867 0.685000
101.419867 0.685000
101.419867 0.686000
101.428334 0.686000
101.428334 0.687000
101.428334 0.687000
101.428334 0.688000
101.428334 0.688000
101.428334 0.689000
101.432531 0.689000
101.432531 0.690000
101.432531 0.690000
101.432531 0.691000
101.436703 0.691000
101.436703 0.692000
101.449080 0.692000
101.449080 0.693000
101.453159 0.693000
101.453159 0.694000
101.457214 0.694000
101.457214 0.695000
101.477154 0.695000
101.477154 0.696000
101.477154 0.696000
101.477154 0.697000
101.477154 0.697000
101.477154 0.698000
101.484975 0.698000
101.484975 0.699000
101.496040 0.699000
101.496040 0.700000
101.507927 0.700000
101.507927 0.701000
101.526488 0.701000
101.526488 0.702000
101.605814 0.702000
101.605814 0.703000
101.815098 0.703000
101.815098 0.704000
101.930706 0.704000
101.930706 0.705000
101.949117 0.705000
101.949117 0.706000
102.012246 0.706000
102.012246 0.707000
102.256609 0.707000
102.256609 0.708000
102.285626 0.708000
102.285626 0.709000
102.324858 0.709000
102.324858 0.710000
102.327824 0.710000
102.327824 0.711000
102.348277 0.711000
102.348277 0.712000
102.351470 0.712000
102.351470 0.713000
102.359611 0.713000
102.359611 0.714000
102.403176 0.714000
102.403176 0.715000
102.410393 0.715000
102.410393 0.716000
102.419812 0.716000
102.419812 0.717000
102.420974 0.717000
102.420974 0.718000
102.434641 0.718000
102.434641 0.719000
102.445664 0.719000
102.445664 0.720000
102.446749 0.720000
102.446749 0.721000
102.470849 0.721000
102.470849 0.722000
102.473877 0.722000
102.473877 0.723000
102.479858 0.723000
102.479858 0.724000
102.480845 0.724000
102.480845 0.725000
102.480845 0.725000
102.480845 0.726000
102.484767 0.726000
102.484767 0.727000
102.485740 0.727000
102.485740 0.728000
102.489607 0.728000
102.489607 0.729000
102.494382 0.729000
102.494382 0.730000
102.500026 0.730000
102.500026 0.731000
102.501887 0.731000
102.501887 0.732000
102.504660 0.732000
102.504660 0.733000
102.511945 0.733000
102.511945 0.734000
102.513743 0.734000
102.513743 0.735000
102.522587 0.735000
102.522587 0.736000
102.522587 0.736000
102.522587 0.737000
102.528642 0.737000
102.528642 0.738000
102.530352 0.738000
102.530352 0.739000
102.532053 0.739000
102.532053 0.740000
102.532900 0.740000
102.532900 0.741000
102.537937 0.741000
102.537937 0.742000
102.542076 0.742000
102.542076 0.743000
102.545350 0.743000
102.545350 0.744000
102.550198 0.744000
102.550198 0.745000
102.552595 0.745000
102.552595 0.746000
102.553390 0.746000
102.553390 0.747000
102.556551 0.747000
102.556551 0.748000
102.558900 0.748000
102.558900 0.749000
102.559680 0.749000
102.559680 0.750000
102.559680 0.750000
102.559680 0.751000
102.562778 0.751000
102.562778 0.752000
102.564315 0.752000
102.564315 0.753000
102.565845 0.753000
102.565845 0.754000
102.566608 0.754000
102.566608 0.755000
102.567368 0.755000
102.567368 0.756000
102.570391 0.756000
102.570391 0.757000
102.571142 0.757000
102.571142 0.758000
102.572639 0.758000
102.572639 0.759000
102.573385 0.759000
102.573385 0.760000
102.581470 0.760000
102.581470 0.761000
102.583638 0.761000
102.583638 0.762000
102.585075 0.762000
102.585075 0.763000
102.587218 0.763000
102.587218 0.764000
102.592159 0.764000
102.592159 0.765000
102.597019 0.765000
102.597019 0.766000
102.598393 0.766000
102.598393 0.767000
102.614398 0.767000
102.614398 0.768000
102.615046 0.768000
102.615046 0.769000
102.617624 0.769000
102.617624 0.770000
102.618904 0.770000
102.618904 0.771000
102.627707 0.771000
102.627707 0.772000
102.968984 0.772000
102.968984 0.773000
103.134196 0.773000
103.134196 0.774000
103.230791 0.774000
103.230791 0.775000
103.330674 0.775000
103.330674 0.776000
103.339310 0.776000
103.339310 0.777000
103.339310 0.777000
103.339310 0.778000
103.364884 0.778000
103.364884 0.779000
103.385860 0.779000
103.385860 0.780000
103.429357 0.780000
103.429357 0.781000
103.475356 0.781000
103.475356 0.782000
103.586473 0.782000
103.586473 0.783000
104.634298 0.783000
104.634298 0.784000
104.715796 0.784000
104.715796 0.785000
104.738106 0.785000
104.738106 0.786000
104.746850 0.786000
104.746850 0.787000
104.751185 0.787000
104.751185 0.788000
104.751185 0.788000
104.751185 0.789000
104.789204 0.789000
104.789204 0.790000
104.828397 0.790000
104.828397 0.791000
104.839061 0.791000
104.839061 0.792000
104.839061 0.792000
104.839061 0.793000
104.861783 0.793000
104.861783 0.794000
104.863800 0.794000
104.863800 0.795000
104.865809 0.795000
104.865809 0.796000
104.873766 0.796000
104.873766 0.797000
104.877699 0.797000
104.877699 0.798000
104.879654 0.798000
104.879654 0.799000
104.885473 0.799000
104.885473 0.800000
104.885473 0.800000
104.885473 0.801000
104.893129 0.801000
104.893129 0.802000
104.906249 0.802000
104.906249 0.803000
104.913592 0.803000
104.913592 0.804000
104.936717 0.804000
104.936717 0.805000
105.026375 0.805000
105.026375 0.806000
105.089735 0.806000
105.089735 0.807000
105.412302 0.807000
105.412302 0.808000
105.643486 0.808000
105.643486 0.809000
105.652777 0.809000
105.652777 0.810000
105.718240 0.810000
105.718240 0.811000
105.734777 0.811000
105.734777 0.812000
105.747389 0.812000
105.747389 0.813000
106.117222 0.813000
106.117222 0.814000
106.672501 0.814000
106.672501 0.815000
106.725039 0.815000
106.725039 0.816000
106.877413 0.816000
106.877413 0.817000
107.018345 0.817000
107.018345 0.818000
107.280155 0.818000
107.280155 0.819000
107.353634 0.819000
107.353634 0.820000
107.359885 0.820000
107.359885 0.821000
107.396150 0.821000
107.396150 0.822000
107.414378 0.822000
107.414378 0.823000
107.415148 0.823000
107.415148 0.824000
107.436689 0.824000
107.436689 0.825000
107.442379 0.825000
107.442379 0.826000
107.462154 0.826000
107.462154 0.827000
107.491356 0.827000
107.491356 0.828000
107.506587 0.828000
107.506587 0.829000
107.573083 0.829000
107.573083 0.830000
107.978661 0.830000
107.978661 0.831000
108.003296 0.831000
108.003296 0.832000
108.149767 0.832000
108.149767 0.833000
108.178495 0.833000
108.178495 0.834000
108.241324 0.834000
108.241324 0.835000
108.265540 0.835000
108.265540 0.836000
108.293800 0.836000
108.293800 0.837000
108.899054 0.837000
108.899054 0.838000
109.245154 0.838000
109.245154 0.839000
109.280540 0.839000
109.280540 0.840000
109.393611 0.840000
109.393611 0.841000
109.393944 0.841000
109.393944 0.842000
109.422955 0.842000
109.422955 0.843000
109.430151 0.843000
109.430151 0.844000
109.436762 0.844000
109.436762 0.845000
109.444617 0.845000
109.444617 0.846000
109.450132 0.846000
109.450132 0.847000
109.456648 0.847000
109.456648 0.848000
109.459865 0.848000
109.459865 0.849000
109.461995 0.849000
109.461995 0.850000
109.466218 0.850000
109.466218 0.851000
109.473497 0.851000
109.473497 0.852000
109.473883 0.852000
109.473883 0.853000
109.477594 0.853000
109.477594 0.854000
109.483656 0.854000
109.483656 0.855000
109.483656 0.855000
109.483656 0.856000
109.488632 0.856000
109.488632 0.857000
109.489619 0.857000
109.489619 0.858000
109.491586 0.858000
109.491586 0.859000
109.492565 0.859000
109.492565 0.860000
109.492565 0.860000
109.492565 0.861000
109.493542 0.861000
109.493542 0.862000
109.494516 0.862000
109.494516 0.863000
109.494516 0.863000
109.494516 0.864000
109.495487 0.864000
109.495487 0.865000
109.497422 0.865000
109.497422 0.866000
109.497422 0.866000
109.497422 0.867000
109.499347 0.867000
109.499347 0.868000
109.499347 0.868000
109.499347 0.869000
109.505061 0.869000
109.505061 0.870000
109.505061 0.870000
109.505061 0.871000
109.507884 0.871000
109.507884 0.872000
109.509753 0.872000
109.509753 0.873000
109.511613 0.873000
109.511613 0.874000
109.512540 0.874000
109.512540 0.875000
109.516221 0.875000
109.516221 0.876000
109.525258 0.876000
109.525258 0.877000
109.527038 0.877000
109.527038 0.878000
109.527925 0.878000
109.527925 0.879000
109.533196 0.879000
109.533196 0.880000
109.535802 0.880000
109.535802 0.881000
109.544348 0.881000
109.544348 0.882000
109.558287 0.882000
109.558287 0.883000
109.566391 0.883000
109.566391 0.884000
109.570316 0.884000
109.570316 0.885000
109.574965 0.885000
109.574965 0.886000
109.577265 0.886000
109.577265 0.887000
109.596529 0.887000
109.596529 0.888000
109.619812 0.888000
109.619812 0.889000
109.711534 0.889000
109.711534 0.890000
110.092411 0.890000
110.092411 0.891000
110.403853 0.891000
110.403853 0.892000
111.724438 0.892000
111.724438 0.893000
112.334556 0.893000
112.334556 0.894000
112.973754 0.894000
112.973754 0.895000
113.027314 0.895000
113.027314 0.896000
113.253211 0.896000
113.253211 0.897000
113.678086 0.897000
113.678086 0.898000
113.713557 0.898000
113.713557 0.899000
114.257468 0.899000
114.257468 0.900000
114.268856 0.900000
114.268856 0.901000
114.276463 0.901000
114.276463 0.902000
114.610992 0.902000
114.610992 0.903000
114.948636 0.903000
114.948636 0.904000
115.731749 0.904000
115.731749 0.905000
115.809129 0.905000
115.809129 0.906000
116.321380 0.906000
116.321380 0.907000
116.408275 0.907000
116.408275 0.908000
116.422873 0.908000
116.422873 0.909000
116.455050 0.909000
116.455050 0.910000
116.458350 0.910000
116.458350 0.911000
116.465946 0.911000
116.465946 0.912000
116.487886 0.912000
116.487886 0.913000
116.489275 0.913000
116.489275 0.914000
116.571973 0.914000
116.571973 0.915000
117.810189 0.915000
117.810189 0.916000
120.154313 0.916000
120.154313 0.917000
121.309883 0.917000
121.309883 0.918000
121.314758 0.918000
121.314758 0.919000
121.624833 0.919000
121.624833 0.920000
121.751111 0.920000
121.751111 0.921000
122.566176 0.921000
122.566176 0.922000
122.596725 0.922000
122.596725 0.923000
122.645351 0.923000
122.645351 0.924000
123.323898 0.924000
123.323898 0.925000
123.385627 0.925000
123.385627 0.926000
123.460269 0.926000
123.460269 0.927000
123.472351 0.927000
123.472351 0.928000
123.548840 0.928000
123.548840 0.929000
124.125522 0.929000
124.125522 0.930000
124.576375 0.930000
124.576375 0.931000
124.682528 0.931000
124.682528 0.932000
125.480384 0.932000
125.480384 0.933000
126.082530 0.933000
126.082530 0.934000
126.143124 0.934000
126.143124 0.935000
126.386816 0.935000
126.386816 0.936000
126.474795 0.936000
126.474795 0.937000
126.481810 0.937000
126.481810 0.938000
126.556004 0.938000
126.556004 0.939000
126.575339 0.939000
126.575339 0.940000
126.637211 0.940000
126.637211 0.941000
126.660907 0.941000
126.660907 0.942000
127.575838 0.942000
127.575838 0.943000
127.865384 0.943000
127.865384 0.944000
127.871075 0.944000
127.871075 0.945000
127.900467 0.945000
127.900467 0.946000
127.911415 0.946000
127.911415 0.947000
127.913562 0.947000
127.913562 0.948000
127.935647 0.948000
127.935647 0.949000
128.187687 0.949000
128.187687 0.950000
128.272688 0.950000
128.272688 0.951000
128.631659 0.951000
128.631659 0.952000
129.909177 0.952000
129.909177 0.953000
130.162389 0.953000
130.162389 0.954000
130.530404 0.954000
130.530404 0.955000
131.284172 0.955000
131.284172 0.956000
131.592343 0.956000
131.592343 0.957000
131.919926 0.957000
131.919926 0.958000
132.524228 0.958000
132.524228 0.959000
133.392257 0.959000
133.392257 0.960000
134.160871 0.960000
134.160871 0.961000
135.410516 0.961000
135.410516 0.962000
136.675793 0.962000
136.675793 0.963000
137.333057 0.963000
137.333057 0.964000
138.648173 0.964000
138.648173 0.965000
139.632464 0.965000
139.632464 0.966000
145.981497 0.966000
145.981497 0.967000
158.529620 0.967000
158.529620 0.968000
158.597844 0.968000
158.597844 0.969000
159.782345 0.969000
159.782345 0.970000
162.110519 0.970000
162.110519 0.971000
162.489318 0.971000
162.489318 0.972000
163.130968 0.972000
163.130968 0.973000
163.963631 0.973000
163.963631 0.974000
166.119303 0.974000
166.119303 0.975000
171.021234 0.975000
171.021234 0.976000
193.951421 0.976000
193.951421 0.977000
194.315138 0.977000
194.315138 0.978000
194.500585 0.978000
194.500585 0.979000
195.541914 0.979000
195.541914 0.980000
195.752497 0.980000
195.752497 0.981000
195.899571 0.981000
195.899571 0.982000
196.281078 0.982000
196.281078 0.983000
196.328913 0.983000
196.328913 0.984000
196.344361 0.984000
196.344361 0.985000
198.769673 0.985000
198.769673 0.986000
205.182001 0.986000
205.182001 0.987000
221.188252 0.987000
221.188252 0.988000
224.020223 0.988000
224.020223 0.989000
235.573787 0.989000
235.573787 0.990000
242.325923 0.990000
242.325923 0.991000
264.852744 0.991000
264.852744 0.992000
267.622741 0.992000
267.622741 0.993000
278.092746 0.993000
278.092746 0.994000
308.749128 0.994000
308.749128 0.995000
344.427011 0.995000
344.427011 0.996000
357.285991 0.996000
357.285991 0.997000
358.315141 0.997000
358.315141 0.998000
361.802854 0.998000
361.802854 0.999000
367.385827 0.999000
367.385827 1.000000
