112.119809 0.000000
112.119809 0.001000
115.219287 0.001000
115.219287 0.002000
115.475786 0.002000
115.475786 0.003000
115.637237 0.003000
115.637237 0.004000
213.968665 0.004000
213.968665 0.005000
228.423113 0.005000
228.423113 0.006000
230.402264 0.006000
230.402264 0.007000
236.825292 0.007000
236.825292 0.008000
239.870730 0.008000
239.870730 0.009000
239.884182 0.009000
239.884182 0.010000
240.052482 0.010000
240.052482 0.011000
240.106402 0.011000
240.106402 0.012000
240.371657 0.012000
240.371657 0.013000
240.438028 0.013000
240.438028 0.014000
240.576139 0.014000
240.576139 0.015000
240.607454 0.015000
240.607454 0.016000
240.786096 0.016000
240.786096 0.017000
240.945229 0.017000
240.945229 0.018000
241.175832 0.018000
241.175832 0.019000
241.288328 0.019000
241.288328 0.020000
241.457511 0.020000
241.457511 0.021000
241.530739 0.021000
241.530739 0.022000
241.698868 0.022000
241.698868 0.023000
241.728803 0.023000
241.728803 0.024000
241.884167 0.024000
241.884167 0.025000
241.888510 0.025000
241.888510 0.026000
241.899020 0.026000
241.899020 0.027000
241.920857 0.027000
241.920857 0.028000
242.026976 0.028000
242.026976 0.029000
242.091315 0.029000
242.091315 0.030000
242.095003 0.030000
242.095003 0.031000
242.182515 0.031000
242.182515 0.032000
242.248559 0.032000
242.248559 0.033000
242.420115 0.033000
242.420115 0.034000
242.474015 0.034000
242.474015 0.035000
242.476269 0.035000
242.476269 0.036000
242.508388 0.036000
242.508388 0.037000
242.531859 0.037000
242.531859 0.038000
242.544964 0.038000
242.544964 0.039000
242.552461 0.039000
242.552461 0.040000
242.555125 0.040000
242.555125 0.041000
242.584774 0.041000
242.584774 0.042000
242.585987 0.042000
242.585987 0.043000
242.624023 0.043000
242.624023 0.044000
242.632140 0.044000
242.632140 0.045000
242.645815 0.045000
242.645815 0.046000
242.654731 0.046000
242.654731 0.047000
242.738108 0.047000
242.738108 0.048000
242.814229 0.048000
242.814229 0.049000
242.861352 0.049000
242.861352 0.050000
242.871221 0.050000
242.871221 0.051000
243.009721 0.051000
243.009721 0.052000
243.025375 0.052000
243.025375 0.053000
243.035718 0.053000
243.035718 0.054000
243.036252 0.054000
243.036252 0.055000
243.056793 0.055000
243.056793 0.056000
243.073706 0.056000
243.073706 0.057000
243.110735 0.057000
243.110735 0.058000
243.174883 0.058000
243.174883 0.059000
243.190161 0.059000
243.190161 0.060000
243.220401 0.060000
243.220401 0.061000
243.241314 0.061000
243.241314 0.062000
243.257932 0.062000
243.257932 0.063000
243.321385 0.063000
243.321385 0.064000
243.323401 0.064000
243.323401 0.065000
243.355269 0.065000
243.355269 0.066000
243.383396 0.066000
243.383396 0.067000
243.383650 0.067000
243.383650 0.068000
243.421372 0.068000
243.421372 0.069000
243.427416 0.069000
243.427416 0.070000
243.427416 0.070000
243.427416 0.071000
243.430929 0.071000
243.430929 0.072000
243.461259 0.072000
243.461259 0.073000
243.470604 0.073000
243.470604 0.074000
243.482925 0.074000
243.482925 0.075000
243.487720 0.075000
243.487720 0.076000
243.495643 0.076000
243.495643 0.077000
243.524449 0.077000
243.524449 0.078000
243.560376 0.078000
243.560376 0.079000
243.573635 0.079000
243.573635 0.080000
243.605055 0.080000
243.605055 0.081000
243.645938 0.081000
243.645938 0.082000
243.717499 0.082000
243.717499 0.083000
243.764164 0.083000
243.764164 0.084000
243.831031 0.084000
243.831031 0.085000
243.910601 0.085000
243.910601 0.086000
243.940289 0.086000
243.940289 0.087000
244.006036 0.087000
244.006036 0.088000
244.020452 0.088000
244.020452 0.089000
244.041946 0.089000
244.041946 0.090000
244.056189 0.090000
244.056189 0.091000
244.074243 0.091000
244.074243 0.092000
244.123480 0.092000
244.123480 0.093000
244.235316 0.093000
244.235316 0.094000
244.248646 0.094000
244.248646 0.095000
244.267691 0.095000
244.267691 0.096000
244.314381 0.096000
244.314381 0.097000
244.327347 0.097000
244.327347 0.098000
244.348230 0.098000
244.348230 0.099000
244.387504 0.099000
244.387504 0.100000
244.453814 0.100000
244.453814 0.101000
244.478430 0.101000
244.478430 0.102000
244.524121 0.102000
244.524121 0.103000
244.546145 0.103000
244.546145 0.104000
244.560583 0.104000
244.560583 0.105000
244.581013 0.105000
244.581013 0.106000
244.598289 0.106000
244.598289 0.107000
244.627599 0.107000
244.627599 0.108000
244.634250 0.108000
244.634250 0.109000
244.635900 0.109000
244.635900 0.110000
244.684807 0.110000
244.684807 0.111000
244.740954 0.111000
244.740954 0.112000
244.758368 0.112000
244.758368 0.113000
244.763080 0.113000
244.763080 0.114000
244.811469 0.114000
244.811469 0.115000
244.833716 0.115000
244.833716 0.116000
244.839064 0.116000
244.839064 0.117000
244.860376 0.117000
244.860376 0.118000
244.860376 0.118000
244.860376 0.119000
244.865675 0.119000
244.865675 0.120000
244.904622 0.120000
244.904622 0.121000
244.918066 0.121000
244.918066 0.122000
244.922757 0.122000
244.922757 0.123000
244.943860 0.123000
244.943860 0.124000
244.954104 0.124000
244.954104 0.125000
244.956091 0.125000
244.956091 0.126000
244.983177 0.126000
244.983177 0.127000
244.991165 0.127000
244.991165 0.128000
245.014703 0.128000
245.014703 0.129000
245.049381 0.129000
245.049381 0.130000
245.064029 0.130000
245.064029 0.131000
245.073855 0.131000
245.073855 0.132000
245.088424 0.132000
245.088424 0.133000
245.088424 0.133000
245.088424 0.134000
245.088671 0.134000
245.088671 0.135000
245.102905 0.135000
245.102905 0.136000
245.145840 0.136000
245.145840 0.137000
245.164680 0.137000
245.164680 0.138000
245.192666 0.138000
245.192666 0.139000
245.206022 0.139000
245.206022 0.140000
245.221673 0.140000
245.221673 0.141000
245.234050 0.141000
245.234050 0.142000
245.238592 0.142000
245.238592 0.143000
245.238592 0.143000
245.238592 0.144000
245.238592 0.144000
245.238592 0.145000
245.252198 0.145000
245.252198 0.146000
245.257978 0.146000
245.257978 0.147000
245.265727 0.147000
245.265727 0.148000
245.274702 0.148000
245.274702 0.149000
245.279638 0.149000
245.279638 0.150000
245.283644 0.150000
245.283644 0.151000
245.301426 0.151000
245.301426 0.152000
245.305850 0.152000
245.305850 0.153000
245.310266 0.153000
245.310266 0.154000
245.310266 0.154000
245.310266 0.155000
245.314674 0.155000
245.314674 0.156000
245.325540 0.156000
245.325540 0.157000
245.339951 0.157000
245.339951 0.158000
245.366922 0.158000
245.366922 0.159000
245.384079 0.159000
245.384079 0.160000
245.384079 0.160000
245.384079 0.161000
245.388348 0.161000
245.388348 0.162000
245.388348 0.162000
245.388348 0.163000
245.396863 0.163000
245.396863 0.164000
245.396863 0.164000
245.396863 0.165000
245.396863 0.165000
245.396863 0.166000
245.398830 0.166000
245.398830 0.167000
245.401108 0.167000
245.401108 0.168000
245.405346 0.168000
245.405346 0.169000
245.406380 0.169000
245.406380 0.170000
245.422218 0.170000
245.422218 0.171000
245.438966 0.171000
245.438966 0.172000
245.453231 0.172000
245.453231 0.173000
245.459728 0.173000
245.459728 0.174000
245.459728 0.174000
245.459728 0.175000
245.459728 0.175000
245.459728 0.176000
245.463857 0.176000
245.463857 0.177000
245.467979 0.177000
245.467979 0.178000
245.467979 0.178000
245.467979 0.179000
245.472094 0.179000
245.472094 0.180000
245.472094 0.180000
245.472094 0.181000
245.476201 0.181000
245.476201 0.182000
245.476201 0.182000
245.476201 0.183000
245.476201 0.183000
245.476201 0.184000
245.480301 0.184000
245.480301 0.185000
245.480301 0.185000
245.480301 0.186000
245.480301 0.186000
245.480301 0.187000
245.484393 0.187000
245.484393 0.188000
245.488477 0.188000
245.488477 0.189000
245.492555 0.189000
245.492555 0.190000
245.504742 0.190000
245.504742 0.191000
245.524907 0.191000
245.524907 0.192000
245.528919 0.192000
245.528919 0.193000
245.536920 0.193000
245.536920 0.194000
245.541095 0.194000
245.541095 0.195000
245.548867 0.195000
245.548867 0.196000
245.552835 0.196000
245.552835 0.197000
245.560750 0.197000
245.560750 0.198000
245.568637 0.198000
245.568637 0.199000
245.569669 0.199000
245.569669 0.200000
245.576495 0.200000
245.576495 0.201000
245.580414 0.201000
245.580414 0.202000
245.584326 0.202000
245.584326 0.203000
245.588231 0.203000
245.588231 0.204000
245.594902 0.204000
245.594902 0.205000
245.596020 0.205000
245.596020 0.206000
245.599904 0.206000
245.599904 0.207000
245.603781 0.207000
245.603781 0.208000
245.607651 0.208000
245.607651 0.209000
245.608129 0.209000
245.608129 0.210000
245.611515 0.210000
245.611515 0.211000
245.619221 0.211000
245.619221 0.212000
245.619221 0.212000
245.619221 0.213000
245.630730 0.213000
245.630730 0.214000
245.630730 0.214000
245.630730 0.215000
245.630730 0.215000
245.630730 0.216000
245.638369 0.216000
245.638369 0.217000
245.645980 0.217000
245.645980 0.218000
245.657348 0.218000
245.657348 0.219000
245.661124 0.219000
245.661124 0.220000
245.661124 0.220000
245.661124 0.221000
245.664894 0.221000
245.664894 0.222000
245.668657 0.222000
245.668657 0.223000
245.668657 0.223000
245.668657 0.224000
245.676163 0.224000
245.676163 0.225000
245.683642 0.225000
245.683642 0.226000
245.687372 0.226000
245.687372 0.227000
245.691096 0.227000
245.691096 0.228000
245.691096 0.228000
245.691096 0.229000
245.702228 0.229000
245.702228 0.230000
245.702228 0.230000
245.702228 0.231000
245.702228 0.231000
245.702228 0.232000
245.713303 0.232000
245.713303 0.233000
245.716982 0.233000
245.716982 0.234000
245.716982 0.234000
245.716982 0.235000
245.724320 0.235000
245.724320 0.236000
245.727062 0.236000
245.727062 0.237000
245.731633 0.237000
245.731633 0.238000
245.731633 0.238000
245.731633 0.239000
245.735281 0.239000
245.735281 0.240000
245.738921 0.240000
245.738921 0.241000
245.746185 0.241000
245.746185 0.242000
245.746185 0.242000
245.746185 0.243000
245.749807 0.243000
245.749807 0.244000
245.749807 0.244000
245.749807 0.245000
245.753423 0.245000
245.753423 0.246000
245.757033 0.246000
245.757033 0.247000
245.760636 0.247000
245.760636 0.248000
245.764234 0.248000
245.764234 0.249000
245.767825 0.249000
245.767825 0.250000
245.771410 0.250000
245.771410 0.251000
245.771410 0.251000
245.771410 0.252000
245.782129 0.252000
245.782129 0.253000
245.785690 0.253000
245.785690 0.254000
245.785690 0.254000
245.785690 0.255000
245.785690 0.255000
245.785690 0.256000
245.787364 0.256000
245.787364 0.257000
245.789245 0.257000
245.789245 0.258000
245.789245 0.258000
245.789245 0.259000
245.792794 0.259000
245.792794 0.260000
245.796336 0.260000
245.796336 0.261000
245.796336 0.261000
245.796336 0.262000
245.796336 0.262000
245.796336 0.263000
245.806929 0.263000
245.806929 0.264000
245.810448 0.264000
245.810448 0.265000
245.817468 0.265000
245.817468 0.266000
245.824464 0.266000
245.824464 0.267000
245.827953 0.267000
245.827953 0.268000
245.838386 0.268000
245.838386 0.269000
245.838386 0.269000
245.838386 0.270000
245.838386 0.270000
245.838386 0.271000
245.841852 0.271000
245.841852 0.272000
245.841852 0.272000
245.841852 0.273000
245.848766 0.273000
245.848766 0.274000
245.848766 0.274000
245.848766 0.275000
245.852215 0.275000
245.852215 0.276000
245.855658 0.276000
245.855658 0.277000
245.859095 0.277000
245.859095 0.278000
245.876194 0.278000
245.876194 0.279000
245.879597 0.279000
245.879597 0.280000
245.882994 0.280000
245.882994 0.281000
245.903259 0.281000
245.903259 0.282000
245.909970 0.282000
245.909970 0.283000
245.913317 0.283000
245.913317 0.284000
245.913317 0.284000
245.913317 0.285000
245.913317 0.285000
245.913317 0.286000
245.913317 0.286000
245.913317 0.287000
245.916658 0.287000
245.916658 0.288000
245.916658 0.288000
245.916658 0.289000
245.919994 0.289000
245.919994 0.290000
245.923325 0.290000
245.923325 0.291000
245.933284 0.291000
245.933284 0.292000
245.933284 0.292000
245.933284 0.293000
245.934711 0.293000
245.934711 0.294000
245.939896 0.294000
245.939896 0.295000
245.943193 0.295000
245.943193 0.296000
245.943193 0.296000
245.943193 0.297000
245.946486 0.297000
245.946486 0.298000
245.956331 0.298000
245.956331 0.299000
245.956331 0.299000
245.956331 0.300000
245.969384 0.300000
245.969384 0.301000
245.975878 0.301000
245.975878 0.302000
245.979117 0.302000
245.979117 0.303000
245.985580 0.303000
245.985580 0.304000
245.988804 0.304000
245.988804 0.305000
246.001646 0.305000
246.001646 0.306000
246.011224 0.306000
246.011224 0.307000
246.017583 0.307000
246.017583 0.308000
246.027084 0.308000
246.027084 0.309000
246.027084 0.309000
246.027084 0.310000
246.030241 0.310000
246.030241 0.311000
246.033393 0.311000
246.033393 0.312000
246.045950 0.312000
246.045950 0.313000
246.055315 0.313000
246.055315 0.314000
246.055315 0.314000
246.055315 0.315000
246.061534 0.315000
246.061534 0.316000
246.064636 0.316000
246.064636 0.317000
246.067733 0.317000
246.067733 0.318000
246.070825 0.318000
246.070825 0.319000
246.076995 0.319000
246.076995 0.320000
246.083145 0.320000
246.083145 0.321000
246.083145 0.321000
246.083145 0.322000
246.086213 0.322000
246.086213 0.323000
246.101479 0.323000
246.101479 0.324000
246.104518 0.324000
246.104518 0.325000
246.116627 0.325000
246.116627 0.326000
246.119642 0.326000
246.119642 0.327000
246.131656 0.327000
246.131656 0.328000
246.131656 0.328000
246.131656 0.329000
246.137635 0.329000
246.137635 0.330000
246.143595 0.330000
246.143595 0.331000
246.143595 0.331000
246.143595 0.332000
246.149537 0.332000
246.149537 0.333000
246.155460 0.333000
246.155460 0.334000
246.161365 0.334000
246.161365 0.335000
246.164311 0.335000
246.164311 0.336000
246.164311 0.336000
246.164311 0.337000
246.170189 0.337000
246.170189 0.338000
246.173121 0.338000
246.173121 0.339000
246.181890 0.339000
246.181890 0.340000
246.181890 0.340000
246.181890 0.341000
246.184804 0.341000
246.184804 0.342000
246.193519 0.342000
246.193519 0.343000
246.194784 0.343000
246.194784 0.344000
246.199307 0.344000
246.199307 0.345000
246.199307 0.345000
246.199307 0.346000
246.207956 0.346000
246.207956 0.347000
246.222283 0.347000
246.222283 0.348000
246.222283 0.348000
246.222283 0.349000
246.233666 0.349000
246.233666 0.350000
246.233666 0.350000
246.233666 0.351000
246.242158 0.351000
246.242158 0.352000
246.244980 0.352000
246.244980 0.353000
246.244980 0.353000
246.244980 0.354000
246.253421 0.354000
246.253421 0.355000
246.256227 0.355000
246.256227 0.356000
246.259027 0.356000
246.259027 0.357000
246.264617 0.357000
246.264617 0.358000
246.286806 0.358000
246.286806 0.359000
246.295059 0.359000
246.295059 0.360000
246.297802 0.360000
246.297802 0.361000
246.300540 0.361000
246.300540 0.362000
246.314172 0.362000
246.314172 0.363000
246.319597 0.363000
246.319597 0.364000
246.322303 0.364000
246.322303 0.365000
246.325005 0.365000
246.325005 0.366000
246.327704 0.366000
246.327704 0.367000
246.335774 0.367000
246.335774 0.368000
246.343809 0.368000
246.343809 0.369000
246.346480 0.369000
246.346480 0.370000
246.349147 0.370000
246.349147 0.371000
246.351809 0.371000
246.351809 0.372000
246.354468 0.372000
246.354468 0.373000
246.362421 0.373000
246.362421 0.374000
246.365064 0.374000
246.365064 0.375000
246.367703 0.375000
246.367703 0.376000
246.370339 0.376000
246.370339 0.377000
246.380842 0.377000
246.380842 0.378000
246.386071 0.378000
246.386071 0.379000
246.391284 0.379000
246.391284 0.380000
246.393885 0.380000
246.393885 0.381000
246.399076 0.381000
246.399076 0.382000
246.404252 0.382000
246.404252 0.383000
246.409413 0.383000
246.409413 0.384000
246.409413 0.384000
246.409413 0.385000
246.411988 0.385000
246.411988 0.386000
246.422250 0.386000
246.422250 0.387000
246.422250 0.387000
246.422250 0.388000
246.424806 0.388000
246.424806 0.389000
246.427359 0.389000
246.427359 0.390000
246.434995 0.390000
246.434995 0.391000
246.447649 0.391000
246.447649 0.392000
246.450168 0.392000
246.450168 0.393000
246.470198 0.393000
246.470198 0.394000
246.470198 0.394000
246.470198 0.395000
246.477651 0.395000
246.477651 0.396000
246.477651 0.396000
246.477651 0.397000
246.477651 0.397000
246.477651 0.398000
246.482602 0.398000
246.482602 0.399000
246.490002 0.399000
246.490002 0.400000
246.494918 0.400000
246.494918 0.401000
246.499820 0.401000
246.499820 0.402000
246.507147 0.402000
246.507147 0.403000
246.507147 0.403000
246.507147 0.404000
246.507147 0.404000
246.507147 0.405000
246.512015 0.405000
246.512015 0.406000
246.512015 0.406000
246.512015 0.407000
246.516869 0.407000
246.516869 0.408000
246.516869 0.408000
246.516869 0.409000
246.516869 0.409000
246.516869 0.410000
246.516869 0.410000
246.516869 0.411000
246.519027 0.411000
246.519027 0.412000
246.521709 0.412000
246.521709 0.413000
246.524125 0.413000
246.524125 0.414000
246.531350 0.414000
246.531350 0.415000
246.531350 0.415000
246.531350 0.416000
246.536150 0.416000
246.536150 0.417000
246.538545 0.417000
246.538545 0.418000
246.538545 0.418000
246.538545 0.419000
246.557585 0.419000
246.557585 0.420000
246.559950 0.420000
246.559950 0.421000
246.562312 0.421000
246.562312 0.422000
246.562312 0.422000
246.562312 0.423000
246.567026 0.423000
246.567026 0.424000
246.569378 0.424000
246.569378 0.425000
246.571727 0.425000
246.571727 0.426000
246.576415 0.426000
246.576415 0.427000
246.578754 0.427000
246.578754 0.428000
246.583423 0.428000
246.583423 0.429000
246.590402 0.429000
246.590402 0.430000
246.590402 0.430000
246.590402 0.431000
246.592722 0.431000
246.592722 0.432000
246.595039 0.432000
246.595039 0.433000
246.595039 0.433000
246.595039 0.434000
246.601970 0.434000
246.601970 0.435000
246.604274 0.435000
246.604274 0.436000
246.613459 0.436000
246.613459 0.437000
246.620315 0.437000
246.620315 0.438000
246.624870 0.438000
246.624870 0.439000
246.624870 0.439000
246.624870 0.440000
246.633944 0.440000
246.633944 0.441000
246.633944 0.441000
246.633944 0.442000
246.638462 0.442000
246.638462 0.443000
246.638462 0.443000
246.638462 0.444000
246.640716 0.444000
246.640716 0.445000
246.640716 0.445000
246.640716 0.446000
246.640716 0.446000
246.640716 0.447000
246.654180 0.447000
246.654180 0.448000
246.656413 0.448000
246.656413 0.449000
246.674172 0.449000
246.674172 0.450000
246.678582 0.450000
246.678582 0.451000
246.689555 0.451000
246.689555 0.452000
246.689555 0.452000
246.689555 0.453000
246.691741 0.453000
246.691741 0.454000
246.696105 0.454000
246.696105 0.455000
246.696105 0.455000
246.696105 0.456000
246.696105 0.456000
246.696105 0.457000
246.702628 0.457000
246.702628 0.458000
246.717748 0.458000
246.717748 0.459000
246.719896 0.459000
246.719896 0.460000
246.724185 0.460000
246.724185 0.461000
246.728462 0.461000
246.728462 0.462000
246.728462 0.462000
246.728462 0.463000
246.728462 0.463000
246.728462 0.464000
246.732728 0.464000
246.732728 0.465000
246.734857 0.465000
246.734857 0.466000
246.734857 0.466000
246.734857 0.467000
246.734857 0.467000
246.734857 0.468000
246.747572 0.468000
246.747572 0.469000
246.758091 0.469000
246.758091 0.470000
246.762280 0.470000
246.762280 0.471000
246.768542 0.471000
246.768542 0.472000
246.770624 0.472000
246.770624 0.473000
246.772704 0.473000
246.772704 0.474000
246.772704 0.474000
246.772704 0.475000
246.774780 0.475000
246.774780 0.476000
246.776854 0.476000
246.776854 0.477000
246.776854 0.477000
246.776854 0.478000
246.778926 0.478000
246.778926 0.479000
246.778926 0.479000
246.778926 0.480000
246.783060 0.480000
246.783060 0.481000
246.783060 0.481000
246.783060 0.482000
246.783060 0.482000
246.783060 0.483000
246.785123 0.483000
246.785123 0.484000
246.789242 0.484000
246.789242 0.485000
246.789242 0.485000
246.789242 0.486000
246.795400 0.486000
246.795400 0.487000
246.797447 0.487000
246.797447 0.488000
246.799492 0.488000
246.799492 0.489000
246.801534 0.489000
246.801534 0.490000
246.805610 0.490000
246.805610 0.491000
246.805610 0.491000
246.805610 0.492000
246.811705 0.492000
246.811705 0.493000
246.813731 0.493000
246.813731 0.494000
246.815755 0.494000
246.815755 0.495000
246.817776 0.495000
246.817776 0.496000
246.817776 0.496000
246.817776 0.497000
246.819794 0.497000
246.819794 0.498000
246.819794 0.498000
246.819794 0.499000
246.821810 0.499000
246.821810 0.500000
246.823824 0.500000
246.823824 0.501000
246.823824 0.501000
246.823824 0.502000
246.825835 0.502000
246.825835 0.503000
246.827843 0.503000
246.827843 0.504000
246.839839 0.504000
246.839839 0.505000
246.839839 0.505000
246.839839 0.506000
246.839839 0.506000
246.839839 0.507000
246.839839 0.507000
246.839839 0.508000
246.845803 0.508000
246.845803 0.509000
246.849766 0.509000
246.849766 0.510000
246.851744 0.510000
246.851744 0.511000
246.851744 0.511000
246.851744 0.512000
246.853719 0.512000
246.853719 0.513000
246.855692 0.513000
246.855692 0.514000
246.857662 0.514000
246.857662 0.515000
246.861596 0.515000
246.861596 0.516000
246.873336 0.516000
246.873336 0.517000
246.877230 0.517000
246.877230 0.518000
246.883052 0.518000
246.883052 0.519000
246.890781 0.519000
246.890781 0.520000
246.894632 0.520000
246.894632 0.521000
246.902303 0.521000
246.902303 0.522000
246.902303 0.522000
246.902303 0.523000
246.904215 0.523000
246.904215 0.524000
246.906124 0.524000
246.906124 0.525000
246.909936 0.525000
246.909936 0.526000
246.909936 0.526000
246.909936 0.527000
246.909936 0.527000
246.909936 0.528000
246.915636 0.528000
246.915636 0.529000
246.917532 0.529000
246.917532 0.530000
246.917532 0.530000
246.917532 0.531000
246.919425 0.531000
246.919425 0.532000
246.923203 0.532000
246.923203 0.533000
246.926973 0.533000
246.926973 0.534000
246.926973 0.534000
246.926973 0.535000
246.928854 0.535000
246.928854 0.536000
246.930733 0.536000
246.930733 0.537000
246.930733 0.537000
246.930733 0.538000
246.934484 0.538000
246.934484 0.539000
246.934484 0.539000
246.934484 0.540000
246.940093 0.540000
246.940093 0.541000
246.941959 0.541000
246.941959 0.542000
246.941959 0.542000
246.941959 0.543000
246.941959 0.543000
246.941959 0.544000
246.943821 0.544000
246.943821 0.545000
246.943821 0.545000
246.943821 0.546000
246.951250 0.546000
246.951250 0.547000
246.951250 0.547000
246.951250 0.548000
246.951250 0.548000
246.951250 0.549000
246.953101 0.549000
246.953101 0.550000
246.958642 0.550000
246.958642 0.551000
246.958642 0.551000
246.958642 0.552000
246.958642 0.552000
246.958642 0.553000
246.965998 0.553000
246.965998 0.554000
246.971491 0.554000
246.971491 0.555000
246.976965 0.555000
246.976965 0.556000
246.980603 0.556000
246.980603 0.557000
246.982418 0.557000
246.982418 0.558000
246.982418 0.558000
246.982418 0.559000
246.987852 0.559000
246.987852 0.560000
246.989659 0.560000
246.989659 0.561000
246.996864 0.561000
246.996864 0.562000
246.998660 0.562000
246.998660 0.563000
247.002246 0.563000
247.002246 0.564000
247.004035 0.564000
247.004035 0.565000
247.007608 0.565000
247.007608 0.566000
247.009391 0.566000
247.009391 0.567000
247.009391 0.567000
247.009391 0.568000
247.012950 0.568000
247.012950 0.569000
247.016501 0.569000
247.016501 0.570000
247.018274 0.570000
247.018274 0.571000
247.020044 0.571000
247.020044 0.572000
247.020044 0.572000
247.020044 0.573000
247.023578 0.573000
247.023578 0.574000
247.023578 0.574000
247.023578 0.575000
247.025342 0.575000
247.025342 0.576000
247.027103 0.576000
247.027103 0.577000
247.032376 0.577000
247.032376 0.578000
247.032376 0.578000
247.032376 0.579000
247.039377 0.579000
247.039377 0.580000
247.039377 0.580000
247.039377 0.581000
247.042865 0.581000
247.042865 0.582000
247.042865 0.582000
247.042865 0.583000
247.044606 0.583000
247.044606 0.584000
247.046345 0.584000
247.046345 0.585000
247.049816 0.585000
247.049816 0.586000
247.055008 0.586000
247.055008 0.587000
247.058458 0.587000
247.058458 0.588000
247.058458 0.588000
247.058458 0.589000
247.060181 0.589000
247.060181 0.590000
247.061901 0.590000
247.061901 0.591000
247.061901 0.591000
247.061901 0.592000
247.063620 0.592000
247.063620 0.593000
247.067050 0.593000
247.067050 0.594000
247.070473 0.594000
247.070473 0.595000
247.078994 0.595000
247.078994 0.596000
247.084082 0.596000
247.084082 0.597000
247.085774 0.597000
247.085774 0.598000
247.087465 0.598000
247.087465 0.599000
247.092524 0.599000
247.092524 0.600000
247.094206 0.600000
247.094206 0.601000
247.100916 0.601000
247.100916 0.602000
247.104259 0.602000
247.104259 0.603000
247.105928 0.603000
247.105928 0.604000
247.107594 0.604000
247.107594 0.605000
247.107594 0.605000
247.107594 0.606000
247.109259 0.606000
247.109259 0.607000
247.114242 0.607000
247.114242 0.608000
247.115899 0.608000
247.115899 0.609000
247.117554 0.609000
247.117554 0.610000
247.119207 0.610000
247.119207 0.611000
247.122508 0.611000
247.122508 0.612000
247.129087 0.612000
247.129087 0.613000
247.134001 0.613000
247.134001 0.614000
247.138898 0.614000
247.138898 0.615000
247.138898 0.615000
247.138898 0.616000
247.140527 0.616000
247.140527 0.617000
247.142153 0.617000
247.142153 0.618000
247.142153 0.618000
247.142153 0.619000
247.147022 0.619000
247.147022 0.620000
247.147022 0.620000
247.147022 0.621000
247.147022 0.621000
247.147022 0.622000
247.156710 0.622000
247.156710 0.623000
247.156710 0.623000
247.156710 0.624000
247.159925 0.624000
247.159925 0.625000
247.161530 0.625000
247.161530 0.626000
247.161530 0.626000
247.161530 0.627000
247.163132 0.627000
247.163132 0.628000
247.164733 0.628000
247.164733 0.629000
247.169525 0.629000
247.169525 0.630000
247.169525 0.630000
247.169525 0.631000
247.171119 0.631000
247.171119 0.632000
247.172710 0.632000
247.172710 0.633000
247.177475 0.633000
247.177475 0.634000
247.177475 0.634000
247.177475 0.635000
247.177475 0.635000
247.177475 0.636000
247.180642 0.636000
247.180642 0.637000
247.182223 0.637000
247.182223 0.638000
247.182223 0.638000
247.182223 0.639000
247.185380 0.639000
247.185380 0.640000
247.185380 0.640000
247.185380 0.641000
247.185380 0.641000
247.185380 0.642000
247.185380 0.642000
247.185380 0.643000
247.190102 0.643000
247.190102 0.644000
247.190102 0.644000
247.190102 0.645000
247.193240 0.645000
247.193240 0.646000
247.193240 0.646000
247.193240 0.647000
247.196372 0.647000
247.196372 0.648000
247.196372 0.648000
247.196372 0.649000
247.196372 0.649000
247.196372 0.650000
247.197935 0.650000
247.197935 0.651000
247.199497 0.651000
247.199497 0.652000
247.201057 0.652000
247.201057 0.653000
247.207278 0.653000
247.207278 0.654000
247.207278 0.654000
247.207278 0.655000
247.210378 0.655000
247.210378 0.656000
247.215016 0.656000
247.215016 0.657000
247.218098 0.657000
247.218098 0.658000
247.218098 0.658000
247.218098 0.659000
247.222710 0.659000
247.222710 0.660000
247.224244 0.660000
247.224244 0.661000
247.228835 0.661000
247.228835 0.662000
247.230361 0.662000
247.230361 0.663000
247.231887 0.663000
247.231887 0.664000
247.233410 0.664000
247.233410 0.665000
247.236452 0.665000
247.236452 0.666000
247.237970 0.666000
247.237970 0.667000
247.239487 0.667000
247.239487 0.668000
247.241002 0.668000
247.241002 0.669000
247.244027 0.669000
247.244027 0.670000
247.247046 0.670000
247.247046 0.671000
247.247046 0.671000
247.247046 0.672000
247.248553 0.672000
247.248553 0.673000
247.254563 0.673000
247.254563 0.674000
247.260546 0.674000
247.260546 0.675000
247.267989 0.675000
247.267989 0.676000
247.269473 0.676000
247.269473 0.677000
247.272435 0.677000
247.272435 0.678000
247.272435 0.678000
247.272435 0.679000
247.273914 0.679000
247.273914 0.680000
247.273914 0.680000
247.273914 0.681000
247.279813 0.681000
247.279813 0.682000
247.279813 0.682000
247.279813 0.683000
247.287150 0.683000
247.287150 0.684000
247.288613 0.684000
247.288613 0.685000
247.290074 0.685000
247.290074 0.686000
247.292991 0.686000
247.292991 0.687000
247.295903 0.687000
247.295903 0.688000
247.295903 0.688000
247.295903 0.689000
247.295903 0.689000
247.295903 0.690000
247.297356 0.690000
247.297356 0.691000
247.297356 0.691000
247.297356 0.692000
247.301706 0.692000
247.301706 0.693000
247.309712 0.693000
247.309712 0.694000
247.311801 0.694000
247.311801 0.695000
247.314672 0.695000
247.314672 0.696000
247.316104 0.696000
247.316104 0.697000
247.317536 0.697000
247.317536 0.698000
247.317536 0.698000
247.317536 0.699000
247.318965 0.699000
247.318965 0.700000
247.318965 0.700000
247.318965 0.701000
247.320394 0.701000
247.320394 0.702000
247.326091 0.702000
247.326091 0.703000
247.330349 0.703000
247.330349 0.704000
247.331765 0.704000
247.331765 0.705000
247.337413 0.705000
247.337413 0.706000
247.340229 0.706000
247.340229 0.707000
247.341634 0.707000
247.341634 0.708000
247.347241 0.708000
247.347241 0.709000
247.348639 0.709000
247.348639 0.710000
247.348639 0.710000
247.348639 0.711000
247.351431 0.711000
247.351431 0.712000
247.352824 0.712000
247.352824 0.713000
247.355607 0.713000
247.355607 0.714000
247.355607 0.714000
247.355607 0.715000
247.356996 0.715000
247.356996 0.716000
247.358383 0.716000
247.358383 0.717000
247.358383 0.717000
247.358383 0.718000
247.359770 0.718000
247.359770 0.719000
247.363919 0.719000
247.363919 0.720000
247.368056 0.720000
247.368056 0.721000
247.376289 0.721000
247.376289 0.722000
247.376289 0.722000
247.376289 0.723000
247.377656 0.723000
247.377656 0.724000
247.379022 0.724000
247.379022 0.725000
247.383111 0.725000
247.383111 0.726000
247.383111 0.726000
247.383111 0.727000
247.391250 0.727000
247.391250 0.728000
247.392601 0.728000
247.392601 0.729000
247.396647 0.729000
247.396647 0.730000
247.399338 0.730000
247.399338 0.731000
247.400681 0.731000
247.400681 0.732000
247.400681 0.732000
247.400681 0.733000
247.402022 0.733000
247.402022 0.734000
247.403363 0.734000
247.403363 0.735000
247.407375 0.735000
247.407375 0.736000
247.408710 0.736000
247.408710 0.737000
247.410043 0.737000
247.410043 0.738000
247.411375 0.738000
247.411375 0.739000
247.411375 0.739000
247.411375 0.740000
247.411375 0.740000
247.411375 0.741000
247.414034 0.741000
247.414034 0.742000
247.416689 0.742000
247.416689 0.743000
247.418014 0.743000
247.418014 0.744000
247.419337 0.744000
247.419337 0.745000
247.419337 0.745000
247.419337 0.746000
247.421980 0.746000
247.421980 0.747000
247.424618 0.747000
247.424618 0.748000
247.425935 0.748000
247.425935 0.749000
247.429877 0.749000
247.429877 0.750000
247.431188 0.750000
247.431188 0.751000
247.437725 0.751000
247.437725 0.752000
247.442930 0.752000
247.442930 0.753000
247.444228 0.753000
247.444228 0.754000
247.444228 0.754000
247.444228 0.755000
247.448114 0.755000
247.448114 0.756000
247.448114 0.756000
247.448114 0.757000
247.448114 0.757000
247.448114 0.758000
247.451988 0.758000
247.451988 0.759000
247.454564 0.759000
247.454564 0.760000
247.458418 0.760000
247.458418 0.761000
247.462260 0.761000
247.462260 0.762000
247.462260 0.762000
247.462260 0.763000
247.463538 0.763000
247.463538 0.764000
247.463538 0.764000
247.463538 0.765000
247.466091 0.765000
247.466091 0.766000
247.467365 0.766000
247.467365 0.767000
247.467365 0.767000
247.467365 0.768000
247.468638 0.768000
247.468638 0.769000
247.469910 0.769000
247.469910 0.770000
247.476249 0.770000
247.476249 0.771000
247.482556 0.771000
247.482556 0.772000
247.488831 0.772000
247.488831 0.773000
247.490083 0.773000
247.490083 0.774000
247.491333 0.774000
247.491333 0.775000
247.495075 0.775000
247.495075 0.776000
247.495075 0.776000
247.495075 0.777000
247.501287 0.777000
247.501287 0.778000
247.506235 0.778000
247.506235 0.779000
247.506235 0.779000
247.506235 0.780000
247.507469 0.780000
247.507469 0.781000
247.511163 0.781000
247.511163 0.782000
247.517295 0.782000
247.517295 0.783000
247.517295 0.783000
247.517295 0.784000
247.519739 0.784000
247.519739 0.785000
247.520959 0.785000
247.520959 0.786000
247.522179 0.786000
247.522179 0.787000
247.523396 0.787000
247.523396 0.788000
247.525829 0.788000
247.525829 0.789000
247.525829 0.789000
247.525829 0.790000
247.527043 0.790000
247.527043 0.791000
247.531888 0.791000
247.531888 0.792000
247.531888 0.792000
247.531888 0.793000
247.533096 0.793000
247.533096 0.794000
247.535509 0.794000
247.535509 0.795000
247.539120 0.795000
247.539120 0.796000
247.539120 0.796000
247.539120 0.797000
247.542719 0.797000
247.542719 0.798000
247.545113 0.798000
247.545113 0.799000
247.553455 0.799000
247.553455 0.800000
247.554642 0.800000
247.554642 0.801000
247.557013 0.801000
247.557013 0.802000
247.559379 0.802000
247.559379 0.803000
247.559379 0.803000
247.559379 0.804000
247.561740 0.804000
247.561740 0.805000
247.564096 0.805000
247.564096 0.806000
247.566448 0.806000
247.566448 0.807000
247.572308 0.807000
247.572308 0.808000
247.573477 0.808000
247.573477 0.809000
247.574644 0.809000
247.574644 0.810000
247.581625 0.810000
247.581625 0.811000
247.582785 0.811000
247.582785 0.812000
247.582785 0.812000
247.582785 0.813000
247.586257 0.813000
247.586257 0.814000
247.590870 0.814000
247.590870 0.815000
247.593170 0.815000
247.593170 0.816000
247.594318 0.816000
247.594318 0.817000
247.601185 0.817000
247.601185 0.818000
247.602326 0.818000
247.602326 0.819000
247.602326 0.819000
247.602326 0.820000
247.604604 0.820000
247.604604 0.821000
247.605741 0.821000
247.605741 0.822000
247.605741 0.822000
247.605741 0.823000
247.605741 0.823000
247.605741 0.824000
247.608013 0.824000
247.608013 0.825000
247.609147 0.825000
247.609147 0.826000
247.610280 0.826000
247.610280 0.827000
247.613672 0.827000
247.613672 0.828000
247.615928 0.828000
247.615928 0.829000
247.620428 0.829000
247.620428 0.830000
247.621550 0.830000
247.621550 0.831000
247.621550 0.831000
247.621550 0.832000
247.622671 0.832000
247.622671 0.833000
247.627145 0.833000
247.627145 0.834000
247.630489 0.834000
247.630489 0.835000
247.630489 0.835000
247.630489 0.836000
247.634934 0.836000
247.634934 0.837000
247.636042 0.837000
247.636042 0.838000
247.641568 0.838000
247.641568 0.839000
247.642670 0.839000
247.642670 0.840000
247.643771 0.840000
247.643771 0.841000
247.650356 0.841000
247.650356 0.842000
247.653634 0.842000
247.653634 0.843000
247.656904 0.843000
247.656904 0.844000
247.657991 0.844000
247.657991 0.845000
247.659078 0.845000
247.659078 0.846000
247.662332 0.846000
247.662332 0.847000
247.674184 0.847000
247.674184 0.848000
247.674184 0.848000
247.674184 0.849000
247.675256 0.849000
247.675256 0.850000
247.676326 0.850000
247.676326 0.851000
247.676326 0.851000
247.676326 0.852000
247.682729 0.852000
247.682729 0.853000
247.683792 0.853000
247.683792 0.854000
247.683792 0.854000
247.683792 0.855000
247.684855 0.855000
247.684855 0.856000
247.684855 0.856000
247.684855 0.857000
247.685916 0.857000
247.685916 0.858000
247.692265 0.858000
247.692265 0.859000
247.695426 0.859000
247.695426 0.860000
247.699627 0.860000
247.699627 0.861000
247.700675 0.861000
247.700675 0.862000
247.701722 0.862000
247.701722 0.863000
247.702768 0.863000
247.702768 0.864000
247.704857 0.864000
247.704857 0.865000
247.709024 0.865000
247.709024 0.866000
247.712139 0.866000
247.712139 0.867000
247.712139 0.867000
247.712139 0.868000
247.716279 0.868000
247.716279 0.869000
247.716279 0.869000
247.716279 0.870000
247.716279 0.870000
247.716279 0.871000
247.718343 0.871000
247.718343 0.872000
247.718343 0.872000
247.718343 0.873000
247.719374 0.873000
247.719374 0.874000
247.719374 0.874000
247.719374 0.875000
247.721432 0.875000
247.721432 0.876000
247.722460 0.876000
247.722460 0.877000
247.729629 0.877000
247.729629 0.878000
247.735738 0.878000
247.735738 0.879000
247.736753 0.879000
247.736753 0.880000
247.736753 0.880000
247.736753 0.881000
247.738780 0.881000
247.738780 0.882000
247.739792 0.882000
247.739792 0.883000
247.754864 0.883000
247.754864 0.884000
247.754864 0.884000
247.754864 0.885000
247.756859 0.885000
247.756859 0.886000
247.759843 0.886000
247.759843 0.887000
247.759843 0.887000
247.759843 0.888000
247.760837 0.888000
247.760837 0.889000
247.765789 0.889000
247.765789 0.890000
247.766777 0.890000
247.766777 0.891000
247.767763 0.891000
247.767763 0.892000
247.769735 0.892000
247.769735 0.893000
247.778561 0.893000
247.778561 0.894000
247.779538 0.894000
247.779538 0.895000
247.779538 0.895000
247.779538 0.896000
247.781488 0.896000
247.781488 0.897000
247.783435 0.897000
247.783435 0.898000
247.792152 0.898000
247.792152 0.899000
247.795043 0.899000
247.795043 0.900000
247.796004 0.900000
247.796004 0.901000
247.797925 0.901000
247.797925 0.902000
247.798885 0.902000
247.798885 0.903000
247.806528 0.903000
247.806528 0.904000
247.807480 0.904000
247.807480 0.905000
247.807480 0.905000
247.807480 0.906000
247.813172 0.906000
247.813172 0.907000
247.813172 0.907000
247.813172 0.908000
247.816007 0.908000
247.816007 0.909000
247.818835 0.909000
247.818835 0.910000
247.820716 0.910000
247.820716 0.911000
247.820716 0.911000
247.820716 0.912000
247.825404 0.912000
247.825404 0.913000
247.827273 0.913000
247.827273 0.914000
247.829139 0.914000
247.829139 0.915000
247.829139 0.915000
247.829139 0.916000
247.833791 0.916000
247.833791 0.917000
247.835646 0.917000
247.835646 0.918000
247.842113 0.918000
247.842113 0.919000
247.843033 0.919000
247.843033 0.920000
247.850370 0.920000
247.850370 0.921000
247.855839 0.921000
247.855839 0.922000
247.863991 0.922000
247.863991 0.923000
247.877438 0.923000
247.877438 0.924000
247.880995 0.924000
247.880995 0.925000
247.888954 0.925000
247.888954 0.926000
247.897727 0.926000
247.897727 0.927000
247.902955 0.927000
247.902955 0.928000
247.922755 0.928000
247.922755 0.929000
247.946354 0.929000
247.946354 0.930000
247.948018 0.930000
247.948018 0.931000
247.952169 0.931000
247.952169 0.932000
247.952169 0.932000
247.952169 0.933000
247.960418 0.933000
247.960418 0.934000
247.981555 0.934000
247.981555 0.935000
296.394836 0.935000
296.394836 0.936000
296.925341 0.936000
296.925341 0.937000
297.669753 0.937000
297.669753 0.938000
297.695346 0.938000
297.695346 0.939000
298.066880 0.939000
298.066880 0.940000
298.225041 0.940000
298.225041 0.941000
298.416986 0.941000
298.416986 0.942000
298.454641 0.942000
298.454641 0.943000
347.608610 0.943000
347.608610 0.944000
374.617405 0.944000
374.617405 0.945000
375.839186 0.945000
375.839186 0.946000
377.056814 0.946000
377.056814 0.947000
378.080245 0.947000
378.080245 0.948000
378.460109 0.948000
378.460109 0.949000
403.832491 0.949000
403.832491 0.950000
426.865830 0.950000
426.865830 0.951000
507.240529 0.951000
507.240529 0.952000
507.467658 0.952000
507.467658 0.953000
507.501248 0.953000
507.501248 0.954000
507.807493 0.954000
507.807493 0.955000
508.958391 0.955000
508.958391 0.956000
509.438016 0.956000
509.438016 0.957000
509.667816 0.957000
509.667816 0.958000
509.958043 0.958000
509.958043 0.959000
512.359550 0.959000
512.359550 0.960000
512.391241 0.960000
512.391241 0.961000
546.133631 0.961000
546.133631 0.962000
548.596872 0.962000
548.596872 0.963000
550.871685 0.963000
550.871685 0.964000
551.629552 0.964000
551.629552 0.965000
552.517377 0.965000
552.517377 0.966000
556.577432 0.966000
556.577432 0.967000
557.272824 0.967000
557.272824 0.968000
557.303909 0.968000
557.303909 0.969000
557.530603 0.969000
557.530603 0.970000
557.911972 0.970000
557.911972 0.971000
557.918732 0.971000
557.918732 0.972000
558.161676 0.972000
558.161676 0.973000
558.516305 0.973000
558.516305 0.974000
558.749534 0.974000
558.749534 0.975000
559.031808 0.975000
559.031808 0.976000
559.057393 0.976000
559.057393 0.977000
559.304052 0.977000
559.304052 0.978000
559.601585 0.978000
559.601585 0.979000
559.760363 0.979000
559.760363 0.980000
559.793751 0.980000
559.793751 0.981000
559.991351 0.981000
559.991351 0.982000
559.999173 0.982000
559.999173 0.983000
560.014761 0.983000
560.014761 0.984000
560.133123 0.984000
560.133123 0.985000
560.563630 0.985000
560.563630 0.986000
560.641038 0.986000
560.641038 0.987000
560.750433 0.987000
560.750433 0.988000
561.000107 0.988000
561.000107 0.989000
561.028088 0.989000
561.028088 0.990000
561.094113 0.990000
561.094113 0.991000
561.213789 0.991000
561.213789 0.992000
561.554968 0.992000
561.554968 0.993000
561.584470 0.993000
561.584470 0.994000
561.686150 0.994000
561.686150 0.995000
561.863588 0.995000
561.863588 0.996000
562.095168 0.996000
562.095168 0.997000
646.807402 0.997000
646.807402 0.998000
743.182757 0.998000
743.182757 0.999000
873.829951 0.999000
873.829951 1.000000
