1925.061698 0.000000
1925.061698 0.001000
2107.409011 0.001000
2107.409011 0.002000
2274.052752 0.002000
2274.052752 0.003000
2395.547737 0.003000
2395.547737 0.004000
2945.769935 0.004000
2945.769935 0.005000
2994.221993 0.005000
2994.221993 0.006000
3000.699134 0.006000
3000.699134 0.007000
3012.555005 0.007000
3012.555005 0.008000
3026.777134 0.008000
3026.777134 0.009000
3029.608278 0.009000
3029.608278 0.010000
3132.666282 0.010000
3132.666282 0.011000
3142.145709 0.011000
3142.145709 0.012000
3154.502367 0.012000
3154.502367 0.013000
3164.024539 0.013000
3164.024539 0.014000
3181.699878 0.014000
3181.699878 0.015000
3183.289317 0.015000
3183.289317 0.016000
3187.305537 0.016000
3187.305537 0.017000
3196.771578 0.017000
3196.771578 0.018000
3221.749112 0.018000
3221.749112 0.019000
3227.741419 0.019000
3227.741419 0.020000
3231.084287 0.020000
3231.084287 0.021000
3231.439036 0.021000
3231.439036 0.022000
3245.305336 0.022000
3245.305336 0.023000
3255.129506 0.023000
3255.129506 0.024000
3285.883278 0.024000
3285.883278 0.025000
3296.968859 0.025000
3296.968859 0.026000
3300.726507 0.026000
3300.726507 0.027000
3302.984530 0.027000
3302.984530 0.028000
3308.949441 0.028000
3308.949441 0.029000
3314.668420 0.029000
3314.668420 0.030000
3335.862863 0.030000
3335.862863 0.031000
3339.825433 0.031000
3339.825433 0.032000
3345.280713 0.032000
3345.280713 0.033000
3349.903400 0.033000
3349.903400 0.034000
3354.309181 0.034000
3354.309181 0.035000
3357.096869 0.035000
3357.096869 0.036000
3357.275254 0.036000
3357.275254 0.037000
3361.366704 0.037000
3361.366704 0.038000
3375.030910 0.038000
3375.030910 0.039000
3377.165341 0.039000
3377.165341 0.040000
3383.781786 0.040000
3383.781786 0.041000
3386.258142 0.041000
3386.258142 0.042000
3389.932151 0.042000
3389.932151 0.043000
3395.699101 0.043000
3395.699101 0.044000
3402.048203 0.044000
3402.048203 0.045000
3402.984723 0.045000
3402.984723 0.046000
3403.934976 0.046000
3403.934976 0.047000
3404.014046 0.047000
3404.014046 0.048000
3408.236119 0.048000
3408.236119 0.049000
3408.938599 0.049000
3408.938599 0.050000
3417.754027 0.050000
3417.754027 0.051000
3418.981643 0.051000
3418.981643 0.052000
3433.087097 0.052000
3433.087097 0.053000
3436.978302 0.053000
3436.978302 0.054000
3440.215940 0.054000
3440.215940 0.055000
3441.231725 0.055000
3441.231725 0.056000
3443.392327 0.056000
3443.392327 0.057000
3446.469667 0.057000
3446.469667 0.058000
3450.626049 0.058000
3450.626049 0.059000
3451.793002 0.059000
3451.793002 0.060000
3452.329203 0.060000
3452.329203 0.061000
3453.275578 0.061000
3453.275578 0.062000
3453.620836 0.062000
3453.620836 0.063000
3453.973720 0.063000
3453.973720 0.064000
3454.031869 0.064000
3454.031869 0.065000
3454.881162 0.065000
3454.881162 0.066000
3455.410156 0.066000
3455.410156 0.067000
3455.765418 0.067000
3455.765418 0.068000
3455.836928 0.068000
3455.836928 0.069000
3459.188226 0.069000
3459.188226 0.070000
3461.046225 0.070000
3461.046225 0.071000
3461.523952 0.071000
3461.523952 0.072000
3462.211446 0.072000
3462.211446 0.073000
3463.345180 0.073000
3463.345180 0.074000
3463.674932 0.074000
3463.674932 0.075000
3464.086664 0.075000
3464.086664 0.076000
3465.979741 0.076000
3465.979741 0.077000
3467.269855 0.077000
3467.269855 0.078000
3467.545689 0.078000
3467.545689 0.079000
3467.736729 0.079000
3467.736729 0.080000
3469.467426 0.080000
3469.467426 0.081000
3470.326409 0.081000
3470.326409 0.082000
3470.774537 0.082000
3470.774537 0.083000
3472.551049 0.083000
3472.551049 0.084000
3473.905928 0.084000
3473.905928 0.085000
3475.371878 0.085000
3475.371878 0.086000
3477.071492 0.086000
3477.071492 0.087000
3478.473395 0.087000
3478.473395 0.088000
3478.565773 0.088000
3478.565773 0.089000
3479.812670 0.089000
3479.812670 0.090000
3481.296772 0.090000
3481.296772 0.091000
3481.593463 0.091000
3481.593463 0.092000
3481.912732 0.092000
3481.912732 0.093000
3482.897361 0.093000
3482.897361 0.094000
3484.067214 0.094000
3484.067214 0.095000
3485.506188 0.095000
3485.506188 0.096000
3485.894812 0.096000
3485.894812 0.097000
3487.275140 0.097000
3487.275140 0.098000
3487.685012 0.098000
3487.685012 0.099000
3488.108942 0.099000
3488.108942 0.100000
3492.689155 0.100000
3492.689155 0.101000
3492.741276 0.101000
3492.741276 0.102000
3495.929635 0.102000
3495.929635 0.103000
3496.496951 0.103000
3496.496951 0.104000
3497.501136 0.104000
3497.501136 0.105000
3497.650199 0.105000
3497.650199 0.106000
3499.888726 0.106000
3499.888726 0.107000
3500.582744 0.107000
3500.582744 0.108000
3500.895278 0.108000
3500.895278 0.109000
3501.677042 0.109000
3501.677042 0.110000
3502.850318 0.110000
3502.850318 0.111000
3506.609894 0.111000
3506.609894 0.112000
3507.069177 0.112000
3507.069177 0.113000
3508.969305 0.113000
3508.969305 0.114000
3511.487721 0.114000
3511.487721 0.115000
3512.403912 0.115000
3512.403912 0.116000
3513.050841 0.116000
3513.050841 0.117000
3513.493509 0.117000
3513.493509 0.118000
3514.001739 0.118000
3514.001739 0.119000
3517.712096 0.119000
3517.712096 0.120000
3518.674934 0.120000
3518.674934 0.121000
3518.846917 0.121000
3518.846917 0.122000
3519.044061 0.122000
3519.044061 0.123000
3519.721926 0.123000
3519.721926 0.124000
3520.445757 0.124000
3520.445757 0.125000
3520.651126 0.125000
3520.651126 0.126000
3523.806212 0.126000
3523.806212 0.127000
3525.545990 0.127000
3525.545990 0.128000
3525.808256 0.128000
3525.808256 0.129000
3526.748754 0.129000
3526.748754 0.130000
3528.885419 0.130000
3528.885419 0.131000
3529.659858 0.131000
3529.659858 0.132000
3529.785889 0.132000
3529.785889 0.133000
3531.274374 0.133000
3531.274374 0.134000
3532.337854 0.134000
3532.337854 0.135000
3533.510923 0.135000
3533.510923 0.136000
3534.078266 0.136000
3534.078266 0.137000
3536.494266 0.137000
3536.494266 0.138000
3537.479965 0.138000
3537.479965 0.139000
3537.812326 0.139000
3537.812326 0.140000
3538.590924 0.140000
3538.590924 0.141000
3539.521735 0.141000
3539.521735 0.142000
3540.254658 0.142000
3540.254658 0.143000
3540.269332 0.143000
3540.269332 0.144000
3540.707810 0.144000
3540.707810 0.145000
3541.214594 0.145000
3541.214594 0.146000
3541.651146 0.146000
3541.651146 0.147000
3542.502622 0.147000
3542.502622 0.148000
3544.127514 0.148000
3544.127514 0.149000
3544.815075 0.149000
3544.815075 0.150000
3545.360555 0.150000
3545.360555 0.151000
3545.481075 0.151000
3545.481075 0.152000
3546.578524 0.152000
3546.578524 0.153000
3546.782991 0.153000
3546.782991 0.154000
3547.214814 0.154000
3547.214814 0.155000
3547.599949 0.155000
3547.599949 0.156000
3548.043063 0.156000
3548.043063 0.157000
3549.029539 0.157000
3549.029539 0.158000
3549.279151 0.158000
3549.279151 0.159000
3550.209070 0.159000
3550.209070 0.160000
3550.227221 0.160000
3550.227221 0.161000
3550.586263 0.161000
3550.586263 0.162000
3551.974814 0.162000
3551.974814 0.163000
3552.105622 0.163000
3552.105622 0.164000
3552.401043 0.164000
3552.401043 0.165000
3554.128417 0.165000
3554.128417 0.166000
3559.014047 0.166000
3559.014047 0.167000
3559.014047 0.167000
3559.014047 0.168000
3559.348301 0.168000
3559.348301 0.169000
3559.784016 0.169000
3559.784016 0.170000
3561.295854 0.170000
3561.295854 0.171000
3561.310276 0.171000
3561.310276 0.172000
3561.812305 0.172000
3561.812305 0.173000
3562.057608 0.173000
3562.057608 0.174000
3562.753650 0.174000
3562.753650 0.175000
3563.665111 0.175000
3563.665111 0.176000
3563.731022 0.176000
3563.731022 0.177000
3563.781355 0.177000
3563.781355 0.178000
3564.007158 0.178000
3564.007158 0.179000
3565.294566 0.179000
3565.294566 0.180000
3566.181808 0.180000
3566.181808 0.181000
3566.330353 0.181000
3566.330353 0.182000
3566.430348 0.182000
3566.430348 0.183000
3566.730978 0.183000
3566.730978 0.184000
3566.824236 0.184000
3566.824236 0.185000
3566.915852 0.185000
3566.915852 0.186000
3567.031566 0.186000
3567.031566 0.187000
3569.006306 0.187000
3569.006306 0.188000
3569.258268 0.188000
3569.258268 0.189000
3570.533544 0.189000
3570.533544 0.190000
3570.948213 0.190000
3570.948213 0.191000
3571.178000 0.191000
3571.178000 0.192000
3571.623279 0.192000
3571.623279 0.193000
3571.665522 0.193000
3571.665522 0.194000
3571.665522 0.194000
3571.665522 0.195000
3572.614569 0.195000
3572.614569 0.196000
3574.426399 0.196000
3574.426399 0.197000
3574.435033 0.197000
3574.435033 0.198000
3574.803425 0.198000
3574.803425 0.199000
3575.060821 0.199000
3575.060821 0.200000
3577.414794 0.200000
3577.414794 0.201000
3578.041398 0.201000
3578.041398 0.202000
3578.111453 0.202000
3578.111453 0.203000
3578.846278 0.203000
3578.846278 0.204000
3579.038815 0.204000
3579.038815 0.205000
3580.127823 0.205000
3580.127823 0.206000
3580.751934 0.206000
3580.751934 0.207000
3581.628044 0.207000
3581.628044 0.208000
3582.866981 0.208000
3582.866981 0.209000
3584.612831 0.209000
3584.612831 0.210000
3585.114310 0.210000
3585.114310 0.211000
3586.314614 0.211000
3586.314614 0.212000
3586.483920 0.212000
3586.483920 0.213000
3586.652190 0.213000
3586.652190 0.214000
3587.469463 0.214000
3587.469463 0.215000
3587.477268 0.215000
3587.477268 0.216000
3587.919212 0.216000
3587.919212 0.217000
3588.236866 0.217000
3588.236866 0.218000
3588.302069 0.218000
3588.302069 0.219000
3589.560752 0.219000
3589.560752 0.220000
3590.672954 0.220000
3590.672954 0.221000
3593.455372 0.221000
3593.455372 0.222000
3593.896245 0.222000
3593.896245 0.223000
3593.906663 0.223000
3593.906663 0.224000
3594.251502 0.224000
3594.251502 0.225000
3595.127695 0.225000
3595.127695 0.226000
3595.243018 0.226000
3595.243018 0.227000
3595.292286 0.227000
3595.292286 0.228000
3597.870515 0.228000
3597.870515 0.229000
3597.939905 0.229000
3597.939905 0.230000
3598.105608 0.230000
3598.105608 0.231000
3598.519139 0.231000
3598.519139 0.232000
3599.164252 0.232000
3599.164252 0.233000
3599.188253 0.233000
3599.188253 0.234000
3599.622745 0.234000
3599.622745 0.235000
3599.971902 0.235000
3599.971902 0.236000
3600.010296 0.236000
3600.010296 0.237000
3600.523772 0.237000
3600.523772 0.238000
3601.002211 0.238000
3601.002211 0.239000
3601.145431 0.239000
3601.145431 0.240000
3601.704734 0.240000
3601.704734 0.241000
3603.132432 0.241000
3603.132432 0.242000
3606.698028 0.242000
3606.698028 0.243000
3607.263857 0.243000
3607.263857 0.244000
3607.321995 0.244000
3607.321995 0.245000
3608.303992 0.245000
3608.303992 0.246000
3608.575532 0.246000
3608.575532 0.247000
3609.209157 0.247000
3609.209157 0.248000
3610.606868 0.248000
3610.606868 0.249000
3611.050528 0.249000
3611.050528 0.250000
3611.148887 0.250000
3611.148887 0.251000
3611.614008 0.251000
3611.614008 0.252000
3611.645160 0.252000
3611.645160 0.253000
3611.828478 0.253000
3611.828478 0.254000
3612.041479 0.254000
3612.041479 0.255000
3612.176680 0.255000
3612.176680 0.256000
3612.215811 0.256000
3612.215811 0.257000
3612.671814 0.257000
3612.671814 0.258000
3613.492581 0.258000
3613.492581 0.259000
3613.885258 0.259000
3613.885258 0.260000
3613.894782 0.260000
3613.894782 0.261000
3614.286769 0.261000
3614.286769 0.262000
3614.488158 0.262000
3614.488158 0.263000
3614.580967 0.263000
3614.580967 0.264000
3614.594689 0.264000
3614.594689 0.265000
3614.683355 0.265000
3614.683355 0.266000
3614.834144 0.266000
3614.834144 0.267000
3614.977826 0.267000
3614.977826 0.268000
3615.423456 0.268000
3615.423456 0.269000
3615.439232 0.269000
3615.439232 0.270000
3616.035213 0.270000
3616.035213 0.271000
3616.350373 0.271000
3616.350373 0.272000
3616.651000 0.272000
3616.651000 0.273000
3616.671336 0.273000
3616.671336 0.274000
3616.748968 0.274000
3616.748968 0.275000
3616.931953 0.275000
3616.931953 0.276000
3617.290742 0.276000
3617.290742 0.277000
3617.641072 0.277000
3617.641072 0.278000
3617.773344 0.278000
3617.773344 0.279000
3617.816167 0.279000
3617.816167 0.280000
3617.990178 0.280000
3617.990178 0.281000
3618.163115 0.281000
3618.163115 0.282000
3618.675577 0.282000
3618.675577 0.283000
3620.633173 0.283000
3620.633173 0.284000
3621.061273 0.284000
3621.061273 0.285000
3621.215929 0.285000
3621.215929 0.286000
3621.639552 0.286000
3621.639552 0.287000
3621.680993 0.287000
3621.680993 0.288000
3622.189900 0.288000
3622.189900 0.289000
3622.254328 0.289000
3622.254328 0.290000
3622.466009 0.290000
3622.466009 0.291000
3623.883936 0.291000
3623.883936 0.292000
3624.136817 0.292000
3624.136817 0.293000
3624.335593 0.293000
3624.335593 0.294000
3625.081973 0.294000
3625.081973 0.295000
3625.545738 0.295000
3625.545738 0.296000
3625.596171 0.296000
3625.596171 0.297000
3625.733719 0.297000
3625.733719 0.298000
3626.002947 0.298000
3626.002947 0.299000
3626.108929 0.299000
3626.108929 0.300000
3626.453737 0.300000
3626.453737 0.301000
3626.898242 0.301000
3626.898242 0.302000
3627.616017 0.302000
3627.616017 0.303000
3627.982859 0.303000
3627.982859 0.304000
3627.982859 0.304000
3627.982859 0.305000
3628.199275 0.305000
3628.199275 0.306000
3628.564847 0.306000
3628.564847 0.307000
3628.615809 0.307000
3628.615809 0.308000
3628.615976 0.308000
3628.615976 0.309000
3628.732049 0.309000
3628.732049 0.310000
3628.807253 0.310000
3628.807253 0.311000
3628.853459 0.311000
3628.853459 0.312000
3629.011160 0.312000
3629.011160 0.313000
3629.030947 0.313000
3629.030947 0.314000
3629.440365 0.314000
3629.440365 0.315000
3629.489236 0.315000
3629.489236 0.316000
3629.844341 0.316000
3629.844341 0.317000
3630.060270 0.317000
3630.060270 0.318000
3630.440336 0.318000
3630.440336 0.319000
3630.440336 0.319000
3630.440336 0.320000
3631.024679 0.320000
3631.024679 0.321000
3631.024679 0.321000
3631.024679 0.322000
3631.216930 0.322000
3631.216930 0.323000
3631.336856 0.323000
3631.336856 0.324000
3631.407937 0.324000
3631.407937 0.325000
3632.344715 0.325000
3632.344715 0.326000
3632.344715 0.326000
3632.344715 0.327000
3632.402909 0.327000
3632.402909 0.328000
3632.413393 0.328000
3632.413393 0.329000
3632.528501 0.329000
3632.528501 0.330000
3633.057853 0.330000
3633.057853 0.331000
3633.072922 0.331000
3633.072922 0.332000
3633.252120 0.332000
3633.252120 0.333000
3633.329435 0.333000
3633.329435 0.334000
3633.533221 0.334000
3633.533221 0.335000
3633.783033 0.335000
3633.783033 0.336000
3633.783033 0.336000
3633.783033 0.337000
3635.214988 0.337000
3635.214988 0.338000
3635.296070 0.338000
3635.296070 0.339000
3635.482080 0.339000
3635.482080 0.340000
3636.328226 0.340000
3636.328226 0.341000
3636.529527 0.341000
3636.529527 0.342000
3636.559377 0.342000
3636.559377 0.343000
3636.920123 0.343000
3636.920123 0.344000
3637.178144 0.344000
3637.178144 0.345000
3637.200534 0.345000
3637.200534 0.346000
3637.200534 0.346000
3637.200534 0.347000
3637.591999 0.347000
3637.591999 0.348000
3637.994658 0.348000
3637.994658 0.349000
3638.288232 0.349000
3638.288232 0.350000
3639.139823 0.350000
3639.139823 0.351000
3639.143601 0.351000
3639.143601 0.352000
3640.387086 0.352000
3640.387086 0.353000
3641.174728 0.353000
3641.174728 0.354000
3641.324142 0.354000
3641.324142 0.355000
3641.327565 0.355000
3641.327565 0.356000
3641.490804 0.356000
3641.490804 0.357000
3641.618167 0.357000
3641.618167 0.358000
3641.803588 0.358000
3641.803588 0.359000
3641.926286 0.359000
3641.926286 0.360000
3641.971813 0.360000
3641.971813 0.361000
3642.113498 0.361000
3642.113498 0.362000
3642.828006 0.362000
3642.828006 0.363000
3643.162572 0.363000
3643.162572 0.364000
3643.211913 0.364000
3643.211913 0.365000
3643.257525 0.365000
3643.257525 0.366000
3644.082983 0.366000
3644.082983 0.367000
3644.334656 0.367000
3644.334656 0.368000
3644.530441 0.368000
3644.530441 0.369000
3644.632661 0.369000
3644.632661 0.370000
3644.715244 0.370000
3644.715244 0.371000
3645.392211 0.371000
3645.392211 0.372000
3645.443381 0.372000
3645.443381 0.373000
3645.844004 0.373000
3645.844004 0.374000
3646.510973 0.374000
3646.510973 0.375000
3646.646856 0.375000
3646.646856 0.376000
3646.672780 0.376000
3646.672780 0.377000
3647.074688 0.377000
3647.074688 0.378000
3647.355418 0.378000
3647.355418 0.379000
3647.543599 0.379000
3647.543599 0.380000
3647.609162 0.380000
3647.609162 0.381000
3647.806043 0.381000
3647.806043 0.382000
3648.907328 0.382000
3648.907328 0.383000
3649.197239 0.383000
3649.197239 0.384000
3649.545951 0.384000
3649.545951 0.385000
3649.644496 0.385000
3649.644496 0.386000
3649.891889 0.386000
3649.891889 0.387000
3650.527359 0.387000
3650.527359 0.388000
3651.071658 0.388000
3651.071658 0.389000
3651.796269 0.389000
3651.796269 0.390000
3652.025781 0.390000
3652.025781 0.391000
3652.316713 0.391000
3652.316713 0.392000
3652.369743 0.392000
3652.369743 0.393000
3652.570767 0.393000
3652.570767 0.394000
3652.648605 0.394000
3652.648605 0.395000
3652.658386 0.395000
3652.658386 0.396000
3652.769428 0.396000
3652.769428 0.397000
3652.997124 0.397000
3652.997124 0.398000
3653.329378 0.398000
3653.329378 0.399000
3654.011217 0.399000
3654.011217 0.400000
3654.583538 0.400000
3654.583538 0.401000
3654.656190 0.401000
3654.656190 0.402000
3654.976958 0.402000
3654.976958 0.403000
3655.145495 0.403000
3655.145495 0.404000
3656.058596 0.404000
3656.058596 0.405000
3656.162298 0.405000
3656.162298 0.406000
3656.192146 0.406000
3656.192146 0.407000
3657.414900 0.407000
3657.414900 0.408000
3657.441913 0.408000
3657.441913 0.409000
3657.461463 0.409000
3657.461463 0.410000
3657.539911 0.410000
3657.539911 0.411000
3657.632009 0.411000
3657.632009 0.412000
3657.709239 0.412000
3657.709239 0.413000
3658.000151 0.413000
3658.000151 0.414000
3658.182976 0.414000
3658.182976 0.415000
3658.255994 0.415000
3658.255994 0.416000
3658.543332 0.416000
3658.543332 0.417000
3658.613998 0.417000
3658.613998 0.418000
3659.046443 0.418000
3659.046443 0.419000
3659.271505 0.419000
3659.271505 0.420000
3659.289883 0.420000
3659.289883 0.421000
3659.615865 0.421000
3659.615865 0.422000
3659.728131 0.422000
3659.728131 0.423000
3659.739884 0.423000
3659.739884 0.424000
3659.758057 0.424000
3659.758057 0.425000
3660.996937 0.425000
3660.996937 0.426000
3661.826368 0.426000
3661.826368 0.427000
3662.343283 0.427000
3662.343283 0.428000
3662.731363 0.428000
3662.731363 0.429000
3662.894442 0.429000
3662.894442 0.430000
3662.917821 0.430000
3662.917821 0.431000
3663.075733 0.431000
3663.075733 0.432000
3663.151738 0.432000
3663.151738 0.433000
3663.264455 0.433000
3663.264455 0.434000
3663.791618 0.434000
3663.791618 0.435000
3664.004086 0.435000
3664.004086 0.436000
3664.155699 0.436000
3664.155699 0.437000
3664.428458 0.437000
3664.428458 0.438000
3664.578664 0.438000
3664.578664 0.439000
3664.954721 0.439000
3664.954721 0.440000
3665.033755 0.440000
3665.033755 0.441000
3665.042743 0.441000
3665.042743 0.442000
3665.102818 0.442000
3665.102818 0.443000
3665.805393 0.443000
3665.805393 0.444000
3665.921381 0.444000
3665.921381 0.445000
3665.930322 0.445000
3665.930322 0.446000
3666.262512 0.446000
3666.262512 0.447000
3666.271828 0.447000
3666.271828 0.448000
3666.675484 0.448000
3666.675484 0.449000
3666.744920 0.449000
3666.744920 0.450000
3666.996409 0.450000
3666.996409 0.451000
3667.587498 0.451000
3667.587498 0.452000
3667.735061 0.452000
3667.735061 0.453000
3667.768152 0.453000
3667.768152 0.454000
3667.895997 0.454000
3667.895997 0.455000
3668.084964 0.455000
3668.084964 0.456000
3668.209448 0.456000
3668.209448 0.457000
3668.720441 0.457000
3668.720441 0.458000
3668.943567 0.458000
3668.943567 0.459000
3668.981862 0.459000
3668.981862 0.460000
3669.184479 0.460000
3669.184479 0.461000
3669.653887 0.461000
3669.653887 0.462000
3670.336122 0.462000
3670.336122 0.463000
3670.717927 0.463000
3670.717927 0.464000
3671.594910 0.464000
3671.594910 0.465000
3674.004786 0.465000
3674.004786 0.466000
3674.194417 0.466000
3674.194417 0.467000
3674.408278 0.467000
3674.408278 0.468000
3674.806476 0.468000
3674.806476 0.469000
3675.896966 0.469000
3675.896966 0.470000
3676.543514 0.470000
3676.543514 0.471000
3678.454660 0.471000
3678.454660 0.472000
3678.518846 0.472000
3678.518846 0.473000
3678.539724 0.473000
3678.539724 0.474000
3678.878202 0.474000
3678.878202 0.475000
3679.027346 0.475000
3679.027346 0.476000
3679.274014 0.476000
3679.274014 0.477000
3679.606336 0.477000
3679.606336 0.478000
3680.403741 0.478000
3680.403741 0.479000
3681.078637 0.479000
3681.078637 0.480000
3681.175909 0.480000
3681.175909 0.481000
3681.542319 0.481000
3681.542319 0.482000
3681.625437 0.482000
3681.625437 0.483000
3681.891502 0.483000
3681.891502 0.484000
3682.015274 0.484000
3682.015274 0.485000
3682.122318 0.485000
3682.122318 0.486000
3682.549188 0.486000
3682.549188 0.487000
3682.562491 0.487000
3682.562491 0.488000
3682.595550 0.488000
3682.595550 0.489000
3682.606489 0.489000
3682.606489 0.490000
3682.910694 0.490000
3682.910694 0.491000
3683.284166 0.491000
3683.284166 0.492000
3683.686078 0.492000
3683.686078 0.493000
3683.795111 0.493000
3683.795111 0.494000
3683.904381 0.494000
3683.904381 0.495000
3684.174203 0.495000
3684.174203 0.496000
3684.393130 0.496000
3684.393130 0.497000
3684.838564 0.497000
3684.838564 0.498000
3684.928621 0.498000
3684.928621 0.499000
3684.938517 0.499000
3684.938517 0.500000
3685.075546 0.500000
3685.075546 0.501000
3685.085925 0.501000
3685.085925 0.502000
3685.376077 0.502000
3685.376077 0.503000
3685.443115 0.503000
3685.443115 0.504000
3685.584558 0.504000
3685.584558 0.505000
3686.314780 0.505000
3686.314780 0.506000
3686.527607 0.506000
3686.527607 0.507000
3686.546121 0.507000
3686.546121 0.508000
3687.564275 0.508000
3687.564275 0.509000
3687.625570 0.509000
3687.625570 0.510000
3688.067202 0.510000
3688.067202 0.511000
3688.687075 0.511000
3688.687075 0.512000
3689.908208 0.512000
3689.908208 0.513000
3689.929936 0.513000
3689.929936 0.514000
3690.157638 0.514000
3690.157638 0.515000
3690.833272 0.515000
3690.833272 0.516000
3691.154230 0.516000
3691.154230 0.517000
3691.154230 0.517000
3691.154230 0.518000
3691.699233 0.518000
3691.699233 0.519000
3691.736751 0.519000
3691.736751 0.520000
3692.674227 0.520000
3692.674227 0.521000
3693.314736 0.521000
3693.314736 0.522000
3693.431516 0.522000
3693.431516 0.523000
3693.961313 0.523000
3693.961313 0.524000
3694.135936 0.524000
3694.135936 0.525000
3694.312512 0.525000
3694.312512 0.526000
3694.645179 0.526000
3694.645179 0.527000
3694.955045 0.527000
3694.955045 0.528000
3694.961461 0.528000
3694.961461 0.529000
3695.439456 0.529000
3695.439456 0.530000
3696.116738 0.530000
3696.116738 0.531000
3696.116738 0.531000
3696.116738 0.532000
3696.244775 0.532000
3696.244775 0.533000
3696.247341 0.533000
3696.247341 0.534000
3696.296748 0.534000
3696.296748 0.535000
3696.958325 0.535000
3696.958325 0.536000
3697.055438 0.536000
3697.055438 0.537000
3697.246118 0.537000
3697.246118 0.538000
3697.287902 0.538000
3697.287902 0.539000
3697.397537 0.539000
3697.397537 0.540000
3697.509265 0.540000
3697.509265 0.541000
3697.656890 0.541000
3697.656890 0.542000
3697.899974 0.542000
3697.899974 0.543000
3697.995296 0.543000
3697.995296 0.544000
3698.081545 0.544000
3698.081545 0.545000
3698.376441 0.545000
3698.376441 0.546000
3698.674140 0.546000
3698.674140 0.547000
3698.741273 0.547000
3698.741273 0.548000
3699.069977 0.548000
3699.069977 0.549000
3699.515362 0.549000
3699.515362 0.550000
3699.708451 0.550000
3699.708451 0.551000
3700.024578 0.551000
3700.024578 0.552000
3700.067223 0.552000
3700.067223 0.553000
3700.561424 0.553000
3700.561424 0.554000
3700.750673 0.554000
3700.750673 0.555000
3701.678188 0.555000
3701.678188 0.556000
3702.230892 0.556000
3702.230892 0.557000
3702.512404 0.557000
3702.512404 0.558000
3702.664157 0.558000
3702.664157 0.559000
3702.763950 0.559000
3702.763950 0.560000
3703.041459 0.560000
3703.041459 0.561000
3703.070587 0.561000
3703.070587 0.562000
3703.102700 0.562000
3703.102700 0.563000
3703.873354 0.563000
3703.873354 0.564000
3704.038020 0.564000
3704.038020 0.565000
3704.154282 0.565000
3704.154282 0.566000
3704.218144 0.566000
3704.218144 0.567000
3704.470996 0.567000
3704.470996 0.568000
3705.383543 0.568000
3705.383543 0.569000
3705.904693 0.569000
3705.904693 0.570000
3707.326686 0.570000
3707.326686 0.571000
3707.519430 0.571000
3707.519430 0.572000
3708.022643 0.572000
3708.022643 0.573000
3708.154666 0.573000
3708.154666 0.574000
3708.348333 0.574000
3708.348333 0.575000
3708.368653 0.575000
3708.368653 0.576000
3708.586356 0.576000
3708.586356 0.577000
3708.845471 0.577000
3708.845471 0.578000
3710.876578 0.578000
3710.876578 0.579000
3711.158210 0.579000
3711.158210 0.580000
3711.202936 0.580000
3711.202936 0.581000
3711.895448 0.581000
3711.895448 0.582000
3712.125913 0.582000
3712.125913 0.583000
3712.297807 0.583000
3712.297807 0.584000
3712.311617 0.584000
3712.311617 0.585000
3712.402971 0.585000
3712.402971 0.586000
3712.812205 0.586000
3712.812205 0.587000
3713.155161 0.587000
3713.155161 0.588000
3713.311043 0.588000
3713.311043 0.589000
3713.446871 0.589000
3713.446871 0.590000
3713.487316 0.590000
3713.487316 0.591000
3714.219741 0.591000
3714.219741 0.592000
3714.371665 0.592000
3714.371665 0.593000
3715.242497 0.593000
3715.242497 0.594000
3716.447069 0.594000
3716.447069 0.595000
3716.712201 0.595000
3716.712201 0.596000
3717.090394 0.596000
3717.090394 0.597000
3717.360939 0.597000
3717.360939 0.598000
3717.504591 0.598000
3717.504591 0.599000
3717.628747 0.599000
3717.628747 0.600000
3718.368125 0.600000
3718.368125 0.601000
3718.620081 0.601000
3718.620081 0.602000
3719.103776 0.602000
3719.103776 0.603000
3719.435037 0.603000
3719.435037 0.604000
3719.591107 0.604000
3719.591107 0.605000
3720.395943 0.605000
3720.395943 0.606000
3720.516232 0.606000
3720.516232 0.607000
3720.972279 0.607000
3720.972279 0.608000
3721.207447 0.608000
3721.207447 0.609000
3721.335008 0.609000
3721.335008 0.610000
3721.464306 0.610000
3721.464306 0.611000
3721.977596 0.611000
3721.977596 0.612000
3722.076410 0.612000
3722.076410 0.613000
3722.489885 0.613000
3722.489885 0.614000
3722.990182 0.614000
3722.990182 0.615000
3723.037864 0.615000
3723.037864 0.616000
3723.671204 0.616000
3723.671204 0.617000
3723.844639 0.617000
3723.844639 0.618000
3723.903483 0.618000
3723.903483 0.619000
3724.280400 0.619000
3724.280400 0.620000
3724.971344 0.620000
3724.971344 0.621000
3725.078851 0.621000
3725.078851 0.622000
3726.454014 0.622000
3726.454014 0.623000
3726.718779 0.623000
3726.718779 0.624000
3726.872147 0.624000
3726.872147 0.625000
3727.847225 0.625000
3727.847225 0.626000
3728.300745 0.626000
3728.300745 0.627000
3728.681264 0.627000
3728.681264 0.628000
3728.982855 0.628000
3728.982855 0.629000
3729.396816 0.629000
3729.396816 0.630000
3729.518371 0.630000
3729.518371 0.631000
3729.574861 0.631000
3729.574861 0.632000
3729.582518 0.632000
3729.582518 0.633000
3729.688746 0.633000
3729.688746 0.634000
3730.688538 0.634000
3730.688538 0.635000
3730.736421 0.635000
3730.736421 0.636000
3730.746909 0.636000
3730.746909 0.637000
3731.233210 0.637000
3731.233210 0.638000
3731.731707 0.638000
3731.731707 0.639000
3732.045452 0.639000
3732.045452 0.640000
3732.343082 0.640000
3732.343082 0.641000
3732.776810 0.641000
3732.776810 0.642000
3733.878029 0.642000
3733.878029 0.643000
3734.138850 0.643000
3734.138850 0.644000
3734.463423 0.644000
3734.463423 0.645000
3735.391559 0.645000
3735.391559 0.646000
3736.049427 0.646000
3736.049427 0.647000
3736.339649 0.647000
3736.339649 0.648000
3739.143530 0.648000
3739.143530 0.649000
3739.210524 0.649000
3739.210524 0.650000
3739.664798 0.650000
3739.664798 0.651000
3739.932026 0.651000
3739.932026 0.652000
3740.225557 0.652000
3740.225557 0.653000
3740.345648 0.653000
3740.345648 0.654000
3742.278903 0.654000
3742.278903 0.655000
3743.382055 0.655000
3743.382055 0.656000
3743.457355 0.656000
3743.457355 0.657000
3743.531454 0.657000
3743.531454 0.658000
3743.543206 0.658000
3743.543206 0.659000
3743.571905 0.659000
3743.571905 0.660000
3743.689268 0.660000
3743.689268 0.661000
3743.980505 0.661000
3743.980505 0.662000
3744.906857 0.662000
3744.906857 0.663000
3745.203766 0.663000
3745.203766 0.664000
3745.407484 0.664000
3745.407484 0.665000
3745.750580 0.665000
3745.750580 0.666000
3745.976616 0.666000
3745.976616 0.667000
3746.371228 0.667000
3746.371228 0.668000
3746.489545 0.668000
3746.489545 0.669000
3746.667971 0.669000
3746.667971 0.670000
3746.711319 0.670000
3746.711319 0.671000
3746.835546 0.671000
3746.835546 0.672000
3746.907966 0.672000
3746.907966 0.673000
3746.957134 0.673000
3746.957134 0.674000
3747.695984 0.674000
3747.695984 0.675000
3747.741040 0.675000
3747.741040 0.676000
3747.775535 0.676000
3747.775535 0.677000
3748.415562 0.677000
3748.415562 0.678000
3748.546572 0.678000
3748.546572 0.679000
3749.057356 0.679000
3749.057356 0.680000
3749.127275 0.680000
3749.127275 0.681000
3749.355114 0.681000
3749.355114 0.682000
3749.565776 0.682000
3749.565776 0.683000
3750.025999 0.683000
3750.025999 0.684000
3750.243974 0.684000
3750.243974 0.685000
3750.270524 0.685000
3750.270524 0.686000
3750.289368 0.686000
3750.289368 0.687000
3750.506648 0.687000
3750.506648 0.688000
3750.635670 0.688000
3750.635670 0.689000
3750.799629 0.689000
3750.799629 0.690000
3751.221191 0.690000
3751.221191 0.691000
3751.262109 0.691000
3751.262109 0.692000
3751.426805 0.692000
3751.426805 0.693000
3751.685676 0.693000
3751.685676 0.694000
3752.142179 0.694000
3752.142179 0.695000
3752.238575 0.695000
3752.238575 0.696000
3752.965864 0.696000
3752.965864 0.697000
3753.158973 0.697000
3753.158973 0.698000
3754.018757 0.698000
3754.018757 0.699000
3754.176822 0.699000
3754.176822 0.700000
3754.248714 0.700000
3754.248714 0.701000
3754.328150 0.701000
3754.328150 0.702000
3754.458702 0.702000
3754.458702 0.703000
3754.596508 0.703000
3754.596508 0.704000
3755.298808 0.704000
3755.298808 0.705000
3755.581706 0.705000
3755.581706 0.706000
3756.001868 0.706000
3756.001868 0.707000
3756.156955 0.707000
3756.156955 0.708000
3756.223161 0.708000
3756.223161 0.709000
3756.223161 0.709000
3756.223161 0.710000
3756.707632 0.710000
3756.707632 0.711000
3757.018287 0.711000
3757.018287 0.712000
3757.121629 0.712000
3757.121629 0.713000
3757.251249 0.713000
3757.251249 0.714000
3757.458865 0.714000
3757.458865 0.715000
3759.149892 0.715000
3759.149892 0.716000
3759.252793 0.716000
3759.252793 0.717000
3760.185701 0.717000
3760.185701 0.718000
3760.820060 0.718000
3760.820060 0.719000
3761.095415 0.719000
3761.095415 0.720000
3761.512552 0.720000
3761.512552 0.721000
3762.049032 0.721000
3762.049032 0.722000
3762.352590 0.722000
3762.352590 0.723000
3762.752575 0.723000
3762.752575 0.724000
3762.802226 0.724000
3762.802226 0.725000
3762.984674 0.725000
3762.984674 0.726000
3763.230562 0.726000
3763.230562 0.727000
3763.234104 0.727000
3763.234104 0.728000
3763.433750 0.728000
3763.433750 0.729000
3764.030402 0.729000
3764.030402 0.730000
3764.049094 0.730000
3764.049094 0.731000
3764.185705 0.731000
3764.185705 0.732000
3764.475192 0.732000
3764.475192 0.733000
3764.501480 0.733000
3764.501480 0.734000
3764.903566 0.734000
3764.903566 0.735000
3765.000455 0.735000
3765.000455 0.736000
3766.124636 0.736000
3766.124636 0.737000
3767.001441 0.737000
3767.001441 0.738000
3767.937646 0.738000
3767.937646 0.739000
3768.110354 0.739000
3768.110354 0.740000
3768.434385 0.740000
3768.434385 0.741000
3768.619083 0.741000
3768.619083 0.742000
3768.898597 0.742000
3768.898597 0.743000
3769.880455 0.743000
3769.880455 0.744000
3769.917214 0.744000
3769.917214 0.745000
3770.689065 0.745000
3770.689065 0.746000
3770.800828 0.746000
3770.800828 0.747000
3770.849689 0.747000
3770.849689 0.748000
3770.907643 0.748000
3770.907643 0.749000
3770.975910 0.749000
3770.975910 0.750000
3771.608475 0.750000
3771.608475 0.751000
3771.689744 0.751000
3771.689744 0.752000
3771.779885 0.752000
3771.779885 0.753000
3772.009044 0.753000
3772.009044 0.754000
3772.440278 0.754000
3772.440278 0.755000
3772.544026 0.755000
3772.544026 0.756000
3772.660530 0.756000
3772.660530 0.757000
3772.696373 0.757000
3772.696373 0.758000
3773.482133 0.758000
3773.482133 0.759000
3773.714860 0.759000
3773.714860 0.760000
3774.012903 0.760000
3774.012903 0.761000
3774.017054 0.761000
3774.017054 0.762000
3774.422007 0.762000
3774.422007 0.763000
3774.729537 0.763000
3774.729537 0.764000
3774.763010 0.764000
3774.763010 0.765000
3774.928336 0.765000
3774.928336 0.766000
3775.036336 0.766000
3775.036336 0.767000
3776.362452 0.767000
3776.362452 0.768000
3776.614649 0.768000
3776.614649 0.769000
3777.114894 0.769000
3777.114894 0.770000
3777.372041 0.770000
3777.372041 0.771000
3777.924267 0.771000
3777.924267 0.772000
3778.518209 0.772000
3778.518209 0.773000
3778.567125 0.773000
3778.567125 0.774000
3778.597217 0.774000
3778.597217 0.775000
3778.602477 0.775000
3778.602477 0.776000
3778.921177 0.776000
3778.921177 0.777000
3779.066224 0.777000
3779.066224 0.778000
3779.167646 0.778000
3779.167646 0.779000
3779.443621 0.779000
3779.443621 0.780000
3779.579386 0.780000
3779.579386 0.781000
3779.608727 0.781000
3779.608727 0.782000
3779.747056 0.782000
3779.747056 0.783000
3779.770402 0.783000
3779.770402 0.784000
3780.376305 0.784000
3780.376305 0.785000
3780.835073 0.785000
3780.835073 0.786000
3781.753514 0.786000
3781.753514 0.787000
3781.776164 0.787000
3781.776164 0.788000
3783.730555 0.788000
3783.730555 0.789000
3783.799534 0.789000
3783.799534 0.790000
3784.349740 0.790000
3784.349740 0.791000
3784.359806 0.791000
3784.359806 0.792000
3784.659258 0.792000
3784.659258 0.793000
3786.199674 0.793000
3786.199674 0.794000
3786.243231 0.794000
3786.243231 0.795000
3786.733827 0.795000
3786.733827 0.796000
3787.196080 0.796000
3787.196080 0.797000
3787.450652 0.797000
3787.450652 0.798000
3787.478593 0.798000
3787.478593 0.799000
3789.000297 0.799000
3789.000297 0.800000
3789.183221 0.800000
3789.183221 0.801000
3789.207097 0.801000
3789.207097 0.802000
3789.535805 0.802000
3789.535805 0.803000
3789.928767 0.803000
3789.928767 0.804000
3790.036907 0.804000
3790.036907 0.805000
3790.250089 0.805000
3790.250089 0.806000
3790.580425 0.806000
3790.580425 0.807000
3791.391803 0.807000
3791.391803 0.808000
3791.555133 0.808000
3791.555133 0.809000
3791.893945 0.809000
3791.893945 0.810000
3792.414984 0.810000
3792.414984 0.811000
3793.095593 0.811000
3793.095593 0.812000
3794.482197 0.812000
3794.482197 0.813000
3795.035667 0.813000
3795.035667 0.814000
3795.067226 0.814000
3795.067226 0.815000
3796.434328 0.815000
3796.434328 0.816000
3796.784048 0.816000
3796.784048 0.817000
3796.915334 0.817000
3796.915334 0.818000
3797.193682 0.818000
3797.193682 0.819000
3797.600911 0.819000
3797.600911 0.820000
3797.807699 0.820000
3797.807699 0.821000
3799.288912 0.821000
3799.288912 0.822000
3800.574839 0.822000
3800.574839 0.823000
3801.136602 0.823000
3801.136602 0.824000
3802.491905 0.824000
3802.491905 0.825000
3803.253943 0.825000
3803.253943 0.826000
3803.502745 0.826000
3803.502745 0.827000
3803.562675 0.827000
3803.562675 0.828000
3803.595334 0.828000
3803.595334 0.829000
3806.184135 0.829000
3806.184135 0.830000
3807.214443 0.830000
3807.214443 0.831000
3807.399475 0.831000
3807.399475 0.832000
3807.561191 0.832000
3807.561191 0.833000
3808.021835 0.833000
3808.021835 0.834000
3808.466214 0.834000
3808.466214 0.835000
3808.982799 0.835000
3808.982799 0.836000
3809.183365 0.836000
3809.183365 0.837000
3809.732639 0.837000
3809.732639 0.838000
3809.734871 0.838000
3809.734871 0.839000
3810.078425 0.839000
3810.078425 0.840000
3810.845349 0.840000
3810.845349 0.841000
3811.451625 0.841000
3811.451625 0.842000
3812.311031 0.842000
3812.311031 0.843000
3812.836868 0.843000
3812.836868 0.844000
3813.100611 0.844000
3813.100611 0.845000
3813.508234 0.845000
3813.508234 0.846000
3813.542958 0.846000
3813.542958 0.847000
3813.730663 0.847000
3813.730663 0.848000
3814.115267 0.848000
3814.115267 0.849000
3814.722537 0.849000
3814.722537 0.850000
3815.820690 0.850000
3815.820690 0.851000
3816.339264 0.851000
3816.339264 0.852000
3816.850124 0.852000
3816.850124 0.853000
3817.006591 0.853000
3817.006591 0.854000
3817.086232 0.854000
3817.086232 0.855000
3817.291857 0.855000
3817.291857 0.856000
3817.373728 0.856000
3817.373728 0.857000
3817.374050 0.857000
3817.374050 0.858000
3817.791865 0.858000
3817.791865 0.859000
3818.197914 0.859000
3818.197914 0.860000
3819.808426 0.860000
3819.808426 0.861000
3820.112759 0.861000
3820.112759 0.862000
3820.738719 0.862000
3820.738719 0.863000
3821.935462 0.863000
3821.935462 0.864000
3822.126702 0.864000
3822.126702 0.865000
3822.447194 0.865000
3822.447194 0.866000
3822.448578 0.866000
3822.448578 0.867000
3822.733112 0.867000
3822.733112 0.868000
3822.733112 0.868000
3822.733112 0.869000
3822.778568 0.869000
3822.778568 0.870000
3822.792101 0.870000
3822.792101 0.871000
3823.524729 0.871000
3823.524729 0.872000
3824.503039 0.872000
3824.503039 0.873000
3824.505158 0.873000
3824.505158 0.874000
3824.524720 0.874000
3824.524720 0.875000
3824.589484 0.875000
3824.589484 0.876000
3824.756081 0.876000
3824.756081 0.877000
3824.886322 0.877000
3824.886322 0.878000
3825.052056 0.878000
3825.052056 0.879000
3825.255378 0.879000
3825.255378 0.880000
3825.415043 0.880000
3825.415043 0.881000
3825.513513 0.881000
3825.513513 0.882000
3825.518462 0.882000
3825.518462 0.883000
3825.737440 0.883000
3825.737440 0.884000
3826.693738 0.884000
3826.693738 0.885000
3826.738691 0.885000
3826.738691 0.886000
3827.308626 0.886000
3827.308626 0.887000
3827.559006 0.887000
3827.559006 0.888000
3828.417945 0.888000
3828.417945 0.889000
3829.859199 0.889000
3829.859199 0.890000
3830.248892 0.890000
3830.248892 0.891000
3830.979105 0.891000
3830.979105 0.892000
3831.733431 0.892000
3831.733431 0.893000
3831.741406 0.893000
3831.741406 0.894000
3832.516396 0.894000
3832.516396 0.895000
3832.551396 0.895000
3832.551396 0.896000
3833.212404 0.896000
3833.212404 0.897000
3833.433794 0.897000
3833.433794 0.898000
3833.433794 0.898000
3833.433794 0.899000
3833.608632 0.899000
3833.608632 0.900000
3834.064811 0.900000
3834.064811 0.901000
3834.363485 0.901000
3834.363485 0.902000
3834.912416 0.902000
3834.912416 0.903000
3835.019087 0.903000
3835.019087 0.904000
3835.098431 0.904000
3835.098431 0.905000
3835.615425 0.905000
3835.615425 0.906000
3837.602633 0.906000
3837.602633 0.907000
3837.858697 0.907000
3837.858697 0.908000
3837.942810 0.908000
3837.942810 0.909000
3838.026314 0.909000
3838.026314 0.910000
3838.164149 0.910000
3838.164149 0.911000
3838.381277 0.911000
3838.381277 0.912000
3838.461639 0.912000
3838.461639 0.913000
3838.646946 0.913000
3838.646946 0.914000
3838.673170 0.914000
3838.673170 0.915000
3838.777453 0.915000
3838.777453 0.916000
3838.855027 0.916000
3838.855027 0.917000
3838.855027 0.917000
3838.855027 0.918000
3838.932062 0.918000
3838.932062 0.919000
3838.983121 0.919000
3838.983121 0.920000
3839.008562 0.920000
3839.008562 0.921000
3839.185015 0.921000
3839.185015 0.922000
3839.209992 0.922000
3839.209992 0.923000
3839.234911 0.923000
3839.234911 0.924000
3839.259774 0.924000
3839.259774 0.925000
3839.334021 0.925000
3839.334021 0.926000
3839.358658 0.926000
3839.358658 0.927000
3839.383239 0.927000
3839.383239 0.928000
3839.432232 0.928000
3839.432232 0.929000
3839.553750 0.929000
3839.553750 0.930000
3839.573963 0.930000
3839.573963 0.931000
3839.626006 0.931000
3839.626006 0.932000
3839.649983 0.932000
3839.649983 0.933000
3839.863378 0.933000
3839.863378 0.934000
3839.863378 0.934000
3839.863378 0.935000
3839.863378 0.935000
3839.863378 0.936000
3839.933564 0.936000
3839.933564 0.937000
3840.026423 0.937000
3840.026423 0.938000
3840.282779 0.938000
3840.282779 0.939000
3840.322639 0.939000
3840.322639 0.940000
3840.322639 0.940000
3840.322639 0.941000
3840.322639 0.941000
3840.322639 0.942000
3840.345079 0.942000
3840.345079 0.943000
3840.500801 0.943000
3840.500801 0.944000
3840.654191 0.944000
3840.654191 0.945000
3840.996317 0.945000
3840.996317 0.946000
3841.147764 0.946000
3841.147764 0.947000
3841.163099 0.947000
3841.163099 0.948000
3841.224926 0.948000
3841.224926 0.949000
3841.265931 0.949000
3841.265931 0.950000
3841.488450 0.950000
3841.488450 0.951000
3841.647154 0.951000
3841.647154 0.952000
3841.725541 0.952000
3841.725541 0.953000
3842.174454 0.953000
3842.174454 0.954000
3844.609294 0.954000
3844.609294 0.955000
3845.913011 0.955000
3845.913011 0.956000
3846.737328 0.956000
3846.737328 0.957000
3847.508917 0.957000
3847.508917 0.958000
3848.940649 0.958000
3848.940649 0.959000
3850.079110 0.959000
3850.079110 0.960000
3851.621904 0.960000
3851.621904 0.961000
3852.195411 0.961000
3852.195411 0.962000
3857.127243 0.962000
3857.127243 0.963000
3857.681645 0.963000
3857.681645 0.964000
3858.734457 0.964000
3858.734457 0.965000
3859.617714 0.965000
3859.617714 0.966000
3868.683092 0.966000
3868.683092 0.967000
3872.206488 0.967000
3872.206488 0.968000
3872.318142 0.968000
3872.318142 0.969000
3873.174111 0.969000
3873.174111 0.970000
3873.378275 0.970000
3873.378275 0.971000
3873.403532 0.971000
3873.403532 0.972000
3873.428731 0.972000
3873.428731 0.973000
3873.702159 0.973000
3873.702159 0.974000
3873.848453 0.974000
3873.848453 0.975000
3874.158753 0.975000
3874.158753 0.976000
3874.205700 0.976000
3874.205700 0.977000
3874.298974 0.977000
3874.298974 0.978000
3875.188467 0.978000
3875.188467 0.979000
3878.279687 0.979000
3878.279687 0.980000
3883.615539 0.980000
3883.615539 0.981000
3884.163730 0.981000
3884.163730 0.982000
3886.144580 0.982000
3886.144580 0.983000
3887.894522 0.983000
3887.894522 0.984000
3888.520309 0.984000
3888.520309 0.985000
3888.603094 0.985000
3888.603094 0.986000
3888.847928 0.986000
3888.847928 0.987000
3888.928385 0.987000
3888.928385 0.988000
3888.981709 0.988000
3888.981709 0.989000
3890.070446 0.989000
3890.070446 0.990000
3890.142508 0.990000
3890.142508 0.991000
3890.190283 0.991000
3890.190283 0.992000
3890.495710 0.992000
3890.495710 0.993000
3890.564961 0.993000
3890.564961 0.994000
3890.564961 0.994000
3890.564961 0.995000
3891.404394 0.995000
3891.404394 0.996000
3891.488877 0.996000
3891.488877 0.997000
3891.593493 0.997000
3891.593493 0.998000
3891.635035 0.998000
3891.635035 0.999000
3901.387098 0.999000
3901.387098 1.000000
