13.538726 0.000000
13.538726 0.001000
13.610203 0.001000
13.610203 0.002000
16.541331 0.002000
16.541331 0.003000
16.551180 0.003000
16.551180 0.004000
16.557151 0.004000
16.557151 0.005000
16.571944 0.005000
16.571944 0.006000
16.579448 0.006000
16.579448 0.007000
16.596075 0.007000
16.596075 0.008000
16.598880 0.008000
16.598880 0.009000
16.627496 0.009000
16.627496 0.010000
16.628954 0.010000
16.628954 0.011000
16.662474 0.011000
16.662474 0.012000
16.664758 0.012000
16.664758 0.013000
16.688741 0.013000
16.688741 0.014000
16.690313 0.014000
16.690313 0.015000
16.707794 0.015000
16.707794 0.016000
16.741370 0.016000
16.741370 0.017000
16.748920 0.017000
16.748920 0.018000
16.879405 0.018000
16.879405 0.019000
16.915162 0.019000
16.915162 0.020000
16.950220 0.020000
16.950220 0.021000
17.006419 0.021000
17.006419 0.022000
17.077856 0.022000
17.077856 0.023000
17.099569 0.023000
17.099569 0.024000
17.105681 0.024000
17.105681 0.025000
17.143126 0.025000
17.143126 0.026000
17.162357 0.026000
17.162357 0.027000
17.458312 0.027000
17.458312 0.028000
17.559545 0.028000
17.559545 0.029000
17.928877 0.029000
17.928877 0.030000
18.113064 0.030000
18.113064 0.031000
18.625480 0.031000
18.625480 0.032000
18.706393 0.032000
18.706393 0.033000
18.715567 0.033000
18.715567 0.034000
19.163397 0.034000
19.163397 0.035000
19.167395 0.035000
19.167395 0.036000
19.394530 0.036000
19.394530 0.037000
19.465110 0.037000
19.465110 0.038000
19.501931 0.038000
19.501931 0.039000
19.538726 0.039000
19.538726 0.040000
19.573303 0.040000
19.573303 0.041000
19.576711 0.041000
19.576711 0.042000
19.582883 0.042000
19.582883 0.043000
19.582883 0.043000
19.582883 0.044000
19.593279 0.044000
19.593279 0.045000
19.601047 0.045000
19.601047 0.046000
19.631146 0.046000
19.631146 0.047000
19.655659 0.047000
19.655659 0.048000
19.657924 0.048000
19.657924 0.049000
19.659438 0.049000
19.659438 0.050000
19.662474 0.050000
19.662474 0.051000
19.671650 0.051000
19.671650 0.052000
19.677050 0.052000
19.677050 0.053000
19.682485 0.053000
19.682485 0.054000
19.705389 0.054000
19.705389 0.055000
19.714243 0.055000
19.714243 0.056000
19.718298 0.056000
19.718298 0.057000
19.722372 0.057000
19.722372 0.058000
19.728110 0.058000
19.728110 0.059000
19.733058 0.059000
19.733058 0.060000
19.738868 0.060000
19.738868 0.061000
19.748920 0.061000
19.748920 0.062000
19.772838 0.062000
19.772838 0.063000
19.787685 0.063000
19.787685 0.064000
19.818147 0.064000
19.818147 0.065000
19.878431 0.065000
19.878431 0.066000
19.881356 0.066000
19.881356 0.067000
19.885270 0.067000
19.885270 0.068000
19.906700 0.068000
19.906700 0.069000
19.907098 0.069000
19.907098 0.070000
19.914838 0.070000
19.914838 0.071000
19.934595 0.071000
19.934595 0.072000
19.959718 0.072000
19.959718 0.073000
19.980080 0.073000
19.980080 0.074000
20.041507 0.074000
20.041507 0.075000
20.043813 0.075000
20.043813 0.076000
20.058933 0.076000
20.058933 0.077000
20.083842 0.077000
20.083842 0.078000
20.102009 0.078000
20.102009 0.079000
20.129033 0.079000
20.129033 0.080000
20.138056 0.080000
20.138056 0.081000
20.145670 0.081000
20.145670 0.082000
20.154623 0.082000
20.154623 0.083000
20.177778 0.083000
20.177778 0.084000
20.179309 0.084000
20.179309 0.085000
20.361745 0.085000
20.361745 0.086000
20.364841 0.086000
20.364841 0.087000
20.384983 0.087000
20.384983 0.088000
20.440016 0.088000
20.440016 0.089000
20.451627 0.089000
20.451627 0.090000
20.502162 0.090000
20.502162 0.091000
20.611486 0.091000
20.611486 0.092000
20.626719 0.092000
20.626719 0.093000
20.742751 0.093000
20.742751 0.094000
20.783040 0.094000
20.783040 0.095000
20.822325 0.095000
20.822325 0.096000
20.824541 0.096000
20.824541 0.097000
20.828982 0.097000
20.828982 0.098000
20.877443 0.098000
20.877443 0.099000
20.949599 0.099000
20.949599 0.100000
21.028038 0.100000
21.028038 0.101000
21.044505 0.101000
21.044505 0.102000
21.057452 0.102000
21.057452 0.103000
21.070511 0.103000
21.070511 0.104000
21.104995 0.104000
21.104995 0.105000
21.115763 0.105000
21.115763 0.106000
21.137525 0.106000
21.137525 0.107000
21.137525 0.107000
21.137525 0.108000
21.148522 0.108000
21.148522 0.109000
21.159596 0.109000
21.159596 0.110000
21.179167 0.110000
21.179167 0.111000
21.239368 0.111000
21.239368 0.112000
21.329463 0.112000
21.329463 0.113000
21.376428 0.113000
21.376428 0.114000
21.607203 0.114000
21.607203 0.115000
21.745001 0.115000
21.745001 0.116000
21.764437 0.116000
21.764437 0.117000
21.767476 0.117000
21.767476 0.118000
21.798215 0.118000
21.798215 0.119000
21.851257 0.119000
21.851257 0.120000
21.948078 0.120000
21.948078 0.121000
21.953079 0.121000
21.953079 0.122000
21.988117 0.122000
21.988117 0.123000
22.179137 0.123000
22.179137 0.124000
22.332945 0.124000
22.332945 0.125000
22.486616 0.125000
22.486616 0.126000
22.489654 0.126000
22.489654 0.127000
22.588410 0.127000
22.588410 0.128000
22.590527 0.128000
22.590527 0.129000
22.592582 0.129000
22.592582 0.130000
22.603814 0.130000
22.603814 0.131000
22.631146 0.131000
22.631146 0.132000
22.638496 0.132000
22.638496 0.133000
22.657924 0.133000
22.657924 0.134000
22.690313 0.134000
22.690313 0.135000
22.702193 0.135000
22.702193 0.136000
22.702991 0.136000
22.702991 0.137000
22.713434 0.137000
22.713434 0.138000
22.719111 0.138000
22.719111 0.139000
22.724827 0.139000
22.724827 0.140000
22.728933 0.140000
22.728933 0.141000
22.734714 0.141000
22.734714 0.142000
22.737204 0.142000
22.737204 0.143000
22.743879 0.143000
22.743879 0.144000
22.769381 0.144000
22.769381 0.145000
22.774572 0.145000
22.774572 0.146000
22.792100 0.146000
22.792100 0.147000
22.798318 0.147000
22.798318 0.148000
22.800996 0.148000
22.800996 0.149000
22.813602 0.149000
22.813602 0.150000
22.813602 0.150000
22.813602 0.151000
22.814249 0.151000
22.814249 0.152000
22.840289 0.152000
22.840289 0.153000
22.842159 0.153000
22.842159 0.154000
22.853459 0.154000
22.853459 0.155000
22.856306 0.155000
22.856306 0.156000
22.863898 0.156000
22.863898 0.157000
22.863942 0.157000
22.863942 0.158000
22.869710 0.158000
22.869710 0.159000
22.891173 0.159000
22.891173 0.160000
22.899102 0.160000
22.899102 0.161000
22.908102 0.161000
22.908102 0.162000
22.926364 0.162000
22.926364 0.163000
22.929442 0.163000
22.929442 0.164000
22.935629 0.164000
22.935629 0.165000
22.942896 0.165000
22.942896 0.166000
22.946028 0.166000
22.946028 0.167000
22.951271 0.167000
22.951271 0.168000
22.957599 0.168000
22.957599 0.169000
22.963969 0.169000
22.963969 0.170000
22.972528 0.170000
22.972528 0.171000
22.980080 0.171000
22.980080 0.172000
22.984421 0.172000
22.984421 0.173000
22.994259 0.173000
22.994259 0.174000
22.998664 0.174000
22.998664 0.175000
23.004197 0.175000
23.004197 0.176000
23.020984 0.176000
23.020984 0.177000
23.031193 0.177000
23.031193 0.178000
23.033476 0.178000
23.033476 0.179000
23.065988 0.179000
23.065988 0.180000
23.067169 0.180000
23.067169 0.181000
23.082642 0.181000
23.082642 0.182000
23.106908 0.182000
23.106908 0.183000
23.127988 0.183000
23.127988 0.184000
23.136792 0.184000
23.136792 0.185000
23.139321 0.185000
23.139321 0.186000
23.140588 0.186000
23.140588 0.187000
23.167545 0.187000
23.167545 0.188000
23.171452 0.188000
23.171452 0.189000
23.176683 0.189000
23.176683 0.190000
23.200543 0.190000
23.200543 0.191000
23.209965 0.191000
23.209965 0.192000
23.211318 0.192000
23.211318 0.193000
23.220834 0.193000
23.220834 0.194000
23.220834 0.194000
23.220834 0.195000
23.222200 0.195000
23.222200 0.196000
23.229056 0.196000
23.229056 0.197000
23.230432 0.197000
23.230432 0.198000
23.237340 0.198000
23.237340 0.199000
23.247083 0.199000
23.247083 0.200000
23.266830 0.200000
23.266830 0.201000
23.290906 0.201000
23.290906 0.202000
23.337272 0.202000
23.337272 0.203000
23.346390 0.203000
23.346390 0.204000
23.350975 0.204000
23.350975 0.205000
23.352508 0.205000
23.352508 0.206000
23.355579 0.206000
23.355579 0.207000
23.369499 0.207000
23.369499 0.208000
23.389902 0.208000
23.389902 0.209000
23.449962 0.209000
23.449962 0.210000
23.453295 0.210000
23.453295 0.211000
23.455496 0.211000
23.455496 0.212000
23.472154 0.212000
23.472154 0.213000
23.488855 0.213000
23.488855 0.214000
23.501235 0.214000
23.501235 0.215000
23.513144 0.215000
23.513144 0.216000
23.524837 0.216000
23.524837 0.217000
23.526874 0.217000
23.526874 0.218000
23.550488 0.218000
23.550488 0.219000
23.636330 0.219000
23.636330 0.220000
23.683471 0.220000
23.683471 0.221000
23.687477 0.221000
23.687477 0.222000
23.713807 0.222000
23.713807 0.223000
23.753239 0.223000
23.753239 0.224000
23.874179 0.224000
23.874179 0.225000
23.949599 0.225000
23.949599 0.226000
23.959307 0.226000
23.959307 0.227000
23.975392 0.227000
23.975392 0.228000
24.034226 0.228000
24.034226 0.229000
24.036789 0.229000
24.036789 0.230000
24.047085 0.230000
24.047085 0.231000
24.099639 0.231000
24.099639 0.232000
24.102315 0.232000
24.102315 0.233000
24.105387 0.233000
24.105387 0.234000
24.148522 0.234000
24.148522 0.235000
24.167954 0.235000
24.167954 0.236000
24.181982 0.236000
24.181982 0.237000
24.190459 0.237000
24.190459 0.238000
24.210417 0.238000
24.210417 0.239000
24.248157 0.239000
24.248157 0.240000
24.268711 0.240000
24.268711 0.241000
24.280794 0.241000
24.280794 0.242000
24.314098 0.242000
24.314098 0.243000
24.326378 0.243000
24.326378 0.244000
24.373255 0.244000
24.373255 0.245000
24.376428 0.245000
24.376428 0.246000
24.376428 0.246000
24.376428 0.247000
24.382791 0.247000
24.382791 0.248000
24.385981 0.248000
24.385981 0.249000
24.418966 0.249000
24.418966 0.250000
24.461071 0.250000
24.461071 0.251000
24.464067 0.251000
24.464067 0.252000
24.467759 0.252000
24.467759 0.253000
24.494774 0.253000
24.494774 0.254000
24.507434 0.254000
24.507434 0.255000
24.550094 0.255000
24.550094 0.256000
24.636457 0.256000
24.636457 0.257000
24.686082 0.257000
24.686082 0.258000
24.887868 0.258000
24.887868 0.259000
24.932016 0.259000
24.932016 0.260000
25.370130 0.260000
25.370130 0.261000
25.409093 0.261000
25.409093 0.262000
25.416910 0.262000
25.416910 0.263000
25.459007 0.263000
25.459007 0.264000
25.463933 0.264000
25.463933 0.265000
25.471373 0.265000
25.471373 0.266000
25.480578 0.266000
25.480578 0.267000
25.522645 0.267000
25.522645 0.268000
25.566532 0.268000
25.566532 0.269000
25.567206 0.269000
25.567206 0.270000
25.609578 0.270000
25.609578 0.271000
25.613775 0.271000
25.613775 0.272000
25.649648 0.272000
25.649648 0.273000
25.659438 0.273000
25.659438 0.274000
25.659438 0.274000
25.659438 0.275000
25.670113 0.275000
25.670113 0.276000
25.688741 0.276000
25.688741 0.277000
25.701395 0.277000
25.701395 0.278000
25.712626 0.278000
25.712626 0.279000
25.751451 0.279000
25.751451 0.280000
25.757387 0.280000
25.757387 0.281000
25.764220 0.281000
25.764220 0.282000
25.776309 0.282000
25.776309 0.283000
25.793872 0.283000
25.793872 0.284000
25.803682 0.284000
25.803682 0.285000
25.808235 0.285000
25.808235 0.286000
25.817236 0.286000
25.817236 0.287000
25.841224 0.287000
25.841224 0.288000
25.856306 0.288000
25.856306 0.289000
25.856306 0.289000
25.856306 0.290000
25.856306 0.290000
25.856306 0.291000
25.860116 0.291000
25.860116 0.292000
25.868746 0.292000
25.868746 0.293000
25.883311 0.293000
25.883311 0.294000
25.898107 0.294000
25.898107 0.295000
25.909108 0.295000
25.909108 0.296000
25.921256 0.296000
25.921256 0.297000
25.923296 0.297000
25.923296 0.298000
25.924318 0.298000
25.924318 0.299000
25.939055 0.299000
25.939055 0.300000
25.954430 0.300000
25.954430 0.301000
25.956541 0.301000
25.956541 0.302000
25.967170 0.302000
25.967170 0.303000
25.973604 0.303000
25.973604 0.304000
26.009761 0.304000
26.009761 0.305000
26.011996 0.305000
26.011996 0.306000
26.014235 0.306000
26.014235 0.307000
26.033476 0.307000
26.033476 0.308000
26.039205 0.308000
26.039205 0.309000
26.040381 0.309000
26.040381 0.310000
26.041507 0.310000
26.041507 0.311000
26.049602 0.311000
26.049602 0.312000
26.049602 0.312000
26.049602 0.313000
26.051927 0.313000
26.051927 0.314000
26.087450 0.314000
26.087450 0.315000
26.091071 0.315000
26.091071 0.316000
26.100788 0.316000
26.100788 0.317000
26.100835 0.317000
26.100835 0.318000
26.116775 0.318000
26.116775 0.319000
26.140588 0.319000
26.140588 0.320000
26.141856 0.320000
26.141856 0.321000
26.154623 0.321000
26.154623 0.322000
26.157195 0.322000
26.157195 0.323000
26.161087 0.323000
26.161087 0.324000
26.171452 0.324000
26.171452 0.325000
26.180624 0.325000
26.180624 0.326000
26.184578 0.326000
26.184578 0.327000
26.222200 0.327000
26.222200 0.328000
26.229056 0.328000
26.229056 0.329000
26.234572 0.329000
26.234572 0.330000
26.234572 0.330000
26.234572 0.331000
26.237340 0.331000
26.237340 0.332000
26.238727 0.332000
26.238727 0.333000
26.248482 0.333000
26.248482 0.334000
26.252690 0.334000
26.252690 0.335000
26.258324 0.335000
26.258324 0.336000
26.272536 0.336000
26.272536 0.337000
26.272536 0.337000
26.272536 0.338000
26.283377 0.338000
26.283377 0.339000
26.304446 0.339000
26.304446 0.340000
26.316274 0.340000
26.316274 0.341000
26.320742 0.341000
26.320742 0.342000
26.325227 0.342000
26.325227 0.343000
26.329729 0.343000
26.329729 0.344000
26.341822 0.344000
26.341822 0.345000
26.349445 0.345000
26.349445 0.346000
26.349445 0.346000
26.349445 0.347000
26.383587 0.347000
26.383587 0.348000
26.386740 0.348000
26.386740 0.349000
26.394661 0.349000
26.394661 0.350000
26.453295 0.350000
26.453295 0.351000
26.563186 0.351000
26.563186 0.352000
26.577854 0.352000
26.577854 0.353000
26.640195 0.353000
26.640195 0.354000
26.730270 0.354000
26.730270 0.355000
26.734418 0.355000
26.734418 0.356000
26.744842 0.356000
26.744842 0.357000
26.782101 0.357000
26.782101 0.358000
26.789511 0.358000
26.789511 0.359000
26.791675 0.359000
26.791675 0.360000
26.810276 0.360000
26.810276 0.361000
26.815701 0.361000
26.815701 0.362000
26.851400 0.362000
26.851400 0.363000
26.881084 0.363000
26.881084 0.364000
26.885706 0.364000
26.885706 0.365000
26.944768 0.365000
26.944768 0.366000
26.993801 0.366000
26.993801 0.367000
27.086330 0.367000
27.086330 0.368000
27.088983 0.368000
27.088983 0.369000
27.107680 0.369000
27.107680 0.370000
27.140267 0.370000
27.140267 0.371000
27.156821 0.371000
27.156821 0.372000
27.159032 0.372000
27.159032 0.373000
27.173550 0.373000
27.173550 0.374000
27.259949 0.374000
27.259949 0.375000
27.262910 0.375000
27.262910 0.376000
27.271828 0.376000
27.271828 0.377000
27.295849 0.377000
27.295849 0.378000
27.320227 0.378000
27.320227 0.379000
27.329463 0.379000
27.329463 0.380000
27.437865 0.380000
27.437865 0.381000
27.498868 0.381000
27.498868 0.382000
27.529143 0.382000
27.529143 0.383000
27.564200 0.383000
27.564200 0.384000
27.589159 0.384000
27.589159 0.385000
27.662448 0.385000
27.662448 0.386000
27.734915 0.386000
27.734915 0.387000
27.778203 0.387000
27.778203 0.388000
27.814917 0.388000
27.814917 0.389000
27.975122 0.389000
27.975122 0.390000
28.083853 0.390000
28.083853 0.391000
28.158414 0.391000
28.158414 0.392000
28.238319 0.392000
28.238319 0.393000
28.410772 0.393000
28.410772 0.394000
28.490872 0.394000
28.490872 0.395000
28.561157 0.395000
28.561157 0.396000
28.578078 0.396000
28.578078 0.397000
28.584261 0.397000
28.584261 0.398000
28.588410 0.398000
28.588410 0.399000
28.620245 0.399000
28.620245 0.400000
28.621690 0.400000
28.621690 0.401000
28.622414 0.401000
28.622414 0.402000
28.626768 0.402000
28.626768 0.403000
28.627496 0.403000
28.627496 0.404000
28.642939 0.404000
28.642939 0.405000
28.651147 0.405000
28.651147 0.406000
28.667814 0.406000
28.667814 0.407000
28.682485 0.407000
28.682485 0.408000
28.728933 0.408000
28.728933 0.409000
28.740535 0.409000
28.740535 0.410000
28.740535 0.410000
28.740535 0.411000
28.754838 0.411000
28.754838 0.412000
28.765078 0.412000
28.765078 0.413000
28.774572 0.413000
28.774572 0.414000
28.778921 0.414000
28.778921 0.415000
28.789448 0.415000
28.789448 0.416000
28.794759 0.416000
28.794759 0.417000
28.802786 0.417000
28.802786 0.418000
28.809079 0.418000
28.809079 0.419000
28.809982 0.419000
28.809982 0.420000
28.821800 0.420000
28.821800 0.421000
28.824549 0.421000
28.824549 0.422000
28.826387 0.422000
28.826387 0.423000
28.830997 0.423000
28.830997 0.424000
28.851566 0.424000
28.851566 0.425000
28.859162 0.425000
28.859162 0.426000
28.860033 0.426000
28.860033 0.427000
28.860033 0.427000
28.860033 0.428000
28.864622 0.428000
28.864622 0.429000
28.877458 0.429000
28.877458 0.430000
28.877458 0.430000
28.877458 0.431000
28.886251 0.431000
28.886251 0.432000
28.890187 0.432000
28.890187 0.433000
28.897113 0.433000
28.897113 0.434000
28.904091 0.434000
28.904091 0.435000
28.904091 0.435000
28.904091 0.436000
28.918204 0.436000
28.918204 0.437000
28.924318 0.437000
28.924318 0.438000
28.968239 0.438000
28.968239 0.439000
28.985509 0.439000
28.985509 0.440000
28.987689 0.440000
28.987689 0.441000
28.988781 0.441000
28.988781 0.442000
29.004197 0.442000
29.004197 0.443000
29.008646 0.443000
29.008646 0.444000
29.016479 0.444000
29.016479 0.445000
29.017604 0.445000
29.017604 0.446000
29.038057 0.446000
29.038057 0.447000
29.040355 0.447000
29.040355 0.448000
29.049602 0.448000
29.049602 0.449000
29.053091 0.449000
29.053091 0.450000
29.061280 0.450000
29.061280 0.451000
29.061280 0.451000
29.061280 0.452000
29.067169 0.452000
29.067169 0.453000
29.070719 0.453000
29.070719 0.454000
29.077856 0.454000
29.077856 0.455000
29.083842 0.455000
29.083842 0.456000
29.098350 0.456000
29.098350 0.457000
29.099569 0.457000
29.099569 0.458000
29.122990 0.458000
29.122990 0.459000
29.134269 0.459000
29.134269 0.460000
29.143126 0.460000
29.143126 0.461000
29.152058 0.461000
29.152058 0.462000
29.153340 0.462000
29.153340 0.463000
29.157562 0.463000
29.157562 0.464000
29.165849 0.464000
29.165849 0.465000
29.168846 0.465000
29.168846 0.466000
29.193863 0.466000
29.193863 0.467000
29.195196 0.467000
29.195196 0.468000
29.199204 0.468000
29.199204 0.469000
29.203227 0.469000
29.203227 0.470000
29.216746 0.470000
29.216746 0.471000
29.216746 0.471000
29.216746 0.472000
29.229056 0.472000
29.229056 0.473000
29.245686 0.473000
29.245686 0.474000
29.252690 0.474000
29.252690 0.475000
29.256913 0.475000
29.256913 0.476000
29.258324 0.476000
29.258324 0.477000
29.263987 0.477000
29.263987 0.478000
29.288379 0.478000
29.288379 0.479000
29.291283 0.479000
29.291283 0.480000
29.304446 0.480000
29.304446 0.481000
29.317762 0.481000
29.317762 0.482000
29.320742 0.482000
29.320742 0.483000
29.323730 0.483000
29.323730 0.484000
29.332741 0.484000
29.332741 0.485000
29.350975 0.485000
29.350975 0.486000
29.357117 0.486000
29.357117 0.487000
29.367944 0.487000
29.367944 0.488000
29.386740 0.488000
29.386740 0.489000
29.393073 0.489000
29.393073 0.490000
29.410663 0.490000
29.410663 0.491000
29.415506 0.491000
29.415506 0.492000
29.448682 0.492000
29.448682 0.493000
29.456637 0.493000
29.456637 0.494000
29.471793 0.494000
29.471793 0.495000
29.485423 0.495000
29.485423 0.496000
29.488855 0.496000
29.488855 0.497000
29.537916 0.497000
29.537916 0.498000
29.542634 0.498000
29.542634 0.499000
29.543289 0.499000
29.543289 0.500000
29.546883 0.500000
29.546883 0.501000
29.555914 0.501000
29.555914 0.502000
29.572334 0.502000
29.572334 0.503000
29.577854 0.503000
29.577854 0.504000
29.653811 0.504000
29.653811 0.505000
29.655768 0.505000
29.655768 0.506000
29.663624 0.506000
29.663624 0.507000
29.665596 0.507000
29.665596 0.508000
29.677486 0.508000
29.677486 0.509000
29.693507 0.509000
29.693507 0.510000
29.761688 0.510000
29.761688 0.511000
29.811301 0.511000
29.811301 0.512000
29.820114 0.512000
29.820114 0.513000
29.865023 0.513000
29.865023 0.514000
29.865023 0.514000
29.865023 0.515000
29.935155 0.515000
29.935155 0.516000
29.937553 0.516000
29.937553 0.517000
29.959307 0.517000
29.959307 0.518000
29.971534 0.518000
29.971534 0.519000
29.988823 0.519000
29.988823 0.520000
30.011246 0.520000
30.011246 0.521000
30.016405 0.521000
30.016405 0.522000
30.047085 0.522000
30.047085 0.523000
30.047085 0.523000
30.047085 0.524000
30.078400 0.524000
30.078400 0.525000
30.078400 0.525000
30.078400 0.526000
30.110369 0.526000
30.110369 0.527000
30.132056 0.527000
30.132056 0.528000
30.140267 0.528000
30.140267 0.529000
30.148522 0.529000
30.148522 0.530000
30.173550 0.530000
30.173550 0.531000
30.210417 0.531000
30.210417 0.532000
30.219048 0.532000
30.219048 0.533000
30.227725 0.533000
30.227725 0.534000
30.242292 0.534000
30.242292 0.535000
30.247387 0.535000
30.247387 0.536000
30.250781 0.536000
30.250781 0.537000
30.254042 0.537000
30.254042 0.538000
30.262910 0.538000
30.262910 0.539000
30.277800 0.539000
30.277800 0.540000
30.311043 0.540000
30.311043 0.541000
30.329463 0.541000
30.329463 0.542000
30.357483 0.542000
30.357483 0.543000
30.369315 0.543000
30.369315 0.544000
30.374957 0.544000
30.374957 0.545000
30.398804 0.545000
30.398804 0.546000
30.441161 0.546000
30.441161 0.547000
30.444463 0.547000
30.444463 0.548000
30.447772 0.548000
30.447772 0.549000
30.484594 0.549000
30.484594 0.550000
30.607018 0.550000
30.607018 0.551000
30.731396 0.551000
30.731396 0.552000
30.774226 0.552000
30.774226 0.553000
30.794200 0.553000
30.794200 0.554000
30.854797 0.554000
30.854797 0.555000
31.030924 0.555000
31.030924 0.556000
31.065318 0.556000
31.065318 0.557000
31.187918 0.557000
31.187918 0.558000
31.224119 0.558000
31.224119 0.559000
31.393497 0.559000
31.393497 0.560000
31.421667 0.560000
31.421667 0.561000
31.493826 0.561000
31.493826 0.562000
31.508148 0.562000
31.508148 0.563000
31.554032 0.563000
31.554032 0.564000
31.592582 0.564000
31.592582 0.565000
31.601696 0.565000
31.601696 0.566000
31.604658 0.566000
31.604658 0.567000
31.629684 0.567000
31.629684 0.568000
31.640004 0.568000
31.640004 0.569000
31.642197 0.569000
31.642197 0.570000
31.669346 0.570000
31.669346 0.571000
31.722372 0.571000
31.722372 0.572000
31.725231 0.572000
31.725231 0.573000
31.778050 0.573000
31.778050 0.574000
31.786374 0.574000
31.786374 0.575000
31.786805 0.575000
31.786805 0.576000
31.794759 0.576000
31.794759 0.577000
31.799210 0.577000
31.799210 0.578000
31.799210 0.578000
31.799210 0.579000
31.812695 0.579000
31.812695 0.580000
31.817889 0.580000
31.817889 0.581000
31.825468 0.581000
31.825468 0.582000
31.845910 0.582000
31.845910 0.583000
31.859162 0.583000
31.859162 0.584000
31.894138 0.584000
31.894138 0.585000
31.922276 0.585000
31.922276 0.586000
31.922276 0.586000
31.922276 0.587000
31.940588 0.587000
31.940588 0.588000
31.941855 0.588000
31.941855 0.589000
31.970382 0.589000
31.970382 0.590000
32.002832 0.590000
32.002832 0.591000
32.046125 0.591000
32.046125 0.592000
32.055424 0.592000
32.055424 0.593000
32.077856 0.593000
32.077856 0.594000
32.143126 0.594000
32.143126 0.595000
32.145670 0.595000
32.145670 0.596000
32.162357 0.596000
32.162357 0.597000
32.168846 0.597000
32.168846 0.598000
32.179309 0.598000
32.179309 0.599000
32.188548 0.599000
32.188548 0.600000
32.276835 0.600000
32.276835 0.601000
32.279710 0.601000
32.279710 0.602000
32.295654 0.602000
32.295654 0.603000
32.300041 0.603000
32.300041 0.604000
32.304446 0.604000
32.304446 0.605000
32.314789 0.605000
32.314789 0.606000
32.316274 0.606000
32.316274 0.607000
32.319251 0.607000
32.319251 0.608000
32.334249 0.608000
32.334249 0.609000
32.463350 0.609000
32.463350 0.610000
32.466720 0.610000
32.466720 0.611000
32.504415 0.611000
32.504415 0.612000
32.532567 0.612000
32.532567 0.613000
32.532567 0.613000
32.532567 0.614000
32.543289 0.614000
32.543289 0.615000
32.550488 0.615000
32.550488 0.616000
32.554103 0.616000
32.554103 0.617000
32.560592 0.617000
32.560592 0.618000
32.572334 0.618000
32.572334 0.619000
32.572334 0.619000
32.572334 0.620000
32.585172 0.620000
32.585172 0.621000
32.586897 0.621000
32.586897 0.622000
32.622894 0.622000
32.622894 0.623000
32.651858 0.623000
32.651858 0.624000
32.671528 0.624000
32.671528 0.625000
32.689484 0.625000
32.689484 0.626000
32.746936 0.626000
32.746936 0.627000
32.753239 0.627000
32.753239 0.628000
32.772323 0.628000
32.772323 0.629000
32.804728 0.629000
32.804728 0.630000
32.824541 0.630000
32.824541 0.631000
32.849142 0.631000
32.849142 0.632000
32.902002 0.632000
32.902002 0.633000
32.918484 0.633000
32.918484 0.634000
32.942359 0.634000
32.942359 0.635000
32.976453 0.635000
32.976453 0.636000
32.991310 0.636000
32.991310 0.637000
32.996295 0.637000
32.996295 0.638000
33.024017 0.638000
33.024017 0.639000
33.031667 0.639000
33.031667 0.640000
33.036121 0.640000
33.036121 0.641000
33.067890 0.641000
33.067890 0.642000
33.083682 0.642000
33.083682 0.643000
33.086330 0.643000
33.086330 0.644000
33.121175 0.644000
33.121175 0.645000
33.123888 0.645000
33.123888 0.646000
33.126606 0.646000
33.126606 0.647000
33.176356 0.647000
33.176356 0.648000
33.182089 0.648000
33.182089 0.649000
33.201833 0.649000
33.201833 0.650000
33.314098 0.650000
33.314098 0.651000
33.323300 0.651000
33.323300 0.652000
33.370089 0.652000
33.370089 0.653000
33.429740 0.653000
33.429740 0.654000
33.618118 0.654000
33.618118 0.655000
33.680093 0.655000
33.680093 0.656000
33.707884 0.656000
33.707884 0.657000
33.867879 0.657000
33.867879 0.658000
33.954847 0.658000
33.954847 0.659000
34.013489 0.659000
34.013489 0.660000
34.071314 0.660000
34.071314 0.661000
34.210092 0.661000
34.210092 0.662000
34.513158 0.662000
34.513158 0.663000
34.576711 0.663000
34.576711 0.664000
34.611630 0.664000
34.611630 0.665000
34.613060 0.665000
34.613060 0.666000
34.645169 0.666000
34.645169 0.667000
34.674731 0.667000
34.674731 0.668000
34.683265 0.668000
34.683265 0.669000
34.683265 0.669000
34.683265 0.670000
34.684045 0.670000
34.684045 0.671000
34.689527 0.671000
34.689527 0.672000
34.699008 0.672000
34.699008 0.673000
34.738036 0.673000
34.738036 0.674000
34.740535 0.674000
34.740535 0.675000
34.749060 0.675000
34.749060 0.676000
34.749763 0.676000
34.749763 0.677000
34.757387 0.677000
34.757387 0.678000
34.758238 0.678000
34.758238 0.679000
34.763363 0.679000
34.763363 0.680000
34.771108 0.680000
34.771108 0.681000
34.785047 0.681000
34.785047 0.682000
34.834335 0.682000
34.834335 0.683000
34.842159 0.683000
34.842159 0.684000
34.844971 0.684000
34.844971 0.685000
34.844971 0.685000
34.844971 0.686000
34.892160 0.686000
34.892160 0.687000
34.937699 0.687000
34.937699 0.688000
34.952322 0.688000
34.952322 0.689000
34.952322 0.689000
34.952322 0.690000
34.958078 0.690000
34.958078 0.691000
34.968239 0.691000
34.968239 0.692000
35.025508 0.692000
35.025508 0.693000
35.051927 0.693000
35.051927 0.694000
35.055424 0.694000
35.055424 0.695000
35.081443 0.695000
35.081443 0.696000
35.095918 0.696000
35.095918 0.697000
35.106908 0.697000
35.106908 0.698000
35.111830 0.698000
35.111830 0.699000
35.121744 0.699000
35.121744 0.700000
35.141915 0.700000
35.141915 0.701000
35.183259 0.701000
35.183259 0.702000
35.187223 0.702000
35.187223 0.703000
35.199204 0.703000
35.199204 0.704000
35.207265 0.704000
35.207265 0.705000
35.222200 0.705000
35.222200 0.706000
35.227681 0.706000
35.227681 0.707000
35.240115 0.707000
35.240115 0.708000
35.240115 0.708000
35.240115 0.709000
35.242897 0.709000
35.242897 0.710000
35.295654 0.710000
35.295654 0.711000
35.313306 0.711000
35.313306 0.712000
35.346390 0.712000
35.346390 0.713000
35.386740 0.713000
35.386740 0.714000
35.405840 0.714000
35.405840 0.715000
35.410663 0.715000
35.410663 0.716000
35.413889 0.716000
35.413889 0.717000
35.423621 0.717000
35.423621 0.718000
35.451627 0.718000
35.451627 0.719000
35.480294 0.719000
35.480294 0.720000
35.527240 0.720000
35.527240 0.721000
35.529013 0.721000
35.529013 0.722000
35.541691 0.722000
35.541691 0.723000
35.543289 0.723000
35.543289 0.724000
35.550488 0.724000
35.550488 0.725000
35.603936 0.725000
35.603936 0.726000
35.609594 0.726000
35.609594 0.727000
35.613380 0.727000
35.613380 0.728000
35.622894 0.728000
35.622894 0.729000
35.626719 0.729000
35.626719 0.730000
35.628160 0.730000
35.628160 0.731000
35.644071 0.731000
35.644071 0.732000
35.726136 0.732000
35.726136 0.733000
35.736496 0.733000
35.736496 0.734000
35.778743 0.734000
35.778743 0.735000
35.798186 0.735000
35.798186 0.736000
35.800364 0.736000
35.800364 0.737000
35.876477 0.737000
35.876477 0.738000
35.906692 0.738000
35.906692 0.739000
35.913755 0.739000
35.913755 0.740000
35.969081 0.740000
35.969081 0.741000
35.969081 0.741000
35.969081 0.742000
35.976453 0.742000
35.976453 0.743000
35.983863 0.743000
35.983863 0.744000
35.986341 0.744000
35.986341 0.745000
36.039461 0.745000
36.039461 0.746000
36.044505 0.746000
36.044505 0.747000
36.054854 0.747000
36.054854 0.748000
36.083682 0.748000
36.083682 0.749000
36.085083 0.749000
36.085083 0.750000
36.096968 0.750000
36.096968 0.751000
36.113064 0.751000
36.113064 0.752000
36.162377 0.752000
36.162377 0.753000
36.196136 0.753000
36.196136 0.754000
36.201833 0.754000
36.201833 0.755000
36.218691 0.755000
36.218691 0.756000
36.221935 0.756000
36.221935 0.757000
36.228559 0.757000
36.228559 0.758000
36.233536 0.758000
36.233536 0.759000
36.262910 0.759000
36.262910 0.760000
36.441161 0.760000
36.441161 0.761000
36.519147 0.761000
36.519147 0.762000
36.585860 0.762000
36.585860 0.763000
36.607203 0.763000
36.607203 0.764000
36.946837 0.764000
36.946837 0.765000
37.026624 0.765000
37.026624 0.766000
37.599583 0.766000
37.599583 0.767000
37.600991 0.767000
37.600991 0.768000
37.623138 0.768000
37.623138 0.769000
37.654905 0.769000
37.654905 0.770000
37.657168 0.770000
37.657168 0.771000
37.681707 0.771000
37.681707 0.772000
37.694235 0.772000
37.694235 0.773000
37.801891 0.773000
37.801891 0.774000
37.805478 0.774000
37.805478 0.775000
37.821800 0.775000
37.821800 0.776000
37.843096 0.776000
37.843096 0.777000
37.857365 0.777000
37.857365 0.778000
37.875515 0.778000
37.875515 0.779000
37.889201 0.779000
37.889201 0.780000
37.953375 0.780000
37.953375 0.781000
37.967170 0.781000
37.967170 0.782000
37.968239 0.782000
37.968239 0.783000
37.984421 0.783000
37.984421 0.784000
38.003088 0.784000
38.003088 0.785000
38.022113 0.785000
38.022113 0.786000
38.041507 0.786000
38.041507 0.787000
38.052006 0.787000
38.052006 0.788000
38.064809 0.788000
38.064809 0.789000
38.149498 0.789000
38.149498 0.790000
38.157195 0.790000
38.157195 0.791000
38.166246 0.791000
38.166246 0.792000
38.172757 0.792000
38.172757 0.793000
38.252690 0.793000
38.252690 0.794000
38.255503 0.794000
38.255503 0.795000
38.292738 0.795000
38.292738 0.796000
38.297114 0.796000
38.297114 0.797000
38.304446 0.797000
38.304446 0.798000
38.319251 0.798000
38.319251 0.799000
38.322235 0.799000
38.322235 0.800000
38.382013 0.800000
38.382013 0.801000
38.426882 0.801000
38.426882 0.802000
38.441668 0.802000
38.441668 0.803000
38.456637 0.803000
38.456637 0.804000
38.485423 0.804000
38.485423 0.805000
38.487138 0.805000
38.487138 0.806000
38.499206 0.806000
38.499206 0.807000
38.502676 0.807000
38.502676 0.808000
38.506156 0.808000
38.506156 0.809000
38.539705 0.809000
38.539705 0.810000
38.550488 0.810000
38.550488 0.811000
38.594560 0.811000
38.594560 0.812000
38.613380 0.812000
38.613380 0.813000
38.657728 0.813000
38.657728 0.814000
38.669547 0.814000
38.669547 0.815000
38.685473 0.815000
38.685473 0.816000
38.744842 0.816000
38.744842 0.817000
38.806916 0.817000
38.806916 0.818000
38.880274 0.818000
38.880274 0.819000
38.892667 0.819000
38.892667 0.820000
38.904345 0.820000
38.904345 0.821000
38.929687 0.821000
38.929687 0.822000
38.988823 0.822000
38.988823 0.823000
38.991310 0.823000
38.991310 0.824000
39.034226 0.824000
39.034226 0.825000
39.039357 0.825000
39.039357 0.826000
39.062662 0.826000
39.062662 0.827000
39.078400 0.827000
39.078400 0.828000
39.126606 0.828000
39.126606 0.829000
39.156821 0.829000
39.156821 0.830000
39.207551 0.830000
39.207551 0.831000
39.224827 0.831000
39.224827 0.832000
39.304948 0.832000
39.304948 0.833000
39.307993 0.833000
39.307993 0.834000
39.317160 0.834000
39.317160 0.835000
39.317160 0.835000
39.317160 0.836000
39.317160 0.836000
39.317160 0.837000
39.398801 0.837000
39.398801 0.838000
39.474473 0.838000
39.474473 0.839000
39.480270 0.839000
39.480270 0.840000
39.494774 0.840000
39.494774 0.841000
39.494774 0.841000
39.494774 0.842000
39.596355 0.842000
39.596355 0.843000
39.778203 0.843000
39.778203 0.844000
40.050969 0.844000
40.050969 0.845000
40.188912 0.845000
40.188912 0.846000
40.238483 0.846000
40.238483 0.847000
40.248539 0.847000
40.248539 0.848000
40.602401 0.848000
40.602401 0.849000
40.613060 0.849000
40.613060 0.850000
40.657168 0.850000
40.657168 0.851000
40.729756 0.851000
40.729756 0.852000
40.743042 0.852000
40.743042 0.853000
40.805478 0.853000
40.805478 0.854000
40.835632 0.854000
40.835632 0.855000
40.883311 0.855000
40.883311 0.856000
40.884290 0.856000
40.884290 0.857000
40.927389 0.857000
40.927389 0.858000
40.930471 0.858000
40.930471 0.859000
40.974680 0.859000
40.974680 0.860000
41.001467 0.860000
41.001467 0.861000
41.025508 0.861000
41.025508 0.862000
41.027778 0.862000
41.027778 0.863000
41.055424 0.863000
41.055424 0.864000
41.060106 0.864000
41.060106 0.865000
41.068351 0.865000
41.068351 0.866000
41.108137 0.866000
41.108137 0.867000
41.157969 0.867000
41.157969 0.868000
41.189409 0.868000
41.189409 0.869000
41.216746 0.869000
41.216746 0.870000
41.269679 0.870000
41.269679 0.871000
41.372615 0.871000
41.372615 0.872000
41.382013 0.872000
41.382013 0.873000
41.415506 0.873000
41.415506 0.874000
41.497475 0.874000
41.497475 0.875000
41.546883 0.875000
41.546883 0.876000
41.568667 0.876000
41.568667 0.877000
41.667570 0.877000
41.667570 0.878000
41.703619 0.878000
41.703619 0.879000
41.705650 0.879000
41.705650 0.880000
41.761688 0.880000
41.761688 0.881000
41.778743 0.881000
41.778743 0.882000
41.791675 0.882000
41.791675 0.883000
41.804728 0.883000
41.804728 0.884000
41.820114 0.884000
41.820114 0.885000
41.828982 0.885000
41.828982 0.886000
41.862744 0.886000
41.862744 0.887000
41.885706 0.887000
41.885706 0.888000
41.906692 0.888000
41.906692 0.889000
41.998794 0.889000
41.998794 0.890000
42.096968 0.890000
42.096968 0.891000
42.130013 0.891000
42.130013 0.892000
42.179167 0.892000
42.179167 0.893000
42.201833 0.893000
42.201833 0.894000
42.236450 0.894000
42.236450 0.895000
42.311689 0.895000
42.311689 0.896000
42.385981 0.896000
42.385981 0.897000
42.910070 0.897000
42.910070 0.898000
43.003487 0.898000
43.003487 0.899000
43.526473 0.899000
43.526473 0.900000
43.644425 0.900000
43.644425 0.901000
43.827241 0.901000
43.827241 0.902000
43.909108 0.902000
43.909108 0.903000
43.929442 0.903000
43.929442 0.904000
43.934595 0.904000
43.934595 0.905000
43.951271 0.905000
43.951271 0.906000
44.070719 0.906000
44.070719 0.907000
44.109366 0.907000
44.109366 0.908000
44.227681 0.908000
44.227681 0.909000
44.341822 0.909000
44.341822 0.910000
44.410663 0.910000
44.410663 0.911000
44.478589 0.911000
44.478589 0.912000
44.532609 0.912000
44.532609 0.913000
44.592693 0.913000
44.592693 0.914000
44.707685 0.914000
44.707685 0.915000
44.738578 0.915000
44.738578 0.916000
44.837906 0.916000
44.837906 0.917000
44.840146 0.917000
44.840146 0.918000
44.869594 0.918000
44.869594 0.919000
44.966631 0.919000
44.966631 0.920000
44.991310 0.920000
44.991310 0.921000
45.013877 0.921000
45.013877 0.922000
45.018938 0.922000
45.018938 0.923000
45.081039 0.923000
45.081039 0.924000
45.086330 0.924000
45.086330 0.925000
45.115763 0.925000
45.115763 0.926000
45.310581 0.926000
45.310581 0.927000
45.314098 0.927000
45.314098 0.928000
45.334315 0.928000
45.334315 0.929000
45.344971 0.929000
45.344971 0.930000
45.344971 0.930000
45.344971 0.931000
45.498172 0.931000
45.498172 0.932000
46.299641 0.932000
46.299641 0.933000
46.486616 0.933000
46.486616 0.934000
46.789448 0.934000
46.789448 0.935000
46.845910 0.935000
46.845910 0.936000
46.848734 0.936000
46.848734 0.937000
46.872608 0.937000
46.872608 0.938000
46.891173 0.938000
46.891173 0.939000
46.893467 0.939000
46.893467 0.940000
47.043813 0.940000
47.043813 0.941000
47.118015 0.941000
47.118015 0.942000
47.124237 0.942000
47.124237 0.943000
47.174064 0.943000
47.174064 0.944000
47.247083 0.944000
47.247083 0.945000
47.294195 0.945000
47.294195 0.946000
47.329729 0.946000
47.329729 0.947000
47.335760 0.947000
47.335760 0.948000
47.382013 0.948000
47.382013 0.949000
47.451627 0.949000
47.451627 0.950000
47.509645 0.950000
47.509645 0.951000
47.543289 0.951000
47.543289 0.952000
47.630555 0.952000
47.630555 0.953000
47.925605 0.953000
47.925605 0.954000
48.323300 0.954000
48.323300 0.955000
49.014350 0.955000
49.014350 0.956000
49.133801 0.956000
49.133801 0.957000
49.759117 0.957000
49.759117 0.958000
49.873576 0.958000
49.873576 0.959000
49.883311 0.959000
49.883311 0.960000
49.893275 0.960000
49.893275 0.961000
49.988829 0.961000
49.988829 0.962000
50.326866 0.962000
50.326866 0.963000
50.344865 0.963000
50.344865 0.964000
50.346390 0.964000
50.346390 0.965000
50.634402 0.965000
50.634402 0.966000
50.759619 0.966000
50.759619 0.967000
51.216166 0.967000
51.216166 0.968000
51.368193 0.968000
51.368193 0.969000
52.383769 0.969000
52.383769 0.970000
52.532897 0.970000
52.532897 0.971000
52.670881 0.971000
52.670881 0.972000
53.317762 0.972000
53.317762 0.973000
53.500940 0.973000
53.500940 0.974000
53.509645 0.974000
53.509645 0.975000
53.511393 0.975000
53.511393 0.976000
53.620985 0.976000
53.620985 0.977000
53.878778 0.977000
53.878778 0.978000
54.039357 0.978000
54.039357 0.979000
54.382791 0.979000
54.382791 0.980000
55.586333 0.980000
55.586333 0.981000
56.010878 0.981000
56.010878 0.982000
56.015357 0.982000
56.015357 0.983000
56.046125 0.983000
56.046125 0.984000
56.049602 0.984000
56.049602 0.985000
56.471793 0.985000
56.471793 0.986000
56.494020 0.986000
56.494020 0.987000
58.644425 0.987000
58.644425 0.988000
58.743042 0.988000
58.743042 0.989000
59.017375 0.989000
59.017375 0.990000
59.081443 0.990000
59.081443 0.991000
59.991310 0.991000
59.991310 0.992000
62.354042 0.992000
62.354042 0.993000
62.527240 0.993000
62.527240 0.994000
64.985509 0.994000
64.985509 0.995000
65.463350 0.995000
65.463350 0.996000
66.320227 0.996000
66.320227 0.997000
68.354042 0.997000
68.354042 0.998000
77.465949 0.998000
77.465949 0.999000
120.000000 0.999000
120.000000 1.000000
