115.219287 0.000000
115.219287 0.001000
228.423113 0.001000
228.423113 0.002000
230.402264 0.002000
230.402264 0.003000
236.825292 0.003000
236.825292 0.004000
239.870730 0.004000
239.870730 0.005000
239.884182 0.005000
239.884182 0.006000
240.052482 0.006000
240.052482 0.007000
240.371657 0.007000
240.371657 0.008000
240.438028 0.008000
240.438028 0.009000
240.576139 0.009000
240.576139 0.010000
240.607454 0.010000
240.607454 0.011000
240.786096 0.011000
240.786096 0.012000
241.175832 0.012000
241.175832 0.013000
241.288328 0.013000
241.288328 0.014000
241.457511 0.014000
241.457511 0.015000
241.530739 0.015000
241.530739 0.016000
241.698868 0.016000
241.698868 0.017000
241.728803 0.017000
241.728803 0.018000
241.888510 0.018000
241.888510 0.019000
241.899020 0.019000
241.899020 0.020000
241.920857 0.020000
241.920857 0.021000
242.026976 0.021000
242.026976 0.022000
242.091315 0.022000
242.091315 0.023000
242.182515 0.023000
242.182515 0.024000
242.248559 0.024000
242.248559 0.025000
242.420115 0.025000
242.420115 0.026000
242.474015 0.026000
242.474015 0.027000
242.476269 0.027000
242.476269 0.028000
242.508388 0.028000
242.508388 0.029000
242.531859 0.029000
242.531859 0.030000
242.544964 0.030000
242.544964 0.031000
242.552461 0.031000
242.552461 0.032000
242.555125 0.032000
242.555125 0.033000
242.585987 0.033000
242.585987 0.034000
242.624023 0.034000
242.624023 0.035000
242.632140 0.035000
242.632140 0.036000
242.645815 0.036000
242.645815 0.037000
242.654731 0.037000
242.654731 0.038000
242.738108 0.038000
242.738108 0.039000
242.814229 0.039000
242.814229 0.040000
242.861352 0.040000
242.861352 0.041000
242.871221 0.041000
242.871221 0.042000
243.025375 0.042000
243.025375 0.043000
243.035718 0.043000
243.035718 0.044000
243.036252 0.044000
243.036252 0.045000
243.056793 0.045000
243.056793 0.046000
243.073706 0.046000
243.073706 0.047000
243.110735 0.047000
243.110735 0.048000
243.174883 0.048000
243.174883 0.049000
243.190161 0.049000
243.190161 0.050000
243.220401 0.050000
243.220401 0.051000
243.241314 0.051000
243.241314 0.052000
243.257932 0.052000
243.257932 0.053000
243.321385 0.053000
243.321385 0.054000
243.323401 0.054000
243.323401 0.055000
243.355269 0.055000
243.355269 0.056000
243.383396 0.056000
243.383396 0.057000
243.383650 0.057000
243.383650 0.058000
243.421372 0.058000
243.421372 0.059000
243.427416 0.059000
243.427416 0.060000
243.427416 0.060000
243.427416 0.061000
243.430929 0.061000
243.430929 0.062000
243.461259 0.062000
243.461259 0.063000
243.470604 0.063000
243.470604 0.064000
243.482925 0.064000
243.482925 0.065000
243.487720 0.065000
243.487720 0.066000
243.495643 0.066000
243.495643 0.067000
243.524449 0.067000
243.524449 0.068000
243.560376 0.068000
243.560376 0.069000
243.573635 0.069000
243.573635 0.070000
243.605055 0.070000
243.605055 0.071000
243.645938 0.071000
243.645938 0.072000
243.717499 0.072000
243.717499 0.073000
243.764164 0.073000
243.764164 0.074000
243.831031 0.074000
243.831031 0.075000
243.910601 0.075000
243.910601 0.076000
243.940289 0.076000
243.940289 0.077000
244.006036 0.077000
244.006036 0.078000
244.020452 0.078000
244.020452 0.079000
244.041946 0.079000
244.041946 0.080000
244.056189 0.080000
244.056189 0.081000
244.074243 0.081000
244.074243 0.082000
244.235316 0.082000
244.235316 0.083000
244.248646 0.083000
244.248646 0.084000
244.267691 0.084000
244.267691 0.085000
244.314381 0.085000
244.314381 0.086000
244.327347 0.086000
244.327347 0.087000
244.348230 0.087000
244.348230 0.088000
244.387504 0.088000
244.387504 0.089000
244.453814 0.089000
244.453814 0.090000
244.478430 0.090000
244.478430 0.091000
244.524121 0.091000
244.524121 0.092000
244.546145 0.092000
244.546145 0.093000
244.560583 0.093000
244.560583 0.094000
244.581013 0.094000
244.581013 0.095000
244.598289 0.095000
244.598289 0.096000
244.627599 0.096000
244.627599 0.097000
244.634250 0.097000
244.634250 0.098000
244.635900 0.098000
244.635900 0.099000
244.684807 0.099000
244.684807 0.100000
244.740954 0.100000
244.740954 0.101000
244.758368 0.101000
244.758368 0.102000
244.763080 0.102000
244.763080 0.103000
244.811469 0.103000
244.811469 0.104000
244.833716 0.104000
244.833716 0.105000
244.839064 0.105000
244.839064 0.106000
244.860376 0.106000
244.860376 0.107000
244.860376 0.107000
244.860376 0.108000
244.865675 0.108000
244.865675 0.109000
244.904622 0.109000
244.904622 0.110000
244.918066 0.110000
244.918066 0.111000
244.922757 0.111000
244.922757 0.112000
244.954104 0.112000
244.954104 0.113000
244.956091 0.113000
244.956091 0.114000
244.983177 0.114000
244.983177 0.115000
244.991165 0.115000
244.991165 0.116000
245.014703 0.116000
245.014703 0.117000
245.049381 0.117000
245.049381 0.118000
245.073855 0.118000
245.073855 0.119000
245.088424 0.119000
245.088424 0.120000
245.088424 0.120000
245.088424 0.121000
245.088671 0.121000
245.088671 0.122000
245.102905 0.122000
245.102905 0.123000
245.145840 0.123000
245.145840 0.124000
245.164680 0.124000
245.164680 0.125000
245.192666 0.125000
245.192666 0.126000
245.206022 0.126000
245.206022 0.127000
245.221673 0.127000
245.221673 0.128000
245.238592 0.128000
245.238592 0.129000
245.238592 0.129000
245.238592 0.130000
245.238592 0.130000
245.238592 0.131000
245.252198 0.131000
245.252198 0.132000
245.257978 0.132000
245.257978 0.133000
245.265727 0.133000
245.265727 0.134000
245.274702 0.134000
245.274702 0.135000
245.279638 0.135000
245.279638 0.136000
245.283644 0.136000
245.283644 0.137000
245.301426 0.137000
245.301426 0.138000
245.305850 0.138000
245.305850 0.139000
245.310266 0.139000
245.310266 0.140000
245.310266 0.140000
245.310266 0.141000
245.314674 0.141000
245.314674 0.142000
245.325540 0.142000
245.325540 0.143000
245.339951 0.143000
245.339951 0.144000
245.366922 0.144000
245.366922 0.145000
245.384079 0.145000
245.384079 0.146000
245.384079 0.146000
245.384079 0.147000
245.388348 0.147000
245.388348 0.148000
245.388348 0.148000
245.388348 0.149000
245.396863 0.149000
245.396863 0.150000
245.396863 0.150000
245.396863 0.151000
245.396863 0.151000
245.396863 0.152000
245.398830 0.152000
245.398830 0.153000
245.401108 0.153000
245.401108 0.154000
245.405346 0.154000
245.405346 0.155000
245.406380 0.155000
245.406380 0.156000
245.422218 0.156000
245.422218 0.157000
245.438966 0.157000
245.438966 0.158000
245.453231 0.158000
245.453231 0.159000
245.459728 0.159000
245.459728 0.160000
245.459728 0.160000
245.459728 0.161000
245.459728 0.161000
245.459728 0.162000
245.463857 0.162000
245.463857 0.163000
245.467979 0.163000
245.467979 0.164000
245.467979 0.164000
245.467979 0.165000
245.472094 0.165000
245.472094 0.166000
245.472094 0.166000
245.472094 0.167000
245.476201 0.167000
245.476201 0.168000
245.476201 0.168000
245.476201 0.169000
245.476201 0.169000
245.476201 0.170000
245.480301 0.170000
245.480301 0.171000
245.480301 0.171000
245.480301 0.172000
245.480301 0.172000
245.480301 0.173000
245.484393 0.173000
245.484393 0.174000
245.488477 0.174000
245.488477 0.175000
245.492555 0.175000
245.492555 0.176000
245.504742 0.176000
245.504742 0.177000
245.524907 0.177000
245.524907 0.178000
245.528919 0.178000
245.528919 0.179000
245.536920 0.179000
245.536920 0.180000
245.541095 0.180000
245.541095 0.181000
245.548867 0.181000
245.548867 0.182000
245.548867 0.182000
245.548867 0.183000
245.552835 0.183000
245.552835 0.184000
245.560750 0.184000
245.560750 0.185000
245.565120 0.185000
245.565120 0.186000
245.568637 0.186000
245.568637 0.187000
245.569669 0.187000
245.569669 0.188000
245.576495 0.188000
245.576495 0.189000
245.580414 0.189000
245.580414 0.190000
245.584326 0.190000
245.584326 0.191000
245.588231 0.191000
245.588231 0.192000
245.594902 0.192000
245.594902 0.193000
245.596020 0.193000
245.596020 0.194000
245.599904 0.194000
245.599904 0.195000
245.603781 0.195000
245.603781 0.196000
245.607651 0.196000
245.607651 0.197000
245.608129 0.197000
245.608129 0.198000
245.611515 0.198000
245.611515 0.199000
245.619221 0.199000
245.619221 0.200000
245.619221 0.200000
245.619221 0.201000
245.630730 0.201000
245.630730 0.202000
245.630730 0.202000
245.630730 0.203000
245.630730 0.203000
245.630730 0.204000
245.638369 0.204000
245.638369 0.205000
245.645980 0.205000
245.645980 0.206000
245.657348 0.206000
245.657348 0.207000
245.661124 0.207000
245.661124 0.208000
245.661124 0.208000
245.661124 0.209000
245.664894 0.209000
245.664894 0.210000
245.668657 0.210000
245.668657 0.211000
245.668657 0.211000
245.668657 0.212000
245.676163 0.212000
245.676163 0.213000
245.683642 0.213000
245.683642 0.214000
245.687372 0.214000
245.687372 0.215000
245.691096 0.215000
245.691096 0.216000
245.691096 0.216000
245.691096 0.217000
245.702228 0.217000
245.702228 0.218000
245.702228 0.218000
245.702228 0.219000
245.702228 0.219000
245.702228 0.220000
245.713303 0.220000
245.713303 0.221000
245.713303 0.221000
245.713303 0.222000
245.716982 0.222000
245.716982 0.223000
245.716982 0.223000
245.716982 0.224000
245.724320 0.224000
245.724320 0.225000
245.727062 0.225000
245.727062 0.226000
245.731633 0.226000
245.731633 0.227000
245.731633 0.227000
245.731633 0.228000
245.735281 0.228000
245.735281 0.229000
245.738921 0.229000
245.738921 0.230000
245.746185 0.230000
245.746185 0.231000
245.746185 0.231000
245.746185 0.232000
245.749807 0.232000
245.749807 0.233000
245.753423 0.233000
245.753423 0.234000
245.757033 0.234000
245.757033 0.235000
245.760636 0.235000
245.760636 0.236000
245.764234 0.236000
245.764234 0.237000
245.767825 0.237000
245.767825 0.238000
245.771410 0.238000
245.771410 0.239000
245.771410 0.239000
245.771410 0.240000
245.782129 0.240000
245.782129 0.241000
245.785690 0.241000
245.785690 0.242000
245.785690 0.242000
245.785690 0.243000
245.787364 0.243000
245.787364 0.244000
245.789245 0.244000
245.789245 0.245000
245.792794 0.245000
245.792794 0.246000
245.796336 0.246000
245.796336 0.247000
245.796336 0.247000
245.796336 0.248000
245.796336 0.248000
245.796336 0.249000
245.806929 0.249000
245.806929 0.250000
245.810448 0.250000
245.810448 0.251000
245.817468 0.251000
245.817468 0.252000
245.827953 0.252000
245.827953 0.253000
245.838386 0.253000
245.838386 0.254000
245.838386 0.254000
245.838386 0.255000
245.838386 0.255000
245.838386 0.256000
245.841852 0.256000
245.841852 0.257000
245.841852 0.257000
245.841852 0.258000
245.848766 0.258000
245.848766 0.259000
245.848766 0.259000
245.848766 0.260000
245.852215 0.260000
245.852215 0.261000
245.855658 0.261000
245.855658 0.262000
245.859095 0.262000
245.859095 0.263000
245.876194 0.263000
245.876194 0.264000
245.879597 0.264000
245.879597 0.265000
245.882994 0.265000
245.882994 0.266000
245.903259 0.266000
245.903259 0.267000
245.909970 0.267000
245.909970 0.268000
245.913317 0.268000
245.913317 0.269000
245.913317 0.269000
245.913317 0.270000
245.913317 0.270000
245.913317 0.271000
245.913317 0.271000
245.913317 0.272000
245.916658 0.272000
245.916658 0.273000
245.916658 0.273000
245.916658 0.274000
245.919994 0.274000
245.919994 0.275000
245.923325 0.275000
245.923325 0.276000
245.933284 0.276000
245.933284 0.277000
245.933284 0.277000
245.933284 0.278000
245.934711 0.278000
245.934711 0.279000
245.939896 0.279000
245.939896 0.280000
245.943193 0.280000
245.943193 0.281000
245.943193 0.281000
245.943193 0.282000
245.956331 0.282000
245.956331 0.283000
245.969384 0.283000
245.969384 0.284000
245.975878 0.284000
245.975878 0.285000
245.979117 0.285000
245.979117 0.286000
245.985580 0.286000
245.985580 0.287000
245.988804 0.287000
245.988804 0.288000
246.001646 0.288000
246.001646 0.289000
246.011224 0.289000
246.011224 0.290000
246.017583 0.290000
246.017583 0.291000
246.027084 0.291000
246.027084 0.292000
246.030241 0.292000
246.030241 0.293000
246.033393 0.293000
246.033393 0.294000
246.045950 0.294000
246.045950 0.295000
246.055315 0.295000
246.055315 0.296000
246.055315 0.296000
246.055315 0.297000
246.061534 0.297000
246.061534 0.298000
246.064636 0.298000
246.064636 0.299000
246.067733 0.299000
246.067733 0.300000
246.070825 0.300000
246.070825 0.301000
246.076995 0.301000
246.076995 0.302000
246.083145 0.302000
246.083145 0.303000
246.083145 0.303000
246.083145 0.304000
246.086213 0.304000
246.086213 0.305000
246.104518 0.305000
246.104518 0.306000
246.116627 0.306000
246.116627 0.307000
246.119642 0.307000
246.119642 0.308000
246.131656 0.308000
246.131656 0.309000
246.137635 0.309000
246.137635 0.310000
246.143595 0.310000
246.143595 0.311000
246.149537 0.311000
246.149537 0.312000
246.155460 0.312000
246.155460 0.313000
246.161365 0.313000
246.161365 0.314000
246.164311 0.314000
246.164311 0.315000
246.164311 0.315000
246.164311 0.316000
246.170189 0.316000
246.170189 0.317000
246.173121 0.317000
246.173121 0.318000
246.181890 0.318000
246.181890 0.319000
246.181890 0.319000
246.181890 0.320000
246.184804 0.320000
246.184804 0.321000
246.193519 0.321000
246.193519 0.322000
246.199307 0.322000
246.199307 0.323000
246.199307 0.323000
246.199307 0.324000
246.207956 0.324000
246.207956 0.325000
246.222283 0.325000
246.222283 0.326000
246.222283 0.326000
246.222283 0.327000
246.233666 0.327000
246.233666 0.328000
246.242158 0.328000
246.242158 0.329000
246.244980 0.329000
246.244980 0.330000
246.253421 0.330000
246.253421 0.331000
246.256227 0.331000
246.256227 0.332000
246.259027 0.332000
246.259027 0.333000
246.270189 0.333000
246.270189 0.334000
246.286806 0.334000
246.286806 0.335000
246.295059 0.335000
246.295059 0.336000
246.297802 0.336000
246.297802 0.337000
246.300540 0.337000
246.300540 0.338000
246.314172 0.338000
246.314172 0.339000
246.319597 0.339000
246.319597 0.340000
246.322303 0.340000
246.322303 0.341000
246.325005 0.341000
246.325005 0.342000
246.327704 0.342000
246.327704 0.343000
246.335774 0.343000
246.335774 0.344000
246.343809 0.344000
246.343809 0.345000
246.346480 0.345000
246.346480 0.346000
246.349147 0.346000
246.349147 0.347000
246.351809 0.347000
246.351809 0.348000
246.354468 0.348000
246.354468 0.349000
246.362421 0.349000
246.362421 0.350000
246.365064 0.350000
246.365064 0.351000
246.367703 0.351000
246.367703 0.352000
246.370339 0.352000
246.370339 0.353000
246.380842 0.353000
246.380842 0.354000
246.386071 0.354000
246.386071 0.355000
246.391284 0.355000
246.391284 0.356000
246.393885 0.356000
246.393885 0.357000
246.399076 0.357000
246.399076 0.358000
246.404252 0.358000
246.404252 0.359000
246.409413 0.359000
246.409413 0.360000
246.411988 0.360000
246.411988 0.361000
246.422250 0.361000
246.422250 0.362000
246.422250 0.362000
246.422250 0.363000
246.424806 0.363000
246.424806 0.364000
246.427359 0.364000
246.427359 0.365000
246.434995 0.365000
246.434995 0.366000
246.447649 0.366000
246.447649 0.367000
246.450168 0.367000
246.450168 0.368000
246.470198 0.368000
246.470198 0.369000
246.470198 0.369000
246.470198 0.370000
246.477651 0.370000
246.477651 0.371000
246.477651 0.371000
246.477651 0.372000
246.477651 0.372000
246.477651 0.373000
246.482602 0.373000
246.482602 0.374000
246.490002 0.374000
246.490002 0.375000
246.494918 0.375000
246.494918 0.376000
246.499820 0.376000
246.499820 0.377000
246.502266 0.377000
246.502266 0.378000
246.507147 0.378000
246.507147 0.379000
246.507147 0.379000
246.507147 0.380000
246.507147 0.380000
246.507147 0.381000
246.512015 0.381000
246.512015 0.382000
246.512015 0.382000
246.512015 0.383000
246.516869 0.383000
246.516869 0.384000
246.516869 0.384000
246.516869 0.385000
246.516869 0.385000
246.516869 0.386000
246.516869 0.386000
246.516869 0.387000
246.519027 0.387000
246.519027 0.388000
246.521709 0.388000
246.521709 0.389000
246.524125 0.389000
246.524125 0.390000
246.531350 0.390000
246.531350 0.391000
246.531350 0.391000
246.531350 0.392000
246.536150 0.392000
246.536150 0.393000
246.538545 0.393000
246.538545 0.394000
246.538545 0.394000
246.538545 0.395000
246.557585 0.395000
246.557585 0.396000
246.559950 0.396000
246.559950 0.397000
246.562312 0.397000
246.562312 0.398000
246.562312 0.398000
246.562312 0.399000
246.567026 0.399000
246.567026 0.400000
246.569378 0.400000
246.569378 0.401000
246.571727 0.401000
246.571727 0.402000
246.576415 0.402000
246.576415 0.403000
246.578754 0.403000
246.578754 0.404000
246.583423 0.404000
246.583423 0.405000
246.590402 0.405000
246.590402 0.406000
246.590402 0.406000
246.590402 0.407000
246.592722 0.407000
246.592722 0.408000
246.595039 0.408000
246.595039 0.409000
246.595039 0.409000
246.595039 0.410000
246.601970 0.410000
246.601970 0.411000
246.604274 0.411000
246.604274 0.412000
246.613459 0.412000
246.613459 0.413000
246.613459 0.413000
246.613459 0.414000
246.620315 0.414000
246.620315 0.415000
246.624870 0.415000
246.624870 0.416000
246.624870 0.416000
246.624870 0.417000
246.633944 0.417000
246.633944 0.418000
246.633944 0.418000
246.633944 0.419000
246.638462 0.419000
246.638462 0.420000
246.638462 0.420000
246.638462 0.421000
246.640716 0.421000
246.640716 0.422000
246.640716 0.422000
246.640716 0.423000
246.640716 0.423000
246.640716 0.424000
246.654180 0.424000
246.654180 0.425000
246.656413 0.425000
246.656413 0.426000
246.678582 0.426000
246.678582 0.427000
246.689555 0.427000
246.689555 0.428000
246.689555 0.428000
246.689555 0.429000
246.691741 0.429000
246.691741 0.430000
246.696105 0.430000
246.696105 0.431000
246.696105 0.431000
246.696105 0.432000
246.696105 0.432000
246.696105 0.433000
246.702628 0.433000
246.702628 0.434000
246.717748 0.434000
246.717748 0.435000
246.719896 0.435000
246.719896 0.436000
246.724185 0.436000
246.724185 0.437000
246.728462 0.437000
246.728462 0.438000
246.728462 0.438000
246.728462 0.439000
246.728462 0.439000
246.728462 0.440000
246.732728 0.440000
246.732728 0.441000
246.734857 0.441000
246.734857 0.442000
246.734857 0.442000
246.734857 0.443000
246.734857 0.443000
246.734857 0.444000
246.747572 0.444000
246.747572 0.445000
246.753892 0.445000
246.753892 0.446000
246.758091 0.446000
246.758091 0.447000
246.762280 0.447000
246.762280 0.448000
246.768542 0.448000
246.768542 0.449000
246.770624 0.449000
246.770624 0.450000
246.772704 0.450000
246.772704 0.451000
246.772704 0.451000
246.772704 0.452000
246.774780 0.452000
246.774780 0.453000
246.776854 0.453000
246.776854 0.454000
246.776854 0.454000
246.776854 0.455000
246.778926 0.455000
246.778926 0.456000
246.778926 0.456000
246.778926 0.457000
246.783060 0.457000
246.783060 0.458000
246.783060 0.458000
246.783060 0.459000
246.785123 0.459000
246.785123 0.460000
246.789242 0.460000
246.789242 0.461000
246.789242 0.461000
246.789242 0.462000
246.795400 0.462000
246.795400 0.463000
246.797447 0.463000
246.797447 0.464000
246.799492 0.464000
246.799492 0.465000
246.801534 0.465000
246.801534 0.466000
246.805610 0.466000
246.805610 0.467000
246.805610 0.467000
246.805610 0.468000
246.811705 0.468000
246.811705 0.469000
246.813731 0.469000
246.813731 0.470000
246.815755 0.470000
246.815755 0.471000
246.817776 0.471000
246.817776 0.472000
246.817776 0.472000
246.817776 0.473000
246.819794 0.473000
246.819794 0.474000
246.819794 0.474000
246.819794 0.475000
246.821810 0.475000
246.821810 0.476000
246.823824 0.476000
246.823824 0.477000
246.823824 0.477000
246.823824 0.478000
246.825835 0.478000
246.825835 0.479000
246.827843 0.479000
246.827843 0.480000
246.839839 0.480000
246.839839 0.481000
246.839839 0.481000
246.839839 0.482000
246.839839 0.482000
246.839839 0.483000
246.839839 0.483000
246.839839 0.484000
246.845803 0.484000
246.845803 0.485000
246.849766 0.485000
246.849766 0.486000
246.851744 0.486000
246.851744 0.487000
246.851744 0.487000
246.851744 0.488000
246.853719 0.488000
246.853719 0.489000
246.855692 0.489000
246.855692 0.490000
246.857662 0.490000
246.857662 0.491000
246.861596 0.491000
246.861596 0.492000
246.873336 0.492000
246.873336 0.493000
246.877230 0.493000
246.877230 0.494000
246.883052 0.494000
246.883052 0.495000
246.890781 0.495000
246.890781 0.496000
246.894632 0.496000
246.894632 0.497000
246.902303 0.497000
246.902303 0.498000
246.904215 0.498000
246.904215 0.499000
246.906124 0.499000
246.906124 0.500000
246.909936 0.500000
246.909936 0.501000
246.909936 0.501000
246.909936 0.502000
246.909936 0.502000
246.909936 0.503000
246.915636 0.503000
246.915636 0.504000
246.917532 0.504000
246.917532 0.505000
246.919425 0.505000
246.919425 0.506000
246.923203 0.506000
246.923203 0.507000
246.926973 0.507000
246.926973 0.508000
246.926973 0.508000
246.926973 0.509000
246.928854 0.509000
246.928854 0.510000
246.930733 0.510000
246.930733 0.511000
246.930733 0.511000
246.930733 0.512000
246.934484 0.512000
246.934484 0.513000
246.934484 0.513000
246.934484 0.514000
246.940093 0.514000
246.940093 0.515000
246.941959 0.515000
246.941959 0.516000
246.941959 0.516000
246.941959 0.517000
246.941959 0.517000
246.941959 0.518000
246.943821 0.518000
246.943821 0.519000
246.943821 0.519000
246.943821 0.520000
246.951250 0.520000
246.951250 0.521000
246.951250 0.521000
246.951250 0.522000
246.951250 0.522000
246.951250 0.523000
246.953101 0.523000
246.953101 0.524000
246.958642 0.524000
246.958642 0.525000
246.958642 0.525000
246.958642 0.526000
246.958642 0.526000
246.958642 0.527000
246.971491 0.527000
246.971491 0.528000
246.976965 0.528000
246.976965 0.529000
246.982418 0.529000
246.982418 0.530000
246.982418 0.530000
246.982418 0.531000
246.987852 0.531000
246.987852 0.532000
246.989659 0.532000
246.989659 0.533000
246.996864 0.533000
246.996864 0.534000
246.998660 0.534000
246.998660 0.535000
247.002246 0.535000
247.002246 0.536000
247.004035 0.536000
247.004035 0.537000
247.007608 0.537000
247.007608 0.538000
247.009391 0.538000
247.009391 0.539000
247.009391 0.539000
247.009391 0.540000
247.012950 0.540000
247.012950 0.541000
247.016501 0.541000
247.016501 0.542000
247.018274 0.542000
247.018274 0.543000
247.020044 0.543000
247.020044 0.544000
247.020044 0.544000
247.020044 0.545000
247.023578 0.545000
247.023578 0.546000
247.023578 0.546000
247.023578 0.547000
247.025342 0.547000
247.025342 0.548000
247.027103 0.548000
247.027103 0.549000
247.032376 0.549000
247.032376 0.550000
247.032376 0.550000
247.032376 0.551000
247.039377 0.551000
247.039377 0.552000
247.039377 0.552000
247.039377 0.553000
247.042865 0.553000
247.042865 0.554000
247.042865 0.554000
247.042865 0.555000
247.044606 0.555000
247.044606 0.556000
247.046345 0.556000
247.046345 0.557000
247.049816 0.557000
247.049816 0.558000
247.055008 0.558000
247.055008 0.559000
247.058458 0.559000
247.058458 0.560000
247.058458 0.560000
247.058458 0.561000
247.060181 0.561000
247.060181 0.562000
247.061901 0.562000
247.061901 0.563000
247.061901 0.563000
247.061901 0.564000
247.063620 0.564000
247.063620 0.565000
247.067050 0.565000
247.067050 0.566000
247.070473 0.566000
247.070473 0.567000
247.078994 0.567000
247.078994 0.568000
247.084082 0.568000
247.084082 0.569000
247.085774 0.569000
247.085774 0.570000
247.087465 0.570000
247.087465 0.571000
247.092524 0.571000
247.092524 0.572000
247.094206 0.572000
247.094206 0.573000
247.100916 0.573000
247.100916 0.574000
247.104259 0.574000
247.104259 0.575000
247.105928 0.575000
247.105928 0.576000
247.107594 0.576000
247.107594 0.577000
247.107594 0.577000
247.107594 0.578000
247.109259 0.578000
247.109259 0.579000
247.114242 0.579000
247.114242 0.580000
247.115899 0.580000
247.115899 0.581000
247.117554 0.581000
247.117554 0.582000
247.119207 0.582000
247.119207 0.583000
247.122508 0.583000
247.122508 0.584000
247.129087 0.584000
247.129087 0.585000
247.134001 0.585000
247.134001 0.586000
247.138898 0.586000
247.138898 0.587000
247.138898 0.587000
247.138898 0.588000
247.140527 0.588000
247.140527 0.589000
247.142153 0.589000
247.142153 0.590000
247.142153 0.590000
247.142153 0.591000
247.147022 0.591000
247.147022 0.592000
247.147022 0.592000
247.147022 0.593000
247.156710 0.593000
247.156710 0.594000
247.156710 0.594000
247.156710 0.595000
247.159925 0.595000
247.159925 0.596000
247.161530 0.596000
247.161530 0.597000
247.161530 0.597000
247.161530 0.598000
247.164733 0.598000
247.164733 0.599000
247.169525 0.599000
247.169525 0.600000
247.169525 0.600000
247.169525 0.601000
247.171119 0.601000
247.171119 0.602000
247.177475 0.602000
247.177475 0.603000
247.177475 0.603000
247.177475 0.604000
247.177475 0.604000
247.177475 0.605000
247.180642 0.605000
247.180642 0.606000
247.182223 0.606000
247.182223 0.607000
247.182223 0.607000
247.182223 0.608000
247.185380 0.608000
247.185380 0.609000
247.185380 0.609000
247.185380 0.610000
247.185380 0.610000
247.185380 0.611000
247.185380 0.611000
247.185380 0.612000
247.190102 0.612000
247.190102 0.613000
247.190102 0.613000
247.190102 0.614000
247.193240 0.614000
247.193240 0.615000
247.193240 0.615000
247.193240 0.616000
247.196372 0.616000
247.196372 0.617000
247.196372 0.617000
247.196372 0.618000
247.196372 0.618000
247.196372 0.619000
247.197935 0.619000
247.197935 0.620000
247.199497 0.620000
247.199497 0.621000
247.201057 0.621000
247.201057 0.622000
247.207278 0.622000
247.207278 0.623000
247.210378 0.623000
247.210378 0.624000
247.215016 0.624000
247.215016 0.625000
247.218098 0.625000
247.218098 0.626000
247.218098 0.626000
247.218098 0.627000
247.222710 0.627000
247.222710 0.628000
247.224244 0.628000
247.224244 0.629000
247.228835 0.629000
247.228835 0.630000
247.230361 0.630000
247.230361 0.631000
247.231887 0.631000
247.231887 0.632000
247.233410 0.632000
247.233410 0.633000
247.236452 0.633000
247.236452 0.634000
247.237970 0.634000
247.237970 0.635000
247.239487 0.635000
247.239487 0.636000
247.241002 0.636000
247.241002 0.637000
247.247046 0.637000
247.247046 0.638000
247.247046 0.638000
247.247046 0.639000
247.248553 0.639000
247.248553 0.640000
247.254563 0.640000
247.254563 0.641000
247.260546 0.641000
247.260546 0.642000
247.267989 0.642000
247.267989 0.643000
247.269473 0.643000
247.269473 0.644000
247.272435 0.644000
247.272435 0.645000
247.272435 0.645000
247.272435 0.646000
247.273914 0.646000
247.273914 0.647000
247.273914 0.647000
247.273914 0.648000
247.279813 0.648000
247.279813 0.649000
247.279813 0.649000
247.279813 0.650000
247.287150 0.650000
247.287150 0.651000
247.288613 0.651000
247.288613 0.652000
247.290074 0.652000
247.290074 0.653000
247.292991 0.653000
247.292991 0.654000
247.295903 0.654000
247.295903 0.655000
247.295903 0.655000
247.295903 0.656000
247.295903 0.656000
247.295903 0.657000
247.297356 0.657000
247.297356 0.658000
247.297356 0.658000
247.297356 0.659000
247.301706 0.659000
247.301706 0.660000
247.309712 0.660000
247.309712 0.661000
247.311801 0.661000
247.311801 0.662000
247.314672 0.662000
247.314672 0.663000
247.316104 0.663000
247.316104 0.664000
247.317536 0.664000
247.317536 0.665000
247.317536 0.665000
247.317536 0.666000
247.318965 0.666000
247.318965 0.667000
247.318965 0.667000
247.318965 0.668000
247.320394 0.668000
247.320394 0.669000
247.326091 0.669000
247.326091 0.670000
247.330349 0.670000
247.330349 0.671000
247.331765 0.671000
247.331765 0.672000
247.340229 0.672000
247.340229 0.673000
247.341634 0.673000
247.341634 0.674000
247.347241 0.674000
247.347241 0.675000
247.348639 0.675000
247.348639 0.676000
247.351431 0.676000
247.351431 0.677000
247.352824 0.677000
247.352824 0.678000
247.355607 0.678000
247.355607 0.679000
247.355607 0.679000
247.355607 0.680000
247.356996 0.680000
247.356996 0.681000
247.358383 0.681000
247.358383 0.682000
247.358383 0.682000
247.358383 0.683000
247.359770 0.683000
247.359770 0.684000
247.363919 0.684000
247.363919 0.685000
247.376289 0.685000
247.376289 0.686000
247.376289 0.686000
247.376289 0.687000
247.377656 0.687000
247.377656 0.688000
247.379022 0.688000
247.379022 0.689000
247.383111 0.689000
247.383111 0.690000
247.383111 0.690000
247.383111 0.691000
247.391250 0.691000
247.391250 0.692000
247.392601 0.692000
247.392601 0.693000
247.396647 0.693000
247.396647 0.694000
247.399338 0.694000
247.399338 0.695000
247.400681 0.695000
247.400681 0.696000
247.400681 0.696000
247.400681 0.697000
247.402022 0.697000
247.402022 0.698000
247.403363 0.698000
247.403363 0.699000
247.407375 0.699000
247.407375 0.700000
247.408710 0.700000
247.408710 0.701000
247.410043 0.701000
247.410043 0.702000
247.411375 0.702000
247.411375 0.703000
247.411375 0.703000
247.411375 0.704000
247.411375 0.704000
247.411375 0.705000
247.416689 0.705000
247.416689 0.706000
247.418014 0.706000
247.418014 0.707000
247.419337 0.707000
247.419337 0.708000
247.419337 0.708000
247.419337 0.709000
247.421980 0.709000
247.421980 0.710000
247.424618 0.710000
247.424618 0.711000
247.425935 0.711000
247.425935 0.712000
247.429877 0.712000
247.429877 0.713000
247.431188 0.713000
247.431188 0.714000
247.442930 0.714000
247.442930 0.715000
247.444228 0.715000
247.444228 0.716000
247.444228 0.716000
247.444228 0.717000
247.448114 0.717000
247.448114 0.718000
247.448114 0.718000
247.448114 0.719000
247.448114 0.719000
247.448114 0.720000
247.451988 0.720000
247.451988 0.721000
247.454564 0.721000
247.454564 0.722000
247.458418 0.722000
247.458418 0.723000
247.462260 0.723000
247.462260 0.724000
247.462260 0.724000
247.462260 0.725000
247.463538 0.725000
247.463538 0.726000
247.466091 0.726000
247.466091 0.727000
247.467365 0.727000
247.467365 0.728000
247.467365 0.728000
247.467365 0.729000
247.468638 0.729000
247.468638 0.730000
247.469910 0.730000
247.469910 0.731000
247.476249 0.731000
247.476249 0.732000
247.482556 0.732000
247.482556 0.733000
247.488831 0.733000
247.488831 0.734000
247.490083 0.734000
247.490083 0.735000
247.491333 0.735000
247.491333 0.736000
247.495075 0.736000
247.495075 0.737000
247.495075 0.737000
247.495075 0.738000
247.501287 0.738000
247.501287 0.739000
247.506235 0.739000
247.506235 0.740000
247.507469 0.740000
247.507469 0.741000
247.511163 0.741000
247.511163 0.742000
247.517295 0.742000
247.517295 0.743000
247.517295 0.743000
247.517295 0.744000
247.519739 0.744000
247.519739 0.745000
247.520959 0.745000
247.520959 0.746000
247.522179 0.746000
247.522179 0.747000
247.523396 0.747000
247.523396 0.748000
247.525829 0.748000
247.525829 0.749000
247.525829 0.749000
247.525829 0.750000
247.527043 0.750000
247.527043 0.751000
247.531888 0.751000
247.531888 0.752000
247.531888 0.752000
247.531888 0.753000
247.533096 0.753000
247.533096 0.754000
247.535509 0.754000
247.535509 0.755000
247.539120 0.755000
247.539120 0.756000
247.539120 0.756000
247.539120 0.757000
247.542719 0.757000
247.542719 0.758000
247.545113 0.758000
247.545113 0.759000
247.553455 0.759000
247.553455 0.760000
247.554642 0.760000
247.554642 0.761000
247.557013 0.761000
247.557013 0.762000
247.559379 0.762000
247.559379 0.763000
247.559379 0.763000
247.559379 0.764000
247.561740 0.764000
247.561740 0.765000
247.564096 0.765000
247.564096 0.766000
247.566448 0.766000
247.566448 0.767000
247.572308 0.767000
247.572308 0.768000
247.573477 0.768000
247.573477 0.769000
247.574644 0.769000
247.574644 0.770000
247.581625 0.770000
247.581625 0.771000
247.582785 0.771000
247.582785 0.772000
247.582785 0.772000
247.582785 0.773000
247.586257 0.773000
247.586257 0.774000
247.590870 0.774000
247.590870 0.775000
247.593170 0.775000
247.593170 0.776000
247.594318 0.776000
247.594318 0.777000
247.601185 0.777000
247.601185 0.778000
247.602326 0.778000
247.602326 0.779000
247.602326 0.779000
247.602326 0.780000
247.604604 0.780000
247.604604 0.781000
247.605741 0.781000
247.605741 0.782000
247.605741 0.782000
247.605741 0.783000
247.605741 0.783000
247.605741 0.784000
247.608013 0.784000
247.608013 0.785000
247.609147 0.785000
247.609147 0.786000
247.610280 0.786000
247.610280 0.787000
247.613672 0.787000
247.613672 0.788000
247.615928 0.788000
247.615928 0.789000
247.620428 0.789000
247.620428 0.790000
247.621550 0.790000
247.621550 0.791000
247.621550 0.791000
247.621550 0.792000
247.622671 0.792000
247.622671 0.793000
247.627145 0.793000
247.627145 0.794000
247.630489 0.794000
247.630489 0.795000
247.630489 0.795000
247.630489 0.796000
247.634934 0.796000
247.634934 0.797000
247.641568 0.797000
247.641568 0.798000
247.642670 0.798000
247.642670 0.799000
247.643771 0.799000
247.643771 0.800000
247.650356 0.800000
247.650356 0.801000
247.653634 0.801000
247.653634 0.802000
247.656904 0.802000
247.656904 0.803000
247.657991 0.803000
247.657991 0.804000
247.659078 0.804000
247.659078 0.805000
247.662332 0.805000
247.662332 0.806000
247.674184 0.806000
247.674184 0.807000
247.674184 0.807000
247.674184 0.808000
247.675256 0.808000
247.675256 0.809000
247.676326 0.809000
247.676326 0.810000
247.676326 0.810000
247.676326 0.811000
247.682729 0.811000
247.682729 0.812000
247.683792 0.812000
247.683792 0.813000
247.683792 0.813000
247.683792 0.814000
247.684855 0.814000
247.684855 0.815000
247.684855 0.815000
247.684855 0.816000
247.685916 0.816000
247.685916 0.817000
247.692265 0.817000
247.692265 0.818000
247.695426 0.818000
247.695426 0.819000
247.699627 0.819000
247.699627 0.820000
247.700675 0.820000
247.700675 0.821000
247.701722 0.821000
247.701722 0.822000
247.702768 0.822000
247.702768 0.823000
247.704857 0.823000
247.704857 0.824000
247.709024 0.824000
247.709024 0.825000
247.712139 0.825000
247.712139 0.826000
247.712139 0.826000
247.712139 0.827000
247.716279 0.827000
247.716279 0.828000
247.716279 0.828000
247.716279 0.829000
247.716279 0.829000
247.716279 0.830000
247.718343 0.830000
247.718343 0.831000
247.718343 0.831000
247.718343 0.832000
247.719374 0.832000
247.719374 0.833000
247.719374 0.833000
247.719374 0.834000
247.722460 0.834000
247.722460 0.835000
247.729629 0.835000
247.729629 0.836000
247.735738 0.836000
247.735738 0.837000
247.736753 0.837000
247.736753 0.838000
247.736753 0.838000
247.736753 0.839000
247.738780 0.839000
247.738780 0.840000
247.739792 0.840000
247.739792 0.841000
247.754864 0.841000
247.754864 0.842000
247.754864 0.842000
247.754864 0.843000
247.756859 0.843000
247.756859 0.844000
247.759843 0.844000
247.759843 0.845000
247.759843 0.845000
247.759843 0.846000
247.760837 0.846000
247.760837 0.847000
247.765789 0.847000
247.765789 0.848000
247.766777 0.848000
247.766777 0.849000
247.767763 0.849000
247.767763 0.850000
247.769735 0.850000
247.769735 0.851000
247.778561 0.851000
247.778561 0.852000
247.779538 0.852000
247.779538 0.853000
247.779538 0.853000
247.779538 0.854000
247.781488 0.854000
247.781488 0.855000
247.783435 0.855000
247.783435 0.856000
247.792152 0.856000
247.792152 0.857000
247.795043 0.857000
247.795043 0.858000
247.796004 0.858000
247.796004 0.859000
247.797925 0.859000
247.797925 0.860000
247.798885 0.860000
247.798885 0.861000
247.806528 0.861000
247.806528 0.862000
247.807480 0.862000
247.807480 0.863000
247.807480 0.863000
247.807480 0.864000
247.813172 0.864000
247.813172 0.865000
247.813172 0.865000
247.813172 0.866000
247.816007 0.866000
247.816007 0.867000
247.818835 0.867000
247.818835 0.868000
247.820716 0.868000
247.820716 0.869000
247.820716 0.869000
247.820716 0.870000
247.825404 0.870000
247.825404 0.871000
247.827273 0.871000
247.827273 0.872000
247.829139 0.872000
247.829139 0.873000
247.829139 0.873000
247.829139 0.874000
247.833791 0.874000
247.833791 0.875000
247.842113 0.875000
247.842113 0.876000
247.843033 0.876000
247.843033 0.877000
247.850370 0.877000
247.850370 0.878000
247.855839 0.878000
247.855839 0.879000
247.863991 0.879000
247.863991 0.880000
247.877438 0.880000
247.877438 0.881000
247.880995 0.881000
247.880995 0.882000
247.888954 0.882000
247.888954 0.883000
247.897727 0.883000
247.897727 0.884000
247.902955 0.884000
247.902955 0.885000
247.915911 0.885000
247.915911 0.886000
247.922755 0.886000
247.922755 0.887000
247.931246 0.887000
247.931246 0.888000
247.946354 0.888000
247.946354 0.889000
247.948018 0.889000
247.948018 0.890000
247.952169 0.890000
247.952169 0.891000
247.952169 0.891000
247.952169 0.892000
247.960418 0.892000
247.960418 0.893000
247.981555 0.893000
247.981555 0.894000
296.394836 0.894000
296.394836 0.895000
296.925341 0.895000
296.925341 0.896000
297.669753 0.896000
297.669753 0.897000
297.695346 0.897000
297.695346 0.898000
298.225041 0.898000
298.225041 0.899000
298.416986 0.899000
298.416986 0.900000
298.454641 0.900000
298.454641 0.901000
347.608610 0.901000
347.608610 0.902000
347.744693 0.902000
347.744693 0.903000
374.617405 0.903000
374.617405 0.904000
375.839186 0.904000
375.839186 0.905000
377.056814 0.905000
377.056814 0.906000
378.080245 0.906000
378.080245 0.907000
378.460109 0.907000
378.460109 0.908000
379.420441 0.908000
379.420441 0.909000
403.832491 0.909000
403.832491 0.910000
440.315695 0.910000
440.315695 0.911000
479.068555 0.911000
479.068555 0.912000
501.341866 0.912000
501.341866 0.913000
506.817037 0.913000
506.817037 0.914000
507.964439 0.914000
507.964439 0.915000
508.455974 0.915000
508.455974 0.916000
508.802555 0.916000
508.802555 0.917000
511.163988 0.917000
511.163988 0.918000
511.187188 0.918000
511.187188 0.919000
511.424646 0.919000
511.424646 0.920000
511.970344 0.920000
511.970344 0.921000
546.133631 0.921000
546.133631 0.922000
548.596872 0.922000
548.596872 0.923000
550.822034 0.923000
550.822034 0.924000
550.871685 0.924000
550.871685 0.925000
551.629552 0.925000
551.629552 0.926000
552.517377 0.926000
552.517377 0.927000
556.577432 0.927000
556.577432 0.928000
557.114231 0.928000
557.114231 0.929000
557.272824 0.929000
557.272824 0.930000
557.303909 0.930000
557.303909 0.931000
557.501017 0.931000
557.501017 0.932000
557.530603 0.932000
557.530603 0.933000
557.830020 0.933000
557.830020 0.934000
557.898420 0.934000
557.898420 0.935000
557.911972 0.935000
557.911972 0.936000
557.918732 0.936000
557.918732 0.937000
558.129643 0.937000
558.129643 0.938000
558.161676 0.938000
558.161676 0.939000
558.199798 0.939000
558.199798 0.940000
558.516305 0.940000
558.516305 0.941000
558.749534 0.941000
558.749534 0.942000
559.031808 0.942000
559.031808 0.943000
559.057393 0.943000
559.057393 0.944000
559.304052 0.944000
559.304052 0.945000
559.374936 0.945000
559.374936 0.946000
559.601585 0.946000
559.601585 0.947000
559.760363 0.947000
559.760363 0.948000
559.793751 0.948000
559.793751 0.949000
559.822699 0.949000
559.822699 0.950000
559.991351 0.950000
559.991351 0.951000
559.999173 0.951000
559.999173 0.952000
560.014761 0.952000
560.014761 0.953000
560.133123 0.953000
560.133123 0.954000
560.199918 0.954000
560.199918 0.955000
560.258144 0.955000
560.258144 0.956000
560.419795 0.956000
560.419795 0.957000
560.563630 0.957000
560.563630 0.958000
560.641038 0.958000
560.641038 0.959000
561.000107 0.959000
561.000107 0.960000
561.094113 0.960000
561.094113 0.961000
561.554968 0.961000
561.554968 0.962000
561.584470 0.962000
561.584470 0.963000
561.686150 0.963000
561.686150 0.964000
561.760797 0.964000
561.760797 0.965000
561.863588 0.965000
561.863588 0.966000
562.095168 0.966000
562.095168 0.967000
596.647611 0.967000
596.647611 0.968000
638.141310 0.968000
638.141310 0.969000
720.770200 0.969000
720.770200 0.970000
740.660765 0.970000
740.660765 0.971000
770.632323 0.971000
770.632323 0.972000
772.912405 0.972000
772.912405 0.973000
851.339811 0.973000
851.339811 0.974000
855.402343 0.974000
855.402343 0.975000
862.569628 0.975000
862.569628 0.976000
865.892904 0.976000
865.892904 0.977000
868.579772 0.977000
868.579772 0.978000
869.707369 0.978000
869.707369 0.979000
870.646592 0.979000
870.646592 0.980000
872.441945 0.980000
872.441945 0.981000
872.613193 0.981000
872.613193 0.982000
873.309734 0.982000
873.309734 0.983000
873.465715 0.983000
873.465715 0.984000
873.829951 0.984000
873.829951 0.985000
874.033796 0.985000
874.033796 0.986000
874.110969 0.986000
874.110969 0.987000
874.279961 0.987000
874.279961 0.988000
874.522030 0.988000
874.522030 0.989000
874.543784 0.989000
874.543784 0.990000
875.282394 0.990000
875.282394 0.991000
1152.510730 0.991000
1152.510730 0.992000
1181.975906 0.992000
1181.975906 0.993000
1188.452729 0.993000
1188.452729 0.994000
1228.115321 0.994000
1228.115321 0.995000
1485.992749 0.995000
1485.992749 0.996000
1490.882161 0.996000
1490.882161 0.997000
1497.873971 0.997000
1497.873971 0.998000
1634.397877 0.998000
1634.397877 0.999000
2441.151806 0.999000
2441.151806 1.000000
