31.750163633420417 0.9547128420384074
31.13679828379293 0.9396975265363134
33.23332629432283 0.9607074783216292
32.33492857746746 0.9468745099124428
33.15849763976144 0.953894734105033
31.700547686492104 0.9331278387032991
32.36216858856992 0.9635000582465364
32.37669478759939 0.9521311426443672
30.169857397444133 0.9143760735553764
32.04994937175998 0.9118625829079472
32.392940545214074 0.9273681275750402
30.124407584418698 0.9336672524670266
31.335818288611684 0.9244068710215076
29.290299189245257 0.8764285446334299
30.18544168326788 0.9356859029024821
30.838721419291147 0.8644680263696877
32.669305179212664 0.9423217770192782
32.01691424091797 0.9657956248647069
30.671247456476753 0.9333450263707217
31.266998492398116 0.9427962464320853
31.31487918281303 0.9465432400075564
29.068179794624385 0.8518022284089228
31.901218676027923 0.9508398899768293
30.963384090282222 0.8683335220348533
30.119945680253835 0.9187071477221744
32.204411853670855 0.9189734111238954
29.601033911500537 0.859543952014102
30.02521488698783 0.9055458847809462
32.11516311057007 0.9145047079026145
29.436368086303606 0.8778101521851587
33.68684891384204 0.9706992496078678
32.01221368763916 0.951385600925357
32.53031014459168 0.9455498010891894
30.92343061857532 0.9083382364726897
30.797178066392007 0.9422323626844147
30.98921068184908 0.8766934798801789
30.09139203362728 0.9070176915577631
32.68732355767864 0.9229037908307146
31.3776281433207 0.9284519077295604
30.47229129244167 0.9522058049024589
32.29175633304883 0.9585170791584077
33.656136854399236 0.9372312224320081
30.126901868935164 0.936648550532209
30.412759266613996 0.914873497514925
33.14171774102546 0.955430684815251
30.573332923258416 0.957726203321404
31.278070523704823 0.9477088616257269
29.499735148579944 0.8708202872063835
32.54349881753427 0.9468753935908846
32.539259313239334 0.9459920714531754
29.624818867206365 0.8698985898379805
32.35080913306002 0.918560130556147
33.11965946253751 0.9680928808969688
33.75002742680558 0.9377075431512556
29.9145063516682 0.9332804138240045
33.714632273166 0.9694971497815328
30.238788320154065 0.940640882602147
32.25950526217095 0.9549676153289403
31.33783913829593 0.9533506052429971
33.75371503874994 0.9611398005540808
29.870549867961685 0.8754018562095741
30.139968366105578 0.9357123587466671
31.987254504990062 0.9133054118827703
29.87082804863368 0.9318212727217523
31.791958263506068 0.9627614331559529
31.149426774113902 0.9419134225327781
29.66158785061942 0.8735235079807407
29.5753265810801 0.8889199893984241
29.587314812094153 0.8925962745938089
33.776029823208106 0.9384964775692969
30.92672330473463 0.9376090371042557
33.216869758248954 0.9657621443460015
29.802534568283313 0.8954462033351163
31.13650384681725 0.9160667581237596
32.93494970333356 0.9604748049400911
30.56138973226734 0.9254591181056726
32.34129371278368 0.9169786108473107
33.187583113308435 0.9669741300445731
32.91115066910506 0.9605355227936339
29.312049787180552 0.862564607281375
32.49180550866586 0.9598930045030974
31.25782186897387 0.9456395514973293
30.604002366692633 0.8616180909836603
30.41608918594492 0.950647865343437
33.43993054307702 0.9747868825109469
32.38866347721167 0.9208187840934363
31.791763184316405 0.938333836204121
34.365459098618786 0.9758943185609993
31.31286660917546 0.9240993707896663
31.82826174613347 0.965217462158041
31.209909529050776 0.9422078283113334
33.5531011118646 0.9640857409459843
29.200528312677527 0.8604235908369435
29.67210887341914 0.9233392797166384
32.77441426476275 0.9287886202830129
32.317668434765 0.9136343851503064
30.993584054950926 0.9444865515636268
31.799006563135745 0.9416931433056501
30.159236942840764 0.8960671695046172
30.033476160824648 0.8897964507654145
32.11114591994701 0.969940345779999
32.25993499573167 0.9587641191865268
32.49726674790531 0.9671539515585688
33.332512732997415 0.9543085626966855
31.094155166240522 0.9416773011321881
29.23691052549377 0.8660511739553968
32.873635504180115 0.9651353258571568
30.67715104600707 0.9516777420148339
31.157798361842467 0.9447439875700429
31.35150302593783 0.9443309713434775
30.07179114614006 0.8817625385005903
32.37815038713957 0.920466915394
34.422967330072616 0.9768577600267793
33.85652436490123 0.945390866644834
31.34617237228822 0.9455055919107705
32.1746064556096 0.9627796589722626
32.514207374634346 0.9218115052501538
33.39490395089007 0.964606056476344
33.82524961329909 0.9727261383506177
32.363181102803644 0.9203954997897986
31.13328146640601 0.9367737164452056
29.679508652147174 0.8639386426201565
29.59981285758718 0.8644658583019796
29.71729083994734 0.8892502847497424
30.92003891242957 0.8714990267115923
30.768013896408817 0.9388018445198163
29.909135761635728 0.8738975511096835
30.435283683277817 0.9496643856672632
33.91473686190502 0.9425799726362448
29.717427677442465 0.8631042232560263
29.73615039610533 0.8694152320208156
31.386498076602862 0.9282783962071205
30.39968560930466 0.9214396133277137
32.517966396280926 0.967590445037628
30.56518354836026 0.9533238382718221
31.71363506220559 0.9332739071445753
32.66936811720822 0.9290879628446551
31.672705272326564 0.9557049544664887
29.469992465954938 0.8785721985334359
34.7198990236547 0.9749890186879446
31.359820795705726 0.9549416567654407
33.0811749071823 0.9706023945032825
31.053589831989758 0.9388620533666252
29.649363345262625 0.8699827695424421
32.30495329158757 0.9594118609582682
31.86589704880884 0.9460313902625674
31.95683162213889 0.9509192974962172
33.209968379284994 0.9567901963328119
30.953695803131687 0.8715903721969365
34.82465726525905 0.9748473303984727
31.581941611682115 0.9416580939971381
31.936341489482057 0.9502829498499965
32.25882878586343 0.9489429333375158
33.68872731679416 0.959496333344882
29.213174735201598 0.8736349663451306
31.552843787068237 0.9349069762433203
32.64189021591718 0.9411030464986652
31.894743872291443 0.9668490351417466
33.15958848487683 0.9529439542086272
30.341090238355815 0.9174186808366485
32.64249670902646 0.9293289488269703
29.593893531464744 0.8544325220912755
29.553779521093997 0.852100035850707
33.23376278401533 0.9211355255741052
30.225025810973346 0.8976624185793973
29.655090445337585 0.9168751720249262
33.22195604102451 0.9615708756778079
30.066471916938802 0.9300420806014263
32.82533330260045 0.9613867390533852
33.79238433441429 0.9609375740087694
32.251060375736756 0.9232911196376958
31.836768894661304 0.9433487881773702
29.851878162939023 0.8771350403307755
33.032581579111266 0.9684791737803352
30.928468622517133 0.9369754807249283
29.38943996995448 0.877204064657436
32.08998644919248 0.9652149813561907
30.123099076242106 0.913345333609083
32.36917361552457 0.9220091283152345
31.027754868041228 0.9396530305986764
30.742344633151355 0.9414207901934815
30.95542189518822 0.8726296050006087
32.69251266074637 0.9698036719531612
30.131748274674834 0.9081583726526884
35.315780856280334 0.9836872360395252
29.21281161491542 0.8443917385299013
32.34055430940879 0.9599887274727337
34.053996162414855 0.9741199081002604
32.65655773641753 0.9286436295872937
31.172254576047873 0.9152872885280718
31.76899457563991 0.9631549250717562
31.214488936477444 0.9200636292482895
31.782180264289934 0.9648076832399191
30.126189199216178 0.9281752437107048
33.29394667390841 0.9248774593703418
30.827668810601445 0.9491915557952961
29.98827434264441 0.9261466619945201
30.814817190211286 0.8608618642284117
30.139735221249243 0.8877122271326519
31.076473531877298 0.9049714367947902
33.24164147009659 0.9565952677670256
31.927624573066097 0.966937262427136
31.448749979394034 0.9462443874234514
32.58791238485678 0.9237627588824187
31.181501901991766 0.9198049796857833
31.3523487783014 0.9246257171835743
32.35629302468832 0.9355661393971607
32.34310359858663 0.9291168867363204
30.65571470119108 0.9369174055186373
31.723364605402104 0.9534344934192088
29.494512149624647 0.8658719532745721
30.505450201985944 0.9265942534813745
32.392476113270504 0.9358638570874411
30.143926934588634 0.8945780829609223
30.736127801930042 0.8983433372191496
30.09398433987481 0.925929557209128
32.01055748361975 0.9114010476004282
32.50640652519947 0.9448631437510757
30.987054864163287 0.8737936414128719
29.593547739735723 0.8602895943072308
31.05632141807321 0.9390746889043879
29.375445947177063 0.8776287129455076
32.31348951384761 0.9346674752550757
31.99094262096469 0.9520180105340337
33.307934608925514 0.9661440688900137
33.15989851669636 0.9257551875847239
32.1659958139374 0.9155478854220842
31.286228918289694 0.9442333619978368
31.03064815947683 0.8843465680209612
31.136001752284976 0.9430799221183206
32.58841652875528 0.9234950910965458
29.720283523457105 0.8625903992082483
29.94584520461708 0.8922596539639536
33.9552442662436 0.972770392093603
31.30136986396849 0.9408305742926336
33.191773689260145 0.967137053381963
31.027266858605067 0.9051630045505097
29.448919659731615 0.8786555861690196
32.79576481426962 0.9688132436341211
33.887186874376845 0.9722537368325888
32.562740687689036 0.9461395303323794
33.295584707095976 0.9678991093164618
29.995573472255955 0.9046418430112888
30.170675484967816 0.9255941746748653
30.629728632407684 0.8844433565785205
31.621932589768285 0.935332447383994
32.3623233260244 0.935367786447969
33.394935623471305 0.9553161298128667
31.262477068174963 0.9210303141772228
29.38051618991222 0.8499636398979796
30.490687818469357 0.926231656480705
32.19289199887694 0.9560274811580309
32.51028523443443 0.9228389208692871
29.44881810650277 0.8927251267248314
31.254638694964072 0.9149754558572291
33.2910819530283 0.9249313867942365
30.770034811288795 0.8935629471707425
30.126574234353548 0.9135109482467302
29.626507400762602 0.8559789918172831
33.23339241229377 0.9603682646841285
29.999380355226386 0.8963033066498379
29.407959896259012 0.876496542147817
31.252142237211885 0.9430142193972612
29.41013975103487 0.8465502468418867
30.382719891288442 0.9480013530492312
30.7138303924657 0.9356974761360358
30.756068332109937 0.9266616301968557
30.116732985625077 0.9107342595545208
32.77895431943949 0.9689545352044635
29.503652557313234 0.8589962651651535
31.61552213090456 0.961379110992104
30.454998422484568 0.9550476150463844
32.67417196177956 0.9297741540269008
32.190911221870884 0.9539729226485375
29.367774297462923 0.8458801936744373
31.5551271791918 0.9408898168932757
33.09151922377139 0.9539353410160538
29.81573862433968 0.9086081680569801
32.947837475699714 0.9605361057620286
30.44545919904747 0.9245306529371644
30.74071887889341 0.9534848409191703
29.695921669475467 0.8536891349450042
30.445308581149426 0.9262081929730126
33.32601706322609 0.9632726814737445
31.1762761383723 0.9171592870275674
33.289957579113356 0.962236193546074
32.51753231595672 0.9676030504967065
31.137303609276277 0.9470500546946451
31.00498073774677 0.8815046866651541
29.575666145020012 0.8871612944188195
29.957833423952405 0.9262158779384021
29.57709379894675 0.9217002487772517
31.86386257157838 0.9393249510024136
29.539408864139677 0.8574422348603976
30.14470813771044 0.8932398967212052
31.576337392915775 0.9410771336877888
31.87232760430376 0.9500521372307569
33.284209083388646 0.9242269588602294
30.542926325700726 0.9532422836331569
31.11123424564191 0.9467661687197408
31.6985752321103 0.932949761305162
29.605059249932317 0.8916243315452385
29.132264654103448 0.8523572017237999
31.903153640574537 0.9512146244788503
34.056057630407864 0.9755612898421316
32.53494993110438 0.9718453731747323
29.465678448977712 0.8891887579892964
29.386332855432343 0.8740002596314971
31.07891013131391 0.9374421467977264
31.793449847258252 0.9460426790042181
29.428425470783772 0.8538412632569239
32.25309866761144 0.9445979042850169
30.178444028746444 0.9248794818526448
29.33947332345842 0.860407569661354
33.20231720368105 0.9522629102447692
33.298769220493334 0.9232065961680533
31.123579151517035 0.9442711149641911
32.36509402160091 0.9194714760057605
30.393189474593548 0.9180742769505477
30.901514025503623 0.8599676741885075
31.44898634742578 0.9507920826162435
30.48732799206566 0.9538728624183082
29.493485227570684 0.8829053498397976
32.40830390549104 0.9223091134666923
30.98466538780559 0.9029645210897577
31.99265703092527 0.9401232968753057
30.80213186608424 0.9352718929313726
30.713432056714588 0.9363692856122842
31.914473050433173 0.9649112771108629
33.71546089536922 0.9606108164109523
31.479058889948362 0.9575395481574671
31.08231949874879 0.9111194859524671
30.467794500470124 0.9507452404921963
30.28510745853326 0.8965942581692624
30.165944265984052 0.9290401531231551
31.132763211219576 0.9488018471492331
33.174815711564975 0.9249513328936659
31.797033400585264 0.9455487520680831
30.483920927485578 0.9515912948528076
32.1102233304302 0.9188864454229253
30.161359276123054 0.9368429894447761
30.5391173342659 0.9568703456955169
30.670788934976827 0.8727825384679312
31.759212764438338 0.9486209615071185
32.442442968415946 0.9222045110770869
32.03408860573292 0.9097522645201748
30.332963630615353 0.9126892621675821
31.33713006073499 0.9244679066853525
30.092998834417184 0.933887281389743
30.08608818241975 0.933092419322539
31.766525699527953 0.9410759593771667
29.85653389437164 0.9254076004468815
31.571677564180373 0.9413344037600484
32.80117518933849 0.9691773121463241
34.45035893694556 0.976862493708771
31.55357704280653 0.9415576384706216
29.314954326071874 0.8634738648772056
32.08031239350134 0.9687429564437297
29.63567492874943 0.8635203983664236
31.826238465448355 0.9461086291829804
33.290158539585576 0.9239600416966057
30.543272242993215 0.853815805758167
31.60097498307629 0.9349840464578558
29.610396308045278 0.8547848326395652
29.529048220314515 0.858750080225681
32.50428610576454 0.9677592173495561
32.519254384024585 0.9671419556685207
29.962895309693543 0.9344024884675071
31.45255611815127 0.9468046582867784
29.222824661171853 0.8522445963886173
29.992150676403575 0.9159868556759461
31.880743136031604 0.965061056298255
33.31331051817664 0.9667115429592494
30.01316877995364 0.8930334307229338
33.205033913538536 0.9213881661927357
30.7423540127656 0.9445289986056337
31.452101107506827 0.9282943410627181
30.051001143674544 0.9310435771329718
29.714074857238863 0.8738892001073842
32.185709483133984 0.9469246935581508
33.62565462763088 0.9573893487589201
31.327371023419936 0.9548890668346144
32.773755793294164 0.9292987877734026
33.6239105448933 0.9585275773527566
31.617676810274496 0.9523088037304723
29.25471506525524 0.8636597326239962
33.65542851628198 0.9595861400793251
33.31997869355418 0.9731820724818846
30.09781517002352 0.9308619796135574
29.814307140470984 0.8760328753802074
32.43283138522619 0.9216859779496114
29.46476878813437 0.870203128094566
32.26734247819648 0.9587569896801217
32.913332499025934 0.9610818763480304
31.334908555954904 0.9451039117250052
32.31076424723974 0.9347004161070864
30.882672763428562 0.859133954790363
33.46961715940688 0.9549479401979649
30.913838542428213 0.8742206618350586
32.31185459743381 0.9473211665206278
35.00309076432278 0.9815306887976354
29.545050638990453 0.8534568667478718
29.491102976542635 0.8591647228543208
33.69118345414203 0.9599841876911899
33.21163116322254 0.9568783871375582
29.72196571611383 0.9047574558681845
31.800554091245935 0.9413866694301479
29.546092597609675 0.851265256427764
33.89500732874688 0.9452342443568045
30.129373830703155 0.9310674417145566
29.144005747101886 0.8497611976874073
31.140820830719093 0.8892620087991647
31.718599866517295 0.9498598491848502
31.92053887675401 0.9674403151055401
30.897327118997765 0.8700013804400039
30.001113597671313 0.9280291499952638
32.46593842828357 0.9236601232157967
30.68183021569189 0.9410366310114318
32.43448787354067 0.921246335524946
30.410769733360787 0.9396124019926234
33.365809687234275 0.9642596644284335
29.507576639881016 0.8622145586433794
30.12304395176001 0.922479550113945
33.26017792240365 0.9664017543504093
31.58501056783897 0.9417042051269096
30.790797464505584 0.9030554848144267
30.32692421803619 0.9170664760969269
31.57939891478638 0.9356335507394937
31.78866134214687 0.9406150417096937
33.33609418389614 0.9682975908613786
32.669793683201995 0.9433643584573933
32.40363735662497 0.9275775273532959
31.633325009979654 0.9439991215871345
33.854833388025696 0.972338440205095
32.26670290014562 0.9586641578805035
32.03827107203853 0.9119688537581286
29.565772920548397 0.9193068482884655
32.20692588456374 0.9550180923797675
31.577621238668772 0.9348262567721952
32.16276742548055 0.9537910892905366
30.715384225191855 0.9457828579145716
29.316972390582468 0.8673915934128903
29.985564432647116 0.887298226887728
33.06347922449392 0.9522998612315885
29.50311878920955 0.8778407133849561
31.44767376310761 0.9509062623344774
30.920298131989036 0.9392136941053806
33.69817373409215 0.972024466293558
29.554542719007774 0.888193299085974
30.566475662351912 0.9410584390819648
31.03618571631516 0.8898790387435158
31.788483317938542 0.9514699240802647
31.755182898182134 0.934020005020131
31.82991779814632 0.9411465253046714
29.17640988021152 0.8450114830477224
29.547152811697977 0.8683207624104233
31.261751704278147 0.9510804538254776
30.386385935970196 0.9444600096313494
32.323612307378326 0.9167472577744697
30.370543330324168 0.9468873428589033
32.53423900454911 0.9677368380264971
32.7961991857389 0.930992188644768
32.69055689053179 0.9428490978567977
30.566495428552138 0.9121271686646526
31.805161716486907 0.9409371954138037
30.103897598190844 0.9281364468339784
30.189685336642874 0.917617355003399
33.9367201658054 0.9737643108430628
29.61066052231856 0.8924978358772319
32.384081472634755 0.9500522265165762
32.96275502639744 0.9138245576080525
33.80288726216546 0.9608498469852524
33.12409516842514 0.920275668025562
29.92945916648108 0.8910507817111798
34.4979105550206 0.9773314679166258
30.10557316113712 0.933873223343962
30.742409769779513 0.9470629860337159
32.9328230001829 0.9714015985844051
30.471686832478568 0.9537123078688454
33.31452527871409 0.9673654550545775
32.38499984486834 0.9199898459252519
30.14370084098727 0.9251355870327355
30.222109343610875 0.9268730429852691
31.192489319863466 0.9169944270133076
33.04186555179087 0.965731399860719
32.88023192224549 0.9587249007040182
29.254058814450154 0.8648993197494814
29.449953896981746 0.8519606831870937
31.667130743242677 0.9614564248474221
32.39650296820259 0.9207748690138906
34.36434493326716 0.9763610090990612
29.31438811575378 0.8887348931127205
29.557672023537158 0.8682333507960874
32.09933559587879 0.9135444565536083
33.32082590947083 0.9664957398454979
30.820149241086728 0.8652286393994719
31.721159472344 0.9320590763514045
30.677375118268028 0.8621366562500188
29.208573670929944 0.8657833930397798
32.32053143503967 0.913063830662833
29.507420769160284 0.8600174789102406
32.381493582482975 0.9480326615605587
32.69681420822289 0.9426319462361367
30.390596622278892 0.9177222552559868
32.53641505874582 0.9674746741691435
30.12964443185269 0.9050956688166787
31.828726139924637 0.9461542588515618
31.07273671090818 0.9413566909530353
31.840936284572877 0.9459962462061108
32.273651141306786 0.9129434465374021
32.01229187217115 0.9135361002401488
30.570377351951702 0.9435966768037904
32.01866759946435 0.9079537530768309
30.727925049685613 0.9509730975479236
31.60482003381371 0.935220166082738
33.132751138515054 0.955661371311841
32.30245166657894 0.9128921479041998
31.045331612699428 0.9393073752692847
32.94769633838989 0.9610991471889273
32.174943438605986 0.947790574831487
31.8332388316402 0.9401825174005082
32.57721363582518 0.9299068190993661
31.842346778061753 0.9628067092651119
32.29928769356258 0.9594918514702142
29.579287089119543 0.8919524855976594
31.434660752286597 0.948542506055787
29.565705358878475 0.8871026832967166
33.001189037006505 0.9625385963603942
29.202991956240922 0.8620562355219102
29.448006346337667 0.8764008983993934
32.22898751495905 0.9543091311623035
30.943496900732576 0.959548075525098
32.76799769570183 0.9288306503048662
29.48382228817116 0.9148616858791527
30.737528272670687 0.9495179638362471
34.963998116464666 0.9813308483800082
31.80756142626766 0.9409759731699597
32.30151439492718 0.9597262347538068
32.48324330324513 0.971533264084607
32.64535639762906 0.9280265466979836
31.569735972500613 0.9412115299303957
31.85896989689553 0.9502536470484262
33.12877733284558 0.9206507057569301
30.00774218250826 0.9256653322091459
32.315459636995726 0.9169323549083496
30.77519583066314 0.8640597807044397
30.999344585550254 0.9380741657935171
31.458792387377194 0.9448571449665274
29.62724801602599 0.8765784955334412
30.820215024656747 0.9429001813974962
32.68240577549278 0.9698479921573427
30.686197038557314 0.9384850639830465
30.20362404053866 0.8938902270206984
29.427085886797816 0.8571081276916312
30.69851265419571 0.9506044253231761
29.984453764032484 0.902914229827105
32.19521988423397 0.9546497689769066
30.520312447996936 0.9265265141223809
31.208890894520348 0.9160897133966698
31.80124427512572 0.9642981611432107
29.943859414198837 0.9148631906058488
29.308854807588865 0.8854552892674793
32.32096687530693 0.9603842286187783
32.41761643660508 0.9260311346994251
30.528503727150134 0.8527526442380898
32.4956953821722 0.9678454857685768
30.220293725743623 0.9198676784175954
32.580086733604446 0.9429341552763933
32.20609768839264 0.9438470925961667
32.57926775677476 0.9418911943010905
33.25568336035834 0.924087929473502
31.375017801287743 0.927545571649212
31.176749220319433 0.9365311485760083
31.93864322048142 0.9515156368351494
34.24840373427927 0.9743294214001843
29.571277361056147 0.9331835005053027
31.764475913035753 0.9570955122530338
31.804665229677525 0.9647930762159094
33.78633883002707 0.9392371758798901
30.635648721106893 0.9363530740931142
30.40019849590509 0.9433234163827959
32.356874517755315 0.9357758259827857
29.12421784719363 0.861314702870646
31.093537036738685 0.9474987302748962
31.30058464434738 0.943932512786642
29.411245334247354 0.8516623598963576
29.53472527536468 0.8577524127885094
30.83907200410888 0.9308923099138118
33.60487396092402 0.9702728989381761
32.6079813997026 0.9717909180832581
32.520708731844586 0.9676654332994171
32.776476845772294 0.9693234343356448
32.7605376213493 0.969283531288711
31.100858817871824 0.9419896723127449
32.433740510247304 0.958866018104315
32.351583873353164 0.9347005989464723
29.605325746595256 0.850068907686942
33.29000723281729 0.9249711725124972
29.609735441209793 0.86182488685881
30.898637676479 0.872134553422777
32.50347856195101 0.957550682023651
30.626815121743203 0.859665407474977
29.884387326883292 0.8827821301310863
31.093663028575197 0.939766897811167
33.760433515086966 0.9374301751913854
33.02583843631106 0.9621031725751791
29.527507254062535 0.89665068541874
29.466556835969765 0.8531286603180844
30.515593319311343 0.946708056011567
31.1467189445626 0.9503991114996596
33.17539326437157 0.9561628868769042
31.07502100427402 0.9334104333383254
32.31008609477605 0.924524925638744
31.198366044686686 0.9180494209278268
34.50389631659413 0.977217531473643
31.323926472005134 0.9237230112240238
33.13972944473051 0.96698691451641
30.999556610987845 0.9131642544409128
31.83268051687748 0.9455051837034133
32.97449841455616 0.9183479050949205
33.49581246327275 0.9565775884172408
30.05332977657517 0.9165632464678762
29.278748057474235 0.8535467921650776
31.208143390252264 0.9167890592525774
32.95511615780769 0.9605402829314474
29.385208623944447 0.8554574401420901
32.62742166344299 0.9292137991107641
31.222393335565506 0.9407205739441846
29.41620109829016 0.8483767960119726
29.262933806065007 0.8620257249268206
31.883154492482348 0.9423691236231403
32.15325383403115 0.9163193153152269
29.530594069927933 0.8903116575935952
30.87553078645921 0.874656214619505
29.487805970323695 0.8566021206856386
29.626996696499077 0.8711542272771369
30.11565051163919 0.9113024079476397
29.442446475158025 0.8575446511542804
31.190612098539848 0.9198262248140179
29.971377570724542 0.9245098734515143
31.271440752193826 0.9546405874295765
29.462348678519223 0.8708706624172335
31.061674213746464 0.9334932797893254
31.96871078571354 0.9388756839281717
33.27290050564067 0.9666479003017153
35.55570006876997 0.9817499386856486
30.92469962529682 0.9600232581292398
31.477177698133527 0.9490123691134756
29.435695377372614 0.8409331720295505
30.334252971356722 0.9194651482169166
31.331330908489484 0.9436365616842345
29.846805312261814 0.8842013200933383
29.204728420007417 0.8523707535352214
29.667907414556296 0.8760818680267304
32.167935229618166 0.9137276575788267
31.939778581905568 0.967477883645315
32.01142214851521 0.9036834221560616
30.156931897851415 0.923149932514526
31.246410915928372 0.9495439095448877
33.00020429994613 0.9613089717453791
31.410605029883783 0.9288854827086879
30.67067770787887 0.936998902315377
34.69085640503409 0.9743176211768342
30.67384982288396 0.8722766046797295
33.43903456421073 0.9736581453001709
31.05806385549585 0.8701400134216432
29.432966073810913 0.8542734242033333
30.930476918345164 0.8585150435021369
31.131184311008035 0.9132959746805672
29.4992644828187 0.8644526389266008
30.021723413740098 0.9260791122526028
32.618072060305295 0.9418633723102419
31.72129721955997 0.9341653876508951
30.683318149200595 0.8570544681320714
31.829465659045624 0.9456497095427997
30.707765101908553 0.948362020707181
31.737901937746354 0.9353730229204221
32.176259734544665 0.9540557312860682
30.199344219451184 0.8982438886323664
31.528166930047256 0.9522601186924902
31.867186381746222 0.9515023389685475
29.677016873386993 0.8710118300022506
31.658995832939347 0.961356127046128
32.90695198220486 0.9660930223004286
30.054113528879075 0.90699637418435
30.35390170414601 0.9192518837473016
29.26263228795511 0.8597742056663664
31.721850537351123 0.9332789529841564
29.609867124755596 0.9200014126829537
31.307015771223003 0.9460760562808526
30.74728032689282 0.9647697965964422
32.37668871413202 0.9559749054248042
29.441084216638608 0.8931957211372625
29.147114885484807 0.842958572044322
31.057905830738278 0.9409337947029273
30.155100531581198 0.9164480030691137
32.75906082238299 0.968862681304292
31.827450848955365 0.9452639604786919
31.081267252255458 0.9432684618695008
34.0252512021858 0.974102231138768
34.267157594318235 0.9738244292588165
32.81677554441565 0.9693686479317924
31.684886301292373 0.9330042259644279
29.58686251414666 0.8884788735605824
32.4460655315658 0.9199692134187295
32.052000727472326 0.9632311203129906
32.83677205163463 0.9694145987125197
33.30961180716078 0.9258667478887025
30.764208196220455 0.8670812628885276
33.90419767972181 0.9742666830407946
30.67933990313812 0.9491850193712057
31.094604975731475 0.9349250232980449
31.69474526043327 0.9339783614299446
33.34323797980226 0.963762199532696
32.899813883079936 0.9674860215579266
29.515154975736614 0.8789931477626882
30.64193813899619 0.9575049854538985
31.81031295389868 0.9503709763912243
31.291666814683417 0.9436526134237796
30.623261661178297 0.8590831854528937
32.2609342998922 0.9597930875720735
29.25497644641574 0.876161304196033
32.71436960187772 0.9758909441556318
32.437497475695366 0.9715132572519383
29.241316741708925 0.8622552190490204
29.80466355951115 0.8755218595894856
30.006108553251497 0.9041721132523372
32.405523091853745 0.9215397370274305
32.85283437420916 0.9649473035337359
34.42402243708857 0.9767286953947629
31.824033296974832 0.9460354099553903
35.16644028069767 0.9829417657322492
33.310741752359924 0.9632072756680624
32.74115164896927 0.9293983131186945
31.219691697077824 0.9205641321658329
33.177973116670785 0.9559356167735483
31.85398546474549 0.9571736174800021
31.889072543650908 0.9394661553841774
29.41490711913326 0.8743681848923056
29.67705662784445 0.8646063471760536
33.297076028005336 0.9311578876123096
30.96435907195916 0.8749059074922784
29.509179786061456 0.8843215258965313
29.440440507943123 0.8562624215223578
32.55783287825081 0.9595549335607904
30.833234832577983 0.9292010653671042
31.775908492063813 0.941129315162472
29.36953462191484 0.8904729887297984
32.25395580310048 0.9344499363219415
32.64038746257227 0.9744233111161245
34.15485836857093 0.9767054704240631
30.36499245686406 0.9227548957554894
29.883951117871117 0.9081575421061111
29.35969886859475 0.8763685480413518
32.43843607001642 0.9274206740670852
32.69459469523892 0.9758420795942178
29.665443630387962 0.8529923509749021
29.876035339524343 0.9036891087601587
34.00857406855547 0.9756976975837822
30.92551104935662 0.9599040106216638
31.719626921293443 0.9339082410124381
31.06574366785992 0.9001844041424883
29.376963183195492 0.8560410769591585
33.08069634773693 0.9203089074889337
30.1105507935082 0.9287317737045303
32.48297294279471 0.9571879012571057
32.2920887561967 0.958521583975924
33.51049513863928 0.9651504853203686
32.58124446308408 0.9233271385680171
34.25190975483093 0.9748774727592842
29.57443786578846 0.8599257770838503
30.18884806365874 0.9182531316663303
29.364473761326494 0.8497823340578025
31.58342411632279 0.9500173822944691
29.51922649368023 0.8932950858372859
30.83471647817411 0.9431732207292955
30.587702509533802 0.9277650116991055
31.902239818790594 0.9624009212787163
30.717115013547346 0.8703901070520795
30.54781751689049 0.9221124585242056
32.40632103186841 0.9245903706338123
31.779979812405536 0.9416075231042693
30.315765521095845 0.9412173436605493
32.73451936554151 0.9288141391935215
33.24031817785706 0.9221772288750133
33.18872934099953 0.9199601056027173
32.340794112290574 0.9343271829159285
31.448868315088507 0.9401382991715623
31.912993908013753 0.9656713831596909
32.03009626176181 0.9511899169063278
31.122338559192812 0.9404976132453282
31.705142726561732 0.9339547313331952
32.25423884624523 0.9665272117213826
33.347169068210626 0.9675508701556719
32.85595512983081 0.9710510200683089
33.66868490781595 0.9601770441676531
29.154055336519654 0.8719061809810926
31.705322570556447 0.9337398738589113
30.202424897299668 0.8985088428324116
30.370283124051014 0.9128019945393929
29.1832748830249 0.861176040529099
29.431962271206388 0.8355894725091664
30.972655540200545 0.9333309527117671
30.11675780065304 0.9332241212466307
32.22994889622614 0.922416138756808
30.101479655254046 0.9128848052304901
29.539059878520618 0.8803168846507925
31.948218659257854 0.9675164763790258
31.163844479958136 0.9171708100867196
31.186787355580393 0.916740808817164
32.178477174465655 0.9198436215180463
29.911237413429063 0.9065251838683508
31.576987162147102 0.9406536375096429
33.266395949516024 0.9674709241194291
30.35721801718916 0.9168420194798125
30.41003040979764 0.9201571731251604
29.575528324665598 0.9048015498989935
33.778362863984015 0.9394034953609519
31.215131786989506 0.9397405441710658
31.763381836552323 0.9409728951948894
30.626834403367347 0.9374063486779575
33.71999011440698 0.9675547172276862
29.198669353422225 0.8652138252202473
30.78442490776451 0.9461079695298854
29.46657489885322 0.8567332028834745
31.85983994702078 0.9574543064787953
31.85401676375575 0.9461600256478983
30.19689416396391 0.9234160279421451
29.714514073326576 0.869748300379756
30.761054981446993 0.8632990684485363
31.702663719813884 0.9343374539063319
30.63492806271808 0.9355757620525101
30.302832544529718 0.9180503101886757
30.663099194406733 0.8548050142299908
30.757813583390487 0.9385401923977332
31.412734260215565 0.9556959312099345
30.99700138493343 0.9076652147018446
32.673967088634996 0.9425508776454192
30.78330669298442 0.9369142252298684
31.953183022288222 0.951624454747317
30.76018527924053 0.9516059123207019
29.39953616378397 0.8436073335408237
31.65858430711286 0.9487382643899505
29.501377300599472 0.8613366583169678
33.508366142516635 0.9756681875171571
30.018731190400608 0.9070126748980368
33.32758455043112 0.9636325845279303
31.1020545115219 0.934718854278068
30.372069725341383 0.9368312350348734
31.588276382836213 0.941908415604409
32.55409575106986 0.9240101918190201
29.455022045932 0.8515259519773191
30.85054822332748 0.9365684388515866
32.03979421345949 0.9131734105177339
33.096913684953755 0.9542392530185537
30.747746474475946 0.8713029323039025
30.86896034182686 0.9276812618780599
31.10755951314428 0.9393780567982812
31.035195592364392 0.9372578418489418
29.16961212328586 0.8412289913090809
30.106799647392744 0.9071074503928778
30.072505439500667 0.917102727558277
30.268696187698655 0.9001245105224406
29.984759908166566 0.9219476472522854
32.29146636767679 0.9525308166971178
33.794635154595994 0.9384100891200567
31.34271886586341 0.9535888660816692
32.52820436053216 0.9212555721851438
29.53088047907645 0.8557663765780821
29.667777010891953 0.9389793121302757
32.086276490086185 0.9640431344922776
30.039583879507312 0.9067922151674173
31.90810489350187 0.940843649443494
31.230520594127352 0.9202448038881924
31.539589926279888 0.9409587447829301
31.08315894321233 0.9341959259593329
32.5164702373131 0.9265486063241244
29.487050311589144 0.8465668802767007
32.68407959240421 0.9432132754712067
31.08370936194081 0.9398114781373038
32.39489597119548 0.9358260611294921
33.195521395906546 0.9570917322163808
32.55512633427116 0.9237191399983944
29.982039067434833 0.8937250531274976
31.1521208314622 0.9154782331833202
30.481756216195123 0.9252191719162398
32.378258228737735 0.9212635912876084
32.95078249026582 0.9609374417638255
30.752190561076706 0.9331420765440558
29.581445390403097 0.8560129535669411
29.85846122711149 0.9055673235837877
31.593426294410346 0.9342585703673102
30.519803001374676 0.9505369777844975
29.484047906518207 0.8497323454998879
32.248433327537256 0.9218985188684307
30.576405612560013 0.9563816660397173
29.55284468237773 0.8699042177388433
33.17732903689046 0.9200986018093467
29.264427620904737 0.8714102645481591
31.067899877271277 0.9348221605536484
32.370732455574476 0.917360826789799
29.685413136585538 0.9311888483303787
31.048590016608188 0.9429336965283363
30.11828938787827 0.929201434189133
30.10607339067715 0.8930222875499532
31.776403024422024 0.9411911648569518
29.46207276802882 0.8547279237925506
29.28048344972717 0.8753772810991827
30.976274750876506 0.9376871428802127
32.64142380245262 0.9415871882395159
32.301854281771575 0.9336676976135213
33.83676099938474 0.9713967313831862
32.951874818739306 0.9612385822140095
31.55449700635093 0.9504058560726403
29.294257390963317 0.8773704573128226
30.388989244851313 0.949428904423917
30.128964114733545 0.9111115009301036
30.22005669077177 0.8995293358879792
32.42437994501814 0.9220331166201168
35.06061409954402 0.9775846581988837
32.531733581793326 0.945362737676265
29.243711936987257 0.8743546978175415
29.386740525583363 0.8509935036187256
34.05008150897228 0.9741560481995544
31.990538000820262 0.9486693793385735
30.64222634445037 0.9614337885888349
33.740117453804 0.9353828465652821
32.435212280930024 0.9303679305351564
30.00994273526897 0.9224766457565805
29.960392245485377 0.8927230724629359
30.105730672096275 0.9248258688854192
29.431174653851222 0.8536027147145381
30.381697578603443 0.8977498914470549
29.948187340254915 0.907008345499126
31.332311520535967 0.9540580683506843
33.501497014379204 0.9750608571386551
30.434394304201216 0.9218151994789168
32.540593839592105 0.9288532727640405
29.19201062859235 0.8645527061653302
31.48769195041565 0.9470548561795477
30.03684753213205 0.9334495550381838
32.66480767774499 0.9420098766451122
29.828639033857446 0.886907214404185
30.491152795076072 0.9574767422649315
32.08512028429461 0.9133451524457465
29.500651772206968 0.8594405995861084
31.388951138595456 0.9243957332139596
31.838179376401158 0.9417538377556097
30.12435854496937 0.933656586056025
30.890378297023815 0.934152186668665
31.178108573886128 0.9169601787257157
33.10936211570437 0.9528127456116593
30.09891679710364 0.935369919794948
31.61996808639596 0.9491060944739288
29.50350133268021 0.8963324209936268
31.94593591143811 0.9594351187936877
30.575321637871177 0.8507059577114279
32.591116388059994 0.9731807411305132
34.44316278965379 0.9772105447493743
31.578909886544658 0.952138476786321
31.580519970247597 0.9354331925461485
31.92927409946803 0.9049822382951958
29.771223043602262 0.8922358150745237
31.77058129623139 0.9628360526652081
31.824794749210227 0.9527520006121333
32.409983194068246 0.920388219257226
31.156118625931086 0.9172404029112645
32.76985360205534 0.9305929321204489
31.951943636885694 0.9517322104959162
30.420888633861164 0.9484646802075387
30.474333221534874 0.9505119752561074
29.392951452424406 0.871309265658979
30.934005313078316 0.9601608111094886
30.770900718565294 0.9536816710746298
33.090003335921885 0.9518776009928189
33.283264212262395 0.9523795956461332
30.09480150065574 0.902351123339019
29.352303916016844 0.8653414705742508
30.88284552951166 0.9588113741614915
32.94391807491706 0.9595058369386563
29.216020839461905 0.855767236925419
31.904011480668622 0.965501251693329
29.488957275543598 0.8579502575251202
33.105858607236264 0.966660771787076
29.563681777989398 0.8869322058654491
32.30271400454857 0.9130684059833529
30.11345594089231 0.9127596732424486
29.44534370877488 0.8747688507777809
33.29088094982355 0.9673970515334451
29.095758273257214 0.8493258966244571
30.404500699760483 0.9150667818643771
33.21520819082825 0.9520487574969798
32.310161605963344 0.9200172152360884
32.50832764382919 0.9671875390127451
31.064260491680074 0.8898594885724243
32.48467980245065 0.9673793746353242
30.519597556332776 0.9278088696769233
31.009260311223585 0.9639693200096119
33.08970451610212 0.9524303113011671
30.987940056397726 0.8695759195568448
32.15761262080555 0.9640600534552951
31.9715259071673 0.9525227680169619
33.25614580748291 0.9723174950083951
34.0381121429568 0.9749974033276948
31.031620816166253 0.9467693189113008
33.4463925893086 0.931458345732593
29.61788244302042 0.8593139005725097
32.06198360751535 0.9081662961494749
31.308441455639645 0.9403596736007083
29.453824121133536 0.8468778388771726
29.99164125960202 0.8927456153645272
29.393240002758503 0.8517113828767733
32.329330023626184 0.9349972494171654
32.228589814865614 0.9548018581426132
30.0776811551062 0.9114314090528025
29.7308467384697 0.8732691493527934
31.949926604951912 0.9511091014599986
32.196145780189546 0.9556611459083053
32.311567774398824 0.9589840399927544
29.691895956845265 0.8679299315599625
30.740591261716972 0.8685780206723168
33.006973120571075 0.9661383675552686
30.096906493086838 0.9032103905997563
30.08004740540339 0.9097336797180205
33.748025507667016 0.9404530136173185
30.136824459097433 0.9204881976715404
31.884150045886933 0.9496300766489131
33.36565524509764 0.9681091934412358
29.425981267074548 0.8597130566870091
31.818595370265328 0.9414165676318016
31.153231056298992 0.9163390888826547
30.144891369597595 0.9127210120290424
34.39974338598255 0.9766394862761631
31.958318878610715 0.9674092897434565
33.76692713201359 0.9380956510117724
32.12659517413347 0.9467802351973412
30.1129496762735 0.9045443839446888
33.069232500518936 0.9681048518817803
30.78824389655064 0.9342882431669901
29.46622530800106 0.8525066680366837
30.951981060577722 0.9573193580539825
31.209449068529402 0.940412373729501
34.1229007221158 0.9761723886012356
31.085261788900596 0.8802343480685997
33.0746193922854 0.9635496277327353
30.678824552118694 0.9628458004833362
30.96592043070792 0.9401749049260818
33.47258455458688 0.9544595687751818
30.482230544166846 0.9538231943756104
31.11559346176078 0.8778831092816848
31.28372663621839 0.9146804865723879
31.15104953457049 0.9173212282110392
29.168226720696975 0.8553917166582657
31.105532525607952 0.938665108387267
31.070097336018083 0.9434660471572242
30.842511953403516 0.8737714408419945
33.06905174657155 0.9545369227163234
30.72820343655944 0.8983958825633548
31.87199606674497 0.9469648830469892
30.134773429251453 0.9080336167764204
32.50051507647512 0.9199655021507852
31.387920774479706 0.9272813887076515
33.965560129818655 0.974873048596139
32.73282888331035 0.9281500210675192
30.72058747517845 0.9404241744250204
30.586662969231604 0.8674010089814326
31.780668388647783 0.934657472254911
33.28686892335442 0.9539687596664158
31.618361165341653 0.9581099383358505
29.31115862143379 0.8382081476412565
33.18537204609965 0.9711950341319341
30.001172468024563 0.9243561933384596
29.631965322700662 0.9229122463694329
34.77462487797927 0.9758922062760811
30.957792593563806 0.8653787840089662
33.15656070144435 0.967852945523194
31.29711537711884 0.9531263621883443
29.94272489858521 0.8909752687680066
30.20480924178381 0.9168603285869776
33.75826139235229 0.9382142658784959
29.209139064791742 0.8649817133159422
31.360164110896402 0.9548525855761207
32.99580966989528 0.9183306735168737
31.59662390775219 0.9354083570971928
29.198265996023398 0.8636168257026564
31.897894564927416 0.9421168393343965
33.21436107298423 0.9602808090567432
30.999303397976266 0.8765153966684743
32.49923497618864 0.9445520110456123
30.388021405842807 0.9155311177810632
31.04510030000001 0.9406343498373579
29.456318733678494 0.8830077139751201
31.933985443108522 0.9528343428162652
29.56233615983755 0.8697104795770044
31.339320417131983 0.954726909944957
32.7563982978037 0.9292560664305488
33.27409327941552 0.9626418677532427
32.3207798779674 0.9598411864569298
31.866743510102662 0.9396041405249694
31.312003259664852 0.95404361063739
31.38516798704432 0.9392271151967151
33.24108097858867 0.968652304385754
34.31657903068562 0.975499138335399
32.66574234605806 0.9436031686710955
32.39054881334737 0.935650868879551
29.681892668078824 0.8486743875465111
30.87495723838647 0.9575708869838934
33.18702360783778 0.9197717224180981
31.36083009359577 0.9544866341051359
31.56776374011862 0.9417455176647089
29.832752584752935 0.9320180463690593
31.822720957607782 0.9462704349924446
35.01965808126667 0.9818603964532673
34.0270353993664 0.97475863388884
32.180925794846736 0.9180296594950874
31.82981404630082 0.9426750310176452
31.569355827361004 0.9351380387028528
30.093380264920224 0.9345769849631589
33.220211396140975 0.9202846660156038
32.28321995606596 0.959474879366505
33.357821179403246 0.9645172555417144
30.876188781025995 0.9370166554383994
31.61178727382383 0.9538977483454334
31.406139621572976 0.9478895615790345
32.37808355707057 0.9204194205180636
31.181843514029136 0.9171022417465274
31.320712651126815 0.9244643039410256
30.288750196795895 0.9013658047317713
29.479309458962643 0.9046263632624594
30.8567262354997 0.8591349400150516
32.390631829589466 0.9192218545784798
31.573703319023725 0.9346418482495664
33.70721529740688 0.9669481697808464
34.12336947192211 0.976514954151227
31.306115907927058 0.9450879152074133
32.4443772478251 0.9443928540564681
31.130688244458277 0.8843090723629257
29.991258359545654 0.8941538577488818
32.33698744054276 0.9484101808851979
32.57523041858532 0.9238127515433306
35.03410589275407 0.9819313206106893
29.420576915891544 0.855068606100045
33.801419390543124 0.9611580045445175
31.56616877167489 0.935225631552552
31.01053137068324 0.9387251355363333
33.76087725859122 0.9608979859031966
32.15257820433108 0.9118580535654286
31.633694801006833 0.953261021762226
32.51190418104405 0.9451154408082758
32.737227486287296 0.9282952794069839
30.773414978230484 0.8731463947889484
30.490915013933837 0.9210562779712878
35.174213725643604 0.9828810295579365
32.342831276675994 0.9448475781876777
31.804121887918008 0.9455732050115532
31.605071088996763 0.934486893376801
33.75710792647419 0.9609903362281762
32.55003195867112 0.9212900826930529
30.64726564617944 0.8661932876733579
33.84706677167429 0.9718272455402491
30.01308507641204 0.935144004754948
29.436571963913806 0.8797399325095914
31.84867395938712 0.9379002412626236
33.50833412439026 0.9752379581034497
30.920842950645387 0.9253017700990415
33.61373325309359 0.959043530381667
34.04014214286431 0.9757249878618142
33.939731944749326 0.972410977528818
31.324481158513095 0.9438822848056385
29.876105771284163 0.8849019778704271
30.347627328736074 0.9159648437068997
32.342181238353035 0.9653289875352011
35.68256177011329 0.9825421527216219
32.32560053446901 0.928507962180421
29.511187543851996 0.863301084799743
32.49424509517996 0.9450550260057489
29.28116510828374 0.8719665122391337
30.145602346181448 0.9224735999461595
32.9419720223851 0.9632833201944436
31.45607477868486 0.9442063465071603
31.38939655650556 0.9431672479068202
31.823943054680942 0.9456982941039712
32.190810479214406 0.9547124674282305
30.66420914208679 0.9466379977294155
31.38922570173672 0.9273302110899492
30.140602093482304 0.925087595283598
34.93351072952316 0.9809156622275126
30.2754908426348 0.8988918251571779
31.97603480044109 0.9034259146750423
30.302554466426418 0.9161260726835778
29.57586770520555 0.8623351743881266
33.06217710832674 0.9533284295192469
32.34248289525545 0.9335384275272542
29.979187263634905 0.9126325292190102
30.166687222702976 0.9184458531824263
30.88409034812614 0.9062767485339737
30.2057027875223 0.9221345631197164
31.069483182805897 0.9422829711867827
30.002302142577875 0.9092403099873411
32.38140656068863 0.9367123398950656
32.97905510197298 0.9612139328079922
30.075735181164095 0.9080093497008148
34.90003210544291 0.9775596114435552
31.12510463862383 0.9396751849939784
30.836395382568348 0.8620601333524572
30.35157769509963 0.9213997695694952
31.596611220449766 0.9408963377908509
33.28221807747991 0.9257712030574949
31.574185134786504 0.9413314577981664
30.998904258098158 0.9028587804979387
31.02548639528389 0.9321287980145198
31.129491478545482 0.9469257136915822
29.190103370499955 0.8543929622869879
31.855435552509526 0.9414119601018028
30.96029361694501 0.878657510500694
31.305554959910936 0.952536073620216
29.635723797681305 0.8761400178976404
33.12780971988411 0.954533309068437
32.37843518589456 0.9661258538832416
30.96578821592538 0.8709456661326263
33.01671442492871 0.9177433959791363
33.40383516569013 0.9645220944074908
30.448679632433425 0.9539282923753886
31.083338180975865 0.9409911583680249
31.81819113796514 0.9577398225563094
32.53754071958247 0.967714094284782
32.60391729249776 0.9411943156168282
33.20404456989758 0.9601114852724556
31.294616580407883 0.9424301675663354
30.491353702009974 0.9215714296237277
30.70513768969152 0.9500991119693325
29.917872784029015 0.897042754996411
31.104443771674095 0.9350518030727192
32.12493489895577 0.9633116910888551
32.401463053834256 0.927023385051353
32.384069685268 0.9348633195712177
30.03906909033641 0.9279893850154523
30.099724100548993 0.9304817241533736
32.083316479698176 0.9125703444077679
32.328117034649885 0.9237704594910399
32.57976493167089 0.9270771001376702
30.430484071530284 0.9252278905996816
30.407332934301454 0.9431352276674533
33.72877200937797 0.9399566033266661
30.03256911813815 0.9197830228883619
34.02138453586667 0.9751673599518599
33.6347750264327 0.9589271919993028
33.47575589112523 0.9750015108471297
30.643945281196704 0.9350678612579228
33.39412900439508 0.9746463228136524
32.34903940962657 0.9466597481705683
29.8393644756568 0.8767414429976369
29.563029966955384 0.8637036223041841
34.43136236868539 0.9768237956432911
31.623177330752522 0.9422434611545784
32.24250895051206 0.9177039657354155
31.848030978947865 0.9376174287892666
30.31324207307591 0.9452850625381015
32.77436850546318 0.9286140810110766
32.57280568588756 0.9740642270161401
31.215000478564384 0.9425965206347179
29.696103497897 0.9388212780130879
32.28137283381521 0.9583969601743141
31.325620841545955 0.9239847880717397
32.523200733571024 0.9530600301745887
31.81445435539623 0.9466132737059693
32.09085996696012 0.9105077169877607
31.926388352595133 0.9619182885916487
31.025188285613883 0.8769340564882239
30.113624558594715 0.9331457099932223
29.379978874488994 0.8730109201223375
29.411528773950096 0.8527369036138555
31.157049566536983 0.917370786307734
33.90669941948806 0.9429271460361146
31.21655842419283 0.9175346936785489
32.34378428971601 0.9130455200453904
31.721886448316393 0.9575498671456996
32.661386333648736 0.9298975994449242
33.245639733366886 0.9663769859337533
30.163209017277715 0.9123206348161915
30.695144644559576 0.9249517890670653
32.34485055610911 0.9181917426084852
32.98341054041028 0.9182218969222621
31.026297123482575 0.880995644102444
31.156435891462053 0.9415212538457626
31.628674282120734 0.934572506969417
29.450360230403515 0.8932055985408391
30.634160762894737 0.9630810724593423
31.91602233963664 0.9510948431592747
31.160285621260982 0.9503188895880602
30.715265118039014 0.9432756096254397
30.093553939083545 0.9315039508224101
31.359450778575194 0.9568991073564569
32.307515385754726 0.9601911976251323
32.202049866876244 0.9185462149942684
30.40241110381611 0.9417447481070806
30.15893533394729 0.9132329260008484
32.84162959265866 0.9624824850652373
29.952222436988343 0.889027831837723
30.185339695843435 0.895609037042636
33.36960334689297 0.9527391984171755
31.34296090191215 0.952463128313358
31.7707866517255 0.9410084716804037
33.657488113148034 0.9584614603083292
32.4130493504798 0.9500572830505705
31.38588797359575 0.9281311725348331
32.08150562171171 0.9594640516215023
32.46656269206758 0.9441282697058654
29.202028041395597 0.8677184224868191
31.204439385175892 0.9477870489145916
32.21490531313732 0.9643179647452758
31.592586142356573 0.9614308319344078
29.640393316358335 0.9212836430265108
30.77830731585206 0.9390900172903661
29.540120154816584 0.8643604346759365
32.650203274226364 0.9419148885146723
29.44660328939073 0.8526944621900489
31.208159922715506 0.9203628580679
30.92833183213832 0.9415366282220167
32.399578317099994 0.9531147531074956
32.0415174787392 0.963705396872694
32.55979668272817 0.9678605729101699
29.602744284601975 0.8633168165545435
32.390610123354605 0.9208391554223708
31.563706116706914 0.9410750099855272
32.297190715015574 0.9589684818627597
33.343369812375755 0.9728031626369517
29.426138475416792 0.8629451607084037
31.86265718020552 0.9462706913916549
29.59266508569478 0.8596663503549853
31.780700818284267 0.9636241878394095
31.73679717234485 0.9621852137781503
31.568943253086278 0.9346486625685102
29.538189018049632 0.9187949760548649
29.973812539527547 0.8915824927633382
31.27993993911094 0.9152827777279242
31.163344669000935 0.9158292090572111
31.15708396471717 0.9478144873952623
30.400929885461903 0.9487012791133391
32.406108921438 0.922653031103763
30.087130599539087 0.9150986427111799
32.743445480188164 0.92984351644469
29.70424360910751 0.8593490793502616
29.369057535788784 0.894691474380259
31.19558965247954 0.917668775114467
30.442051986505643 0.9233348908831348
31.544458623161372 0.946962822492492
31.90452898996496 0.9672786571199365
32.5340158306788 0.9677251341426052
30.660126658793757 0.9427710740252861
32.17946842733009 0.954062451422477
30.693150543580497 0.9446739080383192
29.749150746607786 0.904629524589435
31.89614272742052 0.9398304270060249
32.49870906508286 0.9458289562278257
32.494553601427064 0.9433661063790517
32.53199952009774 0.9295905471946682
30.16897713200173 0.9159362825036087
29.484664175388694 0.8659516380281604
30.746105919429706 0.9397185598596873
31.18707858282924 0.9163050551101403
33.27725272595878 0.9666451824306982
32.53471372997063 0.9213135443839015
29.522588175145827 0.8564362528782212
33.010190417705275 0.9621142031783179
31.574791030082924 0.9407558427141851
29.923274261872493 0.9337848173975299
30.29571219912949 0.9194857238273828
29.48795547830808 0.862243980415416
31.427727359736096 0.9408495241882067
31.38757918775353 0.9468071907770856
30.587034258931173 0.9600472680255105
29.84718374196533 0.8735643286304493
32.66456511875909 0.9280095481812096
32.37433967848224 0.9186149956474366
29.149036210165058 0.8641990381641622
32.325536383901785 0.9242491539923244
32.1905402676726 0.9485382240591874
29.269246770285626 0.8609631595554191
31.770263707659332 0.9647492428263799
32.97420133900828 0.96897101911406
32.504633638158936 0.9450086529510502
31.129151396256628 0.8838032116003847
31.154806819959802 0.9158937958262447
31.175543150299735 0.9156787448867315
31.177004930617077 0.9096402977456213
30.629172427297426 0.9351475523085675
31.092421914094665 0.9365340325339949
30.475339600659353 0.9548142596207495
29.33597784688603 0.8873307422292919
31.015427329732752 0.9461136422351597
30.531050216585804 0.9318336259384971
30.72249851320216 0.9385744642797567
31.204942499125863 0.9188807568067288
32.74876249299718 0.9290535919353592
29.411671459663733 0.851542159245967
31.157983573858566 0.9426117014977323
32.74001488629271 0.9280323299352886
30.866956422462163 0.8778988394994535
32.37064034224975 0.951182125733339
29.61203626227016 0.8430383470703238
31.794319482841345 0.9546301748164474
33.297452809471274 0.9634849187696896
32.305123179611435 0.9244024924296107
31.123825491931967 0.94047109587517
30.141944022664994 0.9129536892979617
32.196793988410654 0.919658903220619
29.15743358693097 0.8419701016790574
30.555945571651133 0.9557935438770897
30.12779648922679 0.920561372888016
29.574905200228272 0.9166088070074302
32.57949883658726 0.9695074720420435
31.810763769748974 0.9414567644749824
32.39279614308756 0.94391645082025
32.67726655890718 0.9436903127834394
31.853382413882375 0.9381325115999859
33.03353747676821 0.9169099121300719
29.32894771619136 0.8856862782362461
33.31682572906636 0.967369228049932
31.6969357206089 0.9329759567179949
29.3364092792228 0.8685225179822266
34.3720689679233 0.9762575933996782
30.546082410904404 0.9559976843339494
32.86296328099482 0.9604507265086895
31.52289637874279 0.9464287982994649
32.4591141944951 0.9249316751029241
29.24030538285315 0.857079566829036
34.402516738989014 0.9760314465761026
29.990793752265393 0.9174822742301272
32.6920987410723 0.9751364531413733
29.590961274967857 0.8788632677761453
30.799354888000767 0.943145984647034
30.230204856496176 0.9298354475970788
30.894615172893975 0.9007903101476554
30.880081289756667 0.9083087984170274
31.166114017893428 0.9177791492923059
33.63422938161361 0.9597286086635481
32.22743250934988 0.9474993391496792
29.613501238678708 0.9286417790388215
31.094382325512303 0.9333556710633797
32.37315577558191 0.9177507770254506
32.411397191186516 0.9277074208261301
30.978624949628212 0.8712406715087203
29.747776473868864 0.8665681892595721
29.407434119539925 0.8469713716320597
30.587956210222778 0.9290169594581299
32.279098531988026 0.9120820916602688
30.733687035172505 0.9427273136694291
31.093569240582354 0.9344343086201012
32.49999955447113 0.9674108057042579
30.61101448265593 0.8554378403063204
33.33752891768418 0.967842380441816
29.59747346341552 0.8707548949091989
30.69651262375863 0.8565750352789658
30.04405001414833 0.8965764925886986
29.138844400315417 0.854793793093767
30.736424407980692 0.8677449919558429
30.77321738405496 0.942897982265124
32.37781776583835 0.9202774490285478
29.497877245178117 0.9316198705344464
30.870030532405572 0.9324657476862714
30.93909459063549 0.9362398548337512
29.42238011850872 0.8979832753745031
30.419284761733593 0.9236645060088886
30.102000097481806 0.9058317822370129
32.304568734455444 0.913230387239359
33.599398632178826 0.9711788229700681
29.825741231797252 0.9071248393659149
29.99679714903449 0.9015765656142293
30.115520831354186 0.9324702044550218
33.24772490628069 0.9524070298349199
29.810335255721057 0.8898192432319846
33.15903302866783 0.9559126674999973
32.52567413118867 0.9676185636852098
31.555070629539365 0.9344848672073363
32.77858287893661 0.9293085692032228
31.13504622135535 0.9407638072776422
32.8135514185301 0.939112149294861
30.087463338529787 0.9317995264195538
29.512779852991493 0.8786338516909672
31.166031003645397 0.9164753334117077
33.3083090407849 0.9256969838629824
30.832277939043866 0.8781011768255601
31.130189100850973 0.9143787499172475
32.39098942686344 0.9205132060507174
30.630834907871524 0.8663392767295535
33.77944596335072 0.938485934546879
31.18720356542729 0.9168409759116356
31.390620859516815 0.941719007739492
34.135681755436266 0.9767700588762938
32.05836768223214 0.9681763683579605
31.870297545014402 0.9637598577403619
32.51333961663897 0.9453337503994876
33.065624633167474 0.9180415417833117
32.12800622616183 0.9470186784186486
31.425611808328675 0.9552948656908246
30.972611308181605 0.9640662317039936
34.47913154053227 0.9819703966238181
33.17166743791019 0.9709760115798451
34.035409546939476 0.9401802990828568
36.49949947896088 0.9865468632662464
30.963937631480075 0.9669314446165612
31.207771281457806 0.9435862144414255
32.84415593805229 0.9707118499137376
31.090626964750363 0.9427321078435887
33.17498267391509 0.970918467195091
31.53111843565644 0.9480875419421091
30.83397931759455 0.9638134495109197
29.976521895342934 0.9370445359892913
32.716802446294466 0.968657209564861
34.487806920249525 0.9822503092547686
31.137000863458816 0.9683162793107422
31.260280791593935 0.9671278932848292
36.57097552210336 0.9868347320930406
36.51844246979173 0.9868257599629404
36.629387690065904 0.9843048401516147
30.029095164719738 0.9396640346755932
31.310986533658554 0.9685443673515388
31.293045469130423 0.9439699089934169
34.52746562147398 0.9501291054962151
33.163050095712386 0.9710851049455226
36.530381846545396 0.9865773404383675
31.54821002568614 0.9488943897722555
34.013279708955196 0.9423027037112369
34.512128517577985 0.9823566827983076
34.223722139736964 0.9763280873762457
31.180835763740184 0.9653648576575596
31.250016778049932 0.967667205646891
31.210738597122827 0.9672476038892193
33.14158736273344 0.971108999868524
34.364415722561745 0.9766411066690457
29.931899925043183 0.9375508058380184
34.26805757598328 0.9772119471472421
34.424292488381425 0.9828467519495642
29.956374991667673 0.940650720610065
31.47836496093881 0.9624300452483758
30.771147253118446 0.9093158534804557
32.22766944759104 0.9509244346949473
32.2443598645572 0.9519321574825628
30.047601453248483 0.9394548744364468
31.25350546877883 0.963232048535519
30.884245672695663 0.9634471103854504
36.503743678529325 0.9866676540654314
34.02008532799448 0.9430077917924526
30.634289865137866 0.9075494044305831
36.53617641689106 0.9843201415920849
34.5184422100671 0.949566751701861
34.92205191064079 0.9851000051443208
36.834841716134136 0.9840189180811428
30.901503214689562 0.9633437492844759
36.388207022271835 0.986383614539252
30.956280956185907 0.962131164082716
34.455157079755566 0.9825454291156404
36.5290218065953 0.986664933296087
30.66860515071072 0.9072397502669093
30.89193242597375 0.9626931420218724
34.66881380311537 0.9831722857399794
32.14770553577986 0.9507920809211504
30.800091475027294 0.9104171917300149
32.190027166591534 0.9511553466989974
34.505031378105 0.9500845351547317
33.25925966049106 0.9719948924913057
36.873205161435195 0.9841179655631028
31.46222815522504 0.9459848183197405
30.684062050094703 0.907847540200372
34.527451295596705 0.9501090836982704
31.3519503157789 0.9688673548072819
34.30817594233198 0.9780986418095958
31.53589318843448 0.9610430064676453
32.881207306016094 0.970312003037686
36.680492906504576 0.9839673833513691
29.981239787578488 0.9431515617853965
34.324194133816434 0.978525096015385
34.26458481643869 0.9822931801430187
31.265290100209803 0.9652537087546773
30.874837434160725 0.9627360537901475
34.02636936133557 0.9419460912484233
32.164237271869176 0.9507820474570546
34.39747955225187 0.977233241476625
34.44291355322221 0.9819326884790086
34.197246344699835 0.982185217515255
30.836297404245194 0.910526289061514
30.970953344528006 0.9661758999745943
32.84632889138389 0.9702641426549379
31.421675953524165 0.9663861741981326
30.852477240134913 0.9642741001095924
30.899671710771663 0.962742204125362
33.19647579084651 0.9710880160402521
29.957364767362293 0.9388629570273687
31.002962599462943 0.9625319855764489
32.16540533584897 0.9509358408449508
34.077614070085666 0.9428041351326277
32.13674258305821 0.9512951177612046
32.88857836168216 0.9711618241872952
34.04131203630104 0.9418559172450326
30.820228287593984 0.9647333780814978
34.56472722864465 0.9494296064595333
32.79972300440393 0.9701638821696887
33.20918435491181 0.9715084179929193
34.06912739929298 0.9425588675976676
30.705374319045752 0.9079625147217872
29.824759697131608 0.9353558898990653
32.77280590676626 0.9685456446335745
34.23713237467587 0.9775976658761035
31.178053557885246 0.9676638683490495
33.21358177842425 0.9710468014113216
34.56988871006048 0.9500216173631458
30.834824002303197 0.9636620851236949
34.6103419046281 0.984187085159139
34.05666843741338 0.9410185533882902
31.261574933543187 0.9667388487659533
34.63616613701101 0.9496114310995858
34.46037879193852 0.982974409852779
36.43708427833461 0.9865650251705064
31.17824395654178 0.968951610912501
32.24718192800785 0.9512028145238781
34.069347673602444 0.9420279965352003
32.72703093950406 0.9694318571878348
31.307396481686652 0.9680780169037038
36.737720625608546 0.9844728602835667
31.457578207562168 0.9643975365785269
31.381664628470443 0.9457724276921138
36.94098599343016 0.9846929140542362
36.50625584291617 0.9867148278172564
31.112473655604536 0.9622605733800962
34.425528004714735 0.981945318862548
34.327022538331356 0.9811229867653648
34.199029292444735 0.9822578718114189
33.22554297085149 0.9714527033312892
30.66305391210793 0.9075138597299676
29.77827290063344 0.9356509296219285
32.80593313522996 0.9695421410148324
31.139519632097414 0.9425084196799703
30.871611484337606 0.9632623721737908
34.47128560990093 0.9825933666340695
32.17505069889489 0.9508694623101838
34.39404373107094 0.9502080719395324
31.057741087644906 0.9648157077397602
34.4365610222802 0.982297657649431
34.461858979508484 0.9497742852208979
34.28250389817316 0.9778755202656455
34.33421808803511 0.9777901868004251
34.39341015943425 0.9813693600266766
31.119934605091398 0.956658588266064
34.734316456270726 0.9833672308389935
31.54916681479913 0.9482785112561792
36.73650022089645 0.9843531639714422
36.69873922286672 0.9835028539081799
30.752441258787595 0.9088276838857873
