31.37409861570509 0.9314970457859526
30.887240188545864 0.9257433182933997
33.26993818828184 0.9599457325430664
33.147746124348856 0.9418578778545353
33.15103996725779 0.9496526760254353
31.578395960781428 0.9295387392321529
32.343349192602 0.958443124563522
33.44996717163485 0.9486529866190423
30.482848745128173 0.9040093723744926
32.28735087299897 0.9072499874867042
32.67625660763314 0.9202430776805967
29.887916457205797 0.9120155725734829
31.542095007274654 0.923993169027899
29.214027692619524 0.8332567473314572
29.903593957955444 0.9121778947174138
30.928639956504792 0.8297455013040455
32.26197819739981 0.9419135971640805
32.09925725293837 0.9613148655966499
30.99809973234827 0.9316147532474978
31.339280060832444 0.9402220181235323
31.07559036646084 0.929659086042779
29.052314964242676 0.8072120573547695
31.70315550725472 0.9454917665878753
31.06459496892154 0.8350170398504839
29.951751562108836 0.907202001407059
32.397041054284884 0.9073400562673459
29.474655760966005 0.8207168803860914
30.44027088005597 0.9025705980080118
32.40074043657125 0.904516794853739
29.258467661036576 0.8062076945942503
34.253639849974306 0.9676936964022645
31.997420283981434 0.9474849141017601
32.28918937947641 0.9481939482977735
30.691564728807585 0.8428464880869849
31.188549160170922 0.9415137883078746
31.098326732332715 0.8409556606383606
30.267786084573856 0.8909080550513859
32.86273487119788 0.9215493169925952
31.54889920631583 0.9240216909231923
30.266668105485365 0.9452581626967927
32.177707323315474 0.9558602136897024
33.22220230263688 0.9132165615156732
29.999438323772118 0.9270901618572515
30.364469858582105 0.8979502279721042
33.0715348775891 0.954705575370226
30.32769333863394 0.94953992400603
31.22457169514712 0.936203645463176
29.371852045922253 0.8291394611520634
32.30171101118682 0.9498576923646969
32.31751677798585 0.9486944147813234
29.526105059909188 0.8365338769762576
32.728492768880095 0.9165277780283326
33.852060629461256 0.9613902598094476
33.229027550604854 0.9275498314304357
29.432510296703445 0.8580581130825821
34.17527029850862 0.9664340243020907
30.033875195685766 0.9285467680811501
31.98936984998773 0.9447705458017746
32.12160300779283 0.94679689107823
33.383579505637016 0.9607774846206324
29.98390433429472 0.857525923361848
29.879540598643146 0.9101629883702014
32.37348272964251 0.9065659839433456
29.41872182686504 0.8617054597245593
31.6969250090046 0.957163818038317
31.675417219610583 0.9390118499309678
29.45552746206284 0.8266990821337168
29.394236613236995 0.8170142263707305
29.362702212133943 0.836126351370234
33.37649859446336 0.921544596973284
31.130980862731633 0.9360756626493629
32.84553383390103 0.9665609835358107
29.701752979614604 0.879637195346339
31.378655163140937 0.9150363090308931
32.660413701126735 0.9587794559836677
30.150619730428065 0.8648067346707087
32.74926911636011 0.9153632733977496
32.55049340017593 0.9557593240044261
32.64398525603054 0.9580563126454616
29.40220855534055 0.8243704253694472
33.73443168639675 0.956447454457232
31.18215430342776 0.9356750532602365
30.646577209072348 0.8225908347938842
30.131642786685564 0.9341553141180029
32.71364428046499 0.9672183917929479
32.74095597580535 0.917005376777474
31.207209843264426 0.9323513603529935
34.022021533584294 0.9760007308825823
31.53391156337611 0.9235134274585675
32.06979992427558 0.9649923235158274
31.27308973896248 0.9404749458036213
34.00586990035811 0.9602196770245925
29.13417600042587 0.801227667298092
29.67728884192066 0.9015781086144092
33.010241804912724 0.9274059005722045
32.66174342550073 0.9135335529903487
31.26158755978565 0.9419808473240732
31.72817152130413 0.9395974530924202
30.136160691308582 0.8803134585966497
30.247790526688757 0.8800731794908324
32.4388750229444 0.9724484842187858
32.13572943193463 0.955635931810967
32.4050061141644 0.9666337140255236
33.15946075093159 0.9485004094482593
31.544761374220176 0.9371433716469556
29.209362387274645 0.8347116757897027
33.59444065545602 0.9575198193247101
30.81632092176806 0.9479427354859181
31.078337237244913 0.9342738260016662
31.39136534883006 0.9427937423778705
29.99998335376897 0.8587609294421072
32.719871300135836 0.9172407911295128
34.07251850721375 0.977086314860053
33.44159353917825 0.9287938343774729
31.42225789271214 0.9445090600439731
32.21027860811927 0.9572045569051577
32.9027603499159 0.916421580478488
33.49410206699536 0.9661361186183653
33.69504612758921 0.9648216782906512
32.70970143940821 0.9175568874022562
31.366860126022026 0.9335316436628021
29.624105250674944 0.8376809220827742
29.4449104016222 0.8251364406075267
29.496055725812663 0.8214148449236759
30.977325513447134 0.8283949560115166
31.06602885496091 0.9368710825523169
29.662375312374426 0.8084528536402643
30.222042084967242 0.9352745943211866
33.56962041359672 0.9284723033486953
29.67372870701987 0.8375214502938853
29.56378724472809 0.8309448500671192
31.53619565575614 0.923641842501306
30.37902243110393 0.9103987534386108
32.40234539778343 0.9673707211815071
30.37144221421358 0.9467824872399172
31.59750227636534 0.9302387674080996
32.845395136655355 0.9232106857816259
31.435534776276782 0.9417639914704068
29.330423568654997 0.814298417579417
34.093598963950754 0.9607450246403026
32.248115284589005 0.9482903743222466
32.21845855196642 0.9523017004926918
31.48046190362628 0.933931792643512
29.463362052962772 0.8232006409800128
32.232307750396636 0.9583688635864196
32.0046636475572 0.9460419521846845
31.909178102619933 0.9463631919625553
33.12885180826295 0.9570487831384514
31.05680261949917 0.8274982206092024
34.38803848163125 0.9644394928981388
31.80866535850339 0.9403554740359191
31.88172492729256 0.9454322819792609
33.22107026030349 0.9437536951050229
33.23576407748804 0.9578204782200372
29.222695208012233 0.825031599370749
31.684148662722205 0.9337953620875045
32.22647425170792 0.9387608190837933
32.146131842039 0.9668620227184889
33.15284327383287 0.948440980891282
30.310297622250676 0.901862875381302
32.79458315912451 0.9235997482687954
29.460024360727846 0.8184464920162863
29.438054752581742 0.8136413591090328
33.047053361272454 0.9206620997074704
30.218926447537665 0.8841400631726039
29.65620317292663 0.8984012329617317
33.296543991294705 0.9615134725151349
29.815878388710722 0.9079866769562716
33.436340468855136 0.9511281985501666
33.35321544404279 0.9603892791401053
32.7105195634042 0.9169224160003758
31.329458930391525 0.9355137160660906
29.709425715916016 0.8393972331124032
34.16139958605694 0.9657181111630401
31.191233800313036 0.9363051363994155
29.407060136359625 0.8319149708793764
32.13271113288484 0.9587825811305496
30.52212619664854 0.9083484777792831
32.78733349203813 0.9172125107482605
31.38531753380816 0.9341759655120011
30.503718866472525 0.9247127426463256
31.06383682007589 0.8339241084958424
31.780278921013423 0.9457804011520905
30.344570564540675 0.9027218570517592
34.388722548646875 0.9765642915159655
29.2570408558665 0.7978829274190239
32.30152073724824 0.9585872711823751
34.67969242312778 0.9734939237010256
32.77765649817403 0.9225886229720195
31.388181365782593 0.9144993973633792
31.699344230118754 0.9556203692051611
31.453094644805123 0.918417670235834
31.662216347273606 0.9587227469669445
30.014581851103657 0.9172232962948944
33.09999296795888 0.9226898038752904
30.666885133694915 0.9438417442036204
29.7769344431795 0.9044136376459856
30.919100965488582 0.8234251305660109
30.041657171771483 0.8639577848731138
31.16324333582598 0.8854540057553808
33.168583394893524 0.9572742827559027
32.181328951972766 0.966585818192979
31.341974891420143 0.933284743270803
32.77381651990111 0.9206122119305292
31.425859118481014 0.9186489658575072
31.529757682909455 0.923849309359452
32.07275745816956 0.9377958240117605
32.84458503026704 0.924496687680471
31.036525008345688 0.9361360492914025
31.34137011347422 0.9378874811308738
29.321696755087846 0.8164981851999966
30.630324772467684 0.9171121399564264
32.101646279740024 0.9384959266048987
30.114049738712172 0.8788507561982335
30.772492948983526 0.8786903371864756
29.80861722945493 0.90371699706059
32.37969308058622 0.9057359776360375
32.301878160661886 0.9475899463221192
31.111563283151952 0.8359225385341198
29.437357281112085 0.8255615200844588
31.53586785345158 0.9351136279019021
29.36647018062041 0.8337189785108622
31.98311115170771 0.9339169347940063
31.911697726804412 0.9484230071604027
32.88471034715974 0.9669566393944785
32.86616865330794 0.9174153688593547
32.39881557093551 0.8965199834858104
31.420381951528277 0.9442336115437895
31.102064135007346 0.8352696421267799
31.63029461388608 0.9386582336260336
32.73878764874561 0.9210001170883074
29.623496261733273 0.7937235763262145
30.21472543688827 0.8848297689156388
34.52793217261046 0.9713408700248738
31.043853155777956 0.9266581713595184
32.57342921816767 0.9569985943497393
31.098772448837792 0.8866408323389284
29.474838676302323 0.83619215734748
32.519100621195236 0.9634024828660519
34.47777538280302 0.9709534555092073
32.29837720090476 0.949609056152382
32.62783509487992 0.9573977094492302
30.360214982242187 0.8990029386196603
30.52291383465706 0.9185648542002893
30.69190698089909 0.8698508796843302
31.75819013300046 0.9337151180952298
32.05971968447312 0.9378147200753307
33.248607324909365 0.9477188693060732
31.476702513622925 0.919231502421708
29.292502305994343 0.8062647267384772
30.53242927846768 0.9138847715221691
33.4461798977375 0.9518532298778877
32.78045497931086 0.9145140414905288
29.246396272604727 0.8267435901717449
31.081152041820246 0.8512427248869676
33.09649566245646 0.9241867063786499
30.812924685941656 0.8764274137607238
30.361225567563043 0.9043169885449815
29.542766641703327 0.8227801507215543
33.292823901866356 0.9597838480674743
30.2785614039515 0.8866596279029128
29.338658736691006 0.8220586646613814
31.30756711489981 0.9407713049832293
29.290836154242097 0.7969335155701623
30.16552743530417 0.9339295762438287
30.546319994275002 0.9205077021942425
30.47211721697399 0.908510826413041
30.329013806301667 0.9013772912421089
32.47925767815917 0.9633747247435533
29.395884253260498 0.8321363546970463
31.49196553821682 0.9533476770446073
30.050508327946616 0.9244138274121163
32.80774999245176 0.924398154076793
31.931792393065905 0.9437575396052882
29.351760054171756 0.8094150713130545
31.823535984973937 0.9393710359362799
32.97605686948384 0.9509964843607273
29.509918511023663 0.84486752483371
32.65724078650732 0.960330389297458
30.48763363615816 0.9123339905603479
30.893456896953985 0.9517669126747675
29.54354293158199 0.8040362973985896
30.474488278874908 0.92100036342023
33.427906971546506 0.9649794015709466
31.42382647002213 0.9173125726633061
33.36462100567057 0.9630708309630168
32.4693313039774 0.9668886769455708
31.441737145827577 0.9456851264738065
31.11524935571339 0.8474726966156613
29.375175692820047 0.8148178910514009
29.756739974579162 0.9036967377966036
29.558568026894115 0.9108596837014612
31.438608397714827 0.9351247879455135
29.41714019922166 0.8164727851816163
30.1406812591974 0.8796050844547426
31.80162332449266 0.9391512661852263
31.49078971977781 0.9377966503778079
33.088234425187636 0.922462003605717
30.356171176872305 0.9478036369047889
31.429062309994073 0.9463241683204957
31.586933367221665 0.929586720230576
29.47917115649662 0.8200167802561025
29.093349886954293 0.8109161297858958
31.839778834159954 0.9464716165718216
33.94526931967473 0.9715472907331809
31.81901266024756 0.9499831994588656
29.296485862676192 0.8232066062824163
29.25182279450557 0.8159357505473901
30.794077030389975 0.9205831174190909
31.94763333071917 0.9460368695598992
29.260547067351688 0.8039026210310243
32.94096474217211 0.9371817065692749
29.699799458708185 0.8549909117360954
29.357267460321022 0.8105109670150542
33.029187083573404 0.9433325023863229
33.09448272849018 0.9217832786308828
31.38905606320925 0.9439222940884416
32.711151296639805 0.916997608933228
30.358922682488053 0.9050275753061399
31.020660758484567 0.8181950870692921
30.969342408042387 0.929394790611383
30.103365908558676 0.9298022594502199
29.351681743675613 0.8205093415569413
32.750627985925064 0.9190179819769869
31.03881152965297 0.8897108906006727
31.462945653684976 0.9377609520217365
30.978964176367025 0.9325401935955562
30.478004887945943 0.9203246832325812
32.1839596453352 0.9654091452916589
33.24986723949919 0.9583640471870133
31.41052358969542 0.948167061642899
30.886834246049265 0.8459612751569604
30.187028411838725 0.9341244864966143
30.284395080629103 0.8823564278521511
30.013613537145083 0.9145787507644403
31.44554449296351 0.9489287484230876
32.80398342644797 0.9145155540371612
31.369170579256192 0.9315714390186379
30.23539634516377 0.9418193529158609
32.41149208626497 0.9060778100506612
29.930360053646684 0.9219941079763745
30.26263134420379 0.9510903311469712
30.694395493181762 0.8264592246797836
31.599747380381032 0.937499415073293
32.765744419474565 0.9163908512812325
32.354593576749224 0.902436436471859
30.358532467810285 0.9062327671860803
31.54591584547273 0.9238045237251793
29.950988670733096 0.9207326089760307
29.919944604748313 0.9184437390994931
31.726345305680287 0.9391633718616068
29.48180491927311 0.8624586774931163
31.78460970081273 0.9387808381839244
32.51448125389801 0.9640316014772455
34.06983870692972 0.9774467268690491
31.764115915295935 0.9388258940597108
29.399233234546568 0.8239903985076027
32.3678111784113 0.9699513094992961
29.499720861508877 0.8281364255762601
32.00889598189434 0.9460255556340175
33.09938410974692 0.9221227359686297
30.60293040642096 0.8087566446813395
31.72207025181525 0.9341814507429743
29.513990814786016 0.8243293189106613
29.396333144811226 0.8289449195917494
32.41037949531098 0.9673080295848804
32.44875587840766 0.9667249449416501
29.50906288836911 0.8634830538424739
31.031648386765095 0.9296310391191182
29.235641061489158 0.8025705900284299
29.823817396325293 0.9014381356668177
31.819607618177955 0.9610559548201192
32.898399398409 0.967620804099456
30.17905341630433 0.8801904430313612
33.02121040783083 0.9206652934104272
30.588261475294516 0.9325508693794659
31.592864379167153 0.924340735723452
29.779338328008254 0.9050912024135217
29.530352026543994 0.8302946264605747
33.07993486838511 0.9434633036396842
33.16239594362421 0.9542767198791724
32.10310556111847 0.9462627105125514
32.93345382498188 0.9243666783466127
33.16206844969 0.9540799004712949
31.21412064024453 0.9324353440300185
29.22078764440448 0.805709321902533
33.193792834003055 0.9554427674104625
32.54079724701637 0.9633736229732236
29.88827194655795 0.9133215691500426
29.63412312132703 0.8327121622905499
32.64801350988278 0.9118372687742359
29.345817388577192 0.8413095197311639
32.12083171982783 0.9558533443087526
32.61314424757845 0.9603839730127404
31.512661260011573 0.9492496209570602
32.000431604761545 0.9373855748769375
30.97576004973829 0.8264512651090495
33.44846712111281 0.9552722884598555
30.978602390476553 0.8291698917343925
33.083172748097795 0.9411964569248367
33.97169007403505 0.9705895086671468
29.3651300248945 0.8006791731416498
29.353713733813265 0.8320836816300313
33.20523695435783 0.956515578816985
33.16613157627594 0.9578445617335299
29.356847775693232 0.8233903290520713
31.734873022360347 0.9392769357348029
29.458055231526767 0.7978875591272792
33.510393616864214 0.9288749257100568
29.925183959669734 0.9172096470569299
29.13339110623971 0.800357417100864
31.08547438519921 0.8545326648067161
31.283149686292354 0.9305998572857338
32.18418768718478 0.9677955070956319
30.96335667551373 0.8357996361645755
29.842356307662502 0.9123153215201109
32.77700960604977 0.9152441320163909
30.470599065455563 0.9285355251104606
32.725221208150124 0.9180251867129228
30.2039524762279 0.9229310894157194
33.46546445356654 0.9654525721751192
29.329440740415578 0.813281387853166
29.898971207064825 0.9015530609168684
32.81331971631864 0.9667777901824781
31.809661302836698 0.9394900693900798
30.82668631139907 0.8860959090161452
30.2877150358879 0.898875384712104
31.690430852447413 0.9345058947701185
31.752581467610103 0.9382830004618257
32.90618477137941 0.9694214336185111
32.23130583336705 0.9430813101615565
32.863311013397094 0.9242941522377187
31.303411210227182 0.9300976180443207
33.67302641758818 0.9640638281982428
32.152358304849805 0.9562714522178154
32.38770703539029 0.9037901268002994
29.586857721837823 0.8946575730146924
31.97091184492638 0.9446194621546227
31.704342462310244 0.9350751424306829
31.917504563064316 0.9430061463117859
30.87574249453553 0.9431039433634081
29.3007372263822 0.8195503065198074
30.077254155300835 0.8692098976134645
32.97368782084738 0.9501622804841666
29.316734271335964 0.8175419793139858
31.031375194920273 0.932332315334742
31.1621377234926 0.9389849322638073
34.3273246925194 0.9699476928755341
29.348834017044908 0.8220230455088358
30.70627884766566 0.9357595397253257
31.108632040180737 0.8415894045638035
31.33052474027474 0.9337459118918802
31.647580892082814 0.9303229146299835
31.800918119651996 0.9386579639705074
29.15805423106217 0.79642863940709
29.40232184643473 0.8248515898452119
31.67040407721215 0.9556868934087621
30.10957233251624 0.926412745693249
32.69767486573607 0.914920517170327
30.111567328986382 0.9298484333383233
32.49313449814947 0.9671197676795824
33.018151700298425 0.9288922373600613
32.25817937907659 0.9425335847229094
30.28272597589758 0.8858937849373323
31.74397628529612 0.9386014043484553
29.945074892896457 0.9150815328508054
30.5075810940247 0.9120233129691799
33.76955607146201 0.9681866845718188
29.437763788210276 0.8230787026727293
33.31759643092954 0.9450496001809287
32.601715155980514 0.8950957960751023
33.36010136310691 0.9603341235115115
32.873691684969245 0.9131682647576133
30.111553584344616 0.8795010254115134
34.12468065105484 0.9779144089801233
29.976678507950414 0.9218344306563836
30.85780197725713 0.9417453166677865
32.11044253480069 0.9466468102449751
30.08412657179633 0.9292089283338175
32.84951227062373 0.9685715778406733
32.69903281190661 0.9169424546370466
30.497028672402923 0.9166553986815372
30.572972826178226 0.9248774713519439
31.443087432028292 0.9170652062006083
33.88457226027476 0.9587368541468331
32.51797227842608 0.9552097256160546
29.207945582510654 0.8078153988107785
29.37033944367711 0.8133547722357942
31.496860771692155 0.9513681338610185
32.71567450078653 0.9176374836186302
33.99322236044067 0.9767268432664832
29.352718431769272 0.8662726235470425
29.388597644097647 0.8192530795536838
32.512864088286264 0.9081672165020718
32.91088665658263 0.9670478428220507
30.705995144890448 0.8202023572526265
31.606422269330814 0.9290823362950419
30.56546270248644 0.8173328633597756
29.102973593348345 0.8122089503800666
32.69387389373659 0.9124043897491367
29.408134849929894 0.8374982081297302
33.31069327303982 0.9489880677231503
32.22475116683206 0.9418641889835522
30.36988973516186 0.9091742262466332
32.474938281830575 0.9669877628662081
30.344613833669605 0.8924679170281472
31.962284742312942 0.9467736683084094
31.479668638841357 0.935858587703795
32.00225458301762 0.9456968944516174
32.67033097921946 0.913063220452573
32.416028039585036 0.9066830273932688
30.699152621183963 0.9384684893872853
32.38394192747451 0.8970210653779914
30.85316943702213 0.9497029384139694
31.744225342668415 0.9341224014984794
33.00283470793579 0.9541874431782118
32.632962420638925 0.9121234873290105
31.25542474018146 0.9337017156680162
32.66368423250667 0.9600375971565795
32.99756234626932 0.9410364018112823
31.27425635869856 0.9348498766584766
32.728307132076715 0.9160493960394845
31.764562949935787 0.9570149753882461
32.2412515299851 0.9584477141892004
29.43334248733237 0.8205013777856498
31.373228431722477 0.93601998326074
29.329455230905467 0.8196736778274314
32.73562541731158 0.9622629118164956
29.14912900395742 0.8051163423342468
29.29481108789238 0.8068037866628434
33.37531701634403 0.9517265091635638
30.58067870109933 0.938897481698407
32.99157123153046 0.9239723233642664
29.46874454504008 0.9029947352416983
30.85534268993225 0.9464567375175199
34.05093035193181 0.9714477519541056
31.758650715360915 0.9389574236046894
32.24213503502658 0.9581015831620103
32.1325198675331 0.9624229454662012
32.828393074237255 0.9224904518697384
31.82912934627691 0.9391847461810863
31.797385839528406 0.9439100788687143
32.732250429591346 0.9054595152271011
29.837622448170514 0.9085087568017344
32.73060571835491 0.9157367585066936
30.857782177563422 0.8215204115804926
31.199459209869183 0.9382210244681664
31.27269553826787 0.9355105422881159
29.455838218542052 0.8154194921097246
31.21378635422211 0.9425301897103038
31.911430011260236 0.9434088709338672
30.51318117898778 0.9299356090071585
30.18873796853512 0.8788220256009809
29.23726203295071 0.8050188115737893
30.85526353653365 0.9483297408208284
29.901955660948836 0.8944473798357789
31.93748379701578 0.9441709788133285
30.590014776118196 0.9163624240187408
31.42461661119942 0.9161747065554068
32.04386510041971 0.9636218869771441
29.860462571322103 0.9041631398732993
29.31533377893347 0.8414932364550891
32.2598695907181 0.9582279502506423
32.835898152814785 0.9216180555697265
30.582661742093798 0.8146639666626512
32.41096253700496 0.9670822754421388
30.516196007304735 0.9159352439879748
32.179512318984614 0.942100699467592
32.86320316666992 0.9362918457135945
32.17086118285678 0.9407203426282112
32.84813988203282 0.9067544793239737
31.533330724912183 0.9230936285210226
31.38678850244746 0.934159502563444
31.814423673706536 0.9457938277523829
33.87204119229352 0.9735520238610947
29.49516333696828 0.9208452635712576
31.476374851734896 0.9386113914416551
31.71832519989348 0.9602346303026406
33.28470077834489 0.9284062252051981
30.360990976269786 0.9157019455363983
30.1760141939503 0.9280266978425619
32.03802809311866 0.9386885860974019
29.03173006633409 0.8044209997995282
31.406711588613156 0.9472219731090996
31.214233042802235 0.9326903054935713
29.258172191695238 0.7896453102396993
29.385370653945216 0.8058886755953574
30.57720917714991 0.9150073077971295
34.197906204090856 0.9666582542866694
31.80390164258708 0.9486933839420298
32.436985530660266 0.9674673488014016
32.49122944069981 0.9639505766951433
32.50927306322732 0.9635110885062509
31.57654292165054 0.9368333531058533
33.59575475724537 0.9536487625910436
32.05639899961328 0.9378645094680602
29.494882987967852 0.8120836611819636
33.037767143812985 0.9223527332630904
29.379309893556403 0.7901722804272944
30.815716716826252 0.8281930986473484
33.76688583056503 0.9592167476757031
30.696125411249724 0.8190720521388684
29.646203529070515 0.8212303465738345
31.540839467940735 0.9353194914754451
33.25500209581401 0.9269270263797307
32.749949945801745 0.9619949915109719
29.355780754881305 0.8313575300928798
29.36446294775301 0.8166573052344729
30.115228557467184 0.9189019773339648
31.47094796197136 0.9505900733608698
33.120679323351595 0.9571185792072517
31.37149340520464 0.9296690614246789
32.67580031522042 0.9153222113922183
31.446791164418922 0.9190386141413235
34.14029648088777 0.9779329910040855
31.511352618330413 0.9231475104902883
32.44336374449686 0.9553585946772417
31.05397247534345 0.8947582253848805
31.939966350137713 0.9457343571920381
32.7823053823474 0.9122032721390064
33.53059235240083 0.9575595479472144
29.845686116550624 0.8958239708650474
29.360476660953996 0.8104773306233897
31.43185284197131 0.9169585822382552
32.694826684001875 0.9597654582212165
29.257074539947435 0.7899184574461985
32.811220268705085 0.9232461981077994
30.96920844194408 0.9265803935412853
29.31695306284393 0.7919012120660934
29.220288999925504 0.8044053484353324
31.366437769167483 0.9378327340394339
32.36549192674872 0.9009004300200789
29.358213225116184 0.8145415484076953
30.78807458973492 0.8356010485058604
29.354906315195567 0.8238529555064298
29.550722723245613 0.8408736524911457
30.47717632920184 0.9071294675450731
29.319468080178112 0.8075348775197142
31.436772462856027 0.9187098171936976
29.774049243440057 0.9042480767735984
32.130266584971636 0.9486183604747931
29.343269513000152 0.826781273571844
31.247288540920888 0.9296377770044167
31.4667190071754 0.9359337886470156
32.87660258861429 0.9669824391449879
35.261603357486266 0.9777996788521167
30.547654587700652 0.942340071433666
31.30862964295956 0.9418423110602144
29.331277654224554 0.7748406071791198
30.164898500531155 0.9103486953311242
31.46539612942895 0.9437890301996033
30.049707455039524 0.8715677083111663
29.229882114060707 0.8031041834498887
29.57042229643458 0.8273772127835219
32.53173279501776 0.9068354347411747
32.18120593246446 0.9670087277591948
32.36765132087317 0.8915567665833911
30.49847382188759 0.9164701727432552
31.56674960881699 0.95115358348525
32.74326415942151 0.9604874898026915
31.553244157619787 0.9248487832246355
30.416324355480636 0.9170141605797222
34.12691567636615 0.9601075975144399
30.697864786909182 0.8241896594775776
32.71714523886766 0.9663812756998723
30.975118683315806 0.8275504197422443
29.366211681693187 0.8181566728696096
31.06701311885475 0.8190858573369602
31.222599947572938 0.8974684552221791
29.376601897503008 0.8370140610439233
29.785465275675783 0.9053720007121757
32.17487459049214 0.9385118472004645
31.60378927073447 0.9312270042709468
30.74725424288793 0.8105980285042599
31.965584973302093 0.9461707687098361
30.825144995429696 0.9452855792605407
31.620108401378104 0.9317789152960965
31.92436810189831 0.944100306522265
30.217439308077406 0.8871798284238218
31.051237330296466 0.9371253670400026
31.50753688404272 0.9348050305725382
29.510052891657775 0.8304836247954014
31.561693513914438 0.9546467589017816
33.537620263040175 0.9567209185164235
30.24276232893254 0.8917723275579127
30.43041690199212 0.9062058568470392
29.34695848744811 0.814081860389007
31.617441916790973 0.929973513430287
29.620535907331572 0.8967604432286916
31.455036963953944 0.9472059095847151
30.43832968136362 0.9593528082642682
33.62939662343225 0.9560327630946784
29.451771470111147 0.8482566665697499
29.137061521198703 0.7943700134892743
31.51062552366568 0.9368680628570564
30.43910615391223 0.9033810170074607
32.48712590128283 0.9633653592367973
31.967699115156147 0.9454510121793864
30.846029077204605 0.9274833595916928
34.64954668604208 0.9721940236886278
33.89386434219415 0.972717710157636
32.55439311605466 0.9636805234447168
31.577918730774435 0.9297595297409692
29.431359022115053 0.8148822475242099
32.53761556392189 0.8974594709581453
31.84654170041979 0.9508215988213928
32.55197326721667 0.9635996743997752
33.09308577945512 0.9243504866238821
30.665954723502196 0.8249772049931352
33.834088419834345 0.9681993470391251
30.819515594739514 0.9471184422246564
31.345726874617327 0.9308992213875933
31.59824533282693 0.9309621602296219
33.44625953445745 0.9654241438489259
33.66690149333606 0.9592739887427926
29.416772291694233 0.8277467116707372
30.403477826454317 0.9509684483049072
31.328768814090502 0.9325340248241252
31.157419934602405 0.9342470695219468
30.66998401236521 0.8257982386310221
31.819836675339566 0.9439666629244381
29.294845626283927 0.8468322488758238
32.4763137758372 0.9730082369817314
32.00160029786042 0.9606525163637682
29.282896253732286 0.818855344628463
29.720448048079362 0.8444435640053998
30.36195161603019 0.8989612950167042
32.70948463778956 0.918860771700424
33.55041392748205 0.9555219646981815
34.056751151644924 0.9773506413650234
31.986130604794553 0.9468178042675068
34.22198069719712 0.9755227193201184
33.38012464856119 0.9634020685249481
32.962500890387886 0.9242533105600582
31.45479658248554 0.9189496780224932
33.11998512527641 0.9573131329505394
31.898296764732166 0.9497191041630911
31.44215403365152 0.9363634631987641
29.2793619141491 0.8123072657673486
29.52665938452617 0.8078003447634285
32.86358828518995 0.9221039368733627
31.092384070477355 0.8403401197928113
29.357153255117424 0.8177536200999982
29.307613386920277 0.8244916994625455
33.850650662995754 0.9610718101521981
30.565947762949015 0.9119019392314806
31.71421054258815 0.9383322004394027
29.173567095502577 0.8220789807922133
31.954593597739944 0.9358497771657326
32.33232546622774 0.9681186881532272
34.02106579488519 0.9723173332168887
30.356894950271645 0.9114632308325836
29.604633971974373 0.8483958339814022
29.34100747744248 0.8248333139278031
32.75863222182188 0.9204359062631179
32.35171974074103 0.9700509382491067
29.576974461214753 0.8198173576509911
29.75236709603299 0.8899220926645927
33.88317640222566 0.9695446344601613
30.562670968405612 0.9422219699523336
31.63850879493639 0.9319117808203126
31.153310962199217 0.8851056345130851
29.213856537997312 0.7914287862893938
32.78741735711403 0.9108699970341273
29.820967484989467 0.9064204781758428
33.60692735252571 0.9554058069174007
32.17103857672846 0.9556868084421758
33.97250673848887 0.9625053825868279
32.74678619299265 0.920136909497878
33.89039092825336 0.9747050343033999
29.524487584805147 0.8297878690722008
30.492518997953262 0.9137176748173
29.225870402441792 0.7876786533068107
31.13032328279226 0.930037937778198
29.33060257951079 0.8268818936498068
31.23147695382205 0.9429718539238319
30.655801282279654 0.9182207377970234
31.60077813694223 0.9494609126329555
30.777734906282742 0.8210126493276005
30.632980976689623 0.9112118696411128
32.749849841463316 0.9160261083721165
31.72903766502513 0.9388823212788941
30.150272569215662 0.9278002744821792
32.93725365587147 0.9239916175746687
33.03575384931977 0.9210836555026991
33.01861549578176 0.9190655221239927
32.02707236413887 0.9352022674480736
31.169126583947694 0.9261471228600566
32.178875026682185 0.9651790703578061
32.03248435461613 0.9467769127733878
30.85687710686329 0.9264439798653691
31.622760250132064 0.9308916664815073
32.32435858284527 0.9619127252405408
32.926115262117634 0.9687597111097485
32.05833205320983 0.9472397388971625
33.181266674108294 0.9561314180429341
29.18022540079113 0.8357650313542526
31.592311408919507 0.930400744124371
30.207816164113552 0.8859975550407453
30.390781637382226 0.8963467325033759
29.088220585688838 0.8088818464305921
29.301233976133986 0.793570369114012
30.707516711385075 0.9189397445109925
29.815692528342225 0.9058025146886982
32.553474988198246 0.9128166766108411
30.318294689734184 0.9048116714151097
29.345280193510902 0.8127848040058935
31.962098076859114 0.9669809554793367
31.42407489783824 0.917351128572512
31.418215178924072 0.9160802270055268
32.46344614259511 0.9121945548060926
29.851192032386408 0.8983204925572983
31.807439894315234 0.9387370488116135
32.903658522440324 0.9687268535159613
30.36976419301698 0.90646873140963
30.36256510463939 0.9070234165481832
29.370453046298522 0.8530912118166759
33.25095992545228 0.9289109620241125
30.956066380270506 0.9240947520408066
31.73074201036951 0.9390743084056481
30.43375481145973 0.918873927222181
34.230827536291706 0.9650589845780171
29.133209969282206 0.8064073600293501
30.547429635883397 0.9384680263266951
29.34901151992885 0.8141738061762447
31.602598668968692 0.9414641707411552
32.0357804804562 0.9464259495890389
30.52996608897983 0.9141049080248729
29.53897515449394 0.8111095603056808
30.86548303747812 0.8287395709084059
31.601558271507976 0.9309353648639739
30.99823790892559 0.9344324047182705
30.2326883784487 0.898930315986171
30.71626131692463 0.8184956289352519
31.1499962453221 0.938007783880227
32.34322601718035 0.950975661223033
30.802162508306083 0.8394931568006873
32.245492963099586 0.9416993372363751
31.138207692231845 0.9358219099020467
31.92338551526835 0.9477077007053126
30.849384014135115 0.9510402648254237
29.2932461335452 0.8016012135524763
31.229371491632815 0.92977573855702
29.464108165665262 0.830761808768324
32.75331015694742 0.9688505508753303
30.22196512016847 0.8887281686605568
33.41614131296971 0.9649027130224065
31.344959037311135 0.9295229567499746
30.110940302145366 0.917290731351431
31.80623374920843 0.9397973288506917
32.675747450214516 0.908594700325009
29.35337235357126 0.8079451711143867
31.02874023552188 0.9322855563376911
32.39144036891514 0.9033234748944448
33.03744272644404 0.9536018405143603
30.816328342351262 0.8226477379484594
30.617375383693847 0.9092507015895858
31.237775525306986 0.9315017848592817
31.26602516733342 0.9380031618862131
29.211890576123043 0.7923323289870698
30.36621058424989 0.9039358500671485
30.388738018267922 0.9039281006325961
30.261164148784225 0.8881644109657691
29.79317021439354 0.9050072394768638
33.240465447707486 0.9470572107251968
33.29625923299133 0.9288957453926584
32.22089210463738 0.9482765494379399
32.684839520210076 0.9185387886961044
29.375773660277048 0.8282753779409225
29.630445698991565 0.9306193260603425
32.176175642038025 0.9617607850366089
30.444837295236262 0.9034401756521987
31.52365640870312 0.9355445264026757
31.453757231605973 0.9191093366941051
31.81056051364646 0.9391563119045826
31.275332859569613 0.929716290422144
32.65322581441201 0.9085206368453821
29.34871303947089 0.7922808165672683
32.240378872639795 0.9426676924756454
31.515272567116458 0.9368921414083878
32.07961717452788 0.9382571365037603
33.17336669324091 0.9589332001239685
32.72937331403638 0.9198079608900291
30.16629998400877 0.8836843572625432
31.379450403161936 0.9147423190602841
30.532931270383155 0.9147896426201765
32.71959730250448 0.9193380754644456
32.64239703335158 0.9608736925644464
30.966487738158158 0.930379970494152
29.414322545899164 0.7973934046375332
29.80966343367825 0.8944527169165564
31.753394946073893 0.9343130075474003
30.174320839002394 0.9257394281151113
29.329618957981722 0.80802309241603
32.466947137502245 0.9133706988684431
30.32820205603234 0.9493915823752563
29.387735836250208 0.8235077154102207
32.99924125288712 0.9197481058979575
29.236107765567645 0.8159104054717443
31.21042604570033 0.9288635647190175
32.71048103106028 0.9148861653186694
29.650626983629085 0.9213582461197883
31.425543198266496 0.937891432297766
29.997519185711248 0.9159601630060171
30.10053672335563 0.8771541950325498
31.719564273131603 0.9387755121608059
29.291267415606477 0.8015101120194608
29.222185328630168 0.8376314306106837
31.27598684263655 0.9431261514169605
32.177578605045525 0.9386849038609119
32.038494751067084 0.9363510526180145
33.646783367405874 0.9639063361926009
32.66205555025852 0.9608023960516585
31.18986368997949 0.9337180885292099
29.29876312832262 0.8311550088686885
30.109117639418322 0.9335225696933973
30.493414456735334 0.9059587895187862
30.250536545159097 0.8890562194690842
32.717366118356175 0.9184868328185635
34.42941508578671 0.9652289278126857
32.29512455071182 0.9480185926303623
29.239334994795648 0.840422828619813
29.24465820479865 0.7960581114117878
34.705175640210946 0.9733591534676659
31.88607843601154 0.9432755300592756
30.40798012738864 0.9560355902337583
33.3055044090477 0.9164293902892194
32.8310073978612 0.925150036169149
29.790566131913735 0.9032640914229649
30.154675865080502 0.8810260670391828
29.997098897482374 0.9106338721946295
29.260614490186097 0.8063619318022885
30.154364787944697 0.8531656469153115
29.68071661580231 0.8510148372537972
32.21747336378138 0.9489574120542105
32.72246383629421 0.9686405030703648
30.45980275764942 0.9100841374667938
32.713190195744076 0.9158974357033743
29.213337434664297 0.8295971040477654
31.042420429467118 0.9306733021257221
29.881762822507607 0.9162921304177984
32.20921638268739 0.9414956227390563
29.590821369490804 0.8256609365410218
30.293696841511455 0.952188896469414
32.42577637142594 0.9091488257739807
29.31799707152546 0.8034327509030939
31.572256930740792 0.9238780992087845
31.810470217675597 0.9387538753220275
29.937722822860238 0.9202167790191131
31.082926452417222 0.9314092150664018
31.41873302330478 0.9191271984403568
33.0186683029623 0.9452901101805171
29.820407166938033 0.9082390595671072
31.194378628813908 0.9294195966589155
29.32586965056844 0.8294696824135447
31.64571189720871 0.9458364750798546
30.630576912542384 0.8088828609003135
32.192792665677324 0.9651388364343444
34.08717081678192 0.9779236817621476
31.549331529273637 0.9440834481319401
31.68649892613212 0.9347517587620662
32.26109545182598 0.8961867759885226
29.695307645292914 0.8798043443172229
31.99535977316836 0.9616712754704237
31.47784489556137 0.9337001750711068
32.70435504887054 0.9177602376080312
31.392108755418377 0.9182104540997716
33.03647580589972 0.9292015646438349
31.873077628212574 0.9474159130670874
30.091917773168582 0.9277702178800362
30.179430350320494 0.9337404906607338
29.40403803209989 0.8231506695782413
30.582317946760746 0.9449066658032764
30.900264743813437 0.9519097756201145
33.028974905393206 0.9440004348909641
33.17695979538961 0.9460433553778117
30.456584070662224 0.8972209511733863
29.27814935177644 0.8112391149960665
30.485365404739643 0.9352238544762186
32.694688632857655 0.9575232267676894
29.199659920039895 0.8015963031578444
32.18965628789424 0.9652538526209495
29.38921768690171 0.8199581839275056
32.42789451474367 0.9547661655530773
29.368486886550862 0.8251884033167378
32.6528665905891 0.9125763174331467
30.47479473549313 0.9075601601193348
29.25771181054923 0.8080672633825028
32.871307619778555 0.9684368541647774
29.04983878578314 0.8034861887588846
30.34243759814434 0.8997244017171173
33.0530905091048 0.9433298239501886
32.73268385063956 0.9117086545811054
32.40957392475953 0.9666674216437966
31.126208546881834 0.8406088534232734
32.41703786487899 0.9670244019711208
30.617896912593817 0.9186719322250357
30.653968634591585 0.9514743953168997
32.99168668696156 0.9512480983959893
31.112069936200022 0.8275585161957758
32.159266301969936 0.961931027992507
31.4524929108546 0.9346148826599865
34.35433268089539 0.970762928357819
33.84880107609137 0.9691483660659409
31.30386869586621 0.9449085087477437
33.06732338863232 0.9210829140825497
29.471209830702122 0.8076682525965306
32.31223456428546 0.904320178436584
31.090644749660687 0.9247290392611633
29.354989794907056 0.8084419841404282
30.224812338858335 0.8848030896129517
29.283652217535156 0.7996473201281523
32.03457168066205 0.9369560804791749
33.36945544893488 0.9508696479779277
30.32170641544827 0.9000442502994261
29.541062335054093 0.831954905471136
31.877045885193375 0.9476039990389785
33.502616517935714 0.9542976718069824
32.21002508229733 0.9558804601796806
29.59442357223122 0.8366500181041929
30.79784197635043 0.8326543097331233
33.98471360357121 0.9634428458301342
30.307282567448127 0.8895654880985241
29.800631890418153 0.8538774831402961
33.3574005875099 0.9227158860958632
29.85848120835534 0.8956789815072267
31.769376101440436 0.9437782369026081
32.74983991388609 0.959025854484751
29.26806281936017 0.8036547658982658
31.79359953166323 0.9388915443204462
31.408927913248718 0.9169677312555568
30.509371999842752 0.9083625811968884
34.01789628823172 0.9768273418482543
32.22897797560063 0.9678219876098129
33.267413115275964 0.9273845075447248
33.06174197114955 0.9415346810640359
30.336995130352783 0.8973997576082173
33.855745227810615 0.9591411504570063
30.98293589767141 0.9329708446873284
29.403678124347493 0.8140706003880543
30.53645677863797 0.9342183168884216
31.276962403089353 0.937347690173443
33.96046964997066 0.9717109140343296
31.02234837118782 0.8417435410382201
32.67459677915529 0.963397832997933
30.35609871081677 0.9569018475916053
31.23492684660201 0.9422641603663906
33.506366201684486 0.9561812147260444
30.091000013310772 0.9259120620590089
31.050485705045034 0.8364437961037303
31.099796695424864 0.8527828328779937
31.416115512904508 0.9191171911913383
29.148566314067146 0.8028911875531849
30.961507948758783 0.9250105695564114
31.355604708129704 0.9418990161299677
30.91334961603117 0.83890843866929
32.99587927308073 0.9534333115716493
30.78238992432672 0.8854416751733067
32.022000827214654 0.9462995846242026
30.368838401873038 0.897962682650242
32.6335886097178 0.9041864018630369
31.55948088479478 0.9230848527117437
33.87732287551091 0.9696664140821837
32.90012518292787 0.9236414219285812
30.514911346533818 0.9318153271425715
30.620144253838557 0.8214111560714034
31.672905405816113 0.9318910288306184
33.00414283422381 0.9442974098786946
31.506357464107204 0.9484558545604808
29.240646102428283 0.7939233255367822
34.0702911121108 0.9638812986133287
29.84247278775014 0.9067280349684257
29.66383094843764 0.9059367031782075
34.05596766517979 0.9626161877726068
31.096533298929536 0.8279794662690941
32.48047825180225 0.9561877836259915
31.96928963083363 0.9456070179842478
30.164950965310876 0.8834140348049332
30.487698502301626 0.9044163318948557
33.2566854688482 0.9275624056061309
29.229168184129502 0.8214741668778527
32.382445235895034 0.9509036361017913
32.76124759227646 0.9070963065363441
31.79065524765913 0.9347509171545327
29.134585324239303 0.8038836762524577
31.356270292072214 0.9383776050102266
33.27060967500378 0.9577616426256597
31.10904309458259 0.8337030807983548
32.292181452070345 0.9468882200132643
30.359347522071157 0.9021207676503213
31.37678710299347 0.9465774802710014
29.494283836863385 0.8395192896509839
31.780117783617502 0.9468205285253092
29.40986867109853 0.8236292906223287
32.25301381191456 0.9491291682281321
33.02827580532243 0.9277280960471723
33.361571671667384 0.9632816188735456
32.24956343445105 0.9579778510454035
31.401954775426745 0.9342925474056804
32.11384161812065 0.9471644190287191
31.13472481089115 0.9236291558772437
32.61430561203768 0.957731887327227
33.945420210137335 0.975268867105142
32.2361049434842 0.9428437478735214
32.080892832367205 0.9386496937888694
29.533286233547962 0.7953506669744436
30.413577557636803 0.930950003835102
33.00904951479858 0.9193625305379468
32.063258333509104 0.945574675304866
31.769994006702852 0.9389800451615948
29.35828900128556 0.8558922782971778
31.92865605281632 0.9457732259655162
34.095306587331706 0.9729909977516419
34.59241290469092 0.9725417009566509
32.41788199234955 0.9027185791400987
31.416340374235595 0.9357720164537779
31.684053837189786 0.9347838537242895
29.809333656693745 0.9065835450714654
33.032697246991624 0.9191314450960589
32.20234741524059 0.9579504476396898
33.47940513277453 0.9667401310448928
31.116054015982893 0.9366243363967608
31.248691236217727 0.9396696340079652
30.989398770413498 0.9286434247480602
32.71019778783391 0.9171292921248391
31.38640681255403 0.9162666339591223
31.523709431759496 0.9234961071738095
30.296473695410473 0.8900919881550817
29.49027038586363 0.8760053022387693
30.956220468789766 0.8237547832064456
32.69459755417994 0.9167076975937112
31.754422698350243 0.9346316299574449
34.09283923382836 0.9641271796227928
33.97053549582409 0.9719179492834998
30.957929767432887 0.9343656386426257
32.23022781000644 0.9474159009907266
31.050684577969108 0.848727369946053
30.217157178528392 0.8855002671553568
33.32606099051452 0.9495259289369729
32.751105449257466 0.9202657268361202
34.08176160788494 0.9717034290574268
29.37404464876809 0.8196620516017743
33.33185289088008 0.9616130913403775
31.707315987866615 0.9346081049875677
31.28834883781159 0.9403231369914792
33.33665949765421 0.9600971612343023
32.47600229042226 0.897479959664003
31.344951554184707 0.9370192729315291
32.27163690003194 0.9471584827198879
32.901427146229345 0.9233690920624599
30.67468060093301 0.833218902853783
30.191238503978095 0.8676204490019681
34.214333936977766 0.9754471496817191
33.26619888081528 0.9472900892602979
31.914764843893217 0.9453057334027675
31.698775262408013 0.9339988304287865
33.33892338379216 0.9604339894273257
32.732990402666886 0.9184081214611779
30.690475315763738 0.8293250958136715
33.67914308472697 0.9654820537409194
29.513175812909665 0.8613556279226751
29.3020387677505 0.8165442016870575
31.4111815363773 0.9345705294879134
32.71081184646371 0.9677653404622676
30.579592153711882 0.8898296569021276
33.17950724198981 0.956647471385209
33.90067070547007 0.9707428603020011
34.545625176497495 0.9715617180884479
31.453209416382304 0.9441142308123268
30.0573069192157 0.8748502953806022
30.36218530439099 0.9086604159099977
32.37176023920351 0.9629374510818866
35.454221503487005 0.9797308858870922
32.7216130475543 0.9215623930841411
29.45234426389474 0.834478195661606
32.2876234569207 0.9484694878348664
29.319066300435047 0.8277082486505065
30.49149215369067 0.9172956479145652
33.57179965142927 0.9522888640671728
31.350565125984232 0.9351654038261056
31.08971890192249 0.9248430084319088
31.933428079304562 0.9460749927869174
31.947897097093545 0.9441652620686036
30.810522168687204 0.941779668383071
31.520528570300137 0.9230689825213121
29.90627295668873 0.9072575098505289
34.01147128599768 0.9712867775464576
30.27756963605298 0.8878653302440145
32.2684045782836 0.8883176733658782
30.17503436380288 0.908217856960528
29.497782561330798 0.8290613887185111
32.98736794553278 0.951800297456578
32.04003658865659 0.9341663331105895
29.81562875249495 0.8922589702529877
30.452091075838258 0.916326583677234
30.644952002696506 0.8423740744546978
30.525274632017613 0.9210964669534836
31.534190756115056 0.9356134518269776
29.896164622997766 0.9014372972372763
32.07617639820001 0.9394413138060095
32.665752083244996 0.9610731454034578
30.47823804051638 0.9044526732905764
34.33083967141399 0.9673872280666683
31.553424728965005 0.936557379408363
30.953753519961126 0.8187591978200721
30.32838087914201 0.9053572890154433
31.832347973565852 0.9396711150170252
32.83723586753476 0.908979907320099
31.83986705792494 0.9388824022077785
31.08799672925159 0.8865506063518244
31.305135556962167 0.9285916886424997
31.485292551181484 0.9397248666247735
29.185768627669507 0.7955742885588175
31.781722144814406 0.9385853450967436
30.864699634004623 0.8435818897051993
32.12710262697374 0.9461844306532472
29.513004036077298 0.8241747582199254
33.04199695232149 0.9545201903106595
32.370534584915795 0.9634266525117324
31.05231926124769 0.8286796286164632
32.668249986990844 0.9043451965155093
33.49913057828714 0.9656619927480016
30.017275538232315 0.9242360318254859
31.495209822270937 0.9340073878711284
31.901829087055606 0.9552649317805185
32.459482505188106 0.9669658347609184
32.23973663233236 0.9406723312420866
33.26465851239366 0.9595116368123386
31.176078628231558 0.9269249610160533
30.505987823544714 0.9089763848994792
30.88709660932464 0.9471279333810309
30.25101257111022 0.8900444649509253
31.287123193145867 0.9332609733898397
32.17494887402988 0.9592571929182004
32.79945270888363 0.9222295153332309
32.073420782676145 0.937676840564219
29.7946475320385 0.9063832303757675
29.614262948469122 0.8621433458939362
32.4266609815107 0.905424168050568
32.66899050291559 0.9141325839252513
32.64220495226826 0.9139420022723084
30.471571287134786 0.9204556664261794
30.20070534554845 0.9297956999387489
33.3475824994389 0.9198383046390485
29.849677538360908 0.9023828981277722
33.85945645361137 0.9707609318312587
33.594631087637104 0.9593204007661312
32.740582817669804 0.9680216219967706
30.99440458743881 0.9349250014847343
32.63972278616483 0.9670740472984062
33.06827939758639 0.9387862815274366
29.643049044404396 0.8344673414147011
29.42186028262924 0.8217618722136373
34.120604238817315 0.9776467447847308
31.83981305000815 0.9398439319975821
32.47106578355571 0.9013346145318876
31.34355393228375 0.9326851928387034
30.0307823623473 0.9236248326410701
32.98341403244667 0.9268173428033191
32.1064122285282 0.9644566505640639
31.233914290546807 0.9387217290410893
29.664750345678566 0.9245636717320885
32.167213905996206 0.9560892466301494
31.5451559851794 0.9234673458298396
33.53191302700737 0.9548638083672588
31.949746662805453 0.9466667342077857
32.38834679666618 0.8990238950568495
31.978465032652338 0.9572405888668144
30.948499509220962 0.8411253368053375
29.843971212017006 0.9126061374647871
29.410435197590008 0.8279124369057889
29.243931693364726 0.7896590309660236
31.409401207744295 0.9184131423888366
33.52894392968933 0.9391487044810738
31.476821613429316 0.9192067295057372
32.65307087526778 0.9131695240426981
31.45150104498587 0.9432445227403633
32.81574144702655 0.9245365689822881
32.845939802515225 0.9671740607832158
30.473942050918758 0.9046625701737638
30.427973073902738 0.9059803556874084
32.64646178182157 0.9151897092182156
32.73373503513433 0.9105761287442451
31.108533959845126 0.8369994659576725
31.1828901384191 0.9376830056224849
31.79030136458245 0.934351798220786
29.270682604603778 0.8252175892454168
30.39546562477055 0.9575057656997294
31.801037806889056 0.9461984827304073
31.447332960689323 0.9489124848082483
30.590652538462603 0.9367048742685912
29.830558037118962 0.9092085022343924
32.16714481859637 0.9496536488696276
32.21039222463722 0.9587042777141698
32.46666267560978 0.909152326832536
30.158213288993178 0.9252974559162555
30.35446902072559 0.9018514492560963
33.59359511683684 0.9543262964934422
30.156023971780815 0.8792032821716351
30.182138508405952 0.8819399407561604
33.15976031796071 0.9440562521790337
32.17678244948553 0.9465950637173488
31.716403345816726 0.9390754618495551
33.199296653142724 0.9555044202121322
33.18686075633872 0.9462332438451408
31.528224379372606 0.9239146843227174
32.200851128520036 0.9554530719151062
32.212306982176784 0.9447182827726943
29.21572971039396 0.8390127132073909
31.4813053502549 0.9477835374191199
32.31008646859057 0.9606705840277086
31.52687545748719 0.9546075178210077
29.67553459769666 0.9011251624919319
31.092005934829302 0.9373450000014126
29.347035957014185 0.8178036794804788
32.232473351467725 0.941314643433954
29.358369704359827 0.8078510764655308
31.439511972396012 0.9185017373882767
31.17778741702006 0.9376981155841745
33.55362471178904 0.9545328304334679
32.03675162373304 0.959652574586754
32.48108750080674 0.9670010423090075
29.43912674245171 0.8194796418099645
32.64070693063312 0.917275135312585
31.778052313388304 0.9389998236053112
32.19978209513633 0.9559525044904296
34.37359209874374 0.9711436833275922
29.23506355239325 0.8081165278897745
32.00649084350548 0.9454574571931528
29.42634591447154 0.8041181004055332
31.78710942872183 0.9618169356394212
31.659522604288043 0.9550353887734172
31.69876129895499 0.9351194113990937
29.56041774662193 0.8977134973738496
30.167585283845632 0.8808314208794215
31.097653719223487 0.8547420676618959
31.38927075835948 0.9149707481645444
31.505780920135894 0.9509452938555953
30.120375317953346 0.9302300576853968
32.59054055368828 0.9094592803822034
30.353586507346428 0.8997641682788353
32.95096272070278 0.9252790127201784
29.58511487021611 0.8253017642025507
29.41194303574825 0.8581325709886972
31.431821693879726 0.9186278718421611
30.52695805366101 0.912967634519914
31.417321197882192 0.9370518552484854
32.16766173474595 0.9661739286445118
32.46801461706 0.9669367267111094
30.83196008528557 0.9396687237176685
31.92400486437201 0.9436662507666612
30.509060377550284 0.9289207188290318
29.433392986661598 0.8368889503101322
31.481012240929193 0.935199639032006
32.284858992271715 0.9484887220121824
32.250379682800784 0.9449768497594055
32.68298292300679 0.9148975618698688
30.42260637725588 0.9134590569741178
29.36224730235997 0.8409088030090033
31.09025886169091 0.9389468197006873
31.44428776675296 0.9175046690126137
32.85725112473624 0.9676839554049483
32.72296370102608 0.9183558196058559
29.39474875905033 0.7997237949967017
32.762118211540574 0.9613632145090916
31.81149823665931 0.9389460150511517
29.486360926725972 0.8570518096596653
30.138900039441676 0.9109138871586654
29.313506407523576 0.8076044268739568
31.346577491495417 0.931228583518084
31.551095777738098 0.9511088623069897
30.30297100157132 0.952980128353901
29.777504828077124 0.8435751293730619
32.75861564237915 0.9221607576966104
32.6181992700477 0.9089530771119115
29.03893404562615 0.8048787617926435
32.6911298171332 0.9166995929885818
33.169994364425655 0.9434652385021661
29.306379621459474 0.8159105214948168
31.654324298338228 0.9569789790080279
33.86416571071478 0.9634512700562028
32.27673305184129 0.946701650103469
31.06457223936704 0.8448825159260769
31.392535734680685 0.9155381847614211
31.394524722075094 0.9162031464147333
30.994668836317665 0.8484070941384103
30.96145122488936 0.9340434645859643
31.293270554881133 0.9304443424038298
30.261228284487295 0.9490935974789292
29.391272664561356 0.8531142906572606
31.28693564006118 0.9450773896014796
30.86506947503144 0.9296367492583655
30.574983186284783 0.9282737145906064
31.457738870271797 0.9182218486648992
33.0134553718418 0.9277859957566623
29.27103945569629 0.796331038386685
31.160086829032807 0.9390628855400404
32.90769916738962 0.9229674747483454
30.91212212216122 0.8302475927415647
33.281479808589495 0.9447981919438372
29.475697703059517 0.7870130865016916
31.478142112243578 0.9360187332635824
33.33963405165204 0.9632326518215615
32.726908319656616 0.919793314411183
31.312687448554314 0.9339001103414397
30.49978565965216 0.907106448890465
32.474598164726316 0.9098774985734626
29.19225476997026 0.790692799813298
30.187784386311826 0.9334923437789056
29.8512569692668 0.8959052573281968
29.601695459075085 0.8919126971788878
31.799178705026016 0.9427253539573155
31.75072392785104 0.9390490038993269
32.13462173674401 0.9452794190534913
32.24538652689938 0.942756243156358
31.443291649235388 0.934110324303903
32.74999917150867 0.9067451360589873
29.369980228186407 0.8626371349721527
32.88284139415375 0.9680125840684295
31.59625472240463 0.9297273379771398
29.387441166959093 0.8251184992155952
33.99843356088229 0.9765092231565401
30.341960474261207 0.950829026197702
32.58350272458361 0.958185509649417
31.42802055592972 0.9355150779368027
32.81707590722573 0.9171342455520578
29.27029032503623 0.8171353181926031
34.02449001982368 0.9765704890683616
29.79259253432692 0.8989853042057633
32.30115812058924 0.9688862119473899
29.40435910264377 0.8222902667297327
31.189908169168312 0.9426349566994139
30.600073642868143 0.9287697475003821
30.93857555402093 0.884556832004987
30.919636134933576 0.8911825936484633
31.249975486016496 0.8990134489450086
33.174953934036814 0.9565076483640511
32.93115188685651 0.940617671746514
29.61132454206147 0.9074943177061092
31.364584878122656 0.9290044406643482
32.72955240888224 0.9162210690857253
32.78787509703949 0.918885041443409
30.921718278277382 0.8296814389729376
29.67544574245533 0.8401762827548861
29.281892849880393 0.7892435860754825
30.699555325092426 0.9189419002081588
32.660564850135636 0.9118290094435296
30.55601121657249 0.9297801625131953
31.36264141016609 0.9314696352573364
32.43626544546793 0.9669857310775732
30.683179613661906 0.8155372052465173
32.89708208160353 0.9689828426546749
29.437728673138896 0.8271405430182484
30.773348850095154 0.8161112154058509
30.267762026426826 0.8875880763608999
29.123604173162057 0.8154428504073491
30.608715013019747 0.8267651844466855
31.1670358986649 0.9421555868850352
32.65593106059417 0.9121147430863088
29.427887008071405 0.916596289139401
30.594096563619985 0.9169493617506429
31.167232136005573 0.9359780788192567
29.415867632874267 0.8637577047905117
30.511376843582436 0.9116096370574706
30.326961629002305 0.901362962226051
32.585130881778795 0.9127140975080058
34.32102722315768 0.9699443082146889
29.530260179735187 0.8490855130087458
29.894578423815226 0.8914652004453557
30.004619751841595 0.9206738751919729
32.96553976721 0.9420637834879364
29.542452172105882 0.8227491253674352
33.08610016833534 0.95624709896149
32.43639128819869 0.9671701529210294
31.702110241141938 0.9342374033121211
32.97648045458427 0.9277436353874358
31.19227691072617 0.9371000295861872
33.22531221096968 0.9357985224724136
29.957274303978476 0.9205301566739543
29.37236250893612 0.8125099165099032
31.434269332137266 0.9171191633019166
33.11948875835369 0.9246038482522739
30.88838926268678 0.8286466837171775
31.234933558856298 0.893714165967233
32.76187720798615 0.9190781624325326
30.64761105281344 0.8219122763682253
33.25324830812285 0.9271736499453075
31.424307183081076 0.9166205236427761
31.09797720494436 0.9288571241847772
34.04910451251094 0.9735173766345276
32.33800990180504 0.9695636747538229
32.10724981323378 0.9631564876980573
32.27112264921794 0.94854456378083
32.82133699479108 0.9132855523386028
33.09756297652124 0.944591488016213
32.372852739215816 0.9510130356153277
30.972611308181605 0.9640662317039936
34.47913154053227 0.9819703966238181
33.17166743791019 0.9709760115798451
34.035409546939476 0.9401802990828568
36.49949947896088 0.9865468632662464
30.963937631480075 0.9669314446165612
31.207771281457806 0.9435862144414255
32.84415593805229 0.9707118499137376
31.090626964750363 0.9427321078435887
33.17498267391509 0.970918467195091
31.53111843565644 0.9480875419421091
30.83397931759455 0.9638134495109197
29.976521895342934 0.9370445359892913
32.716802446294466 0.968657209564861
34.487806920249525 0.9822503092547686
31.137000863458816 0.9683162793107422
31.260280791593935 0.9671278932848292
36.57097552210336 0.9868347320930406
36.51844246979173 0.9868257599629404
36.629387690065904 0.9843048401516147
30.029095164719738 0.9396640346755932
31.310986533658554 0.9685443673515388
31.293045469130423 0.9439699089934169
34.52746562147398 0.9501291054962151
33.163050095712386 0.9710851049455226
36.530381846545396 0.9865773404383675
31.54821002568614 0.9488943897722555
34.013279708955196 0.9423027037112369
34.512128517577985 0.9823566827983076
34.223722139736964 0.9763280873762457
31.180835763740184 0.9653648576575596
31.250016778049932 0.967667205646891
31.210738597122827 0.9672476038892193
33.14158736273344 0.971108999868524
34.364415722561745 0.9766411066690457
29.931899925043183 0.9375508058380184
34.26805757598328 0.9772119471472421
34.424292488381425 0.9828467519495642
29.956374991667673 0.940650720610065
31.47836496093881 0.9624300452483758
30.771147253118446 0.9093158534804557
32.22766944759104 0.9509244346949473
32.2443598645572 0.9519321574825628
30.047601453248483 0.9394548744364468
31.25350546877883 0.963232048535519
30.884245672695663 0.9634471103854504
36.503743678529325 0.9866676540654314
34.02008532799448 0.9430077917924526
30.634289865137866 0.9075494044305831
36.53617641689106 0.9843201415920849
34.5184422100671 0.949566751701861
34.92205191064079 0.9851000051443208
36.834841716134136 0.9840189180811428
30.901503214689562 0.9633437492844759
36.388207022271835 0.986383614539252
30.956280956185907 0.962131164082716
34.455157079755566 0.9825454291156404
36.5290218065953 0.986664933296087
30.66860515071072 0.9072397502669093
30.89193242597375 0.9626931420218724
34.66881380311537 0.9831722857399794
32.14770553577986 0.9507920809211504
30.800091475027294 0.9104171917300149
32.190027166591534 0.9511553466989974
34.505031378105 0.9500845351547317
33.25925966049106 0.9719948924913057
36.873205161435195 0.9841179655631028
31.46222815522504 0.9459848183197405
30.684062050094703 0.907847540200372
34.527451295596705 0.9501090836982704
31.3519503157789 0.9688673548072819
34.30817594233198 0.9780986418095958
31.53589318843448 0.9610430064676453
32.881207306016094 0.970312003037686
36.680492906504576 0.9839673833513691
29.981239787578488 0.9431515617853965
34.324194133816434 0.978525096015385
34.26458481643869 0.9822931801430187
31.265290100209803 0.9652537087546773
30.874837434160725 0.9627360537901475
34.02636936133557 0.9419460912484233
32.164237271869176 0.9507820474570546
34.39747955225187 0.977233241476625
34.44291355322221 0.9819326884790086
34.197246344699835 0.982185217515255
30.836297404245194 0.910526289061514
30.970953344528006 0.9661758999745943
32.84632889138389 0.9702641426549379
31.421675953524165 0.9663861741981326
30.852477240134913 0.9642741001095924
30.899671710771663 0.962742204125362
33.19647579084651 0.9710880160402521
29.957364767362293 0.9388629570273687
31.002962599462943 0.9625319855764489
32.16540533584897 0.9509358408449508
34.077614070085666 0.9428041351326277
32.13674258305821 0.9512951177612046
32.88857836168216 0.9711618241872952
34.04131203630104 0.9418559172450326
30.820228287593984 0.9647333780814978
34.56472722864465 0.9494296064595333
32.79972300440393 0.9701638821696887
33.20918435491181 0.9715084179929193
34.06912739929298 0.9425588675976676
30.705374319045752 0.9079625147217872
29.824759697131608 0.9353558898990653
32.77280590676626 0.9685456446335745
34.23713237467587 0.9775976658761035
31.178053557885246 0.9676638683490495
33.21358177842425 0.9710468014113216
34.56988871006048 0.9500216173631458
30.834824002303197 0.9636620851236949
34.6103419046281 0.984187085159139
34.05666843741338 0.9410185533882902
31.261574933543187 0.9667388487659533
34.63616613701101 0.9496114310995858
34.46037879193852 0.982974409852779
36.43708427833461 0.9865650251705064
31.17824395654178 0.968951610912501
32.24718192800785 0.9512028145238781
34.069347673602444 0.9420279965352003
32.72703093950406 0.9694318571878348
31.307396481686652 0.9680780169037038
36.737720625608546 0.9844728602835667
31.457578207562168 0.9643975365785269
31.381664628470443 0.9457724276921138
36.94098599343016 0.9846929140542362
36.50625584291617 0.9867148278172564
31.112473655604536 0.9622605733800962
34.425528004714735 0.981945318862548
34.327022538331356 0.9811229867653648
34.199029292444735 0.9822578718114189
33.22554297085149 0.9714527033312892
30.66305391210793 0.9075138597299676
29.77827290063344 0.9356509296219285
32.80593313522996 0.9695421410148324
31.139519632097414 0.9425084196799703
30.871611484337606 0.9632623721737908
34.47128560990093 0.9825933666340695
32.17505069889489 0.9508694623101838
34.39404373107094 0.9502080719395324
31.057741087644906 0.9648157077397602
34.4365610222802 0.982297657649431
34.461858979508484 0.9497742852208979
34.28250389817316 0.9778755202656455
34.33421808803511 0.9777901868004251
34.39341015943425 0.9813693600266766
31.119934605091398 0.956658588266064
34.734316456270726 0.9833672308389935
31.54916681479913 0.9482785112561792
36.73650022089645 0.9843531639714422
36.69873922286672 0.9835028539081799
30.752441258787595 0.9088276838857873
