32.028491382363036 0.9532084486982948
31.8399341494402 0.9381308967739622
34.16502856215555 0.9645466463325345
33.83664093171549 0.9448750191143879
33.6858204743858 0.9495580895740027
31.695951012630637 0.9318160075124622
33.15026650834021 0.9628434264436517
34.18122346605287 0.9542020746814913
30.61396471142494 0.9135699326043137
32.911195316711684 0.912721247233949
33.40405156426419 0.9242775283123733
30.018428376323953 0.9282678803702402
31.518586964463502 0.9230618554895675
29.497501847593707 0.8694930377121748
30.096039317378537 0.9306672168864674
30.920041355264196 0.8537935823629006
32.56438406699919 0.9413516892822973
32.832118487873004 0.9661282972865849
31.12891158874359 0.9350838777879228
31.616714369429953 0.943764083246323
32.061850506735404 0.9447409406093502
29.24305052078861 0.8468343500134567
32.78614620309428 0.9525002488901835
31.05212227210948 0.8567482132214151
30.092699771459497 0.9087556790931756
33.01646986711085 0.9179806228792864
29.6618984705697 0.8462133559167071
30.513433035067546 0.9081260289197501
32.95445486174231 0.9106905953616022
29.506730299740127 0.8723362111261892
35.141399771948215 0.9709470938654823
33.0000632032673 0.9538025296939949
32.83481984117664 0.9477921785894181
30.796137283083947 0.8975802416615719
31.41680413044384 0.9458472433875689
31.091425946068895 0.8662323852009527
30.42643126807628 0.9059114392266757
33.365060408183226 0.9250699520229942
31.52935072698012 0.9260438514449323
30.58532186477609 0.9512375036954196
32.524875562262125 0.9593647165035889
33.524246635534396 0.9325218666011291
30.235423702295027 0.9348422915370077
30.576615768965727 0.9134640728202614
33.87904355595476 0.958848686208336
30.673002280134845 0.9554221411609538
32.170242171207434 0.9472859288982318
29.558000291997534 0.8612988677658042
32.86292124929386 0.948188912543247
32.84166930635795 0.9478681297753497
29.684116671124343 0.8703063624221539
33.080828482015235 0.9196919909933434
34.42358211919125 0.9660236578359513
33.54963708829656 0.9339501893747453
29.801729253437422 0.9253075444525275
35.15976923981928 0.9699324788253522
30.37159268421838 0.938144486946823
32.11214620840755 0.9516909055186625
32.569599284660725 0.9517535525969356
33.84564564844838 0.9631232666541876
30.112124361563787 0.8753894516804178
30.070839012111005 0.9298599603356775
32.94524232159529 0.9145807843476556
29.77428253241763 0.9217096474977456
32.045035694646955 0.9612206228488552
32.62877591872521 0.9426540393181071
29.609090530531113 0.8574001536582085
29.5736839046916 0.8827311851137876
29.585250001049978 0.8806160379553397
33.69818454058456 0.9351608916157133
31.530801013509475 0.9388497476352988
33.52846288641167 0.9662458972049652
29.853792388619333 0.8841289687322841
31.37320975239899 0.9153874755326613
32.913079950119126 0.9618639725995664
30.802830879516335 0.925005765816251
33.0817780921964 0.9180799615597547
33.18755017231404 0.9639282425521174
32.915612116702555 0.96131154336091
29.62222660110499 0.8547085689316793
34.41340461677711 0.9586852993198753
32.02773925546536 0.9451723264461734
30.672767920803523 0.8542483947253195
30.364046666933966 0.9503611032217038
33.285550498562806 0.9725399608260232
33.01239314659433 0.9186906549616296
32.30892331351372 0.9379147138965078
35.145804236075854 0.97802883965526
31.47131989796392 0.9220612895789937
32.46414324971549 0.9666790127543916
31.600570188217816 0.9442389444863959
34.808456544600745 0.9643584936297535
29.430505252864315 0.8494567584100574
29.973530521279006 0.912304198312884
33.51571290507704 0.9313162233999891
32.975304366990386 0.9150927558763186
31.68052928518265 0.9451537007374274
32.02115154145015 0.9413671004854537
30.300778812552807 0.8968671498302728
30.359366606239462 0.892023438874968
32.81665120449296 0.9725441282041113
32.50109628375229 0.9595220210845861
32.789164288501 0.9677229228731034
33.84991574288735 0.9499703572621353
32.53852916273911 0.9423213421093591
29.496010554486773 0.8631037262816027
34.15413471467623 0.964446289174333
31.059563695816344 0.9512845105555461
31.947901223943763 0.9446937011019244
31.705616581118598 0.9457021713131143
30.1614454309431 0.8799811599227787
33.048323479293074 0.9213064270182908
35.27404418364945 0.9790867198832688
33.758861983651904 0.9428773051685455
31.727485660653723 0.9468642726999043
32.98269385936778 0.9618286545096245
33.199807273241014 0.9205525054557825
34.418091626862605 0.9685371176083142
34.253979635324995 0.9719168510683015
33.019350013296474 0.9213909604997625
32.417412586646336 0.9373905036789985
29.754833796293436 0.8549793143110173
29.62947989574632 0.8517658864487769
29.686962336169906 0.8858414587212292
30.947175732575975 0.8583800471627487
31.32394494055535 0.9427331555401667
29.85878837840704 0.8719489484159771
30.38992006272884 0.9499934253463334
33.82941270753158 0.9405267595837369
29.810169602835703 0.8556337433166843
29.725680668990652 0.8646704193712453
31.512391847294534 0.9256886360416997
30.371156120285416 0.9188334900779545
32.79354054338094 0.9679892872421555
30.68366849162599 0.9523023764537725
31.7309402563004 0.9316317385720086
33.20781345713419 0.9286709098819791
32.019857994039484 0.9550807475259051
29.576139587270916 0.873246242933231
34.62703344533455 0.9712919602019271
32.647565023305376 0.9527221887938719
33.09087262483842 0.9665644974740412
32.40876009068724 0.9388845820210999
29.625771747213886 0.8547049439296746
32.62310269367313 0.9606740052521677
32.353607227413676 0.9472039389712962
32.84560656715395 0.9526530155244601
33.950695955378954 0.9604152207255605
31.00135302274939 0.8553658783276675
34.782219209411664 0.9712827819580485
31.886249317283703 0.941717851252912
32.82009959615024 0.9521360549011632
33.91432795675465 0.9478509315923803
33.724371335383424 0.961474726742544
29.31809410970638 0.8712249199110275
32.00631934783646 0.9355322475039002
32.52826528654041 0.9396249504794807
32.56833833335205 0.9691326642439246
33.67961805380359 0.9488241324089719
30.370600730865643 0.9142166624665257
33.1764678264481 0.9288981986074294
29.61117132861712 0.8442242465429975
29.593242769880526 0.8383845510270788
33.26566176259652 0.9233023307296268
30.365671594199345 0.8987081676461303
29.9651471012975 0.908939539228718
34.20815120628276 0.9659589683802188
29.94779284622741 0.9244012477498974
34.09836778289752 0.9610812146018912
33.873539562215214 0.9631376450585285
33.19067930939478 0.9231989643962576
32.2960593263788 0.9424341727264076
29.87183988124798 0.8693639917817501
34.63661513245354 0.9687790684269814
31.54318548196731 0.9390325136259662
29.47341077923049 0.872554633490199
32.91317186247721 0.9651204181920409
30.59393113360889 0.9136604855388252
33.49138439909843 0.9218218123823556
32.34381103736772 0.9390343125274373
30.719404194131087 0.9382381331766995
31.0689674286316 0.8654457746269235
32.79422625966851 0.9664762136070894
30.43237033502725 0.9079470728845005
35.23027002846123 0.9825132761220331
29.476216626639754 0.8377141097911801
32.65416770443262 0.9613659499170707
35.59742256729384 0.9751372318544462
33.17732538539931 0.9278447384257502
31.37323596373048 0.9147584633280846
32.069899667093196 0.9619596100158646
31.49428931938899 0.9200724534886516
32.08180672871188 0.9635489856357995
30.253667733364004 0.9283482574534397
33.29763722377214 0.9262373542632888
30.848869981162323 0.9479641571394253
30.053582785263174 0.9223650462446836
30.90283287642176 0.8508193751395741
30.231124256510284 0.8861367953191649
31.142762360114624 0.8948780381043048
33.929740958766516 0.9602598949617954
32.60994518648042 0.9685726804127608
32.24937506287585 0.9430160228441872
33.09549534967691 0.9227735780116807
31.463200943193144 0.9205976154692039
31.474515792341677 0.9216889981656476
32.534629881657764 0.9361993863250825
33.51885368703768 0.9299445292642639
31.23759009122843 0.9391995495456849
32.07281231841313 0.9528286341062709
29.49677051214097 0.8495781039819341
30.800490709877334 0.9287938553788323
32.57144336092938 0.9366511916831899
30.269828943802317 0.8948759076770405
30.76630567365982 0.8881172265306551
29.9913070146925 0.9210850842906048
32.9044707228803 0.9113976799277929
32.8062113773344 0.9463035182403837
31.076425415978555 0.861734150724351
29.622895009211273 0.8493661309665375
32.45248337099182 0.9394592305115076
29.461406735680704 0.8741466329519153
32.519290864270346 0.9352818366382836
32.89673676932462 0.9535583883721243
33.58090420353741 0.9665703543611727
33.26102425360407 0.9268051488490175
33.03423124141482 0.9110072987844641
31.674607558804144 0.9456333512101824
31.097362489579346 0.8671357969198292
32.596612188548676 0.944094591185107
33.05754751172243 0.9230183436350112
29.856475040131052 0.8429267101445302
30.33578801593263 0.895449944258057
35.437114534648465 0.9732087957556321
31.90611526773878 0.9356510053869675
33.19448747555897 0.9642942148903794
31.083702315689365 0.8934535637590437
29.554763518488226 0.8745907498089017
32.8422815347578 0.9700091666714561
35.3772316126589 0.9730527805990342
32.85540369679326 0.9476332562646997
33.29467159034468 0.9655581504614418
30.469147257382904 0.9070912545526801
30.65089723074879 0.924764082134744
30.668747576938653 0.8760669756034488
32.068389268541566 0.9357746224223827
32.5338044755235 0.9360375075193653
33.95643137597453 0.9499993412797478
31.53311316494806 0.921293322023964
29.43380876109156 0.8399548115158922
30.759031962743748 0.9267031255835566
34.11099522355561 0.9562806522543784
33.22695641189452 0.9213887852205165
29.43082308507269 0.8839391139508009
31.163466099687433 0.9025808551534429
33.32327555723192 0.9266230854589034
30.800099131964277 0.8819203562203033
30.43233321791734 0.9121899949546152
29.6574830099903 0.8415085391807628
34.1475639024446 0.963551406170094
30.382802156793225 0.8974112877430567
29.52074112112144 0.8699504578739925
31.661677014236965 0.9444531631918478
29.460533850567426 0.8286792128112146
30.32107360643795 0.9484068456211885
30.744519682606175 0.9340920641152308
30.80677054712059 0.9259883134194253
30.4424488057615 0.9098131002387041
32.7943587353177 0.9703193694755846
29.547308927776832 0.8480246642789614
31.94371242626755 0.9604848382357805
30.352451464262455 0.9513315766453956
33.210274670066546 0.9295894524439161
32.0451288915858 0.9507800924382506
29.491771625502384 0.8419245945511984
31.888403540352712 0.940357552664716
33.77842576652973 0.9574153753004754
29.76692443688174 0.896401583018817
32.9448174457707 0.9625943176392702
30.699777718271175 0.9247205506289647
31.108393646453084 0.9536197792874387
29.645082634403582 0.8373204910607048
30.457210586849563 0.9232645590738753
34.28642467854648 0.9672748178602949
31.376218158750273 0.9156891526674267
34.244630913139304 0.9661350246884175
32.83265263723665 0.9681115557545937
31.8538915690681 0.9502213936864624
31.108406685486333 0.8703140295417645
29.565085430271516 0.8835434928904283
30.022033962293545 0.9228886874402524
29.853063707313492 0.9198030731738351
32.389816206686994 0.9386912955748076
29.569710998219566 0.8450585674887869
30.289675268190543 0.8944899339333912
31.866575419732452 0.9405290969717606
32.40652359744544 0.9458440441788313
33.28797564204318 0.9257150166108887
30.66302551497499 0.95266296143946
31.87564335796116 0.950684003515454
31.709053817861637 0.9311945954627611
29.65384091927229 0.886792803792951
29.340034136140837 0.8475039173216325
32.77163463839075 0.9530629599253059
34.505102019467266 0.9753982149647625
32.640621010776236 0.967466799466936
29.48523001061647 0.8772638767059556
29.49537840076893 0.8710437299153866
31.72527908810548 0.933610682492517
32.302535627931725 0.946909532747305
29.39354824381681 0.8376609368473942
33.602292981828185 0.9407996888678088
30.033777148781024 0.9149443381088084
29.461747208433707 0.8577101756991989
33.671619681783575 0.9469048349862986
33.293258912287655 0.9247268219529278
31.78752967004265 0.946159321614725
33.087758217081124 0.9200067881892188
30.37765097839001 0.9144223634806709
31.001745196648546 0.8502745184515615
31.72287672855512 0.9478143046584493
30.356963138040772 0.950520137754628
29.59434036155109 0.8793799537328233
33.02734046635986 0.9202176121404182
31.0174087999955 0.8940141307570529
32.53463696736806 0.9402949551459132
31.393731560531446 0.9370108735882198
30.716673639729496 0.9346944598420893
32.56361361836649 0.9670592471217435
33.76447534299573 0.9623085722422356
31.799229883660573 0.956284008013212
30.969763824251196 0.8980278387146844
30.398997521398087 0.9503138961356773
30.43176243068008 0.897345928353839
30.229786906487387 0.9256304019449568
31.83563031597268 0.9503041851829326
33.244528452117436 0.9255412704737191
32.35581511759466 0.9420949267291961
30.589818057285285 0.9502104491159645
32.95352271372035 0.9165463644362073
30.28298895797274 0.9335232743375417
30.65231998918236 0.9560877536520305
30.709513283840174 0.85816743012918
32.67560837765681 0.94816495059876
33.13218329385842 0.9211119833319866
32.899227740767344 0.9095227587934687
30.35363367820097 0.9106783844434879
31.499189965653006 0.9218380048094617
30.20189757239722 0.9328776968089462
30.22382444422375 0.9313983278489427
32.01643557158751 0.9407866228390778
29.7467388555509 0.9149412519065208
31.858174132253065 0.9404469166362108
32.839265169680175 0.9704029499135004
35.30898846341128 0.9793950640477351
31.83236806609453 0.940347312306967
29.608448324373818 0.8572895094126813
32.795121071210936 0.971292579415779
29.67941461604195 0.8514156229124317
32.33163454700798 0.94690075411747
33.30688721789172 0.9252732466610741
30.604598519346624 0.8448408859166223
32.077133588717615 0.9357810453444034
29.661783686901355 0.8420685564484506
29.557823956187235 0.8497756817547696
32.79000587077509 0.9680855646522852
32.81147871077191 0.9676794628653749
29.870057926147453 0.9253503428964714
31.95380732448848 0.9443209244090711
29.480165668733456 0.8408415948328182
30.042000192785387 0.9142028849387988
32.16801880093125 0.9637838960727958
33.556268561246505 0.9673778613309585
30.310472407288923 0.89299638620021
33.22992604387617 0.9236875282065194
30.75965527540445 0.9421467216882435
31.60386266161883 0.9260815129785216
29.968362266888736 0.9256597093991789
29.665704301536927 0.8587278231467215
33.580643751184134 0.9433611450239976
33.6965880441725 0.9592800694989402
32.569502855380506 0.9531873512459371
33.41172962756843 0.9283995091545049
33.709996146623034 0.9601008187663899
32.188159641492796 0.949067249332749
29.479411338103333 0.8513477653576956
33.72412077205388 0.9610814413720058
33.15824542083049 0.9700059672747466
30.171498067234694 0.9278383391227519
29.77851518152786 0.8597654354199269
33.10891189136845 0.9205606669614746
29.51060124698043 0.858950037850998
32.495374701440326 0.9596883903495006
32.934682513577 0.9620732229136568
31.742637067503114 0.9477478867388538
32.50200105953124 0.935401203939923
30.959954475712866 0.85062907998055
34.06376915239696 0.9513926146497254
30.961325996554578 0.8613857265620671
33.73537672143291 0.9438891220371347
34.884152756928934 0.9796157646982788
29.448961829198687 0.8381293352839236
29.521638191634594 0.8526321496637902
33.75746316757811 0.9613914945231031
33.940394620624964 0.9606303346383219
29.647539346167747 0.8915868866215191
32.03658349195195 0.9409745070715563
29.602859322150227 0.8311796514113157
33.789580725878 0.9423166656440529
30.2011021047579 0.9282866908061329
29.417544434186947 0.8393706869386599
31.20865882664965 0.8860335603462448
32.27027989861447 0.9466604360083153
32.591040616017246 0.969188378655531
30.977591200570416 0.8612745169112598
30.04703243283793 0.9258188753491783
33.098936263384395 0.9215117904460791
30.70003934153084 0.9396000838819341
33.01666472051616 0.9190874451542413
30.32887167390841 0.9387109099565647
34.39330628424846 0.9682998418910149
29.481946619169356 0.8459669457880984
30.030693453006897 0.9162894378859552
33.54304303532204 0.9672960746866269
31.867033801964787 0.9406336351951576
30.825353730309782 0.8926256999690836
30.339977930231058 0.9124440493454173
32.03101285087059 0.9365018758546915
32.059843897855245 0.9404812188834628
33.59453260451674 0.9686342709492791
32.52403433661435 0.9412755485198354
33.54663150264897 0.928455982946481
32.41881788965597 0.9411403701228801
34.26376116935063 0.9717373833150643
32.51598848660316 0.9593222437342804
33.00823113013135 0.9132401222069667
29.872967970880367 0.9096127332744349
32.073653359599476 0.9514952639520956
32.03598578176765 0.9357793425618346
32.02607432002483 0.9503885422138258
31.095875543609417 0.9464193781720168
29.428415266901222 0.86481986367904
30.234323293317622 0.8855199553624854
33.731972238139114 0.9559962380532898
29.473816200573474 0.8676351564418621
31.9605519258988 0.9454973960991809
31.53754653736879 0.940596697164229
35.158065628840454 0.9723874751508117
29.572941021682713 0.8829460684173479
30.937723258186924 0.9411150001240284
31.088995297396217 0.8725452512580044
32.368354056103776 0.9488719014524188
31.754337837910636 0.9325732839435975
32.08675510807374 0.9405079784804635
29.41609838744549 0.8383402399764268
29.538500414537022 0.8520644071293381
32.01931572098144 0.954501857396651
30.31350313283426 0.9440354876437907
33.05268555376968 0.9178836770662069
30.291863972080925 0.9466303202161674
32.86468140954512 0.968414373256875
33.53066067891778 0.9330699383826759
32.551843635213146 0.940694018510125
30.58817673316843 0.9092630398361579
32.048731342622425 0.940652207705578
30.223954161952527 0.9279528755014859
30.630142722722717 0.9171857988918507
34.340521602054466 0.9731902172847892
29.655070161245437 0.8887827161374234
33.89570575921154 0.9457449775971369
33.00139197230093 0.9112240879195588
33.85174874489849 0.9629322576270307
33.2118897223683 0.9222340807641524
30.242017854013636 0.8914007861828531
35.33965701452031 0.979696730709981
30.181476022407058 0.9317722531320973
31.111978870460824 0.9453716525026038
33.09077329429421 0.9683456878791011
30.358177107196344 0.9506119522849606
33.57026842397593 0.967977599138829
33.01407032430215 0.9211073947446329
30.618875327979325 0.924790409325427
30.66923995682558 0.9271094804851604
31.392884672362918 0.9157564273281489
34.4775863426735 0.9659000069544589
32.825545863256025 0.9592745976150877
29.506416860499748 0.8526645678509301
29.50271689043243 0.8395394584298647
31.95674788217037 0.9595871030924853
33.00925589150284 0.9192213738328534
35.20581582940107 0.9788785118937833
29.584625879441084 0.8841268684931615
29.557879494252738 0.8544125508043443
33.102952391439466 0.9157572074526685
33.60427414676826 0.9669193274797752
30.833880063291236 0.8649451685424344
31.712928687711344 0.9307063567325984
30.68598305525998 0.8608094832941428
29.35931135105196 0.8591130788636735
32.959718965088044 0.9142584751301484
29.54425114284495 0.8553974965953327
33.97467191649292 0.9461579541534968
32.556409961907534 0.9407784942892814
30.39437393383579 0.9148779530733185
32.829052299974606 0.9681296792084418
30.44946599507024 0.9035615927388634
32.30986106427165 0.9473039022183571
32.48094830300997 0.9415119746138012
32.343970019767525 0.9466746826687361
32.981177957991505 0.914820790731132
32.958806086398475 0.9144953216360433
30.92360582865271 0.9422752542532524
32.9282688519767 0.9058634032820674
31.090087806010022 0.9508962171988673
32.05962440957055 0.9359825869289871
33.82205088325777 0.958794419683679
32.97317392792194 0.9143489507140518
32.32946219269151 0.939276427283541
32.94034276604834 0.962185493030151
33.59384479233703 0.9433901166775085
32.32157251714688 0.9400124391966844
33.195655236923415 0.9265498591814664
32.10747885727939 0.9613492088337988
32.61342042934307 0.9609594948252277
29.63547642960912 0.88917653274147
32.17812722520711 0.9476919521446812
29.570646490906537 0.8838634415217735
32.974872183628 0.9635258612235449
29.430539924338564 0.8513981854815463
29.509478909416167 0.8719346678112339
33.948072816204316 0.9530259178901374
30.868728041481425 0.9549738231818761
33.441468392205984 0.9275157121682943
29.729293362926317 0.9118883001670705
31.084292831226374 0.9490510129211422
34.873204326104855 0.9795875982788096
32.06243130797844 0.9409140618300795
32.610775978572654 0.9609481760521889
32.53420357935953 0.9699268357143302
33.19355963163829 0.9276602945276757
31.884426930262695 0.9407705798074535
32.72998432545584 0.9514363575605856
33.29157817559499 0.9235788315178867
30.01533616193467 0.9233278409181591
33.05787432256032 0.918091507615423
30.86866259189562 0.8545866757237297
31.590155339091183 0.94084840203189
32.280190612529424 0.9419855922693606
29.70415375425759 0.8743068208079314
31.43728182334716 0.9458873417487715
32.780043006328754 0.9661328096142012
30.711482834946086 0.9382768827462273
30.32281145105129 0.8932477607060189
29.385055368189143 0.8453842858827504
31.10334254986813 0.9505350228741676
30.029132085883205 0.8964002433474518
32.07744112474868 0.9517156946458928
30.797440082324457 0.9280096742230857
31.43001976013145 0.9161159483673409
32.45346964141389 0.966541157286514
29.964316509707096 0.9064308253984623
29.412381505862363 0.8828109022615436
32.643295004040496 0.9613037499747782
33.53568562331905 0.9262912342249445
30.594557635460056 0.8433562445164065
32.775216378779504 0.9681653531596648
30.64196588939595 0.9196449833755291
32.51019285326579 0.9408501428466699
33.637543861029265 0.940820416496309
32.50520405812817 0.9398704895693152
33.39224955385751 0.9242582022167346
31.51796269406202 0.9250888550505046
32.45537095903765 0.9365858973220801
32.779311215408676 0.9528341936807133
34.995110983233026 0.9761854632368476
29.784855807381202 0.9291389882166479
32.07608855412525 0.9554902013185572
32.07160767615407 0.9633323024891348
33.58552181122742 0.9349124273849689
30.630173444668838 0.9338226946664993
30.341188110404218 0.9437134424925068
32.54981389721141 0.9366883723836746
29.256947763309256 0.8529741883882729
31.79351290657824 0.9493223395113056
32.0734508718354 0.9439486998912838
29.444976689790575 0.8310926483060944
29.458750606750375 0.8390009211701334
30.92294169760482 0.9309674593737454
35.085393658952476 0.9707048645656444
32.731286923126405 0.968458660768577
32.817179253639225 0.9683601883955678
32.823052613317394 0.970437522597486
32.81428606342795 0.970225509502
32.492412060632574 0.9415377710389086
34.31177027970112 0.9574944122756935
32.52907470087208 0.9356456382130285
29.705132821020076 0.8353626664144129
33.26130764158815 0.9254094570748658
29.638892970729852 0.8575229981061039
30.932132563342915 0.870543873683933
34.48448208471313 0.9594354854912033
30.695047997544762 0.8498447611894753
29.81216794957362 0.8802520030192861
32.4753731735512 0.9405160669927126
33.564323046441984 0.9339564203237075
33.0089893600307 0.9627847027902228
29.546399813461402 0.8863413939077528
29.501689397313648 0.8378108986332
30.36346568146484 0.9422902084954239
31.889655800487503 0.9529028265900539
33.877072982992416 0.9598353189990096
32.275466797194326 0.9332636559089776
33.354945885820904 0.9215558601450199
31.49345047154361 0.9190783046662611
35.33702496807433 0.9796765054796347
31.44222811041816 0.9213034286369242
33.12835352432933 0.9642617583817776
31.03241625648531 0.9019687279465106
32.297360299646996 0.9466917867859437
33.09640964352597 0.9205953981807217
34.11983636786578 0.9530347882952163
30.067706145524923 0.9119807254953306
29.60104893644759 0.8459148863896487
31.401846202731253 0.915428730759409
32.96367612253682 0.9612212662813643
29.433211230372137 0.8375428078826063
33.187448605820826 0.928512245743562
31.890665742752958 0.9379667866767594
29.524642297725748 0.8297361142360141
29.483929538300664 0.853133494362186
32.41875234728214 0.9419813544747275
32.95824577897079 0.9154802078718887
29.553792005465112 0.8852692573849086
30.893673257675196 0.8746519526920212
29.515014348632693 0.8452853333817529
29.691473545012435 0.8703508887236275
30.572159272079567 0.9120162518582423
29.387459285205946 0.8433245295834648
31.47405415828384 0.9203330057802396
30.01240075033656 0.9216575098602272
32.581737884899475 0.9538859085464463
29.465825643603814 0.85567022966599
32.3151680847519 0.9335281855293722
32.49740490856215 0.9383794847823825
33.557154685562544 0.9667536639448036
35.60989960217378 0.9789274170960318
30.84779030949496 0.9566939784456053
32.26847233345992 0.9470587186614802
29.526419135685245 0.8329425709203725
30.31656313926352 0.9109274629503944
31.729143615185563 0.9453517472429743
30.16887895521712 0.8864326480495284
29.472121036283582 0.8451151652114615
29.774514791444165 0.8545446851847862
33.06139220402598 0.9128995736696394
32.621582329324276 0.9695130560199541
32.87615839746374 0.9037367327096862
30.638437410116648 0.9239335409346622
31.966131629516063 0.9524784114760424
32.98133545794038 0.962518072018645
31.53785819453639 0.9265382947165286
30.675887166452625 0.9343577651652665
34.626384711976655 0.9707361741147185
30.706645259912186 0.8561696647264248
33.28207172288161 0.9707149121863633
31.071712079850546 0.865889096137999
29.514586603115 0.8465997570834719
30.999235950712105 0.8495319300194233
31.19334223992833 0.9050955761350529
29.526063709931677 0.8522417671122118
30.081479276262485 0.9224347077860016
32.53044857393027 0.9396239827146303
31.749531786898288 0.933448009064424
30.745147694274536 0.8495837300761421
32.32144171234635 0.9467641694753609
31.068289681448128 0.9478977417852551
31.75561618280198 0.9346177100348169
32.03040363930342 0.9510340037230544
30.35578716822689 0.900522009229055
32.123490825277074 0.9506207303112323
32.265453995833965 0.949928998198212
29.688944433876337 0.8652953548197821
31.91988038518051 0.9595869628380346
34.15928923299526 0.9645383728677321
30.384119096675114 0.9064184109563431
30.616025016164418 0.9213427098285689
29.55008968375871 0.8493177939800937
31.754391451096275 0.9330083153565902
29.909636021710632 0.908697523225485
31.69115756485144 0.9479987153831643
30.88658267233223 0.9641780594819883
34.318307781377136 0.957637924692797
29.54071242627122 0.8886661560201548
29.407103242409942 0.8352749868276521
32.49079646562238 0.9415300928369934
30.6085353826909 0.913989359512245
32.82095013844249 0.9700256318653986
32.33128443306563 0.9464024280263541
31.686309822082627 0.939027978524712
35.57034014808018 0.9743733368158641
35.01578806473218 0.9761521945499209
32.85259506056284 0.9703216887018618
31.695248481749275 0.9318240492140374
29.591636482187194 0.8831530958449668
33.11729902517602 0.9156457143450599
32.462735982963466 0.9612759385603955
32.839008868894545 0.970408018886182
33.3043490363676 0.926879333106048
30.755406334430337 0.8646934486775564
34.37050672101254 0.9737589254321205
31.035126470518335 0.9489412360082204
32.361649558447915 0.9349063132970714
31.749616553479463 0.9335953720838339
34.37522942889591 0.9680615023653569
34.28921561234387 0.9666166569080454
29.58897723700845 0.8623785263864217
30.765234544938032 0.9565439123343413
32.343462577347225 0.9458007311073018
32.03499831874498 0.9422730753183849
30.689932127507813 0.8497850324743761
32.606094934505045 0.9586800744593943
29.52860510203508 0.8736879461516772
32.82896594202594 0.9755565485971611
32.438016795885545 0.9705754705104982
29.521773328816327 0.8551455018002665
29.87256660181972 0.8703192274542093
30.44681134417325 0.9061438275801231
33.03640908394882 0.9221172737352429
34.26327584762639 0.9643937687915132
35.275022908785864 0.9793683868938327
32.30914381062912 0.9468887135842363
35.08073586906474 0.9818002911503587
34.3337230419567 0.966920629098985
33.41520683573926 0.9279635961594045
31.487969734248054 0.9214984745011099
33.923963140531875 0.9602370903733756
32.51653766315633 0.9564984627793012
32.443319416353376 0.9397789110381582
29.509189789198054 0.867993969648279
29.826635205676748 0.8633510951483394
33.4336528855783 0.9323759136917479
31.073526502386983 0.8653996205019333
29.536183938345935 0.8820255796893469
29.49468124172608 0.8478439362611245
34.53783624296851 0.9596675381823898
30.86470499379459 0.9286175292169448
32.01134642239494 0.9408623796709172
29.358752590788026 0.8803269284135182
32.4758943243826 0.9354243044065971
32.73957866967163 0.973731075786284
34.56350172033637 0.9761114163371064
30.377392741376052 0.9197839240983481
29.840262951923453 0.89539729169893
29.451049923290608 0.8710285261562803
33.42497041959814 0.923645146297231
32.71399831079478 0.9750813606095255
29.712424698276013 0.8396650147776512
29.87987446854983 0.8924638257458108
34.4127372765207 0.9748337032271956
30.846998347168004 0.9560529129415957
31.759790364578087 0.9332694736339493
31.13562721615485 0.8900176678678534
29.39851577433025 0.8373515876381941
33.19592109775247 0.9207552369533318
30.001783185184102 0.9226482520945708
34.298818089990604 0.956633346228458
32.52818510022993 0.9590794184131378
34.870826766564356 0.9658742159067667
33.06517002401713 0.9223664488973468
35.06723741620021 0.9773858863656953
29.669772757897256 0.853462580856348
30.624661446532162 0.9183156815102861
29.42006382909039 0.8288215996891374
32.142284077339255 0.9459183300923413
29.559413617347865 0.8816967183097366
31.437458554211617 0.9465179760087143
30.859939537189675 0.9286144551315794
32.248206309565916 0.9606893890565984
30.766600155926373 0.8585352354930417
30.759408607620987 0.9223576272519438
33.39574335234654 0.9223684376024972
32.018211105902886 0.941752448870122
30.411604791728188 0.9363844321768139
33.421896297999545 0.9277355555140975
33.23033308323833 0.9238610151659133
33.236933737125355 0.922206519595582
32.532005814692766 0.9347296558498437
32.26534854924593 0.938353653126812
32.575444594218865 0.9677466851034309
32.94687125314678 0.953225914567309
31.852821840136553 0.9380361419270892
31.732914376524416 0.9331098516129517
33.142229332550485 0.9659712438571171
33.62550989321804 0.9684743217307299
32.91734131677816 0.9666783916224133
33.74952803211085 0.9614290070929105
29.386571007949396 0.8643502579757558
31.71793508571188 0.9324415834178957
30.362896233528673 0.8999375104410603
30.56381730273056 0.9126576316538484
29.351849337426287 0.8545903573283566
29.409665659794403 0.820580210688107
31.009337888671034 0.9334817003291181
30.04240688628377 0.9279077941127346
33.12866584778948 0.9194234637005569
30.425148664330376 0.9126150272900817
29.595120324214022 0.8755339717323412
32.28754833658785 0.9668707435799632
31.38370692931663 0.9153040333464227
31.368896378107863 0.9141536429752
33.03462608758469 0.9188979140261588
29.9806778649128 0.9016410286748086
31.89147868610337 0.9401736636999747
33.56897649598009 0.9683358013953692
30.37177091060282 0.913267270207842
30.383980187455208 0.9156631290499162
29.58342918204783 0.8976748928226995
33.562320118853926 0.935072836303867
31.929327176827176 0.9373812419137272
32.02082348458235 0.9407113765191047
30.651380446856507 0.9346475493401202
35.11642220732573 0.9689104822086589
29.451537457484314 0.8509461503681788
30.78472667253819 0.9446014567438348
29.507600756228104 0.8442971712244224
32.189325432650094 0.9554519255317118
32.35881906096875 0.9475687381866222
30.617807792539363 0.9217336507816134
29.77964621319325 0.8670760785856615
30.835933732299136 0.8561949843984469
31.751606086214593 0.9336315883111956
31.189949760510252 0.9385588641282413
30.320490066099232 0.9122038344909922
30.724021203671104 0.8482547452661452
31.313533995535284 0.9414532554952248
32.74574713572771 0.954788548297383
30.889095562036136 0.8978071184910097
32.52301660073007 0.9401312926313882
31.301680435284254 0.9391188187357817
32.889143420266976 0.9533126428633922
31.104054390320425 0.9518134937816877
29.44000247760648 0.8301959730588615
32.18050671077592 0.9458048330350991
29.61090587853752 0.8565986732317148
33.34266754180352 0.9731424520926267
30.3539395864804 0.9019573967905035
34.341589091079285 0.9678945720147111
32.31405071145978 0.9346212913547036
30.297044846469056 0.9353735763266875
31.886026901709407 0.9410566603999463
33.24359078348443 0.9205552240581133
29.502615638175158 0.8425402855773724
31.493884434265865 0.938407361271905
32.97534837194275 0.9131632407380335
33.843301731504496 0.9579907711327369
30.783323788902386 0.8557478277331804
30.898653611921244 0.9259695910429795
32.271254911081805 0.9388172786159222
31.674648571099084 0.9409689562976944
29.456920808928267 0.8337168533618404
30.438168136155323 0.9067477194414751
30.55197028788548 0.91596555362854
30.415419034706247 0.9015527868843458
30.001507692782635 0.9194323902007338
34.02220727287887 0.9515586407556683
33.60236848616145 0.9352735450895981
32.619113524119285 0.9522568539802478
33.02345706205531 0.9215953965678074
29.5678064224943 0.8479939968060678
29.9304817277147 0.9359797997096582
32.88400080966363 0.9641646314360766
30.525443415739257 0.9089226743608979
32.46642899674177 0.9408319449602637
31.502994955523164 0.9206261762642624
31.8547599290974 0.9404139279771953
32.288388865860675 0.9337971631389282
33.106821790349855 0.9225151643642513
29.503499177963125 0.8264006806998881
32.54425110830403 0.9411123295875341
32.45206660095572 0.940127498481975
32.56857914756166 0.9367213611764622
33.950449440436536 0.960975164316327
33.031850117333455 0.9228333012083604
30.288340655671572 0.8949441614582937
31.360623408739215 0.9146492309974562
30.72000810671634 0.9257655635875882
33.03945149811268 0.9224732156633553
32.94202087925426 0.9622724533093515
31.361134731360877 0.9358237818418444
29.586202024108353 0.8382221480200082
29.939769916813223 0.9011006396208985
32.09047222847902 0.935861260861706
30.421616498519334 0.947145824102457
29.428819204939284 0.8380501921899879
33.10305738529663 0.9223511386055774
30.68758201232098 0.9543790523638087
29.542680659381887 0.8526810327394698
33.206000050093415 0.9222234170007946
29.477962074059192 0.8592446277694651
32.26730139135876 0.9348807954277889
33.097943455402685 0.9180076877557912
29.972183329226194 0.9295337230102797
32.424857780925436 0.9436546794078973
30.216075928616434 0.9253773803553235
30.25597299859563 0.8944349155471154
32.01445961008708 0.9408139924054055
29.404997102156546 0.8418984714476736
29.490942227039273 0.8693574404270437
31.6006622558904 0.941126367542824
32.519061789096824 0.939162586030993
32.5335096975216 0.9337777730803476
34.2259012327726 0.9710641185365609
32.933534518484706 0.9623834130810823
31.97851629025923 0.9445308564091723
29.40921327969235 0.8739268182428863
30.33106221371572 0.9493593191684088
30.6045563669997 0.9123931009140727
30.40939859668263 0.9024231128445329
33.06260295382102 0.9206552076694676
34.99170219465147 0.9740259321305305
32.82151151192279 0.9465059288098041
29.47571930741794 0.8664584920628696
29.406718751553328 0.833111712532191
35.610248052934026 0.9747445507766238
32.87116341794102 0.95036213866694
30.71593682154136 0.9598050895334925
33.65468208351026 0.9320544253007245
33.53167282945597 0.9306976807710202
30.03129064023769 0.9197479831955284
30.285205953152456 0.893565637442547
30.22993208456282 0.9237878207642055
29.397092295614268 0.8381543763823011
30.477620495475655 0.8802707946440236
29.89182801299751 0.893580419687564
32.6220992336532 0.9528570781141046
33.32631700570272 0.9727506407027532
30.6667202363434 0.9217439420010507
33.17249714950879 0.9258892146214788
29.44742194201642 0.8613539424814496
32.009237788387495 0.9441393613010794
30.17755927607824 0.92833094811363
32.53779125622833 0.9401973137675156
29.767925669812534 0.8847026263535066
30.636771254450128 0.9576312648231556
33.063419200314144 0.9152282789731614
29.42551775687476 0.8466722850141418
31.52897160204628 0.9224524980616979
32.081043184710765 0.9410681303442611
30.27736620646803 0.9325898077455569
31.45526599877774 0.9364524222797496
31.47368568802286 0.9187468678075318
33.6489162030055 0.9474265864734877
30.037957061506837 0.9291804364458319
32.101575733505896 0.9453537485115332
29.52848669524542 0.884175379300526
32.28537821752974 0.9572632847406237
30.64793048280658 0.8425030361327001
32.59042172756659 0.9719634269407471
35.28830519837922 0.9796309851417916
32.5633905149885 0.9514871792653596
32.02634849666319 0.9356231649382079
32.81833639724985 0.904374279915459
29.834303675627826 0.8868643428725127
32.4288736795349 0.9644938484865636
32.166696319795356 0.9508700288467629
33.011119434163575 0.9185892848712168
31.43857261342054 0.9185913164441719
33.499100102792156 0.9328180434021541
32.88950094428343 0.9537626713960602
30.335530832629992 0.9470260326543886
30.39974098850883 0.9495326015707966
29.493128773910612 0.8699896458635008
30.856947996813872 0.9570444537087812
31.13049991926921 0.9540566512198859
33.6622700816226 0.9477569396159765
33.805625628231695 0.9483126174296921
30.520615470832723 0.9035212997067662
29.427489316233533 0.8520114209353276
30.832180319556734 0.9548943031453919
32.93987040033749 0.9602744852673127
29.442812507708354 0.8438426702178503
32.595072727116026 0.9674774878583584
29.550421339795655 0.8409308738940322
33.07600952127177 0.9637480786410739
29.564267935372076 0.8810260852219935
32.95486897306732 0.913728130785637
30.567659290900306 0.9128803294325258
29.501362029190297 0.8695389279507078
33.55692902797956 0.9679699613854398
29.297248305450054 0.8448752405190317
30.39444607942753 0.9106529390034795
33.7143889858235 0.9478826433503313
33.42955617820043 0.9196851410667201
32.77675487188834 0.9676926251521757
31.111266580982306 0.8733506920973483
32.78098489484312 0.967773758070473
30.82456239669511 0.9295950422224529
30.966754409236266 0.9605885637204425
33.773338845680975 0.9564262267939319
31.078836931791823 0.8558524906527982
32.943267131402656 0.9640818254509743
32.573522159944474 0.9502514188759263
34.89700431200509 0.9720736278430593
34.46220870378805 0.9744586081250427
31.767429548501003 0.9500973842440975
33.58581214182352 0.9314429732187631
29.5453631212162 0.8446533195001775
32.93635973606754 0.9063871052261755
32.078638171612475 0.9386876728944981
29.51027497212602 0.8494104051960226
30.350302007783867 0.8957413951138962
29.414430588143233 0.8359480598675761
32.52759121732477 0.9360322926535163
33.93657392636077 0.9533352650678373
30.413424901331986 0.90870778201046
29.685585129101376 0.8582573877823582
32.859195630427564 0.9534213791681052
34.03824180747869 0.9560279659413261
32.553512547760896 0.9595696695752769
29.7807948697168 0.866494881847385
30.82142795514821 0.8630863821697259
34.50671592986412 0.966329908739763
30.42904924575689 0.8992001431391643
29.99140695670391 0.8969507469034774
33.612738631778576 0.936597021428796
30.002657451034317 0.9133106236128388
32.71638907854432 0.9505855280351481
33.37664529885494 0.9652610353221233
29.425103352531252 0.8432140968767016
32.06789499321839 0.9412831958347353
31.44136406209734 0.9176365830617903
30.59901298727389 0.9132421362716835
35.20743265412111 0.9790535800633784
32.64503376088103 0.9695944572622506
33.54485527786067 0.9335985820723471
33.63060481555094 0.943686245019641
30.422277199385242 0.9035100236175791
34.43819176008647 0.965893825954641
31.383267228140653 0.9359712680715376
29.53127158718096 0.8369363734671897
30.83246467235027 0.9529945654719681
31.56522240033717 0.9415574055272151
34.54094164297438 0.9756552500741155
31.136821965153437 0.8790830536672817
33.32461209672094 0.9637317236072585
30.786434524796537 0.9611075359911794
31.592481887368265 0.9433222201234234
34.07631084650623 0.9518068564284432
30.385047191441107 0.9497935839349412
31.147609544328 0.8721699873489567
31.156836303900704 0.9032169749663767
31.454134144053217 0.9193005319525939
29.42358843901891 0.842149579035304
31.767528191580027 0.9348658204237082
31.725459441179336 0.9452750546768066
30.935105273163042 0.8649583737758021
33.769358335771585 0.9582336553778611
30.773972383955154 0.8890668021807399
32.36700551086804 0.9472361777266018
30.500219823564926 0.9056546387143164
33.17866020996544 0.9184792862093266
31.5367430907181 0.9256502675581133
34.41479908220617 0.9742915002520756
33.39017772837314 0.9264964572899702
30.7330848574375 0.9402276727328511
30.62277902872356 0.8531691550124129
31.7997576569652 0.9343629431007044
33.792261806293574 0.9489254310378218
31.8774102916443 0.9563919380869188
29.39304158653861 0.8254758114261344
34.630642120089504 0.9686057284889662
30.035260483089942 0.920976217288182
29.952887786821098 0.9190542489001617
34.80809042203977 0.9727701518532044
31.048182966786847 0.8536930326365368
33.16510599374754 0.9648564244210773
32.548501809233485 0.9517269594855458
30.289626674152753 0.8942341403420766
30.62706477465609 0.9147015530462546
33.548696811395196 0.9341243261537451
29.481256484848068 0.8549649948285118
32.78100530954935 0.9533434784543418
33.09921868363964 0.9189961683278639
32.088363551520665 0.9358665240893123
29.434780020292077 0.8491106273236225
32.47787581203811 0.9428152700897103
34.14028109791796 0.9635772846380446
31.099387929559068 0.8648291386031799
32.801599637093275 0.945120596905384
30.387189428834944 0.9113365932488416
31.688437069616405 0.9442889622486395
29.556251135377675 0.8789594275410754
32.81536348749634 0.9535511821906625
29.538056330832717 0.8557867810264841
32.688308761504 0.9532130155245412
33.51757103774536 0.9314145214121795
34.290428031628466 0.9666021232012995
32.619249193668075 0.9608925161869437
32.35802791044343 0.9390181796704571
32.61652016071445 0.9527841788088592
32.197803637948354 0.9359859463428477
33.25987925664718 0.96544176186169
35.104328877239844 0.978108829847143
32.53396702522307 0.9411066742305311
32.56898701493598 0.9357669757273427
29.622360475815157 0.83100861538536
30.761782745196385 0.952596347214318
33.20313304835791 0.9220248113280696
32.520955552444796 0.9529764271050138
31.853121633781313 0.940793455164893
29.694800357693207 0.9224273319683467
32.27746908828583 0.9471202149178871
34.937846143153315 0.9805647011926261
35.60719446560955 0.9749209164539631
33.029185760184646 0.9185624625138722
32.34639842686157 0.9413842814624173
32.03275578003195 0.935642853221044
30.00296707870384 0.928611157796645
33.233707758004044 0.9219005262535013
32.56253070331228 0.9606041166145729
34.39598488375672 0.9687956050570299
31.50543521684361 0.9398179218742303
31.949393337300776 0.953376197100652
31.877781158200037 0.9429193713849355
33.01739054940842 0.9189886389149171
31.370845056724672 0.9158550961501457
31.44051793270969 0.9213697455044925
30.455350820012818 0.9033573409360657
29.590565354137794 0.9036019010356293
30.95035719192009 0.8486832484569267
33.0208260253285 0.9202773391469834
32.06979674103189 0.935776223239364
35.035193729034546 0.9668344454360395
34.54694825796483 0.9759996625564465
32.04069387991278 0.9440016460199933
32.77039594067697 0.9460102774854907
31.16379481207939 0.88144119917178
30.33945904556788 0.8961146648265583
33.944821581724305 0.9476069442265355
33.080427181221054 0.9230097418391568
34.9363101891458 0.9801355012827327
29.49744472897127 0.8395509491735736
33.887746432157535 0.9633009624961414
32.02454688123562 0.9357140344608599
31.636511812178945 0.9417003452496892
33.8328265270064 0.9627138913696957
33.066510857463925 0.9139228216347679
31.99452402353071 0.9522212549736404
32.77781677913509 0.9468001342889122
33.37504233234815 0.9263697838289404
30.79921524096455 0.8729334184088935
30.784951102308163 0.9184755153827684
35.072184356024906 0.981557543616382
33.84608008263105 0.9447971416297655
32.27317408751447 0.9464680006798172
32.05776026502781 0.935253156371275
33.81955878893228 0.9629825171022214
33.06139887022625 0.9210020167071323
30.71657210937584 0.8592799143009343
34.248435275845495 0.9714130655998794
29.882475174687286 0.9238619034469557
29.528970193540587 0.8721650417605459
32.383697449079285 0.9378709887396763
33.32265298640409 0.9726935097436961
31.03684285730147 0.9119223686559188
33.69666006166324 0.9611691516171759
34.46868798935506 0.9753325885512477
35.408991150459215 0.9732570667354836
31.708267477553058 0.9456160156264362
30.188047414656833 0.8870209968044157
30.369437800423302 0.9137762997469434
33.163406782030556 0.9656460069036321
35.72386629687599 0.9800239381361517
33.34134155114717 0.9263859722999486
29.590180659990637 0.8557291878962796
32.78665345198028 0.9467542501974932
29.566878299241 0.8605987185937102
30.589869374382644 0.922385191408207
34.28492179501813 0.9623109960097389
32.300343835696744 0.943960565835594
32.119011236140516 0.9417888895284204
32.290678831582966 0.9465671467237033
32.04626922134796 0.9513734565395296
31.05026558487415 0.9445061385112247
31.51912751057443 0.9248269852139843
30.049757213713267 0.9200008353070872
34.86936554377862 0.9793752783795736
30.416992229051985 0.9008005085324675
32.92115503899475 0.9034352583794374
30.31520914102765 0.9079632190964985
29.62570767811206 0.8467806954696167
33.72989153611925 0.9571633045521781
32.551829407545966 0.9339713602739899
29.99736423398585 0.9088411033425577
30.511703950379953 0.9174574396958983
30.758041071933814 0.8954832405063797
30.652629301794608 0.9228226898900987
32.422405831108165 0.9421159638285325
30.025525022606786 0.9042856312662437
32.56770164840819 0.936754035294261
32.96329115010553 0.9624566812828975
30.578603227820413 0.9107035824967135
34.861970593088365 0.9742661181311839
32.538057565741966 0.9400693636667666
30.929880289788652 0.851440229684344
30.38209731425962 0.9173592778089984
31.923765458884624 0.9410053439424347
33.413407882344224 0.9248203754628116
31.889147524580707 0.9398906163153692
31.035765889575305 0.8922968829787871
32.27837966080551 0.9319849541722819
32.52219182852319 0.9472181436489122
29.42379479469921 0.841155599112147
32.07510786734644 0.9411905264567141
30.99639002281048 0.878430895106669
32.57774715262507 0.9506657209817061
29.766630771794055 0.8747853208447812
33.81457465768127 0.9582248394386389
33.23272665491352 0.967116772248779
31.02962366657572 0.85592401072053
33.174251918932306 0.9199509777703646
34.387224859673665 0.9682687967124158
30.292164385623558 0.9497199219215718
32.369472605659155 0.9403169060627974
32.508918898160964 0.9566044477615754
32.84440873798977 0.9679822205370356
32.526526676201044 0.9385786773602748
34.122224358786085 0.9636886837675865
31.970715819689847 0.9379814862053056
30.700983277152844 0.9212454606310456
31.09649230997634 0.950252170325776
30.329971189152317 0.8993570295177553
32.419412415663004 0.9356107383349977
32.9314801059191 0.9640101485602764
33.4983191183146 0.9272937797490005
32.557699905252626 0.9364021434393184
30.093256184144987 0.9242353875870558
29.91498548032972 0.9218112918321367
33.045617117974466 0.9135919929383254
33.24156549841472 0.9240099912407107
33.20394996481012 0.9246586762215545
30.46558354016983 0.9227482696372652
30.390810711900798 0.945287346568117
33.583856420732886 0.9362507097806725
30.08496584188777 0.9166146632290558
34.41323777209925 0.9747220099663845
34.294067911906495 0.9553705313124949
33.31953722559488 0.9726494772768017
31.148819038975773 0.9374173547884206
33.24447236243831 0.9720329897824841
33.777207715899294 0.9428877160530802
29.802421672523145 0.8624334844471009
29.58459075406006 0.8595374410617038
35.26075006371827 0.9793851072230674
31.915192160453046 0.9412028642229534
33.10740249764706 0.9172181412636602
32.34586733233543 0.9378362733984081
30.236722436929785 0.9441362031791988
33.51290673200688 0.9312585695033194
32.57043628551655 0.9729983647241179
31.601098175196 0.9438130173601194
30.006400832508472 0.932732282912716
32.51749349787859 0.9593800719624108
31.459403907053158 0.9214098585335976
34.149100484712434 0.950072502247425
32.318682986317036 0.9472926112100496
32.92465127574588 0.906161036332207
32.69938238211932 0.9615103791244174
31.06086638773658 0.874998650724316
29.985413408800646 0.9288918245742563
29.44923381275444 0.8683785805946139
29.444759469363298 0.8332516352674856
31.450248114253824 0.9190216720047916
33.8964624741017 0.9432970256371793
31.51484548876421 0.9191041717843498
32.99926534836611 0.9145227853112204
32.16104594891384 0.957171063033983
33.20308896954618 0.9289893058966903
33.53260249253242 0.9666508593994355
30.58942892236353 0.9116687543295574
30.739774340185903 0.9239807258032415
32.96803094599307 0.9182376302393837
33.07312855219927 0.9198716130161998
31.082267091686205 0.8633911176853626
31.500531555400176 0.9428927079451473
32.081161271686646 0.9357421912944771
29.49524408240115 0.8818648518872715
30.752345939723643 0.9617112750150476
32.76571079114276 0.9525310576620083
31.883778296219205 0.9524582213526368
30.772455956447757 0.9420719088248589
29.989964157412388 0.9260937630850806
32.64679664315029 0.9564099742792148
32.580977481588356 0.9613787681685283
33.1449209341711 0.9166337206664082
30.347172471170968 0.9419705180192787
30.45025566688534 0.9115652605032349
34.27473640652855 0.9636870116888693
30.26623986051209 0.8908614516063248
30.309422151784172 0.8962260504746293
33.834401693624685 0.947321314090507
32.609067299278436 0.9515502070434328
32.023051121079796 0.9405091128741285
33.744268348716375 0.9603292116602362
33.84840206081884 0.9459061040092073
31.521585273284053 0.9253368017243843
32.88577038940116 0.9600953107741007
32.759688462772885 0.94590322228866
29.45101315238727 0.864111156868087
31.843125212232934 0.9486785927926008
33.01999485395398 0.9638156942763686
31.94149694683269 0.9603096048495272
29.965664967214757 0.916354122389068
31.3279541766085 0.9428692336506401
29.533583866004697 0.8577039238786262
32.528884421871254 0.9397531168042003
29.41426094575175 0.8404753379565356
31.476955527475088 0.9204179500967753
31.586811209175476 0.9422292397595441
34.23477295580383 0.9552251000871326
32.83243509097111 0.9648254385297925
32.84106392311429 0.9682393883867688
29.589211381846106 0.8595237944010661
33.002604521987095 0.9206887345540301
31.845799939932892 0.940726849829423
32.5683934774371 0.9594915814365266
34.87625943814611 0.9713060973228345
29.375303115368748 0.8480317168162402
32.3410553882733 0.9469397166521126
29.526503024344155 0.8439327876661976
32.09526327999767 0.9626178671071584
32.078370242589365 0.9615746883357014
32.03208881926696 0.9353337898508806
29.87593524301876 0.9121734956086087
30.284714674828265 0.8924364193010638
31.157480136730406 0.9047049855632946
31.36908118356597 0.9154982112737533
31.851430812722192 0.9504592879348508
30.357274288128213 0.9480706073629154
33.027640758328815 0.9201609588585484
30.508308082124547 0.9128003728514694
33.41793078558202 0.9292368907786802
29.72157188292471 0.8467789210232005
29.490035266003915 0.8935470585524543
31.487052929452805 0.9191127385290971
30.695372740042245 0.9249083832851849
32.293657407119824 0.9446860551674001
32.56929333741098 0.968849457116618
32.82897647339116 0.9679121378726242
31.044820115247088 0.9425115766131021
32.04473923617515 0.950714113779865
30.7318893296852 0.9425256955784855
29.689341452668895 0.8903637942470705
32.414874842747246 0.939386742406026
32.79680001942343 0.9471013800522403
32.81309012505264 0.9449380832204534
33.14007426493192 0.9263364228623632
30.493606856866236 0.9158355155431818
29.525776043127905 0.8570383378372056
31.354423232815254 0.9439203443030182
31.39348425695799 0.9156890451444011
33.53812910436346 0.9674681461303256
33.07350466806352 0.9210244987507072
29.586387502249494 0.835883766711721
32.97995741797703 0.9631693517665609
31.886035716744054 0.9408486802497942
29.789131623039772 0.9231668776634235
30.29321188513555 0.9118691145332688
29.429668983716603 0.8479763726525071
32.18646949114982 0.9365776731410917
31.827928537383787 0.9497277834439267
30.707383863179633 0.9578922366094639
29.924792197062295 0.8708318311712118
33.155314393381175 0.9270251852211802
33.0108418065342 0.9157202042052135
29.29372634880286 0.8553840186867692
33.365363536045834 0.9219724213631677
33.953381256588834 0.9504716989488712
29.5609850036772 0.852304859517241
32.06580290123668 0.9631841041577098
34.3274460359442 0.9674741824911945
32.81817377348239 0.9466632870868069
31.171508461225926 0.880489775711255
31.370796276406843 0.9151075695392591
31.38122905786894 0.9148463575687861
31.04136105769161 0.898449139170751
31.131994209412635 0.9375774997800205
32.25137052095166 0.9357372290491169
30.609330764354844 0.9539676446817013
29.638478915669204 0.8775183419695973
31.73069294099172 0.9488550348266985
31.0057718669181 0.9332163612463502
30.733431437446388 0.9371584061943227
31.499769047315766 0.9198333981939132
33.513768269532996 0.9317968575348297
29.482086374489626 0.8356967819794664
31.499419479946024 0.9434840949448846
33.40351251139675 0.926578508317625
30.900982435595967 0.8617406809103312
34.05610456952756 0.9501241911959046
29.65172174523913 0.8226890861848851
32.12417734507411 0.9532400415687808
34.2775739358154 0.9669440124807182
33.447801569797974 0.9244986806402647
32.30667301455516 0.940349396463505
30.608494455300807 0.913209265020453
33.006123972616535 0.9198625441712196
29.41751332308121 0.8312222806023818
30.44812568416264 0.952679291195637
29.971115780480467 0.9146542827688675
29.87640309127034 0.906893742111075
32.67430570362936 0.9658723636453482
32.04026843845965 0.9411694755462738
32.68364651341537 0.9453176640141215
32.52368917491778 0.941231883182139
32.373362489614806 0.9375523746894115
33.132832458863234 0.9183371784871852
29.643672717711596 0.8833233285889971
33.5663683325261 0.9677429503009536
31.6974557520832 0.9312876962554951
29.633603351456426 0.8571355205632656
35.19097066779424 0.978710155437858
30.63749425342091 0.9553473972147363
32.87450468531372 0.9616453629590958
32.393689684493495 0.9447694363454575
33.44472387151456 0.9218431626680063
29.543292653378263 0.8493840790975703
35.19379084654316 0.9784568525278294
30.001542183298554 0.9144122805564513
32.77928706049711 0.9745809864316608
29.689554492132835 0.8766163566399736
31.385739615784992 0.9460347558404185
30.710226512515497 0.929563470100765
30.935686820442236 0.8916590652027276
30.922824907961974 0.898174991013081
31.20299876142741 0.9067180708089145
33.69293472385346 0.9617555310620558
33.73262470435964 0.9438329814212586
29.907734221955707 0.9221406596540783
32.330711614361825 0.9342787588742745
33.06823577620858 0.9189752572050923
33.449526869851944 0.9238837270264227
31.00195789250952 0.8672756432483224
29.7956870237509 0.8525010626022039
29.4628665916018 0.8292023189259438
30.902028651383002 0.9310380407615392
32.96113662973055 0.913604207801832
30.77585717610082 0.9408992935927765
32.357913010934084 0.9346505381799071
32.78324651117381 0.9678768909039394
30.682099753399896 0.8457169834411106
33.594268319017665 0.968316204581922
29.595011093000632 0.8638094237971582
30.795197230895724 0.8479981236598039
30.378012248513247 0.8981175068276259
29.367036958255163 0.852183043509067
30.749874903004105 0.8683365974342996
31.384802449965793 0.9459818546322388
33.0726963265628 0.9183751223227762
29.707538955478604 0.926584580495592
30.926772508791302 0.9327130349027253
31.57337519743212 0.9397794556671418
29.508857540477777 0.8958740339622402
30.69217070595034 0.9252292458360118
30.40030011724714 0.9063451715679075
32.97134661663109 0.9142875920099628
35.09631372633781 0.9720708510816846
29.76568143910589 0.8945351856766562
30.017870001068214 0.8935139070169621
30.22953962868986 0.9317649461295172
33.748247261319605 0.9480586937424804
29.762990640782405 0.8883216436425158
33.86959573323337 0.9597932560718787
32.80779987768411 0.9680018801595675
32.01636639600369 0.9354859176678744
33.511676612628186 0.9315817197920621
31.49283197150492 0.9425103006919008
33.73637543331976 0.9427334298261306
30.180808829633 0.9315482627102982
29.60612834322672 0.8729259248315683
31.382791639967863 0.9154056191436213
33.29270203176029 0.9269999081088088
30.88888374101583 0.8635111392703471
31.177489612054664 0.9023127030794114
33.06142153538373 0.9218664510436847
30.641484737856363 0.8517754080796494
33.55572422488573 0.9336083261111958
31.375410850172464 0.9144669590012391
32.141174349742116 0.9398335321590547
34.58195986034256 0.9765509418960806
32.74725041864065 0.9707293530085102
32.491214241023634 0.9657508209863372
32.80382133923763 0.9470799839382056
33.20190865026732 0.9211095037768768
33.60725439286783 0.9439093375089529
32.74678908649839 0.9537703306342737
30.972611308181605 0.9640662317039936
34.47913154053227 0.9819703966238181
33.17166743791019 0.9709760115798451
34.035409546939476 0.9401802990828568
36.49949947896088 0.9865468632662464
30.963937631480075 0.9669314446165612
31.207771281457806 0.9435862144414255
32.84415593805229 0.9707118499137376
31.090626964750363 0.9427321078435887
33.17498267391509 0.970918467195091
31.53111843565644 0.9480875419421091
30.83397931759455 0.9638134495109197
29.976521895342934 0.9370445359892913
32.716802446294466 0.968657209564861
34.487806920249525 0.9822503092547686
31.137000863458816 0.9683162793107422
31.260280791593935 0.9671278932848292
36.57097552210336 0.9868347320930406
36.51844246979173 0.9868257599629404
36.629387690065904 0.9843048401516147
30.029095164719738 0.9396640346755932
31.310986533658554 0.9685443673515388
31.293045469130423 0.9439699089934169
34.52746562147398 0.9501291054962151
33.163050095712386 0.9710851049455226
36.530381846545396 0.9865773404383675
31.54821002568614 0.9488943897722555
34.013279708955196 0.9423027037112369
34.512128517577985 0.9823566827983076
34.223722139736964 0.9763280873762457
31.180835763740184 0.9653648576575596
31.250016778049932 0.967667205646891
31.210738597122827 0.9672476038892193
33.14158736273344 0.971108999868524
34.364415722561745 0.9766411066690457
29.931899925043183 0.9375508058380184
34.26805757598328 0.9772119471472421
34.424292488381425 0.9828467519495642
29.956374991667673 0.940650720610065
31.47836496093881 0.9624300452483758
30.771147253118446 0.9093158534804557
32.22766944759104 0.9509244346949473
32.2443598645572 0.9519321574825628
30.047601453248483 0.9394548744364468
31.25350546877883 0.963232048535519
30.884245672695663 0.9634471103854504
36.503743678529325 0.9866676540654314
34.02008532799448 0.9430077917924526
30.634289865137866 0.9075494044305831
36.53617641689106 0.9843201415920849
34.5184422100671 0.949566751701861
34.92205191064079 0.9851000051443208
36.834841716134136 0.9840189180811428
30.901503214689562 0.9633437492844759
36.388207022271835 0.986383614539252
30.956280956185907 0.962131164082716
34.455157079755566 0.9825454291156404
36.5290218065953 0.986664933296087
30.66860515071072 0.9072397502669093
30.89193242597375 0.9626931420218724
34.66881380311537 0.9831722857399794
32.14770553577986 0.9507920809211504
30.800091475027294 0.9104171917300149
32.190027166591534 0.9511553466989974
34.505031378105 0.9500845351547317
33.25925966049106 0.9719948924913057
36.873205161435195 0.9841179655631028
31.46222815522504 0.9459848183197405
30.684062050094703 0.907847540200372
34.527451295596705 0.9501090836982704
31.3519503157789 0.9688673548072819
34.30817594233198 0.9780986418095958
31.53589318843448 0.9610430064676453
32.881207306016094 0.970312003037686
36.680492906504576 0.9839673833513691
29.981239787578488 0.9431515617853965
34.324194133816434 0.978525096015385
34.26458481643869 0.9822931801430187
31.265290100209803 0.9652537087546773
30.874837434160725 0.9627360537901475
34.02636936133557 0.9419460912484233
32.164237271869176 0.9507820474570546
34.39747955225187 0.977233241476625
34.44291355322221 0.9819326884790086
34.197246344699835 0.982185217515255
30.836297404245194 0.910526289061514
30.970953344528006 0.9661758999745943
32.84632889138389 0.9702641426549379
31.421675953524165 0.9663861741981326
30.852477240134913 0.9642741001095924
30.899671710771663 0.962742204125362
33.19647579084651 0.9710880160402521
29.957364767362293 0.9388629570273687
31.002962599462943 0.9625319855764489
32.16540533584897 0.9509358408449508
34.077614070085666 0.9428041351326277
32.13674258305821 0.9512951177612046
32.88857836168216 0.9711618241872952
34.04131203630104 0.9418559172450326
30.820228287593984 0.9647333780814978
34.56472722864465 0.9494296064595333
32.79972300440393 0.9701638821696887
33.20918435491181 0.9715084179929193
34.06912739929298 0.9425588675976676
30.705374319045752 0.9079625147217872
29.824759697131608 0.9353558898990653
32.77280590676626 0.9685456446335745
34.23713237467587 0.9775976658761035
31.178053557885246 0.9676638683490495
33.21358177842425 0.9710468014113216
34.56988871006048 0.9500216173631458
30.834824002303197 0.9636620851236949
34.6103419046281 0.984187085159139
34.05666843741338 0.9410185533882902
31.261574933543187 0.9667388487659533
34.63616613701101 0.9496114310995858
34.46037879193852 0.982974409852779
36.43708427833461 0.9865650251705064
31.17824395654178 0.968951610912501
32.24718192800785 0.9512028145238781
34.069347673602444 0.9420279965352003
32.72703093950406 0.9694318571878348
31.307396481686652 0.9680780169037038
36.737720625608546 0.9844728602835667
31.457578207562168 0.9643975365785269
31.381664628470443 0.9457724276921138
36.94098599343016 0.9846929140542362
36.50625584291617 0.9867148278172564
31.112473655604536 0.9622605733800962
34.425528004714735 0.981945318862548
34.327022538331356 0.9811229867653648
34.199029292444735 0.9822578718114189
33.22554297085149 0.9714527033312892
30.66305391210793 0.9075138597299676
29.77827290063344 0.9356509296219285
32.80593313522996 0.9695421410148324
31.139519632097414 0.9425084196799703
30.871611484337606 0.9632623721737908
34.47128560990093 0.9825933666340695
32.17505069889489 0.9508694623101838
34.39404373107094 0.9502080719395324
31.057741087644906 0.9648157077397602
34.4365610222802 0.982297657649431
34.461858979508484 0.9497742852208979
34.28250389817316 0.9778755202656455
34.33421808803511 0.9777901868004251
34.39341015943425 0.9813693600266766
31.119934605091398 0.956658588266064
34.734316456270726 0.9833672308389935
31.54916681479913 0.9482785112561792
36.73650022089645 0.9843531639714422
36.69873922286672 0.9835028539081799
30.752441258787595 0.9088276838857873
