(30.81707046470896, 0.916427490964488)
(31.410078126733488, 0.9121230763162488)
(30.77001252340489, 0.9165357331916614)
(30.807228314198206, 0.92242829646501)
(29.952982720979968, 0.914934217082393)
(31.34894368735091, 0.9123580490108395)
(31.671521122721053, 0.952345926702409)
(30.9246167522697, 0.8077758301257006)
(31.451927461258755, 0.9115069371886341)
(30.547228609068625, 0.9218509714518004)
(29.371437220137615, 0.8647055487735325)
(29.19275932368508, 0.7952792571619468)
(30.22911364003712, 0.9418241727600095)
(30.867906237920486, 0.9213300852748372)
(29.21506502661447, 0.8734986072869951)
(29.025182590969827, 0.8460938733533322)
(31.870087767753603, 0.9216175531735976)
(28.97475282386675, 0.7700371716924668)
(29.322737959022426, 0.7878736215454673)
(28.671562466566872, 0.7589716470430197)
(30.72081587387457, 0.8067849725655629)
(30.828793457825718, 0.917417588493096)
(29.88449638598249, 0.9103686177124262)
(30.958118970437425, 0.9310197035342922)
(32.16122402596789, 0.8959367185726518)
(29.20676651498027, 0.8060274583208297)
(30.89993322971255, 0.9024897201039526)
(29.633839712877656, 0.8203566268156972)
(29.1767946790284, 0.7233640214708461)
(32.30998778267291, 0.952087938840008)
(29.781844416959476, 0.8532716806904602)
(30.67950707796498, 0.9204146148753893)
(29.680632755420593, 0.9037855679976519)
(29.70136200011507, 0.900959748474367)
(29.81113480893347, 0.8510638243399516)
(29.37969444029331, 0.8579904800534438)
(30.809836735302568, 0.9203055776922845)
(31.08040536074913, 0.9428727127211016)
(30.15429948050552, 0.9327396474444876)
(29.192674710659116, 0.7036879231484843)
(32.97024241734446, 0.9494881559723163)
(31.254218610519736, 0.9360349545415931)
(29.398175060481954, 0.8105247565433822)
(30.75927939382254, 0.9203907082164323)
(29.21703627731945, 0.8413398024591371)
(28.976370007613074, 0.8364966497204622)
(30.687812283876422, 0.9124218639225169)
(32.5600991899148, 0.9183585467905261)
(28.721306419930507, 0.7649325363707534)
(29.27273350582614, 0.8523587866752745)
(29.52221122577815, 0.8206805616661567)
(31.415111233849675, 0.9475489790659715)
(28.956281170452762, 0.7158737723729194)
(29.81161107873454, 0.850885556870256)
(28.774670285435178, 0.7447937492125026)
(29.47733663065637, 0.8886241834167327)
(28.966529479465454, 0.7699841616918104)
(31.343126655022637, 0.9119791587052288)
(29.05046930156964, 0.8367345279996928)
(29.29012686720875, 0.7847035818527872)
(30.153704704641385, 0.9418799696795428)
(30.042978849596803, 0.9021664396708078)
(28.7542873903158, 0.7361714657449349)
(31.657720840971137, 0.9501699594925807)
(29.289941125138213, 0.8029203451641164)
(32.219355003896545, 0.8970182867589008)
(29.680878219936886, 0.9062267099681164)
(31.455516538637525, 0.9118299458906615)
(31.528368630484866, 0.9311618864694253)
(31.012332328717697, 0.8259556496408601)
(32.16952299771847, 0.8919100407551183)
(29.849171834506308, 0.9055405627664775)
(30.91774027126259, 0.9231627590090322)
(32.09975724761105, 0.91302191585832)
(29.49688590591488, 0.8258703018730408)
(30.3645212080039, 0.9260499969816806)
(29.165191950525305, 0.7543550425376044)
(29.44831753214578, 0.8818757344171271)
(30.584414793157507, 0.9264963516379854)
(30.439179046448096, 0.9159650610461993)
(28.782155997553325, 0.7725822069517712)
(31.20386070232361, 0.9401626124476536)
(29.29595156009389, 0.8603858963789061)
(29.6547068891971, 0.903786092719962)
(30.727773658345065, 0.9286862217108324)
(30.40869690436582, 0.928452352684062)
(29.9633880819717, 0.9070274032255441)
(29.063517311682702, 0.7649441760291632)
(29.178999663089662, 0.8145406137833021)
(32.28588746794951, 0.9030832403904737)
(28.995950376557943, 0.7527551075479341)
(31.471576296582178, 0.9474792135983258)
(29.381840531646294, 0.8185888370145346)
(31.259068617313133, 0.9109714898871497)
(29.721821320196455, 0.9105622761365374)
(29.589752040934233, 0.8849113762444161)
(31.363559977428032, 0.9141557103275503)
(32.52660133096829, 0.9100017826498251)
(30.757517604641208, 0.9342458614575411)
(31.22829961988543, 0.9082113037371952)
(29.70760855473798, 0.8910467644372864)
(30.395182273457337, 0.9290240322907652)
(30.601498510753085, 0.91993489905421)
(30.962540068916358, 0.924050304957991)
(28.699931522370417, 0.7367702960143785)
(30.699051499610764, 0.9174764235697614)
(28.982783263160886, 0.7522404787871897)
(31.010415527316432, 0.927069167244353)
(30.494309608024942, 0.9005377992484739)
(31.813583679909563, 0.9174997328851401)
(29.20544657336442, 0.8778800938642806)
(28.63562960099206, 0.7411562018116328)
(31.277408859167828, 0.9108003304697165)
(30.099568604888233, 0.9223824297199484)
(32.0462298218653, 0.9154020553632704)
(28.677959586581775, 0.7435820855736954)
(30.527827659796614, 0.9082836591022638)
(29.04906139919095, 0.7507347626886468)
(32.0144665944026, 0.89413019830787)
(30.91851349484711, 0.9028615549146264)
(31.3800034764747, 0.9215996159390771)
(31.430875142747556, 0.9420497303939578)
(29.61462526460984, 0.8363860258532597)
(30.57595448774951, 0.9356835503145816)
(30.74651534810866, 0.9181794776131926)
(30.651432496571893, 0.9164897864054152)
(30.69888872977879, 0.9324130473160026)
(30.883533971038617, 0.9304182515148498)
(31.261858886051538, 0.9436285444128032)
(30.989186412950247, 0.8205118688637083)
(29.746589490419083, 0.8823236072072904)
(30.98815483437434, 0.9228952528486304)
(31.62901299972873, 0.9500682106875091)
(29.507800162375712, 0.8792937965949872)
(29.42757863010651, 0.884365703779709)
(32.18116964418952, 0.896505514027793)
(29.317675753606196, 0.8520109605902111)
(29.186312669386012, 0.872394690951978)
(30.51513709288736, 0.912721523750484)
(29.51460133194347, 0.8710777003029667)
(29.002438362211983, 0.7213399674052335)
(30.054095517663857, 0.9127360493498483)
(32.23410252697863, 0.9023520956054574)
(29.98546681373455, 0.9274143152385812)
(32.244881266750994, 0.9047598963012793)
(30.42641285597552, 0.7912136152932941)
(30.823222238332413, 0.8575675945976855)
(30.554606432179312, 0.9137902308418645)
(30.819552990303407, 0.935550476151247)
(32.003605598516856, 0.8980654340181861)
(29.504960713449133, 0.8229901515050226)
(32.27713815324024, 0.9057381421973879)
(29.340208261235425, 0.7895586871123881)
(30.11793239042956, 0.9227602170565985)
(29.059813174854263, 0.7679526823081815)
(31.360118153746388, 0.9376839812414091)
(32.51711200128931, 0.9071969869938196)
(32.19358666705644, 0.9447189652989894)
(31.59477449019426, 0.9502770782320424)
(29.704343518395063, 0.8316910741259013)
(30.459422413923814, 0.7904690518430281)
(29.412787024625707, 0.8879479859968732)
(30.585626944729643, 0.7961606090901118)
(28.73131952243193, 0.7505958434029182)
(29.333363970682036, 0.7842437805969987)
(29.307208021670796, 0.785847861638727)
(29.49378092651914, 0.8176831774271792)
(30.068349269880947, 0.9065289388627882)
(31.02985499153858, 0.9318696431183796)
(29.950647986275673, 0.9182590114291327)
(32.089658481177025, 0.8896730385979278)
(28.905321610567988, 0.7247268423838645)
(31.876341520401333, 0.9217659310992393)
(29.24473811555787, 0.8225341291507015)
(32.296753925316246, 0.9528346864596458)
(28.992122653241744, 0.7405433392893201)
(29.41478735773498, 0.8301116525872997)
(30.515209789172584, 0.7972046126976731)
(29.978614242940196, 0.9259961853448021)
(31.564921053488042, 0.9375139044502455)
(29.358923868083963, 0.8164221129029681)
(30.610129324499006, 0.9288049214189226)
(29.655487829810724, 0.8307681295096011)
(29.48468777476429, 0.8177696399425471)
(32.69855572463817, 0.909002350159568)
(30.63315908023522, 0.92513374261916)
(30.682254700188395, 0.8524013561360431)
(30.931906929599016, 0.8519158137691397)
(28.696785186477477, 0.7343775707776666)
(28.902242461196593, 0.7722175846642482)
(29.148066687779995, 0.7978474318358018)
(30.449261171515758, 0.9138865097120282)
(30.943228379330087, 0.8566940528006166)
(29.61793312328384, 0.8721678945261103)
(30.355183930848, 0.9141195093277554)
(29.926089789692224, 0.8976516216744022)
(32.531376400346616, 0.9096290059408254)
(29.376956714414373, 0.7915190250274525)
(31.835646402141332, 0.9441609762207985)
(29.76990841736386, 0.9182477363780269)
(29.910940926413186, 0.8983926013436782)
(29.923876063800382, 0.9068906575468605)
(31.372486141096523, 0.9411365388244709)
(29.95075459657574, 0.913286536000763)
(30.638758964502145, 0.9293688347415371)
(31.99227761381245, 0.8897939398807727)
(29.37945913933596, 0.820600282224018)
(30.70333497666369, 0.9281157441829243)
(30.891641456329417, 0.922733446177751)
(31.661933309823944, 0.9504803980515936)
(29.12008283338759, 0.7417397101589317)
(31.483367867218945, 0.9113696531631937)
(29.312272091718125, 0.8089112125009676)
(30.382100191914226, 0.9094683379663004)
(29.9740993787295, 0.9080257373969312)
(29.450900519241795, 0.8826703261046294)
(30.140693735301323, 0.9389829837727621)
(29.804049921811053, 0.8959470484442504)
(31.876026250983138, 0.9212807342955358)
(30.146501735931363, 0.9343764629920497)
(29.15549534609083, 0.8803034042943638)
(31.59921384488421, 0.9468763890335568)
(28.99280719048262, 0.7308927744594964)
(29.740400431526773, 0.8470239146822639)
(30.66148697495173, 0.9357555080341133)
(28.7905285659755, 0.786993819758386)
(31.11792370889846, 0.9357855819515021)
(29.667904973266083, 0.9038725289816741)
(30.615449560680187, 0.9128828178094364)
(30.77184313305196, 0.9312503750093719)
(29.1719174520502, 0.8671263761638556)
(29.0392433087751, 0.7285262121441508)
(29.95933390010871, 0.9075764795560577)
(31.362008505340874, 0.9420766125456441)
(28.702070359483173, 0.7568047598260614)
(29.15150169607083, 0.8009930836263343)
(30.908872970766424, 0.9033981408508144)
(32.26388329166547, 0.8976859325913822)
(29.307238914226286, 0.7870938249375271)
(30.58728766917859, 0.9218720046758597)
(29.01043469804359, 0.7597694555108976)
(32.23811710776931, 0.9010765387784716)
(30.076901632650088, 0.9088504467974888)
(29.512086372109753, 0.8884486167496832)
(29.219517746206513, 0.8433012670930727)
(29.93739551589117, 0.9071364006540318)
(29.070752447959517, 0.7579557561406204)
(30.582592177218736, 0.92291796667703)
(29.13955930612813, 0.7951709760317991)
(31.45813824883716, 0.9111388245544737)
(30.88642888016029, 0.9029776110863066)
(30.766896492313485, 0.9141070305954272)
(29.437322555169622, 0.795519557486844)
(29.5346122257617, 0.820404048260841)
(28.809062590431097, 0.7589738410796046)
(30.87049072299289, 0.8112040290600949)
(30.32053144097173, 0.9142957356431517)
(30.204846075903337, 0.9022899859123596)
(31.48264976784276, 0.9335109596453953)
(29.21315201639224, 0.881269774283055)
(30.54436915720636, 0.9107460556995515)
(30.520911087011633, 0.9010127815492613)
(32.05948361826326, 0.9137341207547202)
(32.238366763484365, 0.8976276626202786)
(30.50963450094658, 0.9357064593388806)
(28.898778277605505, 0.7867123177173339)
(29.618774260679533, 0.8299477774373549)
(32.1744684088352, 0.8955102397791782)
(32.56393898149211, 0.9186657162057987)
(29.69166275588662, 0.9127179011961942)
(30.74328243426397, 0.9172648654151772)
(31.256932140161922, 0.9412544296950711)
(29.385823988816174, 0.8624321792943398)
(31.123783675657506, 0.9364723642511791)
(30.84415466599112, 0.9400296602480973)
(31.48884805637911, 0.933809325799715)
(31.011151379214937, 0.9247306532406332)
(31.356552100681228, 0.9438229182841255)
(30.681162481741076, 0.928091061150266)
(30.078285509832856, 0.9218890338362095)
(30.52288683463768, 0.9222787513061905)
(28.75950408104641, 0.7439763478318396)
(28.95474498927075, 0.7494441272427431)
(29.460393817331273, 0.8665413388493155)
(28.9990163115256, 0.7611991870445557)
(30.87640562671847, 0.9185717619296194)
(31.38405213801329, 0.9121750782773462)
(30.740653507177417, 0.9210054337421627)
(29.286658009591488, 0.8538057431353019)
(30.642583572630603, 0.9298932958849063)
(31.24391567262284, 0.938636729865231)
(28.956055120716048, 0.7763657193913082)
(31.022788580848456, 0.9277922503408159)
(31.34677183038071, 0.9452179291036503)
(31.33650803239203, 0.9126836051113206)
(29.395917693985965, 0.7929302357909049)
(29.114181647743614, 0.7906056526167476)
(29.375801620693988, 0.8137822581964773)
(31.389093860881395, 0.9456999556184443)
(29.510148628134903, 0.8235045019407368)
(29.908311082030625, 0.907259986850793)
(30.737367958073495, 0.9193336087163996)
(28.74613800650385, 0.7381109131106021)
(30.654640626265373, 0.9222603339677468)
(30.51877067644044, 0.9136142292517245)
(31.377440862805706, 0.9128384167842377)
(29.418483057328043, 0.7951961587705237)
(31.584239092892016, 0.9452818675428372)
(29.81046917009586, 0.9017690757414022)
(29.224874575025048, 0.8550428517825255)
(29.52685316868429, 0.8234900411794969)
(29.29871921568499, 0.8165255438479029)
(30.52378312681151, 0.9229941947795173)
(30.760347746477983, 0.8048333792941335)
(32.28778932126725, 0.9033588921169194)
(29.726021267453934, 0.9143511459449933)
(30.548471537304952, 0.9228019093835366)
(29.025203119255924, 0.7380818946971611)
(29.86179873154863, 0.9000682006544634)
(29.817976657764035, 0.8552466484316401)
(29.69484027527166, 0.9039186534212176)
(30.371998429004606, 0.8940255761215861)
(30.70737197423874, 0.916659123711446)
(30.295653429110025, 0.8911107341550116)
(31.199548654941008, 0.9360237243599621)
(32.525666274409254, 0.9143861265348389)
(32.20813250847283, 0.906286370310632)
(30.564769102615195, 0.9225250318760159)
(30.030902238021028, 0.9296290594390821)
(29.005144378165824, 0.7242754408996357)
(29.02468081859457, 0.7473343364710632)
(29.339050451057727, 0.8230448485028484)
(28.985644137205018, 0.8344888331893079)
(29.787221423874414, 0.9075109708124436)
(30.65951286614821, 0.930303475810278)
(30.017228575608446, 0.9153077533836217)
(30.388339592139918, 0.8934172342484806)
(29.4123688459996, 0.7948293791714877)
(28.821157341553842, 0.7687983987584546)
(30.128569819408277, 0.9200441117776719)
(32.151997117079375, 0.9459258125954445)
(28.72258823638697, 0.7341767220965473)
(30.543953208179598, 0.9244938545242054)
(31.192869081272097, 0.9375781912276653)
(28.717700906658422, 0.7622673950953254)
(28.63260931434042, 0.7303467295687482)
(30.912167097049526, 0.8116687630873834)
(30.925216734361108, 0.9250784865136169)
(30.716506582117084, 0.808244329791754)
(29.29977155939485, 0.8202828422794252)
(28.681492851858856, 0.7439348657465499)
(31.010780527532926, 0.9387995091873137)
(30.296418441882448, 0.8910788639987206)
(30.59689572840535, 0.8171185357712873)
(29.41741519012764, 0.8781361756507237)
(30.844161067385336, 0.931813791916881)
(29.34315435381776, 0.8539635274936749)
(32.134864795090834, 0.8884199855841134)
(30.503532429558913, 0.9010441574766778)
(31.72691397494529, 0.9410318353913774)
(31.470237150555434, 0.9312337048260122)
(29.252826485087855, 0.804889124241146)
(28.925989227153895, 0.7580827028289416)
(30.284939319309146, 0.8907791471969317)
(31.911317473346816, 0.9223136512372996)
(30.686902074950257, 0.9255129504903616)
(31.008154706152652, 0.9388516528390902)
(30.512755355465014, 0.9019755754981003)
(32.254313023574966, 0.9017369472611338)
(29.09278511056413, 0.7637612817678747)
(29.00968024174089, 0.8370596114202421)
(28.96538387264148, 0.7617025860468285)
(31.19950234011073, 0.9118516251840927)
(31.107161351050276, 0.9427386224442216)
(31.302149594185597, 0.9470272215764126)
(30.095813008968804, 0.929464151878968)
(30.055805804478535, 0.9197342246058189)
(29.01425427518066, 0.7749339861785332)
(30.970048543559013, 0.9362545538327168)
(29.174656552207672, 0.8052480379929132)
(30.193583188828512, 0.9370408724052973)
(30.54117551100046, 0.9354417003840426)
(30.78903864722757, 0.9245420641455462)
(30.67812082571104, 0.927847664062291)
(31.423566169495313, 0.9142383936763053)
(30.695873045647858, 0.9321843008767732)
(29.20339465600213, 0.7394541486419884)
(29.32398089190046, 0.8301491252183175)
(30.27284545964315, 0.9081195745822573)
(31.890690858557477, 0.9207325731467609)
(31.41195965277699, 0.9271420085688101)
(30.40988463574243, 0.9145763929485169)
(30.82289761480387, 0.8112727655262415)
(28.95713211404101, 0.731536541302997)
(30.462684247458082, 0.8993267008631547)
(30.70812259208248, 0.8531942058365788)
(28.753057984059403, 0.7664169552232707)
(30.104843059947367, 0.9048620198840724)
(29.31750365559538, 0.8647676392316107)
(30.7548136799184, 0.9250493272476402)
(30.062556110159868, 0.9140699631191795)
(31.99927262196899, 0.8857686646467495)
(30.661953467166615, 0.7933292019107296)
(31.126307027195224, 0.9439720896481669)
(30.725613206479828, 0.932840097928589)
(29.191376180452377, 0.8133890707342909)
(30.57943706239616, 0.9313011311973466)
(31.30743921354906, 0.9419454851759052)
(30.861847824084748, 0.8022666959855667)
(29.12687151805146, 0.7939944682872525)
(29.49575126843202, 0.8135073060261117)
(29.312220169656705, 0.8551005038931521)
(30.067736481543683, 0.9204431850913022)
(28.711977613963242, 0.7421933131395545)
(31.005077891054718, 0.9290708697189697)
(29.025437359134386, 0.7338855046528223)
(30.79029980263742, 0.937148656997808)
(30.39665792332722, 0.9282499244290869)
(30.101011872506007, 0.910729486983338)
(30.029235997429264, 0.930376143547859)
(30.799851212483375, 0.8023558356286815)
(29.417752231361682, 0.8579948016550966)
(32.433369761158936, 0.9006018231251087)
(29.16806697170093, 0.8011094431329792)
(29.005400593375313, 0.8436611618656789)
(28.950860428849026, 0.784139625710534)
(29.221553983717165, 0.8236557084786655)
(30.535561345356488, 0.9230844638896927)
(29.149707836452773, 0.8838283683225159)
(32.625934359686546, 0.9198960422908118)
(30.5739489414194, 0.9228509447900392)
(30.750710955938317, 0.9135632161372003)
(29.95234146695122, 0.9076289179424073)
(31.227015936815295, 0.9378800121057302)
(30.867041956336934, 0.9337070854027073)
(32.18380713995191, 0.9018616829043709)
(29.175834744035036, 0.8022106550894952)
(31.45433151435278, 0.9310488730139642)
(29.282606750719303, 0.8682879697936199)
(31.324170441929677, 0.9432671597226119)
(31.328147982068913, 0.9425463348363621)
(30.55605314996937, 0.9093395792935359)
(31.47777391223928, 0.9436522126339206)
(29.968643731686726, 0.9138074727525524)
(29.32048903078592, 0.8518170796876604)
(30.000881858325386, 0.9137397533572685)
(32.27278455098352, 0.9040976908500677)
(30.680119593715844, 0.7981074068519127)
(30.74587410081492, 0.9140886348225309)
(29.179469409540218, 0.7345813167558272)
(31.350434753243533, 0.9102713569414119)
(31.803945890374816, 0.9171741287866225)
(32.09772023666618, 0.8949777547941814)
(30.468889393814763, 0.9007845939329463)
(28.84992924429301, 0.8371741476036924)
(31.439801376275263, 0.9225762918748345)
(30.668122831829592, 0.9153517603132413)
(32.24332313771284, 0.9462913717049066)
(30.541712597940386, 0.8412914828627278)
(29.801815065446178, 0.8904607144540496)
(28.734801302004595, 0.7310241372105849)
(29.123693553454967, 0.7912989537311687)
(29.75280003666819, 0.8464333613583485)
(30.32115305721609, 0.9059397099242978)
(32.97437775238882, 0.948411551299749)
(29.01869350000606, 0.8471640188077418)
(32.962371873182065, 0.9450082864321627)
(29.12416453542226, 0.7637515832133784)
(30.551773788604418, 0.9086210403637267)
(31.469824643661468, 0.9461280885506248)
(30.604706804795924, 0.920283947007209)
(30.036083054363708, 0.9208229934990664)
(30.596560378332377, 0.7862233765966705)
(28.994061265343785, 0.7758922573734803)
(29.53238557091378, 0.8236328911795557)
(30.87558720511554, 0.9242814135834143)
(29.36474088410995, 0.7925310251496843)
(28.591431855915822, 0.7371699645699331)
(31.050755905920212, 0.9313537464158987)
(29.362205776913243, 0.8665631360365537)
(30.970037560790217, 0.861507944156933)
(29.962798634464033, 0.9180255072178123)
(30.915823812943472, 0.9337362590915838)
(29.937521283706445, 0.9079747025380968)
(32.17929395332125, 0.9011889257384076)
(32.34621824698928, 0.8994175707577137)
(29.05594944865033, 0.8030428184890244)
(29.237660553016237, 0.8733514212355621)
(29.223161441085168, 0.8788507022644764)
(30.681728211980776, 0.9241190367758976)
(30.711282088663452, 0.9270165162891773)
(32.226836186404945, 0.9503587177292876)
(29.956293462645256, 0.9080415070207171)
(30.827437645579966, 0.9383260070481029)
(30.248128132640023, 0.907780014540255)
(29.27592301729872, 0.8705535298790874)
(31.221773267558667, 0.9096050807645251)
(30.801113399388463, 0.9390452672148674)
(29.499660973749787, 0.8100493360497754)
(30.75897102258029, 0.9144577681546872)
(29.488803242969336, 0.8744809490758233)
(32.17248515025358, 0.8912164815936096)
(29.385976127775642, 0.867955849951314)
(29.413497061385392, 0.8747527101776059)
(30.505292801752056, 0.9014332935532632)
(30.44987664546687, 0.8957630274954714)
(32.69947437895733, 0.9123934425437472)
(32.11072780265833, 0.8931205945227857)
(29.158816997731797, 0.759127724889658)
(30.551562586727428, 0.9358614835924821)
(31.641800040327574, 0.9508294731246136)
(30.8403203264834, 0.7991812129592322)
(29.140768014975464, 0.7496118334262593)
(31.023607978756786, 0.9255614778679367)
(30.521776263705583, 0.9355084902428333)
(29.540844206789124, 0.8847235438672394)
(29.04525393300919, 0.7866264647268169)
(31.11162937731364, 0.9355400193351376)
(29.30119546057221, 0.7848835793342667)
(30.900579800224893, 0.8115804735785583)
(29.45601491792772, 0.875609492738698)
(30.490560702382936, 0.910335191475373)
(28.675035656744083, 0.7587952674632251)
(30.29034812848288, 0.891054237968296)
(29.457598752156777, 0.8853116956000197)
(29.94377595195769, 0.9183308034394164)
(31.51772254207504, 0.9308912886340879)
(29.96811264838428, 0.9176933557830097)
(30.981970503271135, 0.8688616066218853)
(29.471233357080315, 0.8664861331393686)
(30.902717166975386, 0.9033666306038192)
(31.62521033446945, 0.9515035917083626)
(30.725570641681017, 0.9159169051802193)
(28.719349737022476, 0.763561480640894)
(30.588076905544757, 0.9224812928827932)
(30.922592696025937, 0.9337805189131099)
(29.093354164493398, 0.738375760661186)
(32.26776077172951, 0.8984341079457722)
(30.609519271958977, 0.9310715019824284)
(29.426293957563022, 0.8204475964634975)
(29.647748927360624, 0.8320521226128725)
(30.039831656013455, 0.9003800693622558)
(29.35617685694502, 0.8317234815521323)
(31.098082965117996, 0.9396815516143162)
(32.10234788521339, 0.9176014898278316)
(28.580279954231926, 0.7286594774777821)
(28.86535574672692, 0.7897614500687488)
(31.05190570629453, 0.9419235792733053)
(29.37931446222866, 0.7915587953868893)
(30.79460044028519, 0.9172647850574122)
(30.384986960038937, 0.893903300783742)
(29.696810202936597, 0.9004194309463194)
(29.05424972735675, 0.739619587316214)
(30.516051077564192, 0.936038124828689)
(30.46970046798267, 0.9135289373582948)
(29.951534386102875, 0.9183791041235357)
(32.44798444693293, 0.9056825520656141)
(30.884668872845978, 0.9325109272182732)
(31.246633597576448, 0.9137299021979239)
(30.898478595354284, 0.9158589161161251)
(29.140206767585582, 0.8778128102220362)
(29.45931288167561, 0.870830247723007)
(29.008881867234013, 0.7572863990898794)
(30.88463037392618, 0.9251543467161533)
(29.780989891740518, 0.8498323667918611)
(30.678347001880333, 0.9195734953780591)
(29.483736099986547, 0.8763416433522364)
(29.41284131407009, 0.8588254898007049)
(29.073392446103075, 0.7295219977904808)
(30.80903102627653, 0.919977209752429)
(30.964075273775578, 0.9252110692580116)
(29.336881095492465, 0.8602875927459745)
(29.963431852783224, 0.918702323764053)
(32.29596915590856, 0.9013564286248827)
(30.057430867245806, 0.9307508096678976)
(29.282577708395326, 0.8512270450079329)
(31.42177740641955, 0.9242043427852091)
(29.276937871566105, 0.8561429940346728)
(29.414859713184875, 0.8203377418396604)
(28.755369898743567, 0.7335066316635884)
(32.291084119421086, 0.9013781345949762)
(30.902809896496656, 0.8213224148672793)
(31.263455473490133, 0.9397734450363919)
(29.390087803916018, 0.8566179420386941)
(31.453150495835477, 0.910456917126128)
(31.118274277166762, 0.9292887137986614)
(29.356178750445086, 0.7891718386886942)
(30.823195163324865, 0.9311167394397686)
(29.047863303639918, 0.7490431555663188)
(30.642198337781043, 0.9172351036623269)
(30.393303434092623, 0.9297774021789214)
(30.78560972461393, 0.9368495358674066)
(31.502656612971155, 0.9338288274442362)
(29.86968474403055, 0.9050554991713278)
(32.197972299981934, 0.8986602834013282)
(29.504783187052848, 0.8240475893147964)
(30.517299462084, 0.9176515784443476)
(30.766001256577642, 0.9231764393900278)
(29.200368649846638, 0.8780402111744887)
(30.877280105706994, 0.8079610975299149)
(30.900651677359402, 0.9032806666082287)
(30.544367165733703, 0.9100014291788506)
(32.34545011625609, 0.9024282418399242)
(30.84755032992645, 0.9265949231678026)
(28.984418910114364, 0.779337608938754)
(29.262135857216194, 0.8869349680535638)
(30.21368493085276, 0.9044100791408909)
(31.296849832045773, 0.9398996517270017)
(31.21123344365327, 0.9104472795022899)
(28.87164022223605, 0.7952608106975263)
(32.77122557967207, 0.9150403589492403)
(30.833515263345156, 0.9194776354363126)
(31.674942773009537, 0.9514513831286628)
(29.324622229530583, 0.787768433297185)
(31.18175356800055, 0.9382127504391545)
(30.45972780923521, 0.9226267747642143)
(30.039741009837854, 0.9024360631896582)
(32.01734963124905, 0.8922957924724493)
(29.742637221031217, 0.9044214734722098)
(31.21246950022314, 0.9101851824770877)
(29.03346406340372, 0.7539706902619344)
(29.284826270452502, 0.8488333246142096)
(32.13167380779544, 0.9396273200603101)
(28.96310480788443, 0.7192412022186054)
(29.087482042137903, 0.7080799047676753)
(30.880795384610185, 0.8113439586536199)
(30.506987497903474, 0.7927420467293628)
(31.378568890164757, 0.9392273187048651)
(30.697005841213183, 0.9207057233183987)
(32.09218372740492, 0.888882820341008)
(30.047036650818747, 0.9309261299587076)
(32.08101056064687, 0.9123865231013074)
(30.3864082598771, 0.8939038376915274)
(29.21260771658233, 0.8032531135509356)
(29.257888034318054, 0.8575992312563215)
(29.252348922033903, 0.8513612107880373)
(30.707014028976964, 0.9087702342815713)
(31.38115299596575, 0.9248369722500721)
(31.1107693808238, 0.9458584361882367)
(29.911760941015263, 0.907680709226109)
(30.363670796517177, 0.9230025029646759)
(30.05885797083404, 0.9267450010648547)
(32.027188642440144, 0.880964104846348)
(29.812323373025063, 0.9095231826961426)
(29.16718202156349, 0.8300178795742711)
(31.47713634884463, 0.9313136273720979)
(29.977191415548887, 0.9179684450891396)
(30.784937420442738, 0.9170656204943659)
(30.822137777411957, 0.9271392482015436)
(30.06911877965551, 0.9211316789805886)
(30.58807413957274, 0.8481230412156494)
(29.394481885531043, 0.865645442925552)
(29.778771876291046, 0.9125524333808183)
(28.647307655602784, 0.7370814303460865)
(32.143853139193006, 0.8929761613735141)
(31.36596642650519, 0.9421398615835979)
(31.065612589126008, 0.9348841435447716)
(29.92042411816518, 0.9132420340127758)
(31.852230388788044, 0.9175905324472964)
(30.55036987541829, 0.9353334594252337)
(30.87848569194101, 0.934188399382965)
(31.807587730891377, 0.9190441407264867)
(31.283591171524368, 0.9112152647539248)
(30.841176374086125, 0.940392402870128)
(29.9410897580848, 0.9082046811074357)
(29.945378924163116, 0.9073568464844202)
(29.474177104098167, 0.8805273120241212)
(30.81175675094308, 0.9199349416051286)
(30.6509474888419, 0.9214701021059747)
(29.17449402423857, 0.8004637793302966)
(31.186948408473807, 0.9131703187323079)
(30.477324869820563, 0.9010643363653245)
(30.61369987515931, 0.8007119441585863)
(32.27437924049444, 0.9537304617805927)
(30.802580690579326, 0.9165430463502202)
(30.79711764401417, 0.928150373482417)
(31.284303367627185, 0.9196564721433501)
(31.486183319157874, 0.9316875457571936)
(29.332812870305162, 0.8645722723560177)
(30.850565586000698, 0.9328501685603696)
(32.706442769791074, 0.9105634166915102)
(29.69208620900751, 0.8946707637577195)
(30.76710716283771, 0.7881570138915499)
(29.704561398365172, 0.9046797088485949)
(29.026260193940587, 0.736708602017488)
(29.162450119036603, 0.8851393482608678)
(29.389116947771047, 0.8652306459264503)
(30.647607228973392, 0.9158094404500434)
(30.576929768605716, 0.9114759380485336)
(31.211103704241367, 0.9088281422408657)
(29.844012524504244, 0.9013079546364203)
(29.63096166186464, 0.832317534063152)
(30.630239967313464, 0.924939561353466)
(30.581946557840148, 0.9182136835677934)
(29.37537728842457, 0.7892177208490337)
(29.14043900530092, 0.7586122340757943)
(30.649289533800655, 0.9372635338951764)
(30.39091764052354, 0.894617754574295)
(29.96236122772065, 0.8997620541790394)
(31.26929465162716, 0.9433604110908943)
(32.07174779950166, 0.9146009616439147)
(31.589329752122023, 0.9475418111639362)
(29.275820968689978, 0.8597079883057482)
(29.712637023187654, 0.9035993013207081)
(30.70427885412649, 0.9286786902168892)
(29.177220032217765, 0.8246022220623532)
(29.380091967959522, 0.8184017130078496)
(29.987457710388767, 0.9180169984514202)
(29.313243354860067, 0.8531067747518362)
(32.526499957964596, 0.9076600440583359)
(32.155635239189245, 0.9002661385945702)
(28.692226605690184, 0.7428397431510789)
(29.916434600926713, 0.8956527614075217)
(30.262876080511617, 0.8906408599840241)
(30.277133994699206, 0.8908329100187403)
(29.835449754805012, 0.8525966298363887)
(29.377869288261063, 0.85454020243175)
(30.856196087276146, 0.9226592577807994)
(30.557409714070136, 0.9288857217043764)
(30.473569283656985, 0.7878873753119024)
(30.49972800437223, 0.912071335915468)
(30.502378967455442, 0.9177074134549882)
(29.23367349943334, 0.8032701660471314)
(31.949855728187806, 0.8831162594755061)
(29.324130691773412, 0.8517075896655014)
(30.876014667414932, 0.921018614171368)
(30.508056523067182, 0.9226292685542881)
(31.28828383953237, 0.9395550999725248)
(30.94588676300109, 0.9045273522281585)
(29.29399550159986, 0.8227039048958005)
(29.507279804105806, 0.8824196006402819)
(31.608386060236967, 0.9513266618494757)
(33.086589604607795, 0.949117149081488)
(30.609092993644225, 0.8416037936088426)
(32.38720435038455, 0.8958171323029452)
(30.74384067711002, 0.796838343770872)
(28.892003329964133, 0.7690313991272668)
(30.967741399280094, 0.9159197844209215)
(30.580229391207578, 0.9350796493947423)
(30.641134727241287, 0.9223663839256375)
(30.264180718064104, 0.8899783907158889)
(30.492370428695246, 0.7922095300166423)
(29.201772203076914, 0.872506838512993)
(29.46073188311443, 0.8324504132625549)
(29.073700624375554, 0.7865570856516014)
(30.889991468995884, 0.9197736946355992)
(30.020210276303693, 0.9137969211201704)
(32.126612733304945, 0.8966143737350437)
(30.802203452991684, 0.9303171740594317)
(32.079974164964405, 0.9140377629608458)
(29.090114957083024, 0.8092320524606499)
(29.81192210164238, 0.8939080060984373)
(29.15534564673523, 0.88151092931206)
(30.510254639474272, 0.7980886030643888)
(31.523507635701378, 0.912250830704941)
(31.45122282326989, 0.9459070598119911)
(28.832140467826513, 0.7861906527129472)
(30.903831944832397, 0.8137318786025093)
(30.36759348568878, 0.8932199704209447)
(29.002168359457826, 0.745938677998198)
(29.13793117081385, 0.8850617244117288)
(29.076519065839786, 0.7646411242069113)
(31.013044380206512, 0.8319990707170174)
(31.840617535565737, 0.9190192918689041)
(29.151918978942003, 0.8676049114430705)
(29.318536158255164, 0.7861406810852153)
(30.679218185423185, 0.8004470939295355)
(31.2998283009744, 0.9100663556843864)
(29.1565656298421, 0.7391159888986353)
(30.060106514604797, 0.9181725025691583)
(30.40541941833791, 0.8943380123258264)
(30.355416063643244, 0.919809247558594)
(28.977878800295276, 0.842982519162102)
(29.045811503791555, 0.7560653732880578)
(31.198607692409432, 0.9366977575543602)
(31.409233817210406, 0.9364099428584481)
(29.05022788420704, 0.7255203834217088)
(30.354284116463205, 0.9267972944336189)
(31.47426816289487, 0.9187351565695525)
(28.88821917291655, 0.7616840184295823)
(29.046036279884675, 0.7697539691454824)
(32.09726212093094, 0.8983122748985136)
(30.55656886401784, 0.9352638825641192)
(28.73147890973824, 0.7403218054530346)
(29.139695852293393, 0.8813735015618973)
(32.20871348692282, 0.895091217621355)
(29.30345162746741, 0.8211763383648683)
(29.940223465475903, 0.905586664580972)
(30.616410214106537, 0.9246772630766896)
(30.997591280397558, 0.9302819748186705)
(31.243597800265896, 0.9365061248674844)
(29.34505222679882, 0.8125975865533858)
(29.45565067705878, 0.8893540972493408)
(29.556128403558812, 0.7642356538165711)
(29.951120044409908, 0.9082924192695946)
(29.51394270756112, 0.863210758199371)
(29.21651386007956, 0.8156695784720793)
(30.37233003868346, 0.9234621636256518)
(29.70411272526401, 0.903564216376163)
(29.945386731237697, 0.9179941494126741)
(30.91827418778579, 0.8145863639951848)
(30.332146874687197, 0.9247221429558976)
(29.027529585041457, 0.8408961377152465)
(29.719476022379673, 0.8026317508865691)
(30.866779461172715, 0.8056425447960031)
(31.13819342178394, 0.9420627207682679)
(31.694292378657757, 0.941820032866471)
(30.553528632516453, 0.9358165340062046)
(29.91377580912589, 0.9051753187430184)
(31.36178734097674, 0.913817859460289)
(29.683597213236382, 0.9037717798041265)
(30.94405964882639, 0.9332805791620955)
(29.706249825744358, 0.9068310702560357)
(29.37822554093294, 0.792812204762601)
(29.532218159362312, 0.824464742537376)
(29.209516523096163, 0.8858160633283345)
(30.947573424138596, 0.9228394338951417)
(30.095054243414793, 0.9256816012405812)
(29.297267172095683, 0.7815579531582995)
(31.429854320126275, 0.9311754994617268)
(29.505970165366598, 0.8755708721524799)
(30.814619292865068, 0.7914760783564981)
(28.88747188186739, 0.7773843997434245)
(30.390824408229058, 0.9119147324165647)
(29.92005499163511, 0.9082204714498088)
(31.684977584280265, 0.9525858728594732)
(30.25841047216087, 0.907703436860443)
(30.620356284188112, 0.9218071018701981)
(29.170641441251878, 0.8399223551572541)
(30.83251548009519, 0.917439589094442)
(30.743438015743827, 0.9129361739613112)
(28.803919789387514, 0.7655474101039101)
(28.77739361191167, 0.7680020713540688)
(30.967667305501397, 0.9205609035665854)
(29.41645491008485, 0.793064729147524)
(30.07238329348434, 0.9171808982673472)
(29.344413152771892, 0.7876606105368362)
(30.088030958215377, 0.9233762997745038)
(30.29131134999544, 0.8909161975177161)
(30.889369651131823, 0.9024658017846963)
(29.78755914567767, 0.8985458501208639)
(29.310211993281087, 0.8516182144850509)
(31.138609852734163, 0.9383957924784619)
(29.924684711351528, 0.9046081785203661)
(28.8922320259706, 0.7742677510207016)
(32.145105701989884, 0.944295296126635)
(31.59979943613407, 0.9500831133004265)
(30.58264114876558, 0.9127745159171973)
(31.310258070953154, 0.931993284858275)
(31.28345069408236, 0.9087092192743998)
(32.76470040198551, 0.9106647274512301)
(30.809171518469896, 0.9166066036303407)
(30.83095108699918, 0.9310815960273606)
(30.65947196676404, 0.9230428959892653)
(29.235624302330784, 0.8217333891910729)
(32.767376744518884, 0.9162317517387736)
(29.82398546857337, 0.9014659439220317)
(29.010229766703812, 0.7701511372914572)
(29.80432870369633, 0.8812959225465842)
(30.858234382268627, 0.854229550672273)
(29.386044763637237, 0.8326856097059671)
(28.9720523266531, 0.7928981755351701)
(30.352913782836577, 0.8921455481130245)
(31.32003612524103, 0.9134769173729959)
(30.979146318768652, 0.8671005903144067)
(29.16299215284362, 0.7489867172570421)
(29.368175292444676, 0.7909823245172726)
(30.482773643372386, 0.911138026777307)
(29.811571335018673, 0.8533345304648476)
(30.423264807857716, 0.929407624220005)
(29.30201801033101, 0.8655120508323696)
(30.08613746364621, 0.9299267440356778)
(29.538640421882484, 0.8223715364489774)
(28.75174885704011, 0.772399274023159)
(30.73555650209963, 0.8172927545087993)
(28.85903509480933, 0.7709098852023701)
(31.09987562420009, 0.9332780149127491)
(30.591786905041754, 0.9176098760843351)
(30.033557159943776, 0.9202001558802003)
(30.816678714319096, 0.8012065637835658)
(29.454218421740073, 0.8634015177057919)
(30.26700905043206, 0.9080096213968324)
(29.93090793801207, 0.9073043249054088)
(31.182779120844025, 0.938408694816455)
(29.89549075521427, 0.9100545182853899)
(29.262424554713032, 0.8611577549315304)
(31.316234599487377, 0.943334812192638)
(30.781429707540184, 0.9280063919316557)
(29.199929881313608, 0.7360735527900296)
(32.09615921064734, 0.8973948914545328)
(29.431045774101623, 0.8339845589548178)
(28.99587125506399, 0.7320192430405522)
(31.027018423326282, 0.9329911515156926)
(29.673882717371058, 0.8963107984894206)
(29.278695232651415, 0.8527652720388386)
(30.00577165378751, 0.9078111167914538)
(29.657255302499863, 0.9038842665519162)
(29.93046681543426, 0.9071946965832174)
(30.4226448636507, 0.895502158041504)
(28.8931236129636, 0.7658943588137559)
(31.52731090024293, 0.9457161258779454)
(29.178982030408143, 0.8770429436448934)
(30.106428289306187, 0.9081757998795846)
(31.58580970606232, 0.9495004919218382)
(31.501056206442367, 0.9490245906589269)
(29.147113441877913, 0.7920913864395394)
(29.67583765665463, 0.9039084899599421)
(29.41011789530682, 0.8753790425772069)
(31.194030247353744, 0.9304909326106018)
(29.947925642196026, 0.9187977519489682)
(29.66481844939173, 0.9046114089358092)
(31.34045233988727, 0.9123646566798493)
(30.566081608147183, 0.8135488542969829)
(29.69649031813968, 0.8907817864378488)
(31.874460729354908, 0.92200313907335)
(30.622156552617383, 0.8041322549777855)
(29.043553458141357, 0.7336187593559516)
(29.039812255595244, 0.7569838001196358)
(30.655615607550196, 0.9214130869653784)
(30.003108605017914, 0.9176791489476464)
(31.08431397288948, 0.9360077265794209)
(29.47949588207284, 0.893183820326089)
(29.01388291119583, 0.7748880397629396)
(30.294257052328014, 0.9069930785627813)
(32.26245365315134, 0.9041995073633897)
(31.210305616383064, 0.9124174174478227)
(30.94070825290682, 0.9348207440733269)
(30.457306231228714, 0.9249362181119295)
(32.07446163470892, 0.9132387598764953)
(31.63516083962069, 0.9521279546255857)
(30.27273368214157, 0.9079011235400746)
(30.751533070623218, 0.9142379850639991)
(30.595494031379328, 0.7997480043934588)
(30.31236506497297, 0.9075813172502097)
(29.420048456638387, 0.8565967479716841)
(33.36383333782917, 0.9586741863606321)
(30.491714718484605, 0.911553493051621)
(31.325681633042613, 0.9418487474674125)
(29.689771835867496, 0.9095618393260654)
(29.216804858349548, 0.87533621819943)
(30.49050759502323, 0.8358031400867523)
(30.659153987190592, 0.9193348799344175)
(29.45128565152941, 0.8757725266037434)
(28.87779795270907, 0.7540979336636441)
(29.0075712570067, 0.7879535589500889)
(31.180139468805905, 0.9288881487246194)
(29.190209256686646, 0.809161813446595)
(30.495324565645667, 0.7965978597540073)
(29.47556535438077, 0.8731871170376463)
(31.21471753983284, 0.9378443993294802)
(30.93689538037097, 0.9213221454589364)
(30.753367921341763, 0.9298539420916005)
(29.827389434845504, 0.9031298035007699)
(30.644940283441873, 0.9197898156242444)
(30.559833061648348, 0.9309220404402913)
(29.53775562763557, 0.8859268360220457)
(31.672108477372113, 0.9528961277847576)
(32.93355523149731, 0.9456082245905898)
(32.0619066415802, 0.9131570550228564)
(30.827066478750893, 0.9191611356397961)
(29.019330548687385, 0.8381056983298396)
(29.916944104958027, 0.8994465810063512)
(32.1832843050051, 0.9020496718218612)
(31.56920768693879, 0.9340023822686785)
(31.300017892895895, 0.9114460731435359)
(30.49745541924065, 0.8996881033461827)
(29.32742308249315, 0.786749798548857)
(31.3099504487163, 0.9388012697626259)
(30.816771745210847, 0.9370308553595978)
(29.03735621351775, 0.7244367496540742)
(30.394333773308986, 0.9243704590876406)
(30.690177712266888, 0.9314151943136976)
(29.01827813712789, 0.7937869779944108)
(29.80515444811673, 0.8537190861766424)
(32.511168043438104, 0.9140468925957212)
(32.01118729715443, 0.895299788358118)
(32.12680875581465, 0.890089481858225)
(29.883378339340993, 0.9071119700413358)
(31.195399937831993, 0.912976758613423)
(31.54926658396342, 0.9395014895238889)
(29.015651287164296, 0.7479278637032567)
(28.84120855348315, 0.7797628121245079)
(29.269688700518653, 0.8488337868353123)
(30.03475683196191, 0.9146993769267128)
(29.091551733181547, 0.8067155127269463)
(31.191887087515674, 0.9086265898605912)
(30.707652406840754, 0.9212922753556778)
(30.17479521362523, 0.9380347966408487)
(30.262633210586742, 0.8900388008817643)
(30.579891560866347, 0.9139267217696857)
(29.04952135669989, 0.7563356008519886)
(31.042018982296888, 0.9392169137970067)
(28.934575447504166, 0.7715717195891849)
(30.906082109839875, 0.9041268591408874)
(30.428479617073894, 0.7854192630081196)
(29.226527920668918, 0.8481283517140245)
(28.96237893478768, 0.7863849185914707)
(32.17437601777596, 0.9015726701804441)
(30.469661072947044, 0.9010528294509085)
(30.663946341843946, 0.9358430737893204)
(31.788449172602302, 0.9148372130889347)
(30.384305275585525, 0.8952807685778936)
(29.383844189904075, 0.7916317483748979)
(29.409003015661007, 0.8117435573340865)
(29.476700180635255, 0.8181000026275753)
(28.95069450822847, 0.7943333685002955)
(30.57037184250882, 0.787301828626872)
(30.7710843067957, 0.930364208769466)
(29.58798825419514, 0.9033893599115596)
(30.879625997916605, 0.8159434842634818)
(29.173767353458686, 0.8846712042257527)
(30.568761381409416, 0.9300574359987263)
(30.775955113144597, 0.8057216644448465)
(30.400481452231478, 0.8941982343655779)
(30.53324883133422, 0.9238830599185435)
(31.362182199381444, 0.9423450951281949)
(29.24711876477298, 0.8229238045718059)
(29.30015585642252, 0.860591500648136)
(31.4040366814039, 0.9250233099636304)
(30.785167386753145, 0.9385317742632968)
(31.854061188544705, 0.9226836048047926)
(31.658500977076226, 0.9401185609023971)
(30.812682918006065, 0.9178663172070956)
(29.372132166000195, 0.8164733037925427)
(30.580204291467243, 0.9140973184687579)
(29.158420762081818, 0.7397302529507634)
(29.040440436924833, 0.7717762814891534)
(31.20794703580848, 0.9363351600256594)
(32.33497670047682, 0.9536830522472411)
(30.26695066754879, 0.8905297207722012)
(30.59190091167938, 0.9125710411866036)
(32.08697561674935, 0.911305158990561)
(29.75401341316816, 0.881115941097907)
(28.845499708571328, 0.7643549016194873)
(30.08176615465659, 0.9250793366028838)
(30.899793552864338, 0.8096492724233919)
(31.427597090567318, 0.94662695915983)
(30.840657448377726, 0.7897543685417514)
(30.520973480937652, 0.9229555376019215)
(30.804047684853085, 0.8201840518258421)
(29.452986254380438, 0.888301382336195)
(30.3081465261384, 0.8907626827360935)
(31.655191590224575, 0.9519157966253311)
(30.210756010921834, 0.904928638770897)
(30.958054897874646, 0.9048399902889173)
(29.682443561061337, 0.9035853895591597)
(29.70743404542845, 0.9041975293525678)
(29.980008244250172, 0.9275029670022554)
(31.752405573750544, 0.941627032692162)
(28.845817890293755, 0.7692561881382852)
(31.275047730214915, 0.9376036007080072)
(32.30896255370692, 0.9043838901521393)
(29.79577544021007, 0.9074348223607531)
(29.287418169670474, 0.7812452333116208)
(28.744316973104738, 0.7432404303345154)
(32.30988984659283, 0.9547743588873556)
(30.652023968039167, 0.9208797745273704)
(30.274324794821915, 0.8897078341368769)
(29.143810823661997, 0.7432745689578139)
(30.505259496791176, 0.9349954051195148)
(28.704068644588148, 0.7379596511380245)
(29.441787114940677, 0.8893011292922066)
(29.979900694824835, 0.9182305036845412)
(29.95343026464485, 0.9076406059438125)
(28.716693114986928, 0.731891735790779)
(28.835345633754088, 0.771780134697828)
(29.38793858796228, 0.8570367812618379)
(30.415709509491474, 0.7779292680044515)
(30.493646961803364, 0.9176278158444452)
(30.038607759896067, 0.9147867795829544)
(29.46894120336895, 0.8618609617519306)
(30.405384459600377, 0.9266188515502681)
(32.09612860790212, 0.896463940070769)
(31.23886346737472, 0.9079277798191074)
(30.810786049682605, 0.858482710552963)
(31.074169632012136, 0.9311589145029786)
(30.749139998448566, 0.9133767386668713)
(30.101527762632216, 0.9048750819584601)
(30.54499228405742, 0.9232322232313217)
(29.12498420891019, 0.8216913325902322)
(29.7905678060632, 0.8546911934299549)
(30.562556976560238, 0.935972362008154)
(30.907067583383764, 0.9035845099365335)
(29.663460642652822, 0.9034875591376403)
(29.241053784188296, 0.8886371136800483)
(29.33831646346063, 0.8182400018637462)
(30.261153187504284, 0.9067201608070443)
(30.54159492568937, 0.9075750114137561)
(32.09446499712717, 0.9119067613466918)
(29.404399501393996, 0.8753330951034944)
(29.923671497891466, 0.8987942485442543)
(29.960382235254357, 0.918478164840706)
(30.094879162495847, 0.9285698688738222)
(30.251941739805233, 0.9055807395172382)
(30.553610954999954, 0.9198531983466229)
(30.684529173935125, 0.9318726749945527)
(30.799694916953328, 0.9267861782089833)
(29.171047140098096, 0.8693421831369238)
(31.345639457050844, 0.9415816038539473)
(30.542901440626938, 0.9351541093683688)
(30.068869995996717, 0.925436974599876)
(29.080925745892348, 0.780328013725818)
(31.035489651222342, 0.9402364140239028)
(30.814577436214947, 0.9174583320964388)
(30.564978946785107, 0.9232897235580979)
(31.797772525523254, 0.9172427750086499)
(30.258981534117268, 0.8889203697536158)
(28.817871793847544, 0.7757462445903835)
(30.26317706208755, 0.9052050935365833)
(29.5464927935665, 0.8207352148982574)
(30.488045945789587, 0.7823273957703887)
(30.87737014350474, 0.9188832587962146)
(30.185590657967406, 0.9399995365059061)
(30.59993950239495, 0.9137054333506561)
(31.27360057501361, 0.910034997878625)
(30.65482447188886, 0.9281976331546453)
(31.634372086457752, 0.9500139438118186)
(30.767198613795912, 0.914015303882445)
(32.31788263558386, 0.9460565692507663)
(29.297583434110077, 0.777303131860353)
(30.409871844543943, 0.9149569681669103)
(32.56519231304508, 0.9184669209554032)
(30.822233313752037, 0.9198333188556624)
(29.387715618818604, 0.7921518177407938)
(30.09599194430495, 0.9048838039242483)
(30.55237229127117, 0.9139220875182626)
(30.88849623769444, 0.9134205942054551)
(30.78750089145408, 0.9288016337342364)
(31.452674557601533, 0.9314722598878233)
(31.557524933514138, 0.9129535984270304)
(29.245924400366224, 0.8603346996139495)
(29.394682086892114, 0.8551197799088482)
(31.51831593784778, 0.9126057571355911)
(30.83581207139638, 0.921594568073186)
(30.42639153679847, 0.7881142576861102)
(31.678517093064645, 0.9524246480617876)
(30.889079392128377, 0.8519293490786493)
(32.02059406934399, 0.8932845340400518)
(29.602171747564924, 0.8279430007437334)
(29.290892111343844, 0.8635488754856224)
(29.95289604188297, 0.920073091532862)
(31.411289126979824, 0.9246543532867282)
(29.122806472703942, 0.7178374714518719)
(30.029719329338832, 0.9185550023291836)
(29.78275947995192, 0.8491076271362056)
(30.865412812174064, 0.933266523128199)
(29.82278316763, 0.8540274195085849)
(29.465340580446284, 0.814932740004148)
(29.15815083593983, 0.865825410299932)
(30.270730593297476, 0.8910520659146127)
(31.3403342306218, 0.9109198504318731)
(32.075647235378625, 0.9142387858392966)
(29.878756970302824, 0.9018215611205429)
(28.758409156650345, 0.75993173789993)
(29.387071380519792, 0.8645050845946776)
(31.737215521673395, 0.9534971316538134)
(29.28665856862086, 0.8627830755948971)
(29.31344153346923, 0.8629409039498149)
(32.52606345241079, 0.9072397567817636)
(31.897824872213402, 0.9217245278139405)
(30.521419177908392, 0.9169613430533516)
(30.79892513794061, 0.9190110079253926)
(29.39872763457774, 0.8183071049121351)
(29.785248315223527, 0.8530167798560637)
(29.251874554049774, 0.8625367941688293)
(29.681886136976875, 0.9046656541483808)
(29.520518898130334, 0.8762112616176773)
(32.456588316626636, 0.9033186953406789)
(29.978218723560907, 0.9188299781001397)
(30.639993506755832, 0.9254338528567834)
(30.39064443711526, 0.8946875043287895)
(31.289633935342632, 0.9422162507074199)
(32.05573826966201, 0.9123017681934863)
(29.433482807530265, 0.8111555638920975)
(29.387124014522232, 0.851887785568178)
(30.911906194996757, 0.9233636124352723)
(30.90538737986418, 0.9039605060168784)
(29.42135953804271, 0.8750951506998341)
(30.74574998254843, 0.7929299819680028)
(31.183312607866178, 0.9114231715477518)
(29.079551109470888, 0.7116781278747074)
(31.034655189188886, 0.9354562626923434)
(29.372590963419647, 0.8169515337757723)
(31.072925921629036, 0.9344278926353469)
(29.454565691558194, 0.8828224701272772)
(30.87406335288979, 0.8017944508826299)
(32.22454334300942, 0.9475362635598308)
(30.592882046131905, 0.9146227190366629)
(32.07866262627506, 0.9137423320419975)
(30.427961198718997, 0.780632494278964)
(30.11882809887083, 0.937510910285872)
(30.857056607812858, 0.9381363075334642)
(32.297888104303915, 0.9528458024619482)
(30.766190925300442, 0.9281168463199853)
(30.809899187301497, 0.9314936162008334)
(30.16422381432768, 0.9401137300070221)
(28.883163527465435, 0.7746435034183966)
(31.31090307943036, 0.9240090456493566)
(29.707028389706448, 0.8951093456344248)
(29.263392516968842, 0.857594821657868)
(30.5349159727064, 0.931595120539326)
(30.370605035936833, 0.9279673036954501)
(30.53999460111254, 0.9133666302029199)
(28.62935054388553, 0.7407329437292768)
(30.35428554610514, 0.9253584542512304)
(32.583693023023756, 0.9188088589402066)
(30.76140170732539, 0.9167220352583374)
(28.948648100305707, 0.7758578081112569)
(32.087367659819485, 0.8969459835562934)
(29.18219981667528, 0.8748511513099737)
(32.31478823538877, 0.907930221032186)
(30.05383225114234, 0.929802706907612)
(29.074371169525577, 0.7586661486614993)
(29.93230097779761, 0.9192746730475313)
(28.998686182824578, 0.7729091005945313)
(29.041145488535534, 0.7016118415423555)
(29.16257688332844, 0.8241269266585747)
(30.936392681027773, 0.9200202525446035)
(29.45513924144475, 0.8567709681555322)
(30.29547994465149, 0.9018085567404099)
(32.01995344949703, 0.8952113071578016)
(31.41958588104994, 0.9385091354490742)
(28.923098988147835, 0.8281473612698536)
(31.05373650329209, 0.9423710978485287)
(30.796124357305533, 0.9320505949542497)
(29.075274501971684, 0.7468897031387527)
(29.671491894662452, 0.9049996770188006)
(29.2575035721407, 0.8833338207146351)
(30.152024345576027, 0.9344564502923216)
(29.285348215041292, 0.861312792443081)
(30.565991793811254, 0.8506069210058939)
(29.249928634747697, 0.8569359716819004)
(31.00812174454934, 0.829772409713622)
(30.979831759921876, 0.8271078430211848)
(31.65420022996851, 0.9513031232904596)
(30.959072503780668, 0.9274070783989615)
(28.967459825843072, 0.7697996388589063)
(29.14888673328365, 0.7676122890032209)
(30.635846764234525, 0.9159063065664955)
(30.734946262073297, 0.912963249524104)
(28.936794886474946, 0.8363831893751996)
(29.50899483025585, 0.8723717098014628)
(29.517621010920504, 0.8342225358784254)
(28.811912145904316, 0.7888681707352312)
(29.48952015585511, 0.8621067066101241)
(30.172836552643222, 0.942812673985532)
(28.743476956001103, 0.7377479402173239)
(29.15580253520199, 0.7502387434545398)
(29.353209242330976, 0.8149746144123131)
(31.69933416211989, 0.9410863216420862)
(30.965105536006465, 0.9286522522715317)
(29.948528482793755, 0.9073636263721475)
(28.828169652945093, 0.770238078495092)
(29.48067518878558, 0.8767791129789594)
(29.140859010550507, 0.7472485669410192)
(30.763357236161383, 0.7944869659663382)
(31.12451793694104, 0.9323191351997134)
(32.532557414009126, 0.9111751086290388)
(29.338569535613843, 0.8668528282409281)
(29.035454988864636, 0.8375282297725488)
(30.40013564598079, 0.9257780941994596)
(29.13501268147208, 0.725145420196959)
(30.798480122194945, 0.9320923341878584)
(30.54341459969433, 0.9160333611547214)
(31.020625479540538, 0.8305352130907089)
(30.557282627416626, 0.9234977042507412)
(30.910636316200918, 0.9046123767605191)
(31.489664352918794, 0.9118116574836737)
(30.675515129857214, 0.9257614622120479)
(29.337178575323954, 0.8684933940616534)
(31.22223998343089, 0.9234392660002327)
(30.14667618460047, 0.9390073824327049)
(29.26402311503558, 0.8578889016020114)
(30.353457147480498, 0.8943177810537822)
(29.900842985041468, 0.9105290879302606)
(29.745958526037164, 0.9116820043189136)
(30.538554464972872, 0.9350617537430639)
(29.364530865029433, 0.8187628646155725)
(29.04060154627194, 0.7389167153925197)
(30.7756024976131, 0.9272902881913472)
(29.32023212747601, 0.8610220636968251)
(31.60359134392599, 0.9366672068727384)
(30.545541048294883, 0.9358894387384021)
(29.399182557160263, 0.7941941618986711)
(29.594180545509687, 0.8748126129506715)
(32.22020001243842, 0.8994067244948981)
(30.62242773441573, 0.9212407956005915)
(30.48446816651929, 0.9115477522085773)
(30.638875737375052, 0.9213231669728735)
(32.27001358638582, 0.8997766010957583)
(29.36260512026253, 0.8294490722199999)
(30.674089626720956, 0.9289987084622688)
(28.676564086651215, 0.76929184547581)
(30.531403131334308, 0.9221545618603024)
(31.340897595844584, 0.9218415158849846)
(29.85815259234097, 0.8539262570824058)
(30.45141559022564, 0.8986989998156506)
(30.47362193937819, 0.900088723705891)
(30.688533022702615, 0.9296610134244391)
(30.73658104496326, 0.9274880397228586)
(30.529152612696745, 0.9139227663852881)
(29.21836946870542, 0.8265335330152158)
(29.337736829167426, 0.8531320410637666)
(29.17395327663599, 0.8228440312754941)
(31.117298494894833, 0.9340369853491415)
(30.631525679477093, 0.9290876588694573)
(31.53638615529452, 0.9146513334987222)
(31.200566837577192, 0.9113078439954182)
(30.660791677425514, 0.8004589475041435)
(29.74489483566934, 0.8995841198635915)
(30.421796547692907, 0.9139792073000498)
(30.048555612247327, 0.9171076122326313)
(29.516568177379682, 0.8854049765517613)
(29.26355340160236, 0.860721269351117)
(29.725507493575023, 0.9131933883563524)
(31.34138865635357, 0.9417460677030807)
(30.281272830020335, 0.8886212617954947)
(29.743283435199345, 0.8955064679356425)
(32.17421334182528, 0.8943807478160983)
(29.190009697092833, 0.7963154968965107)
(29.008517254523248, 0.7409016707940527)
(29.077438116963652, 0.8441535419994006)
(29.466982013444646, 0.8747544514187376)
(29.459597730788207, 0.8280874491778317)
(30.484077800535083, 0.9005516587016079)
(30.731304813277262, 0.9128219625404026)
(30.537777656110553, 0.9139388962244971)
(30.70016293433094, 0.9290742586868351)
(29.382016722005048, 0.8172658773250766)
(30.71655864124193, 0.9300546105902933)
(30.286454214209087, 0.8890544400345729)
(29.80373295511312, 0.898642125729479)
(30.03781173667679, 0.9302847507615045)
(31.38832920237104, 0.9129471966441525)
(29.727061990114763, 0.9135623988894855)
(30.490307464789623, 0.9116821815365503)
(30.372143893913698, 0.8943396572086454)
(31.19269104591378, 0.9331758816621734)
(29.335222896300923, 0.7890150529296849)
(31.414223974196137, 0.9279727881889255)
(30.458612524602895, 0.9012345338811872)
(31.375481988588234, 0.9123564515761552)
(29.036643684489473, 0.7222877364156515)
(29.084578571116474, 0.7479326320187326)
(31.502180805157135, 0.9119128678871676)
(30.503208156904556, 0.9225684286757779)
(29.183792407031962, 0.8303674723272023)
(32.34592009964503, 0.9548243386953063)
(29.394935599376666, 0.7868477500269567)
(30.652067859555288, 0.9222899112725393)
(32.81275856128195, 0.9169494972981642)
(31.15710546371814, 0.9197478962665395)
(30.56668533878168, 0.7926819872538322)
(31.68970944649914, 0.9531247706832746)
(30.008470662062052, 0.9270951831734957)
(32.08648561267393, 0.9002309321401425)
(29.561065195746366, 0.8774904027340599)
(32.484881386128066, 0.9124736795196167)
(32.5763558527785, 0.9178571942011972)
(30.468103420302832, 0.9263692989101276)
(29.505244261276708, 0.8742140196650363)
(29.625544487499873, 0.8858085966336716)
(30.914879455992022, 0.9277676476633103)
(29.017581166544733, 0.839564885844235)
(31.977321244929037, 0.8898221741218134)
(30.640426901073262, 0.9213548387117816)
(29.32328703065313, 0.8042952715157179)
(30.190693489853203, 0.941125589283526)
(30.920468058127067, 0.9342740752185918)
(32.22795445080537, 0.9029164713015811)
(31.47346739570299, 0.9100060948769118)
(30.477107943397183, 0.9108785717012436)
(33.37280728939496, 0.9580610619856758)
(30.61013690646986, 0.9327683092010676)
(30.520395133503303, 0.9370526390066702)
(32.563893801720106, 0.9113553999158056)
(29.063564573770226, 0.7597361563250075)
(29.99906176161513, 0.9150353970195574)
(30.958398272136915, 0.8140620280231629)
(29.04820142522301, 0.8029654692445004)
(30.348257356602794, 0.9012392875047662)
(31.4430754915892, 0.9450392906476163)
(31.34302193661771, 0.9432313021532991)
(30.85605941475061, 0.9394371653224981)
(28.85473156373115, 0.7698963025652407)
(29.909325019203994, 0.9080709671653165)
(28.95622038281237, 0.7725510831393595)
(31.287687378021936, 0.9124756602447663)
(30.818477399675945, 0.924488291975628)
(32.62799637598504, 0.9145281334670773)
(32.06655175364942, 0.8957548568310874)
(29.700154429914516, 0.90480710154693)
(30.83055010585984, 0.9347679742150289)
(29.843105223262057, 0.9060872185147114)
(30.913450161254463, 0.9030114655218755)
(30.11955897493985, 0.9092893273516433)
(28.968309499332374, 0.7286188653017976)
(31.681842044654896, 0.9524896427037828)
(31.621280846457406, 0.9488549537415619)
(30.51028699481084, 0.9110389398281187)
(29.27558453741128, 0.8491453714621326)
(30.37697667192161, 0.8925302828109362)
(30.8774655587306, 0.8022412104339092)
(30.274572530393907, 0.9024991601326284)
(33.1042699341736, 0.9498466664347496)
(29.235505516743274, 0.8816547264058264)
(29.874981347307372, 0.9050345381674223)
(29.102148776372204, 0.8739673783671721)
(32.489143295446844, 0.9101951186822193)
(30.015897958507697, 0.9163856420928115)
(30.492799423978823, 0.8997874898469669)
(29.85853222471407, 0.9043795712763735)
(30.140118057144004, 0.9401817324779815)
(32.07283001541372, 0.9135188204507669)
(30.92308592356754, 0.8211677901600724)
(31.35895917308857, 0.9215226829301281)
(31.209054509822476, 0.9318059711522252)
(30.549011271752438, 0.7990822610513046)
(31.65092045362, 0.9518097726640655)
(28.918738213256248, 0.7814215453049718)
(29.68505977666129, 0.8338407117669174)
(30.658857755465622, 0.8034686799527777)
(30.522482349854233, 0.9226282132015386)
(30.587589618749085, 0.9231118338422729)
(32.007721837387834, 0.8836050316104301)
(30.89351678624931, 0.9280647101422654)
(32.071406699043145, 0.883818315576102)
(31.49206957539819, 0.9116286496874846)
(29.405980517256552, 0.8217639534354143)
(31.54218208482339, 0.9133478715982558)
(31.33088991414543, 0.9134169934532826)
(29.648658039584763, 0.8892510285130534)
(29.377091419256995, 0.7831610375588509)
(29.215405054834783, 0.8707797537817833)
(29.292177271334666, 0.8626216585081491)
(29.220712210887058, 0.7976178109284041)
(29.346345203999302, 0.7997656645163227)
(30.69370753196388, 0.9326222556548595)
(29.216897094384912, 0.8907761129058833)
(29.56838578008538, 0.8765487860602751)
(29.143686949944765, 0.7511202536501906)
(31.28380573302627, 0.9103142692992343)
(29.36568163620047, 0.812087780199833)
(30.745184976361525, 0.9182527607967652)
(29.093034608275392, 0.7520865450619103)
(28.747793061941262, 0.7324303712287109)
(30.609491980807334, 0.9318828459918961)
(32.579559293231746, 0.9197751711773932)
(30.534874739684174, 0.9188913806560821)
(30.904805547867227, 0.8137511036140136)
(29.223033997850205, 0.8951222171201854)
(29.11936072672581, 0.8035489525158034)
(31.226056772727784, 0.9133427537923905)
(30.597453358767545, 0.9171102368705145)
(29.392395412138402, 0.8162022900121234)
(30.836162155191627, 0.9407647924088102)
(32.22281552823921, 0.9505465194196164)
(30.89764331251462, 0.901599077977674)
(29.829853304590543, 0.8530919973866204)
(32.73885325220087, 0.9142677926512645)
(30.136843496611107, 0.9407825393564366)
(30.982545969250456, 0.8147157398199583)
(28.928549686715094, 0.7780261071949802)
(30.711698337094646, 0.933698050663677)
(29.142937832671553, 0.7868149835021795)
(29.219843076362263, 0.8448620039400864)
(31.39780455976311, 0.9305970130524551)
(30.847945409018177, 0.8074739971454348)
(29.241292031137895, 0.8621147602687431)
(28.73628098058667, 0.7590399910087466)
(31.83599394495925, 0.9172305922747923)
(30.606639990290212, 0.7973355968555603)
(28.932612705769433, 0.7615605003601912)
(31.138785399334324, 0.9326690283583303)
(29.53606295645625, 0.8766938453337292)
(29.967653126245555, 0.918337369892271)
(32.624483332234476, 0.9193546243642211)
(29.339159843181196, 0.8092166819929657)
(31.351548592232398, 0.9417003380669453)
(31.534504986656163, 0.9129182962468905)
(32.14699116440018, 0.9001566259692969)
(30.501455284458295, 0.900316756925712)
(30.692349450588363, 0.9257693921559266)
(29.46791778357789, 0.8911537537571436)
(29.44382712963337, 0.8807908011546626)
(30.660454936694745, 0.9223158993119372)
(29.680243876616736, 0.9041002368029983)
(30.884172989796546, 0.9021973705510989)
(30.00011314335589, 0.9032675041009515)
(30.59264618110695, 0.9313790159987464)
(29.962217539747613, 0.9076860654399646)
(30.88837040086801, 0.935967024599957)
(29.235987493302957, 0.8232240087470557)
(32.129238449156404, 0.9142052707119336)
(31.37178945529996, 0.9387732505157383)
(30.715885546755754, 0.7900415481484219)
(32.14770553577986, 0.9507920809211483)
(31.17824395654178, 0.9689516109125018)
(31.139519632097414, 0.9425084196799663)
(30.970953344528006, 0.9661758999745937)
(30.972611308181605, 0.9640662317039942)
(31.310986533658554, 0.9685443673515395)
(34.734316456270726, 0.9833672308389975)
(30.820228287593984, 0.9647333780814972)
(34.324194133816434, 0.9785250960153831)
(34.013279708955196, 0.9423027037112368)
(34.364415722561745, 0.9766411066690451)
(34.487806920249525, 0.982250309254767)
(30.852477240134913, 0.9642741001095918)
(30.83397931759455, 0.9638134495109192)
(34.069347673602444, 0.9420279965352067)
(32.16540533584897, 0.950935840844946)
(34.035409546939476, 0.9401802990828552)
(31.53111843565644, 0.9480875419420923)
(36.5290218065953, 0.9866649332960852)
(30.901503214689562, 0.9633437492844759)
(33.19647579084651, 0.971088016040252)
(30.66860515071072, 0.9072397502669075)
(30.836297404245194, 0.9105262890615126)
(32.164237271869176, 0.9507820474570516)
(30.684062050094703, 0.9078475402003718)
(29.956374991667673, 0.9406507206100645)
(36.834841716134136, 0.9840189180811413)
(30.634289865137866, 0.9075494044305825)
(34.455157079755566, 0.9825454291156408)
(29.931899925043183, 0.9375508058380165)
(30.771147253118446, 0.9093158534804564)
(36.53617641689106, 0.9843201415920882)
(30.752441258787595, 0.9088276838857867)
(30.66305391210793, 0.907513859729967)
(31.307396481686652, 0.9680780169037029)
(36.43708427833461, 0.9865650251705057)
(34.44291355322221, 0.9819326884790109)
(34.505031378105, 0.950084535154727)
(31.210738597122827, 0.9672476038892196)
(31.265290100209803, 0.9652537087546783)
(36.50625584291617, 0.9867148278172588)
(30.800091475027294, 0.9104171917300167)
(34.30817594233198, 0.9780986418095929)
(31.47836496093881, 0.9624300452483678)
(34.461858979508484, 0.9497742852209031)
(31.178053557885246, 0.9676638683490512)
(34.02008532799448, 0.9430077917924515)
(33.20918435491181, 0.9715084179929278)
(29.957364767362293, 0.9388629570273684)
(34.04131203630104, 0.9418559172450035)
(36.530381846545396, 0.9865773404383726)
(34.39747955225187, 0.9772332414766256)
(31.260280791593935, 0.9671278932848282)
(32.79972300440393, 0.9701638821696894)
(34.23713237467587, 0.9775976658760952)
(31.293045469130423, 0.9439699089934216)
(32.84632889138389, 0.970264142654943)
(31.25350546877883, 0.9632320485355174)
(32.13674258305821, 0.9512951177611997)
(32.716802446294466, 0.9686572095648629)
(31.54821002568614, 0.948894389772245)
(32.80593313522996, 0.969542141014833)
(31.137000863458816, 0.9683162793107405)
(36.51844246979173, 0.9868257599629402)
(34.56472722864465, 0.9494296064595364)
(34.424292488381425, 0.982846751949557)
(29.981239787578488, 0.9431515617853944)
(36.388207022271835, 0.9863836145392505)
(34.56988871006048, 0.9500216173631386)
(34.26805757598328, 0.9772119471472427)
(34.39341015943425, 0.9813693600266788)
(34.46037879193852, 0.982974409852784)
(30.705374319045752, 0.907962514721788)
(36.49949947896088, 0.9865468632662466)
(30.871611484337606, 0.9632623721737908)
(34.197246344699835, 0.9821852175152543)
(32.88857836168216, 0.9711618241872927)
(32.881207306016094, 0.9703120030376844)
(34.512128517577985, 0.9823566827983067)
(30.029095164719738, 0.9396640346755935)
(34.6103419046281, 0.9841870851591384)
(34.06912739929298, 0.9425588675976748)
(36.69873922286672, 0.9835028539081807)
(34.28250389817316, 0.9778755202656515)
(30.899671710771663, 0.9627422041253617)
(31.46222815522504, 0.9459848183197606)
(30.874837434160725, 0.9627360537901477)
(36.94098599343016, 0.9846929140542358)
(34.33421808803511, 0.9777901868004252)
(34.47128560990093, 0.9825933666340742)
(29.976521895342934, 0.9370445359892908)
(34.39404373107094, 0.950208071939534)
(34.52746562147398, 0.9501291054962197)
(34.26458481643869, 0.9822931801430205)
(36.503743678529325, 0.986667654065434)
(31.119934605091398, 0.9566585882660641)
(31.53589318843448, 0.9610430064676402)
(34.63616613701101, 0.9496114310995839)
(30.047601453248483, 0.9394548744364475)
(33.17498267391509, 0.9709184671950779)
(31.112473655604536, 0.9622605733800957)
(36.57097552210336, 0.9868347320930425)
(31.261574933543187, 0.9667388487659523)
(30.884245672695663, 0.9634471103854504)
(31.057741087644906, 0.9648157077397603)
(36.737720625608546, 0.9844728602835666)
(32.24718192800785, 0.9512028145238796)
(33.25925966049106, 0.9719948924913029)
(31.421675953524165, 0.9663861741981246)
(31.54916681479913, 0.9482785112561884)
(32.22766944759104, 0.950924434694961)
(29.824759697131608, 0.9353558898990653)
(31.381664628470443, 0.9457724276921077)
(34.199029292444735, 0.982257871811419)
(34.327022538331356, 0.9811229867653616)
(32.190027166591534, 0.9511553466989966)
(30.834824002303197, 0.9636620851236956)
(31.457578207562168, 0.964397536578537)
(31.3519503157789, 0.9688673548072827)
(32.84415593805229, 0.9707118499137384)
(34.66881380311537, 0.9831722857399837)
(36.73650022089645, 0.9843531639714419)
(34.077614070085666, 0.9428041351325973)
(33.17166743791019, 0.9709760115798566)
(33.22554297085149, 0.9714527033312916)
(33.21358177842425, 0.9710468014113174)
(33.14158736273344, 0.9711089998685252)
(30.963937631480075, 0.9669314446165606)
(32.17505069889489, 0.9508694623101802)
(32.72703093950406, 0.9694318571878332)
(34.05666843741338, 0.941018553388289)
(29.77827290063344, 0.9356509296219281)
(31.250016778049932, 0.9676672056468928)
(36.629387690065904, 0.9843048401516175)
(31.002962599462943, 0.962531985576449)
(34.527451295596705, 0.9501090836982794)
(31.090626964750363, 0.9427321078436093)
(36.873205161435195, 0.9841179655631017)
(36.680492906504576, 0.983967383351372)
(34.4365610222802, 0.9822976576494287)
(31.207771281457806, 0.9435862144414314)
(30.89193242597375, 0.9626931420218726)
(34.5184422100671, 0.9495667517018807)
(30.956280956185907, 0.9621311640827159)
(33.163050095712386, 0.9710851049455196)
(31.180835763740184, 0.9653648576575525)
(34.425528004714735, 0.9819453188625479)
(34.92205191064079, 0.9851000051443269)
(34.02636936133557, 0.9419460912484229)
(32.2443598645572, 0.9519321574825659)
(34.223722139736964, 0.9763280873762349)
(32.77280590676626, 0.9685456446335771)
(34.47913154053227, 0.9819703966238174)
