31.19539502155647 0.917826733386305
30.9485757356386 0.9152909804665365
32.52328279101914 0.9550363396961427
32.633524979954025 0.9385308558615105
32.70578305780324 0.9460551560527082
31.358716844373212 0.9306127647354164
32.349135215027424 0.9476226129419943
33.11622910067863 0.9469970156475831
30.250107096329906 0.8923337166894487
32.64941664264979 0.9008768691657026
32.99503885637058 0.9132390009351248
29.674178122879006 0.9006875847423167
31.28209396310055 0.9230093472205358
29.241136210253313 0.8096125472804565
29.598767342638624 0.9037086469440496
30.922791501269717 0.8106683759463689
31.220801297811775 0.938607838141605
32.217071594126175 0.9608254465196157
30.839598200850446 0.9303159369296122
30.926565366197774 0.9328720310921675
31.075418762291292 0.9168041933946871
29.108628824789466 0.7862447970640213
32.039941393306705 0.940651586002125
31.075517222870918 0.8129983501794589
29.948961459907878 0.90470261182293
32.70234934199772 0.9033255743625614
29.360793200159947 0.7437654422101473
30.33384386004726 0.9042409882941831
32.76223934058009 0.8998756923991029
29.13117211460491 0.7747501983456025
34.18509872957111 0.9668552235939987
32.367807390249915 0.9449786118337635
31.861642266747445 0.9462068387401793
30.68093770021957 0.8177027505767409
31.021746767899 0.941412350043864
31.105471906221084 0.8256737247091013
30.01652772430252 0.8822592961636726
32.52614399243907 0.9137733630987276
31.27903358046312 0.9236577941173112
30.180760293869966 0.9373528188583276
31.639891884214396 0.9535405160828797
33.07694826604765 0.9064961675979138
29.919536715044845 0.9237942730422152
30.396227253115242 0.8997035615811796
32.14734941560044 0.9496494553137269
30.240990985293593 0.9423191734001136
31.2277104653848 0.9280575659633873
29.286747268859664 0.790874521522241
31.90323329001852 0.9478446821261943
31.89464739270177 0.9460980200022365
29.402590350475137 0.8289489290447107
32.07476791928673 0.9084828268679187
33.736606457080846 0.9596482858709791
33.164274507412564 0.9251027858705393
29.351176731638983 0.8220940851976063
33.95808316682374 0.9641829687347722
29.955731280171932 0.9261428913783039
31.924035646035026 0.9440854533202857
32.01121940090013 0.9427403117732837
31.906993452492042 0.95597303824139
29.85479197644964 0.8519265722657091
29.61018169597213 0.8978652163996408
32.66107668866124 0.8999109524265984
29.37869963828616 0.8285357454014923
31.57205948957863 0.9548088068274468
31.89363075042095 0.9381654278187809
29.30978203141866 0.805078906532626
29.230462797408006 0.7868556341994503
29.12658863878942 0.7976605135014209
33.28463948887662 0.9176536690953654
30.822087621674704 0.928349783926319
32.3798788332281 0.9653151782466264
29.683788939868883 0.8700723467873942
31.066395190673465 0.9133271344535762
32.71948228616139 0.9539898882103514
29.777338962271436 0.812145111737768
32.03160356623945 0.9062097723533282
32.502144059481296 0.9527196914367391
32.72585755191895 0.9536747553705863
29.42981188150028 0.8155892255784623
33.481537599369375 0.9603640199506787
31.215087048717358 0.9277858066923077
30.630335690616846 0.8021730219897276
29.971953783009187 0.9285139796207957
32.88324020157836 0.9634730372870627
32.01087953198294 0.9128219045944991
31.62442115171808 0.9300789248898744
33.57230701457779 0.9716310150211064
31.2694193753606 0.9233623162211162
31.892944405197944 0.9622956829631043
30.844942641828194 0.9329755892824839
33.89396016276901 0.9572323991000615
29.196176952266146 0.7722128077475621
29.720232046444934 0.9086068548801493
32.530798206308525 0.9186403802950516
32.094636096207616 0.9055536151585601
30.969210089043145 0.9353381861405842
30.876942010284168 0.9365933625102273
30.001893035512563 0.8827097857372352
30.1413382315237 0.8810977225341514
32.24274781692049 0.9738996612677017
31.64390238575132 0.9534765149595736
31.737517596907946 0.9640985028133637
32.76464353826014 0.9462327407831848
31.793329373313618 0.9360692164128717
29.27535592506601 0.8157428760293135
33.51543758412173 0.95389834988752
30.67465751449348 0.9441316852297897
31.072416505303508 0.9229632523448688
31.003340807914313 0.9375143172204872
29.829836199828428 0.849259147169174
31.922330328692794 0.9093671870408115
33.64118895405821 0.973102230093854
33.35741343303937 0.9227117939758013
30.993643960724285 0.9373257939855681
32.223483486251126 0.9483863344217469
33.01685298448014 0.9108598460848082
32.800120946844224 0.9630173110483737
33.605849150503914 0.9617185348978426
31.979015737255978 0.9095712569793831
31.616588184393336 0.93381726469757
29.506283572368567 0.832703320020601
29.322445036470285 0.7628633661458536
29.343115275903884 0.7838019192718984
30.9542213007648 0.7940702043176103
30.914033152616767 0.9373890590610787
29.501746180181264 0.7737909540102375
30.07281182451454 0.9296844267967448
33.468891735609965 0.9232686753697368
29.56258118380702 0.8304444846272686
29.442982882720226 0.8185230393439641
31.271785686569725 0.9228785060943229
30.00363255623479 0.9044126941751384
31.742230659513645 0.964927331374211
30.291834143254206 0.9422826712863727
31.35463112276623 0.9303616697724857
32.17100671770342 0.9179786215311557
31.338045040490403 0.9342413268650537
29.239811681894913 0.7844510022599195
33.55680300357121 0.9527463540208281
32.06244578486782 0.9448618972255384
31.93117535828565 0.9412460731130049
31.68888966517428 0.9308739142299995
29.30053850500169 0.8022818324133263
31.781172068083166 0.9567040177702503
31.087648878535816 0.9450801396873445
32.17734039566264 0.9426185930226644
32.180306435527335 0.9532971384818658
31.043562718955002 0.7935015725668101
33.82187880444946 0.9584408442127432
31.65400481340314 0.9386647476693659
32.17916011002807 0.9427021009663816
32.91377578363801 0.9388773689280446
31.801718092003874 0.9530084921404175
29.132735127719066 0.8038080366162955
30.68977561951884 0.9317999280168514
31.208521332286402 0.9340781225078383
31.924651325116034 0.9650364129539916
32.65289247960081 0.9444071780591178
29.90500597900737 0.8900397449938744
32.16083537228667 0.9184494047777949
29.33731997022071 0.8051353614337458
29.307360988777216 0.7989133936864952
32.562273981491366 0.9166565063907828
30.06195104427438 0.8854700079056084
29.714957652631124 0.9004109817377401
32.62554804159044 0.9557444092755987
29.6317597298629 0.8927642640596936
33.26454860677294 0.9443308698469272
31.922143663266375 0.9553411481658587
32.979712740545104 0.9141199301542923
31.47520201246506 0.9291270919308013
29.580013514387808 0.8277756314480006
34.18974381839354 0.9648893503009558
30.892153834843317 0.9316821712442261
29.306648810796002 0.8182752151716265
32.32320247294379 0.9565452876601723
30.419537277875364 0.9130849599349794
32.96910282295172 0.908641177070525
31.68748246472324 0.9311212913407414
30.502800569425467 0.9156240810030278
31.067869828978132 0.817748843470066
31.408667289136844 0.9313031097412209
30.093329779547744 0.8985560484989917
33.996664931540636 0.9749050880964283
29.281522263409773 0.7791160859424524
31.82121494625797 0.9573386795298943
34.524206767714205 0.9759675570787958
32.16249244922425 0.917151773581468
31.06910647397164 0.9123388817957803
31.58629698046683 0.9539406128065875
31.200394855941912 0.9182031234029019
31.610102878824616 0.9574438654923867
29.975589981462626 0.9135038770167648
32.54525883771484 0.9182927660157854
30.708341546726853 0.9432324657052509
29.642158902370433 0.893252354293345
30.88162259039464 0.7989731565203034
29.92368724998718 0.863619023148103
31.160273859851372 0.8688617629496921
32.124759736455644 0.952850101131284
31.923123575301293 0.9602661387689363
31.328839192581015 0.921445301447947
32.18802116324477 0.9150728977250523
31.18443833631567 0.9181398010302753
31.29155445973497 0.9227527186457349
31.498664299565633 0.935776746963799
33.107333329672784 0.9175121493709383
30.900569261948018 0.9357609380021848
31.28672653530512 0.9297448722643176
29.151764344769262 0.7927913330979286
30.67954585522675 0.9194668548690854
31.532349915748416 0.935739388610003
29.974749530400267 0.8810788934611233
30.730628390267768 0.8609912204244771
29.637764263423513 0.8876596113237947
32.63857839369006 0.9013263563284653
31.86672055762039 0.9459153750150453
31.099963324521653 0.809746292223409
29.335307882934238 0.7617053028895836
31.665644851232443 0.9328723917471674
29.280987006984354 0.8208151075807908
31.416107297623014 0.928581057024568
32.28049133554011 0.9457569978078761
32.37935502356823 0.9649179260006977
32.809886348061795 0.9125676566711749
32.671530083489124 0.8868705649152172
30.99933573986384 0.9368709650694323
31.079601646139253 0.8090350552736064
31.789213694607554 0.9386164185358892
32.135624574773345 0.915430703928372
29.25360386223367 0.7143048140430515
30.098506799240795 0.8877148858904456
34.41661838571717 0.9729866519516464
30.996575107546413 0.9121938086110944
32.49494404340487 0.9541335221084858
31.07430603160256 0.86575559649643
29.329616323244274 0.8253644395436451
32.301834507164926 0.9619489125741368
34.37935585691004 0.9733845783890681
31.936310963462805 0.9490875466386502
32.53656195314149 0.9550468653981388
30.269212293432638 0.9007347355417075
30.335658710615704 0.9137881929739893
30.6680949137893 0.8442326130923877
30.749874642007406 0.9326857232653164
31.469887179528214 0.9348358027566104
32.773119462797425 0.9454253208405752
31.230790277903587 0.9189947837617493
29.135031936030057 0.7905046180848924
30.60851870852245 0.9181161977963496
33.09909181639582 0.951276882496252
32.95984312794077 0.9060843469301985
29.23952964492409 0.7992344337399094
31.061566251901592 0.8250575729187241
32.53331056643 0.9206504061061832
30.805196894618078 0.8527153285544561
30.132369709792876 0.8986367679442946
29.40596078931219 0.8106418204466229
32.4703520497644 0.951838901195414
30.16963862739983 0.8840879113286463
29.228333024036267 0.7954006691676325
30.885171543906516 0.9313650016305964
29.16477882604535 0.74215490296153
30.017404081720315 0.9273472496890518
30.499487782277633 0.9096328607632282
30.398337223235302 0.9034868097663259
30.078171474201923 0.8920367573538317
32.22647461839448 0.9614864901074096
29.309564162855693 0.7861641997082698
31.397362823108917 0.9507034869302108
29.98679054668482 0.9125849646674635
32.14958708394575 0.9189778907479051
31.845124470290763 0.9435509183571084
29.22577319815983 0.7936079406574708
31.66085349336766 0.9374705513421413
32.015508430853416 0.9445411592139094
29.403427546615248 0.8208007989623477
32.70989366010275 0.9561834576297702
30.549479793707444 0.9161827927801384
30.732198123332857 0.9509112893970809
29.288580191426338 0.7270551351208488
30.077913675272686 0.9190125351514499
32.659582273025634 0.9598225244322945
31.121019574297932 0.9169336557137405
32.59734617994532 0.9597375905851859
31.807952682362934 0.965448057790053
31.15458163493116 0.9439805626226697
31.111710790818133 0.8313662726616183
29.223125080818406 0.7878979133927
29.624215216113484 0.8927961361434206
29.553051526342422 0.9049625968833545
31.689813469342994 0.931516523549564
29.27800782452905 0.8018277295028865
29.985212489563494 0.8793646826509235
31.628055072372913 0.9369803087113734
31.408285190217505 0.9222006696807837
32.53216475624063 0.9188792788705504
30.251340654556543 0.942279796767446
31.112468548589227 0.9444478691573026
31.38224123054998 0.9305173805056709
29.272570980583982 0.7875261812523203
29.17713117883551 0.7939629034326654
32.068671433754915 0.9421105676245236
33.889214202882016 0.9706148731818633
31.48912034446351 0.9378902879626029
29.268501288943135 0.7873845896982856
29.14530353631981 0.784857805441861
30.768230125286454 0.9042601137118776
31.0332151856274 0.9447682088590447
29.105725485515116 0.760120027461072
32.43886963202532 0.933854202541954
29.68054032724077 0.8201297334697302
29.279141101771433 0.7833428493336602
32.597158077836504 0.9377640155778797
32.539024847863544 0.9182362631808658
31.06142576531156 0.938913316948495
32.075817240500385 0.9086221553931049
29.982354883657738 0.8954244165195862
30.996191134573174 0.792831699351416
30.872689577522276 0.915652868104634
30.061903818819637 0.918535169727739
29.24446000293389 0.7828747692112359
32.058989649776734 0.9147790650817069
31.029239265698987 0.870505225880303
31.820291152497973 0.9366686121172629
30.6979393176765 0.9244645584391468
30.512767959043966 0.9109318940660494
31.93000080199205 0.9614684401053536
31.834109436799835 0.9537437663383407
31.2106602395003 0.9414959053285656
30.881867150669994 0.819250350996779
29.968619748692458 0.9271794891018019
30.1103886024114 0.8819018332003021
29.989253671642295 0.9113883230982849
31.10748611254769 0.9436519151777432
32.795264860085204 0.9089331004820581
31.297219586533416 0.912601986888274
30.151111532808898 0.9359479844340228
32.74908176222176 0.9014875126086508
29.89391616041786 0.917080216331487
30.209217510965225 0.9468771545846992
30.67364516655237 0.7933050470166763
31.63544469781847 0.9263732641589533
32.96118309701665 0.9124367770501145
32.66317249207002 0.8969080678817828
29.999039366527164 0.8977153597275986
31.280988649873798 0.9222413400038378
29.85184759991487 0.9161106948909287
29.831924957101048 0.9105206114823076
30.861882372152657 0.936334129720525
29.359725778187254 0.8316338218480698
31.686029419248754 0.9378815350705076
32.28623765872621 0.9617470748833463
33.6621976114537 0.9735929904034655
31.662150657757586 0.9375690687240302
29.41377796179487 0.8079856311567544
32.179914982136005 0.9706526733285591
29.338619699207683 0.7512681108067076
31.03248059993883 0.9453186401057707
32.53377023459502 0.9181079949221297
30.601677850256642 0.7831444958888378
30.649415006105055 0.9320522606309081
29.424723805160326 0.8149186558172961
29.27785012285842 0.7766652396150984
31.76562467677616 0.9654129621413682
31.76060157132199 0.9646668210563899
29.436607069633766 0.8230497766897755
30.980842645945607 0.9141095815859974
29.319872338152038 0.782186011263683
29.761297474105906 0.8898544727997658
31.744481305838082 0.9605729558885552
32.368718538238575 0.9654069423272218
30.101764485671467 0.8857719905327168
32.49889841697844 0.9168831675032794
30.59784018917174 0.9274653778975377
31.336472482070615 0.9227105358120937
29.552335341394816 0.8906045207855336
29.385331956819094 0.8115068958175224
32.53753559870113 0.9421997494755838
31.752836608560816 0.948038147080749
31.908837264380985 0.9423309030000454
32.56783770470062 0.9184644827024488
31.75381095089591 0.946179442414806
31.079605025146506 0.9163402471959773
29.254677699948473 0.7748183582665512
31.77676800955066 0.9483029458655412
32.69499741604253 0.9586879700921231
29.693718014703833 0.907703509705234
29.44192500449319 0.8123792719413655
32.905503443983655 0.9062869367465313
29.279778456013346 0.79887164744031
31.633204098983356 0.953821648312197
32.68735291482679 0.9555182848698458
31.139583583595673 0.9491646589984929
31.433234270708006 0.9344425959036223
30.984236462914758 0.7984570274402026
32.91115281561411 0.9549207487015481
30.94075925200849 0.8000367813569903
32.70359620079651 0.943800705574964
33.67422224550711 0.9685661749857176
29.191755015061002 0.7447417039185797
29.276204639286828 0.7873717407454575
31.84363014452755 0.9507148204434147
32.17593642225993 0.9537957925159264
29.18258731203325 0.7845850605612755
30.86354636105506 0.936423700160429
29.29680094712401 0.7213097366933361
33.43948786374885 0.9247670008065301
29.87405923390291 0.9072701913110739
29.235288027831984 0.7752140932795083
30.97830308014137 0.8433983800387251
31.02860191996139 0.9097903841919877
31.992724787469356 0.9655615806199179
30.971678969086657 0.8157883748987417
29.74463972126527 0.9054296296426055
32.982231265719 0.9107564768441443
30.478995934130374 0.9229504845876302
31.995773535710164 0.9128587893823417
30.05638353985433 0.9138502381371778
32.719783388967414 0.9621392079175262
29.18757125461979 0.7899021820441064
29.694126522461325 0.8941469326553683
32.29272203127471 0.9636759030344166
31.656049408745947 0.937470577357847
30.81738378443157 0.8673612253334988
29.89144674418261 0.8881618849524407
30.6985461849898 0.9322584228037005
30.890571589163862 0.9365093945107023
32.37217923223102 0.9674436078391087
31.19699628647462 0.9408107046128744
33.10308789680804 0.9182711196095601
31.340135096703197 0.9141308350112763
33.607572890337806 0.9608396569723385
31.64523747699265 0.9537239837820884
32.65967991300891 0.8959382578115012
29.650795577584095 0.9023928498939014
31.857428698421405 0.9440071982257954
30.7411712989728 0.9334381436832371
31.855391450316045 0.9434333250527548
30.72636646479686 0.9404402597503136
29.206176735389484 0.792116113009044
30.014412848792638 0.8754370333670043
31.954303937812888 0.9425237267579601
29.19220572179566 0.7842462447519829
30.913097585675068 0.9127739546513022
30.870311739284737 0.9356017721185037
34.26072294037124 0.9713697452294718
29.277762533955958 0.7924520202198244
30.54110635873158 0.9276174255299814
31.107452671760583 0.8154734250115182
31.393381646757103 0.9202100524495199
31.41590709297426 0.9306338960024532
30.903890895697145 0.9364037068101904
29.229954396353573 0.7764373084922346
29.2650440920865 0.8032157688042003
31.406232211976217 0.957557375744143
30.00192269557764 0.9174335837148665
32.03349123879225 0.9064924573789788
29.967854760666107 0.9222734463283686
31.83818373562382 0.9657259208700241
32.55211792212996 0.9198947139098289
31.21307052848074 0.9408029094171249
30.174896496461873 0.8711252491360488
30.86778072808919 0.9361200529874755
29.917805334986653 0.9096344415360753
30.31606404980075 0.9074092139167033
33.68392435034427 0.967033783470125
29.282691272433894 0.7905369713959631
32.8280064311937 0.9474649826543694
32.48930690902594 0.8838388430365085
31.86811953049475 0.9553402890846455
32.74226682403673 0.9084334678774577
30.051470903778068 0.8859356187618067
33.68415721709087 0.9744361159069975
29.91485777929953 0.9155422807760057
30.748140926060966 0.9376197801589987
31.6466409999598 0.9299877147388845
30.052322334580445 0.9154422787469745
32.37507461170333 0.9669442885899542
31.98708480830087 0.9095038628655209
30.26023906747801 0.9101392274741963
30.35643626037682 0.9227482376626432
31.131194854105637 0.9158422138792471
33.78992812158415 0.9542077282415612
32.55933504352683 0.9489053284288997
29.260410187399263 0.7750934908795641
29.223066501028917 0.7967071688841562
31.368162651621457 0.9476112715084064
32.044238502936864 0.9133899010421292
33.6044927092517 0.9731306366013882
29.356753465865992 0.8576097833189186
29.198173789656177 0.7944167909959248
32.6830028821969 0.9027414633097111
32.38544560110508 0.964875862966113
30.593343240800216 0.800890540570367
31.369995695036536 0.9294813432010326
30.473245036448763 0.7971161318838456
29.152020325119032 0.786539008555087
32.03612089989204 0.904346573199439
29.319779391162093 0.7986695670323537
32.781099468416016 0.9506764766073826
31.21499960706155 0.9375983385280606
30.01895197347679 0.903170134251606
31.802142742350853 0.9648231839066256
30.08914826302172 0.8842284578716898
31.054561481694254 0.9457138267231736
31.73870873818608 0.9335660431618654
31.032828516769563 0.9442716103354596
32.0459016239936 0.9053672643132689
32.63985466471672 0.9016644927437538
30.51697885991071 0.9304439410917262
32.65397267435141 0.8873157106306865
30.719054844419954 0.9486422778403112
30.77046223636824 0.93262431493034
32.10000833502315 0.9486685219212533
32.03756640040381 0.9035657842458369
31.610456378945123 0.931284964556522
32.760510667964255 0.9568098819422384
32.507044456709465 0.941041225736223
31.577649029000444 0.930320422630925
32.98361875798731 0.9079917213306911
31.625448522160646 0.9548628496337952
31.76681299754883 0.9569540269821639
29.248181949694295 0.784879349277575
31.353457709940393 0.9239109978553977
29.218859637267343 0.7928472645066108
32.81377725613216 0.9587692035836329
29.194105694951364 0.7761126364484577
29.138467451515268 0.7784034183877017
33.15752656363807 0.9518328103646108
30.558698517886853 0.9288372146667051
32.56963380924453 0.9179999957811544
29.485138137836252 0.8970613647242578
30.711162317917115 0.9428172946710323
33.63491550557278 0.9688790941293951
30.8516205654134 0.9361797788522671
31.740030681205205 0.9564784468317858
31.859738847816153 0.955039842978099
32.21480181814502 0.9173344000218571
31.646118996841945 0.9374821149586777
31.987109099853818 0.9375584793731125
32.78655583533775 0.894945462122654
29.724298756572388 0.9003782011990542
32.0590496286675 0.9073629548016543
30.85757535642941 0.7985449974679193
30.933465919736392 0.9362930329304738
31.28241820627696 0.9191422391980364
29.304214920036472 0.772179711156062
31.058384125432454 0.9426784628302394
31.512692059989483 0.9292583137471123
30.49820411281212 0.9233355086128445
30.034692413107734 0.8798738044914569
29.02649554388993 0.7588957565336513
30.714809433871338 0.9466098811119139
29.89889074856885 0.8911782908149625
31.87092254538811 0.9436260081097206
30.67038735194412 0.9201425329301413
31.094068148174536 0.913265660365137
31.790655911009686 0.9587573453955295
29.81777407142658 0.8965982874457069
29.228889044063166 0.8254204100644549
31.79276289188251 0.9568771472351298
33.08020266536289 0.9112660007892243
30.5772119362108 0.7885021044736636
31.736079815067907 0.964684567860935
30.29726777800745 0.9129241170796715
31.13004808608118 0.9385065243444021
32.488617436400716 0.9305718485015619
31.11126771556002 0.9387863132891445
32.80320320168455 0.8952463360964984
31.27629678252005 0.9226324408429427
31.5753319892849 0.9328871942099441
32.12912370894897 0.9423627292171357
33.443860390675326 0.9669577883063526
29.550170664895674 0.9174633451352222
31.263756294447745 0.9262719666778382
31.57735218692542 0.9570104582169044
33.19092288808262 0.9264662177268042
30.338135398698768 0.9048095307054821
30.03440287211931 0.9206172814860345
31.46877984258515 0.9368430022312508
29.079468140560326 0.7783274026489084
31.117911493496564 0.945119841580978
31.175547756279993 0.9224220173634434
29.10516678235057 0.7433741575956351
29.205593437275734 0.7339465430672086
30.51861749448753 0.9118985379486192
33.94259447181435 0.9651338816649655
31.404859647692547 0.9337212295205656
31.775764374246165 0.9656912213296129
32.250793026947825 0.961723904548688
32.2565669946603 0.9617036241051993
31.796405990534495 0.9342033848547443
33.476968541053736 0.9598897269065775
31.506713493382165 0.935865579243615
29.40348018779636 0.7455932295891151
32.54289770977016 0.9191854499004016
29.152476683195484 0.7312884063334308
30.718828352279072 0.8094328996830342
33.40112196200114 0.9612056614711215
30.659774886965806 0.7900935768421188
29.453451543829964 0.7819518042041941
31.761329250253407 0.9325953859876007
33.16243460773243 0.9250205063260621
32.82577022073826 0.9592738240614991
29.316756037407345 0.800659374387681
29.25547945980712 0.8009263189625249
30.06847955710559 0.9043014102908676
31.187501748600152 0.949219082638874
32.09146101225353 0.9526360953132889
31.485492579314588 0.9273309069820201
32.95909516559314 0.9100209526571316
31.191486030916927 0.9188632143034446
33.67504319261964 0.9741866566500095
31.27799271026162 0.9225596600450858
32.30428687197055 0.9528444820432895
31.02446645554518 0.8832461280934885
31.009438741424475 0.9437871430609439
32.73925102015524 0.9077961239966289
33.075648793996216 0.9581913066124113
29.800521141595357 0.8882845649770049
29.41259097440291 0.7994569464913243
31.096724397362237 0.9157441330534435
32.76487597862435 0.9572305217533548
29.128294275977915 0.7462869803505774
32.14562036136085 0.9178861164986627
30.990268992888474 0.9144726883282097
29.182993582555245 0.7447604163522288
29.262536110490935 0.779053235800431
31.755720151221905 0.9348535249363953
32.571093616906076 0.8882461220003591
29.202583262389098 0.7820704597077418
30.675815579003903 0.8221911471301866
29.24870024744102 0.7726562861709101
29.4488200408278 0.8341819986333042
30.398497775016565 0.9110905751934458
29.083006652935023 0.7522783259128755
31.17827708272784 0.9174552015059867
29.64898758659704 0.8924219734547828
31.972327153824587 0.9454662106132007
29.117063228834223 0.7885738999801724
31.560873633876394 0.9279261447055465
31.66295510073697 0.9347693486957372
32.421613751962596 0.9657393358757935
34.73096266133482 0.9763813765294931
30.54604107172927 0.934392113510734
31.489789688756993 0.9370789049485079
29.063131622710678 0.7168066060107045
30.19356757483497 0.9077726807931805
31.06366596024346 0.9376283503301365
29.942641024691355 0.8722773511378376
29.29751450085171 0.774337381338645
29.159070318003913 0.7372318592302775
32.72805647324144 0.8974292704543234
31.921339657752206 0.9588476773543154
32.56496714650571 0.879738274134724
30.309358715334668 0.9124315367132576
31.26673243050938 0.9514740843283657
32.79933806849592 0.9576300619039178
31.285446726443496 0.9242603131724431
30.412521392158126 0.9080180790178893
33.556230211437246 0.9513754189133806
30.670180808699918 0.7931031628006361
32.86497108689847 0.9643820062524979
30.863881807568042 0.8066767780346483
29.265422917635643 0.8069808871256892
31.040297758558317 0.7954779190231273
31.21926480172725 0.8803902877880232
29.293337954509973 0.7924372379152693
29.636789559863228 0.8965373293193225
31.14643498631363 0.932492847515678
31.3699941897574 0.9309988273301537
30.726398134617597 0.7891011316404549
30.95344634395188 0.9441096626709543
30.673933688602588 0.9428095616911768
31.328506395875493 0.931000154496509
31.85588164948902 0.9442035781891519
30.057397932774215 0.8885181435562665
31.075226348630807 0.9263514160979947
31.434664419152675 0.9231659403395861
29.389898500464756 0.8157942100200484
31.387001876577987 0.9510055546102851
33.51434387380349 0.9539816502853926
29.973464603245375 0.8817552428082406
30.48083053021509 0.9070596615587515
29.399329618830137 0.8034162982755286
31.30817610756463 0.9293132829395563
29.667937117030462 0.9032304176657305
30.998292628065393 0.9407292609432806
30.41672632426415 0.9565205847517199
33.380168170033386 0.9581580722332682
29.323765129018923 0.8250140037927597
29.251871966057912 0.7757451418190152
31.77531155809597 0.9347381538030844
30.202522915005687 0.8956545852444346
32.244615770947426 0.9617577133209435
30.9936017229272 0.9438633686858465
30.87003750869186 0.9098006355771413
34.50652562582868 0.974788888378713
33.469919373713765 0.967286492928333
32.33077584141961 0.9620106729401431
31.375540769090637 0.9303266848987813
29.27588249497761 0.7875511531941934
32.677650995952376 0.8869348965107902
31.727123159384497 0.9430939085052595
32.33323483686017 0.9618912774542882
32.567213784795634 0.9206987697007197
30.54000728399054 0.8028218005495552
33.733018928593886 0.9652897731613708
30.67347488342162 0.9445593162073507
31.555014080623252 0.9290983860263111
31.339115650154746 0.9305257504423211
32.69497004945035 0.9619769871657758
33.65541730610378 0.9555474642463412
29.301423006488644 0.8106424320252192
30.329130832130396 0.9444974241025618
31.38545258349251 0.9171971251739709
31.28999302688006 0.9271551433934179
30.671699874211118 0.8002658643655746
31.67523344210864 0.9346783490146092
29.31762620669682 0.8336316229598065
32.266981593585015 0.9713689761070757
31.748098233794174 0.953404879401341
29.391917144602836 0.8152067645548815
29.62682982997957 0.8415430965237884
30.268948275141156 0.9005248308455899
31.976629508630644 0.9114623453412664
33.458854670611714 0.9515790831181491
33.66097192602538 0.9738666717760107
31.090583773128515 0.9457979908847318
33.909894133314054 0.9745086684114388
32.683923548619404 0.9594634834802478
32.56313889349248 0.9176309157281783
31.193707910977146 0.9190791895690263
32.13218006037763 0.952887150607866
31.678258847351653 0.9361424214684958
31.731069153724007 0.9335881900025418
29.178810070071812 0.7812064288856035
29.465312231753277 0.7690596433585467
32.867464725077525 0.9166155013279311
31.11935627405216 0.8269973088568555
29.17698908988354 0.789743634214748
29.24093577196394 0.7809880314278593
33.560485120741305 0.9645581677649674
30.474301622850785 0.9079600783177846
30.858644350539564 0.9359928959243342
29.170135278032802 0.7901451740772312
31.392313312888454 0.9347649827357787
32.152105614440806 0.9639469660682654
33.97425787774589 0.9720833617970314
29.993624463695955 0.9057339067415904
29.500714805753795 0.8251468990520063
29.237345860995312 0.7968385288852556
33.041027248061724 0.9149337497025316
32.107939122494024 0.9648438512112713
29.43860431937436 0.8061471016079016
29.70561587029808 0.8798547841688066
33.7893226934984 0.9683370372337587
30.5741261442735 0.9354013193702664
31.311555906540892 0.9305140783152
31.168255414612467 0.8589265948289942
29.08034090361587 0.7438153849244938
32.76667490659579 0.9058453504917281
29.652578170074424 0.8907339274083231
33.27611091399632 0.957245268588671
31.68008499676548 0.9538462380383061
33.93526071024242 0.9610520968470224
32.13720129034081 0.9145886887656267
33.523067668554425 0.9687935281689259
29.404659326033528 0.8218606088097442
30.274543521909955 0.908497703238387
29.101506784962613 0.7373685778608735
31.011087905343043 0.9132011192179491
29.2926051205291 0.7912520110262742
31.071049641888116 0.9431453879382675
30.7172582624618 0.9210895583534957
31.503320285879667 0.9431052396633391
30.745538520310642 0.7893743389843701
30.64104538359632 0.9114920622101161
33.030189004579725 0.9111266122774188
30.85376043062521 0.936030052866734
30.1301232290402 0.9289984662668236
32.5831086183483 0.9179341110299689
32.543314216534306 0.9169852437165413
32.48445799338628 0.9148841485868862
31.480200656792615 0.9302386438535685
31.255510360561452 0.9130305560946598
31.9870150575969 0.9626925344524698
32.22068409919879 0.9455583647941622
30.89973546807007 0.9085364539989251
31.324873533264793 0.9301225165431246
32.326661219499286 0.9550164284197628
32.39956152684804 0.9663694389217283
31.82233972835045 0.9345931599967139
31.830389398255747 0.950524289378704
29.203725910486327 0.8217818782979744
31.351479943194732 0.930832401293915
30.06569819390821 0.889020566252065
30.402964311493594 0.8950615303143483
29.1623641025172 0.7845039235595802
29.045119971561576 0.7382848884386335
30.60474794892621 0.9149416222304596
29.61762864837569 0.8927696086963448
32.87424885047011 0.9091474543012145
30.09579594651123 0.9002251193112673
29.23566352991284 0.7783642654969742
31.90743908505229 0.9679882638524852
31.128613129480097 0.9167013933520904
31.12453671471957 0.9147541651769298
32.87116469404248 0.9072738264051021
29.802852077111147 0.8946090223197091
31.68719939522829 0.9372643373198132
32.41808969661503 0.967483397293798
30.00789618491317 0.9001835201458085
29.99211099936926 0.8962202498510654
29.352780678765335 0.8277045267931102
33.14939522783789 0.9263620361475026
30.94981166457618 0.9091009201645475
30.86479879118981 0.9365291285223808
30.41134452792531 0.9089421727050901
34.17691956269123 0.966395888642762
29.198370620668364 0.777455521696718
30.590254020364036 0.9348468873321959
29.21818456918767 0.7976525703276601
31.584624022465366 0.9333422574670024
31.092787941024124 0.945920696548062
30.293858975634187 0.9061244492951743
29.397137214283596 0.7675933247443603
30.837921254190043 0.8060998353337226
31.36297653245134 0.9304393248235816
30.85149125053466 0.9337765429549626
29.866675736541076 0.8861828897881597
30.71548003114179 0.7970184949131413
30.999076735095844 0.9379719911094118
32.102410604070634 0.949194603461176
30.770007541422952 0.81300719056664
31.204022099851997 0.9390707458463989
30.99302893061832 0.9350528168694153
32.21422404689916 0.9445220626020147
30.723285472588316 0.9498205754894086
29.180437421965642 0.7834419319624459
31.129608263363483 0.9145547185817002
29.33996697816496 0.8239929246049434
32.937787936371116 0.9658019667257307
29.955416741914377 0.8770360250414498
32.70157243577942 0.9612237198870307
31.540601491927443 0.9266721265635636
29.981050431196316 0.9081759497188364
31.640174449916696 0.9380319558106082
32.8785890152791 0.9008364319540058
29.201146741852803 0.7881246344470871
30.741112953149102 0.9279021782382101
32.66388172691486 0.8992989175572792
32.10693801879224 0.9481443946662931
30.754442920006923 0.7908336833550327
30.509508557703164 0.9035109901140772
31.439446813294488 0.9258197237078967
30.941993503794535 0.9361257384492851
29.30603557759965 0.7662975507018159
30.110849060725325 0.8975115224927094
30.152682353786506 0.8928780979155949
30.12275794826186 0.8916735259739598
29.72503645015032 0.8946518457162588
33.10530189950234 0.9460246323666586
33.23244651252515 0.9277054948225417
31.988903927417596 0.9450290133614669
32.108935817371524 0.9138735301884604
29.292354526026525 0.7855545289570186
29.62812180213544 0.9257560654967222
32.37467696589773 0.9607416765543761
30.324439241570957 0.9053023752041094
31.69712334026514 0.9331924385248543
31.18859304841877 0.9182711342313012
31.64702540376897 0.9376951091133046
31.529256723395974 0.9274559065336786
32.781651963782124 0.8999822893324051
29.218213184074354 0.7285361501128875
31.195504048502755 0.940853735567727
31.747712661174646 0.9342802621380173
31.513639499339984 0.9371592790667701
32.198761419312454 0.9549196463044654
32.120502487796095 0.9148166853893456
30.096708882146235 0.8892318251880528
31.0892515366935 0.9129039656055229
30.608462370517778 0.9178215210862114
32.024883270742045 0.9119426701181886
32.71768144534428 0.9575220522724237
30.635540678278588 0.9232386077584132
29.179754118069887 0.7157112765765983
29.77772223662567 0.890987483936824
30.79066099040936 0.93328689799358
30.141865968427304 0.9162472215307464
29.154659048410892 0.7595868471926778
32.732082758337086 0.9086184106475712
30.23809254638269 0.9441915904832697
29.217594704296207 0.8026936562647339
32.50981238882617 0.9160762459878767
29.25841341609839 0.7903702136712131
31.487595441706205 0.926324942884129
32.053240462492376 0.9063176356654136
29.677586518158453 0.9175899815004721
31.57642863258213 0.9339231412500569
29.96284914918036 0.9132478873235477
29.942711244585134 0.8763378361423303
30.84443366884503 0.9358695545003147
29.1026749407867 0.7563065315104226
29.22610451015247 0.8154588232862837
30.97904341562716 0.9428818059090274
31.139689219829375 0.932978024991532
31.541238733306642 0.9354676479915346
33.52352636483878 0.9596370573279547
32.73900880649254 0.9564503741613589
31.023087359667038 0.9202616403104994
29.207428466000145 0.812801220227568
29.98314649351931 0.9267798637615395
30.415883513675812 0.9097598250751343
30.085474230021347 0.8907264858981463
32.021847957512065 0.9136969815055621
33.84932587161516 0.9580960578761263
31.860365363784332 0.9462120000202711
29.299613065467152 0.8317596239795952
29.12123375411592 0.748833743588906
34.564090875939456 0.9756613677072942
32.147441593553594 0.9419118264816377
30.30393584945832 0.9520575832795535
33.226104230059576 0.9090199956074547
33.05336153535528 0.9195087149190895
29.74862676808091 0.8967183478950265
30.094880284786953 0.8872998591227914
29.96284806049494 0.9047166003380492
29.147650677232065 0.76127558015523
29.613501640495137 0.7350033590378431
29.559025522076038 0.8290920952486407
32.09645635316453 0.9455787946309182
32.899169516193886 0.966054919008538
30.50492596786194 0.9122763006820438
32.94982167632955 0.9106913945368252
29.25713765203318 0.8124114081378307
30.937227820571103 0.9098969962666897
29.821580145597256 0.9040591231270262
31.20379521778384 0.9369404351099611
29.387263040009373 0.778834604619032
30.200082564196975 0.948774053404382
32.73419663125498 0.9048022042939292
29.141815750716606 0.7548186600394522
31.327655434978343 0.9232020549859857
30.897141085917678 0.936521730824819
29.828282481534938 0.9131383313999348
30.7951001776121 0.9242285706854833
31.19279827088045 0.9183652733893337
32.52768947162967 0.9391869564094425
29.594363564368905 0.8911366203434554
31.093386190334247 0.9141574202477237
29.259489925278928 0.7975277222985809
31.60158558034391 0.9400785710452354
30.62084396794473 0.7851373968203519
31.891382618480336 0.9596883567088507
33.73479649433363 0.9743541127578217
31.582507173815472 0.9352326982160607
30.713080599108068 0.9323865342033825
32.53847754854203 0.8872054760129567
29.66144280744735 0.8710612511450113
31.720204827944592 0.9550459252925823
31.387720958097958 0.9235789657231855
32.028793390781374 0.9129029229627312
31.209261068439403 0.9189043766304404
32.60762790027661 0.9207129816620467
32.225349769675816 0.944141506950434
29.905587848912383 0.9203576487791378
29.933708090238078 0.927759810647534
29.282352264652385 0.7915752701071955
30.566820958283852 0.9359308360435584
30.766879984980278 0.9513817379133779
32.44476436134351 0.935504986261063
32.6830428008523 0.9412590329482212
30.322665500225675 0.8976003803669856
29.08220908515702 0.7781577785926602
30.427794222532782 0.9209377497207453
32.72992050285708 0.9533416696780477
29.271611369793842 0.770056396516372
31.941215026564297 0.9624670695083176
29.307603837465383 0.8074661207374692
32.27391878883596 0.9498399889633715
29.271183541241953 0.8000545037484209
32.02172167790317 0.9048094701474023
30.398608503841228 0.9126645077445109
29.11719261788725 0.7790933570665888
32.38378489700206 0.9667183703480333
29.12621921723715 0.7777902140019487
29.984355732445497 0.8847584069570199
32.682813477251074 0.9399803430065897
32.88588776103384 0.9014745261980511
31.77672635208858 0.9643373301292004
31.124556915147732 0.8160433330659558
31.739151854016416 0.9649449196806787
30.670177221186925 0.920576010444213
30.68389624221195 0.9452891143971399
31.99866506267646 0.9454526866924217
31.089144862550068 0.8056422075372399
32.39354373318621 0.9603126733320012
31.31422288385243 0.9186769364498424
34.47998474502069 0.9703707311676932
33.858991842906754 0.9682556254984039
31.01025700982165 0.9423203824527321
32.97889550444503 0.9137038249010208
29.182429217028716 0.7361778346460143
32.640237014163034 0.8935290169004847
31.081228378955235 0.9125696485983299
29.216690987139174 0.7833141053961749
30.13244080129948 0.8884459846774531
29.141912175289264 0.7536806221795097
31.494028788365497 0.933137923802347
33.14085948919514 0.9512417103703248
30.026642268743178 0.8874079840420936
29.40715956829381 0.8131665315120721
32.26521387732668 0.9447418237220461
33.201756714925764 0.9555180635821391
31.687631456079032 0.9543102155637809
29.50082560606909 0.8292656071325647
30.79586927889606 0.8137793071714368
33.94975850963096 0.9619144457720167
30.06885103101093 0.8758372832699601
29.672408231326585 0.8316497617771489
33.24971965049281 0.9170701860224338
29.670928952571142 0.8837384209383677
31.99570781784964 0.9381735345557373
32.64417983810869 0.9575894042610392
29.058743659145954 0.7628197905969398
30.95059471997724 0.9368481298720939
31.168912440017827 0.9172429559257129
30.42735027643949 0.9128050144210127
33.63051817926927 0.9733923605515599
32.028944402866536 0.9674192093650705
33.186335190207764 0.925407171412912
32.407513247006094 0.9363745370400223
30.10671592025156 0.8916307680290242
33.95605456726522 0.9609097898707771
30.710863552158237 0.9278346465523283
29.273402802430407 0.7977950003863747
30.534311923233737 0.9198450992980685
30.902555773667608 0.9288738997615089
33.89008273306832 0.9707597847924782
30.915179849311496 0.8278959885340279
32.185046946038426 0.9617473714527724
30.334408325166947 0.9523070718350101
30.897989774711675 0.9386266990114129
32.97530044577864 0.9562454379061088
29.970118068019897 0.9146486219682536
30.89850533354 0.8196473299157285
31.090575304233422 0.8300004573344388
31.191885642720827 0.9189268683647682
29.25399019868593 0.7780945463416913
30.95512609350717 0.905994716166373
31.049204577559244 0.9348461507660442
30.909550658422443 0.8240667876188297
32.08726076775588 0.947743354393606
30.775342583421526 0.8631576511938901
31.093985652137572 0.9457946408826945
30.323863766831224 0.9035050908370382
32.79857080891701 0.8945224967767956
31.295439784437637 0.9224348532640855
33.80499216495756 0.9680263783201473
32.54222412617403 0.9169849151759075
30.555670023565856 0.9276111800407237
30.608778428595244 0.7866101246628537
31.359016529199607 0.9304913341079138
32.66738458782379 0.9406467671322203
31.334196373658227 0.9421881071575433
29.072683382025755 0.75818913951659
34.21318197082531 0.9650676069234954
29.736202062145356 0.8986543879236785
29.683041274276903 0.9024186816646592
33.55590051665791 0.9552709330428849
31.08404054865508 0.7991640187222404
32.402249175022526 0.9529309336621032
31.908653563664142 0.9422951542379183
30.065300237331503 0.8862538843146275
30.302830425323585 0.8969675014432463
33.16759548794589 0.9256179008641576
29.30724827565012 0.8005371598010194
32.176828126595545 0.9488986249726519
32.7204809760791 0.9041689568514806
30.77842895275363 0.9338214258326555
29.212290255124927 0.7746419522317081
31.788948119019874 0.9377154062202835
32.50573075638457 0.9521661654911155
31.129474673183797 0.8186448772627347
31.90501489199272 0.9459001053719415
29.994547973280177 0.8900412421972163
31.07608411791679 0.9482036458718883
29.365573092078563 0.8253402778376174
32.12520070094675 0.9427440825406732
29.221614011692708 0.8001028810993365
32.07368061828871 0.9463598571474495
32.565347716479664 0.9184008094094143
32.67383660899141 0.9588441105231312
31.791950632692814 0.9563493378377261
31.618876654404318 0.9317355755803788
32.03582575119336 0.9439680780966733
31.21512655781703 0.9115185588038335
32.515474651946484 0.9541017821954005
33.55419268003811 0.9717208532542381
31.16829191341632 0.9400404994632621
31.559091259218253 0.9380753959771058
29.317975862308504 0.72119994232198
30.397795434872982 0.9191953418669131
32.53430434510124 0.915452414311846
31.820529930679488 0.9395705975512278
31.656926050532576 0.9382289983769123
29.275533423850547 0.8220152862169949
30.98279352568033 0.9441436946395165
33.7070064574209 0.971122469922062
34.671087781102 0.9762698971487483
32.67571451157468 0.891890314277467
31.38425903476609 0.9298853859252356
30.73566966344697 0.9330471410420957
29.579362237800325 0.8916668040146883
32.53430591958451 0.9154334941410197
31.73570513307961 0.9561815755427929
32.747717174593866 0.9633210145881035
30.820371795164995 0.932532776476986
31.221830294987857 0.9306047453351104
30.896437796284513 0.9123993846053041
32.01079299876548 0.9120169733358674
31.068775862343735 0.9139681544675802
31.29156746910652 0.9228431369397893
30.144817349341984 0.8922095166559217
29.398629733973138 0.8651319498420597
30.95036921834493 0.7919446391857197
31.951610784449834 0.9088238625059221
30.71307438803647 0.9330903891932455
34.06806710017427 0.963579723958786
33.94215789614255 0.9714137804470837
31.113320935841998 0.928021970695427
31.813915789835892 0.9445138958457874
30.93751123231105 0.8381267473062385
30.15016208364927 0.8912587244386899
32.823731224642756 0.9503419922386013
32.17286687978281 0.9154056805355542
33.71951691521997 0.9688582551478577
29.24467961261767 0.8058809712251734
31.949935550645122 0.9571751606524157
30.711315200813285 0.9321749271629275
31.00062491223964 0.9398156839217334
31.894612742104655 0.955374590213856
32.64630425647152 0.8865817277956158
31.177627855533853 0.9281342455483174
31.8849363487346 0.9437971913718238
32.55041991391435 0.9168920987326719
30.568984186356467 0.8201321168681875
29.613387124318862 0.807408476030916
33.91196560664614 0.9739117335424474
32.661126538392026 0.9468630849388819
31.00189095718814 0.9439215285271467
30.743219890516087 0.9319507933534665
31.88846595820806 0.9556956217248112
32.12285883596044 0.9141978335239876
30.702821159712975 0.8112966432604398
33.59909733215571 0.9631453467362239
29.469854848612165 0.8245459199633918
29.21093933419518 0.7842363992787202
31.716281077753365 0.9318122381906586
32.9597727974974 0.9650117026160299
29.875494973840446 0.7819822863245659
31.771152155701472 0.9509156473342669
33.84166269939481 0.9698062758537948
34.32843237445532 0.9730172410744472
31.115512543282925 0.940032932072434
29.962894220996546 0.8766887500353983
30.005085400930646 0.9000515225139403
32.57287955191628 0.9596242511354266
34.89950957048156 0.9784102424127881
33.00449460016226 0.9173177433972329
29.374240107419016 0.8273802580681918
31.86170430116313 0.9469758863603518
29.37665782918262 0.8140092989249031
30.27836144007043 0.9130539931510298
33.41995218459556 0.9462385761914637
31.461961852913106 0.9259330974715576
30.97959207710987 0.9072596285502066
30.981842479343577 0.9442519742042548
31.848294142392586 0.9437568738960834
30.63878084327634 0.9362958724790695
31.28557663907779 0.9221261546429977
29.718143829696693 0.8959511621634231
33.65492561539282 0.9685686611723416
30.126749919389127 0.8909701187815666
32.42120491920845 0.8767990107643683
30.187856849375034 0.9068257530014461
29.39094855168047 0.8200273146999947
31.991461562402606 0.9458526376182232
31.519171754214653 0.9306268986543639
29.743541782180234 0.8826597969351252
30.193553108979287 0.9156238840108041
30.626800660581267 0.8147183424669633
30.338293028034414 0.9180964149067338
31.606393658474893 0.9319023092013015
29.89115717360535 0.9004500917998066
31.52681584112432 0.936878397666167
32.711882762560485 0.9577297486146841
30.37615159738619 0.9072289751254677
33.83093676253742 0.9616559883537914
31.57495230083495 0.934744149162786
30.920032398210616 0.8019227493714874
29.948310816870922 0.8904028268930056
31.692242673606703 0.9376013257524086
32.81531393524134 0.898199687135058
31.678071394500638 0.9372951435491589
31.092724674905167 0.8598366218842546
31.483625905243542 0.923701885311365
31.764597897060685 0.9369671893274659
29.230898222902013 0.7639505167062698
30.909543076833007 0.9358931610712115
30.787472458631996 0.8306113925309822
31.96200422960635 0.9434645067316096
29.36497937337487 0.7756547839574442
32.047151933819855 0.9502428811766842
32.57600968712395 0.9595474726198767
31.036887190714936 0.7962028961041923
32.59193082158424 0.8887044580095363
32.688291224879634 0.9620826694051389
29.939014973798205 0.9108820858632407
31.406226140413885 0.9274243949369675
31.888949727006185 0.9428755310202683
31.808863196824188 0.9646629276275969
31.237264505663713 0.9384091922533535
32.49921974846846 0.9509392598011123
30.979346078886255 0.900827661217902
30.534944041192468 0.9108096301905856
30.744241811862224 0.9446534575926293
30.147693032702172 0.8904833860364337
31.70204264552693 0.9320046526654331
32.240764409575384 0.9529493659686038
33.04618571254644 0.9153069895241825
31.495837338453036 0.9352486482158033
29.678749078125833 0.8989014321397267
29.524683240489583 0.8295233764614255
32.67711970887036 0.8996624401147997
32.89682191812921 0.9074450612236328
32.87080782561172 0.9079312856240379
30.077713125890917 0.916898071796303
30.09485694119167 0.9246147372962155
33.16006036028 0.9110570298563178
29.82810981011408 0.8967787065250229
33.79421267525109 0.9693117098585452
33.111265975211296 0.9612062786437438
32.906618749897866 0.9661635544439784
30.863983089642772 0.9341938702477578
32.783655869992934 0.9646485976486097
32.483079917939094 0.935087364098921
29.465805641930327 0.8146719697981473
29.31742990139266 0.8122504693549909
33.68111452038403 0.974145905721015
31.682056185960104 0.9386647304714253
32.681563611735385 0.8933324840876123
31.648108206399378 0.9288468188474263
29.834441290630004 0.9115152315497212
32.57775232114114 0.9183316949000186
31.79804561833512 0.9565463642199755
30.85069220205498 0.930185328632211
29.694901687647246 0.9223794639156785
31.657281131158555 0.9539190323429223
31.265397663237433 0.9227359348521593
32.95438852087509 0.9588075336229234
31.04272056198954 0.9458576991586232
32.69016192532235 0.8901933477841877
32.04947373649314 0.9544006555829192
30.839939796608853 0.8268095463767229
29.643093343899736 0.9021268156202953
29.308123096139976 0.8105733034421387
29.132098309994348 0.7477755803062008
31.204222044066626 0.9187949213417599
33.153986723916546 0.9425987741098844
31.225421912717266 0.9184551809532866
32.04518586579382 0.9049011547741184
31.324462389766477 0.9355226729183361
32.19933604377511 0.9183339685229372
32.38756014336862 0.9651948002992118
30.40146122557989 0.9091298280278282
30.362060462159846 0.8994770659263983
31.980311380697373 0.9087587187443203
32.70202653470213 0.9044092361949143
31.088008296542355 0.8079149373016081
30.82316861936368 0.9320264699907269
30.80679223112744 0.9335102016870896
29.204688007979946 0.7929543720650486
30.27029703965438 0.9532889601629732
32.00089424011504 0.9426679313111935
31.18885349964673 0.9467899857323253
30.578195025931592 0.9331868757494388
29.648381174609 0.8954092153641225
32.0262427457687 0.9461931422050197
31.750105143506033 0.9569313372371647
32.86321378138645 0.903552441601245
30.026622603433278 0.9174966142244185
30.100319844263723 0.892708754869701
33.54833189360228 0.9466415765237906
30.045741257294992 0.8819578982057364
30.01860657753572 0.8845294189095698
32.69738387412095 0.9399332398594398
32.0067843538389 0.9423305527465242
30.880703123943203 0.9366609723685647
31.856167175605172 0.9488324527726584
32.65666462039066 0.9469490332223681
31.257784023186122 0.9233365070927998
32.33739143068614 0.9510758314320513
31.740049695470844 0.9403892463971468
29.26916640729324 0.8235373203483964
31.202981669203336 0.9451276286843956
32.4720655959841 0.9566374749915914
31.393527238942532 0.9519629672069926
29.69127350183159 0.9019143416234222
30.93065377338307 0.9371608526612842
29.238328151456436 0.8028006542224141
31.194674991887908 0.9393977628489647
29.171430012318798 0.7533417946399503
31.204674125791318 0.9185885894970403
30.875369594336718 0.9294638333261633
33.23104930640041 0.9546202272921633
32.16143137031838 0.9563393435268336
31.808269375873493 0.9650865171802983
29.291968493245122 0.8005160433984462
31.969218437362468 0.9097140175870725
31.640966821192897 0.9374661199640358
31.682753350509614 0.9537516910251076
34.38725199805253 0.9720114719397566
29.065424665661762 0.7589895278291545
31.033981381955094 0.9445487109612862
29.14886236254077 0.7323941979001782
31.672205301699368 0.9608478126538712
31.549320548114316 0.9535996609576035
30.749256645804714 0.9332682027437991
29.621421628020247 0.8993454597086077
30.07954815145024 0.8862071151250227
31.085821215822076 0.834288593922818
31.092809688965378 0.9134833952705256
31.222206520212325 0.9505681394278066
29.93534066970449 0.922063508984788
32.79428518366966 0.9026652419746805
30.136599868063087 0.8880134100223982
32.56826494123142 0.9192938524084142
29.425966835749357 0.810857656954041
29.309827929457267 0.8475152496403459
31.208130048310274 0.9186372062821246
30.5848341331927 0.9151221669678298
31.452047724352212 0.9303568079131045
31.964324783690262 0.9637078676816654
31.811358598405533 0.9651211487359441
30.65495521128948 0.9336299745909757
31.86054265151843 0.9429978981901748
30.500009389097208 0.9232723696558652
29.3349440161496 0.8144275545681176
31.680608188315006 0.9324965156429669
31.874575359554107 0.9461503367190863
31.875846300588123 0.9425476894237532
32.89573308060359 0.9088178133186265
30.16114845473728 0.9110542064829671
29.275741970958254 0.7949790661240974
30.949125479743973 0.9390114482295864
31.09645556158857 0.9165585301892033
32.39889798227504 0.9650377462980742
32.0827853819774 0.9131237126825931
29.23127978497253 0.7242130746117588
32.79333037901803 0.9577146788547558
31.62024393719929 0.9373310160366366
29.410197266634256 0.8220102236649354
30.14676704605762 0.9096670235426263
29.130714933516888 0.7587613305212231
31.38285112338491 0.9161790515776079
31.185398738617984 0.9517420270199712
30.245701998948554 0.9470060268647608
29.670959286469337 0.839370186569777
32.20571777111304 0.9169484906367277
32.80848659146825 0.9020296761253325
29.07426310166578 0.7744942882554681
32.971919065341154 0.9105578057144565
32.92550746911698 0.9377017734004863
29.372711277475272 0.8096732832763576
31.58347471188994 0.9553776909941697
33.867895914474005 0.9618352127447547
31.832146383673216 0.9435858833945913
30.922249968463234 0.8329007668320376
31.09949004669958 0.9141266330661465
31.066810408507145 0.9133223350251289
30.94924817070492 0.8223020331102718
30.820872119271378 0.9335113612596464
31.49282949396532 0.9257357496975479
30.192930434012233 0.9423067501339207
29.46041476384395 0.8432043686557154
30.979634729225992 0.9427653401478326
30.728828573603515 0.929128748408547
30.565328376083826 0.9240212877981268
31.199891689529 0.917604787973294
32.56168215289163 0.9193035448654788
29.175916668130874 0.7579270060707106
30.733871137259086 0.9283630394303541
32.54097779879653 0.9173056645229897
30.877675210815482 0.7989213715402448
33.069499638353804 0.9421622809306532
29.35556492097072 0.7086823402152683
31.37509164594876 0.9259773081465196
32.63997001132038 0.9593897079316059
33.015163299605504 0.9079315078677255
31.380456729265905 0.9281094821844522
30.421590362969383 0.9111411444925204
32.71546396698475 0.9063004117149311
29.282776726676623 0.7655469428920111
30.12005314213488 0.9225323083639599
29.660014167613042 0.8823277869589244
29.659325809807985 0.9004155746422199
31.36534175823039 0.9287242832913785
30.8294090544431 0.9356128602976734
31.72197394172937 0.9441353946572633
31.18811463270398 0.939725051758442
31.625209057358866 0.9316417562606021
32.67952403688191 0.8995377486294348
29.404057176964745 0.8512886818241692
32.383786417851084 0.966088554055723
31.365697540461227 0.9302884966449816
29.453895774279545 0.8177218687178586
33.669795184881366 0.972788283412404
30.252180754230473 0.9471949756388307
32.64334182468365 0.9551666149719313
31.544122675676 0.9253279599379021
33.073334431492746 0.910135362330521
29.34742502629314 0.8044424802055119
33.56116816803605 0.972177916488232
29.696713743515993 0.8867955082912817
32.07358680663546 0.9642509874351878
29.314503077295303 0.780429741982584
31.024760066860576 0.9435375978865975
30.39123075228381 0.9284174579195856
30.935401348627725 0.8650135753531049
30.901700786564582 0.8749396749178793
31.236553850304194 0.8863582045432647
31.793703085756274 0.9507574844721737
32.52424560952592 0.9389708497364725
29.63957445915122 0.910029601382262
31.557820737792678 0.9266585458624222
32.0839182560662 0.9072285584047638
33.04288854577103 0.9126305161155541
30.78416104520243 0.8152345742801637
29.5588134335385 0.8326673816991416
29.160568647652084 0.7412456813429374
30.748505930042327 0.921638748713323
32.043397865090824 0.9034275915794054
30.555945571651133 0.9250657929656222
31.591273155875523 0.9287026424291778
31.774706114211106 0.9651318602966096
30.670912210733835 0.7898575701362803
32.458800071820264 0.9681012853388445
29.337910673621547 0.8112583971836306
30.757238901043863 0.7879423269022989
30.18698370409409 0.893730032780977
29.17977775371663 0.7963686195518013
30.499731453811897 0.81139996419666
31.009433200003585 0.9428708195742592
32.8644516352398 0.9073096028870113
29.471591323729868 0.9142727858108968
30.4965960584302 0.913314943932454
30.836750572520515 0.9322733766927269
29.30997293297836 0.8474527513586939
30.561283021299914 0.9138165421730878
30.093912079828236 0.8960070153248566
32.04158354206673 0.9045654385168264
34.221908128053386 0.9715608254077405
29.42831496208669 0.8269586472753817
29.881399104170857 0.88548246275692
29.91354028756481 0.9165818722688293
32.59081689680505 0.9366925650006364
29.33199181149189 0.7825322521912459
32.1163137582426 0.9520844422212092
31.740487702290405 0.9647485009146876
30.752854158124183 0.9325403589852304
32.58342031759538 0.919070020947936
30.7780078356253 0.9301988049751532
32.597750367450814 0.936683088926997
29.893940377332715 0.9148920066880017
29.203869973851802 0.7781996143058373
31.136099313837743 0.9160624008238665
32.57308805151719 0.920723682707056
30.88297793433934 0.7984346933944135
31.231394721938777 0.8839825953952986
31.985564080598486 0.9118154108837564
30.63434704747586 0.7900155752869303
33.139819041047794 0.9250197927785316
31.0941009210077 0.9152763860788116
31.289120323499606 0.9166319070412204
34.00020291077747 0.9728847213242022
32.16713215872078 0.9698379737649527
31.868926913199807 0.9592235121979346
31.82156701482553 0.9470647611176746
32.839640147669485 0.9101535402495676
32.623889394915075 0.943373335792067
32.05315836622591 0.948301795906902
30.972611308181605 0.9640662317039936
34.47913154053227 0.9819703966238181
33.17166743791019 0.9709760115798451
34.035409546939476 0.9401802990828568
36.49949947896088 0.9865468632662464
30.963937631480075 0.9669314446165612
31.207771281457806 0.9435862144414255
32.84415593805229 0.9707118499137376
31.090626964750363 0.9427321078435887
33.17498267391509 0.970918467195091
31.53111843565644 0.9480875419421091
30.83397931759455 0.9638134495109197
29.976521895342934 0.9370445359892913
32.716802446294466 0.968657209564861
34.487806920249525 0.9822503092547686
31.137000863458816 0.9683162793107422
31.260280791593935 0.9671278932848292
36.57097552210336 0.9868347320930406
36.51844246979173 0.9868257599629404
36.629387690065904 0.9843048401516147
30.029095164719738 0.9396640346755932
31.310986533658554 0.9685443673515388
31.293045469130423 0.9439699089934169
34.52746562147398 0.9501291054962151
33.163050095712386 0.9710851049455226
36.530381846545396 0.9865773404383675
31.54821002568614 0.9488943897722555
34.013279708955196 0.9423027037112369
34.512128517577985 0.9823566827983076
34.223722139736964 0.9763280873762457
31.180835763740184 0.9653648576575596
31.250016778049932 0.967667205646891
31.210738597122827 0.9672476038892193
33.14158736273344 0.971108999868524
34.364415722561745 0.9766411066690457
29.931899925043183 0.9375508058380184
34.26805757598328 0.9772119471472421
34.424292488381425 0.9828467519495642
29.956374991667673 0.940650720610065
31.47836496093881 0.9624300452483758
30.771147253118446 0.9093158534804557
32.22766944759104 0.9509244346949473
32.2443598645572 0.9519321574825628
30.047601453248483 0.9394548744364468
31.25350546877883 0.963232048535519
30.884245672695663 0.9634471103854504
36.503743678529325 0.9866676540654314
34.02008532799448 0.9430077917924526
30.634289865137866 0.9075494044305831
36.53617641689106 0.9843201415920849
34.5184422100671 0.949566751701861
34.92205191064079 0.9851000051443208
36.834841716134136 0.9840189180811428
30.901503214689562 0.9633437492844759
36.388207022271835 0.986383614539252
30.956280956185907 0.962131164082716
34.455157079755566 0.9825454291156404
36.5290218065953 0.986664933296087
30.66860515071072 0.9072397502669093
30.89193242597375 0.9626931420218724
34.66881380311537 0.9831722857399794
32.14770553577986 0.9507920809211504
30.800091475027294 0.9104171917300149
32.190027166591534 0.9511553466989974
34.505031378105 0.9500845351547317
33.25925966049106 0.9719948924913057
36.873205161435195 0.9841179655631028
31.46222815522504 0.9459848183197405
30.684062050094703 0.907847540200372
34.527451295596705 0.9501090836982704
31.3519503157789 0.9688673548072819
34.30817594233198 0.9780986418095958
31.53589318843448 0.9610430064676453
32.881207306016094 0.970312003037686
36.680492906504576 0.9839673833513691
29.981239787578488 0.9431515617853965
34.324194133816434 0.978525096015385
34.26458481643869 0.9822931801430187
31.265290100209803 0.9652537087546773
30.874837434160725 0.9627360537901475
34.02636936133557 0.9419460912484233
32.164237271869176 0.9507820474570546
34.39747955225187 0.977233241476625
34.44291355322221 0.9819326884790086
34.197246344699835 0.982185217515255
30.836297404245194 0.910526289061514
30.970953344528006 0.9661758999745943
32.84632889138389 0.9702641426549379
31.421675953524165 0.9663861741981326
30.852477240134913 0.9642741001095924
30.899671710771663 0.962742204125362
33.19647579084651 0.9710880160402521
29.957364767362293 0.9388629570273687
31.002962599462943 0.9625319855764489
32.16540533584897 0.9509358408449508
34.077614070085666 0.9428041351326277
32.13674258305821 0.9512951177612046
32.88857836168216 0.9711618241872952
34.04131203630104 0.9418559172450326
30.820228287593984 0.9647333780814978
34.56472722864465 0.9494296064595333
32.79972300440393 0.9701638821696887
33.20918435491181 0.9715084179929193
34.06912739929298 0.9425588675976676
30.705374319045752 0.9079625147217872
29.824759697131608 0.9353558898990653
32.77280590676626 0.9685456446335745
34.23713237467587 0.9775976658761035
31.178053557885246 0.9676638683490495
33.21358177842425 0.9710468014113216
34.56988871006048 0.9500216173631458
30.834824002303197 0.9636620851236949
34.6103419046281 0.984187085159139
34.05666843741338 0.9410185533882902
31.261574933543187 0.9667388487659533
34.63616613701101 0.9496114310995858
34.46037879193852 0.982974409852779
36.43708427833461 0.9865650251705064
31.17824395654178 0.968951610912501
32.24718192800785 0.9512028145238781
34.069347673602444 0.9420279965352003
32.72703093950406 0.9694318571878348
31.307396481686652 0.9680780169037038
36.737720625608546 0.9844728602835667
31.457578207562168 0.9643975365785269
31.381664628470443 0.9457724276921138
36.94098599343016 0.9846929140542362
36.50625584291617 0.9867148278172564
31.112473655604536 0.9622605733800962
34.425528004714735 0.981945318862548
34.327022538331356 0.9811229867653648
34.199029292444735 0.9822578718114189
33.22554297085149 0.9714527033312892
30.66305391210793 0.9075138597299676
29.77827290063344 0.9356509296219285
32.80593313522996 0.9695421410148324
31.139519632097414 0.9425084196799703
30.871611484337606 0.9632623721737908
34.47128560990093 0.9825933666340695
32.17505069889489 0.9508694623101838
34.39404373107094 0.9502080719395324
31.057741087644906 0.9648157077397602
34.4365610222802 0.982297657649431
34.461858979508484 0.9497742852208979
34.28250389817316 0.9778755202656455
34.33421808803511 0.9777901868004251
34.39341015943425 0.9813693600266766
31.119934605091398 0.956658588266064
34.734316456270726 0.9833672308389935
31.54916681479913 0.9482785112561792
36.73650022089645 0.9843531639714422
36.69873922286672 0.9835028539081799
30.752441258787595 0.9088276838857873
