0.5901988636363636
0.5883838383838383
0.5902777777777778
0.5979324494949495
0.5902777777777778
0.5901988636363636
0.5917771464646465
0.5918560606060606
0.5915404040404041
0.5905934343434344
0.5905934343434344
0.5915404040404041
0.5901199494949495
0.5951704545454546
0.5908301767676768
0.5916982323232324
0.5884627525252525
0.5968276515151515
0.5893308080808081
0.6017203282828283
0.5983270202020202
0.59146148989899
0.5919349747474747
0.5883049242424242
0.5901199494949495
0.6055871212121212
0.5885416666666666
0.5916982323232324
0.5909090909090909
0.5980902777777778
0.5998263888888888
0.5912247474747475
0.5920138888888888
0.5903566919191919
0.5976957070707071
0.5894097222222222
0.599905303030303
0.5903566919191919
0.5974589646464646
0.5980902777777778
0.5911458333333334
0.5980902777777778
0.5985637626262627
0.5905145202020202
0.5905145202020202
0.5872790404040404
0.5993529040404041
0.5894097222222222
0.5884627525252525
0.5889362373737373
0.5957228535353535
0.592645202020202
0.593197601010101
0.5938289141414141
0.5903566919191919
0.5970643939393939
0.5886205808080808
0.5904356060606061
0.5966698232323232
0.5903566919191919
0.5906723484848485
0.5907512626262627
0.5913036616161617
0.5909880050505051
0.5901199494949495
0.5916193181818182
0.5917771464646465
0.5899621212121212
0.5978535353535354
0.5895675505050505
0.5886205808080808
0.5890151515151515
0.602667297979798
0.5913825757575758
0.5894097222222222
0.5924084595959596
0.5889362373737373
0.5978535353535354
0.5927241161616161
0.5892518939393939
0.5893308080808081
0.5897253787878788
0.592092803030303
0.5954861111111112
0.5894886363636364
0.5910669191919192
0.5983270202020202
0.5984848484848485
0.6586963383838383
0.6590909090909091
0.6590119949494949
0.65853851010101
0.6586963383838383
0.6590119949494949
0.6587752525252525
0.6587752525252525
0.6592487373737373
