1.036300505050505
1.0390625
1.0360637626262625
1.0684185606060606
1.0254103535353536
1.0415088383838385
1.0384311868686869
1.0369318181818181
1.0404040404040404
1.0260416666666667
1.027225378787879
1.0270675505050506
1.0406407828282829
1.0289614898989898
1.0679450757575757
1.0391414141414141
1.0419034090909092
1.0378787878787878
1.035037878787879
1.0411142676767677
1.040167297979798
1.0392203282828283
1.036852904040404
1.0414299242424243
1.0678661616161615
1.0682607323232323
1.0355113636363635
1.040167297979798
1.0339330808080809
1.0381155303030303
1.0676294191919191
1.026199494949495
1.0364583333333333
1.0376420454545454
1.0400883838383839
1.041824494949495
1.0257260101010102
1.0394570707070707
1.0373263888888888
1.034011994949495
1.067550505050505
1.0353535353535352
1.037405303030303
1.0369318181818181
1.0285669191919191
1.036852904040404
1.0380366161616161
1.0340909090909092
1.0424558080808082
1.0442708333333333
1.0426925505050506
1.0344065656565657
1.0370896464646464
1.027462121212121
1.0404040404040404
1.0254103535353536
1.0416666666666667
1.0388257575757576
1.0387468434343434
1.0393781565656566
1.0377998737373737
1.036852904040404
1.0356691919191918
1.0384311868686869
1.0257260101010102
1.0413510101010102
1.0684185606060606
1.0377998737373737
1.0382733585858586
1.0421401515151516
1.0409564393939394
1.0416666666666667
1.0385890151515151
1.0385890151515151
1.0359059343434343
1.0265940656565657
1.0386679292929293
1.025647095959596
1.0383522727272727
1.06707702020202
1.0404829545454546
1.0392992424242424
1.0269097222222223
1.026199494949495
1.027462121212121
1.03582702020202
1.0438762626262625
1.0404829545454546
0.6000631313131313
0.6005366161616161
0.6011679292929293
0.5979324494949495
0.601010101010101
0.5998263888888888
0.601010101010101
0.5996685606060606
0.5998263888888888
