1.603219696969697
1.5841224747474747
1.5879103535353536
1.5799400252525253
1.5787563131313131
1.5843592171717171
1.5768623737373737
1.5857007575757576
1.5872001262626263
1.597537878787879
1.625
1.5868844696969697
1.6274463383838385
1.5860164141414141
1.5980902777777777
1.59051452020202
1.588699494949495
1.6270517676767677
1.5755208333333333
1.6047190656565657
1.5854640151515151
1.5733901515151516
1.5911458333333333
1.5847537878787878
1.5901988636363635
1.5851483585858586
1.5971433080808082
1.5822285353535352
1.625552398989899
1.5845170454545454
1.5924873737373737
1.6259469696969697
1.5962752525252526
1.5805713383838385
1.6274463383838385
1.5788352272727273
1.5737058080808082
1.5872001262626263
1.5939867424242424
1.5971433080808082
1.599352904040404
1.5793087121212122
1.5847537878787878
1.5895675505050506
1.6007733585858586
1.5817550505050506
1.5866477272727273
1.5777304292929293
1.598248106060606
1.5916982323232323
1.6245265151515151
1.5865688131313131
1.5932765151515151
1.5889362373737375
1.5784406565656566
1.59051452020202
1.5944602272727273
1.5847537878787878
1.5917771464646464
1.5812815656565657
1.5986426767676767
1.5773358585858586
1.5835700757575757
1.5776515151515151
1.5954861111111112
1.5734690656565657
1.603219696969697
1.5901199494949494
1.577020202020202
1.5968276515151516
1.5768623737373737
1.5752051767676767
1.5818339646464648
1.5830176767676767
1.5943813131313131
1.602667297979798
1.5866477272727273
1.5855429292929293
1.597774621212121
1.584832702020202
1.5900410353535352
1.5824652777777777
1.5655776515151516
1.5914614898989898
1.5989583333333333
1.6257891414141414
1.5868844696969697
1.585385101010101
0.6559343434343434
0.6549873737373737
0.6559343434343434
0.6561710858585859
0.6560132575757576
0.6563289141414141
0.65625
0.6553819444444444
0.6553030303030303
