0.9975536616161617
0.9871369949494949
0.9964488636363636
0.9950284090909091
1.0019728535353536
0.9873737373737373
0.9933712121212122
0.9737215909090909
0.968197601010101
0.9986584595959596
0.9955018939393939
0.9901357323232324
0.9930555555555556
1.0009469696969697
0.9790877525252525
1.00323547979798
0.9876104797979798
0.9966856060606061
1.0014993686868687
0.9682765151515151
0.9970801767676768
0.9980271464646465
0.9908459595959596
0.98989898989899
0.9867424242424242
0.9859532828282829
0.9980271464646465
0.9928977272727273
0.9846117424242424
0.998895202020202
0.9896622474747475
0.9769570707070707
0.9981849747474747
0.9816919191919192
0.9780618686868687
0.9922664141414141
0.9971590909090909
1.0042613636363635
0.990530303030303
0.9826388888888888
1.0022885101010102
0.9904513888888888
0.993844696969697
0.9913194444444444
0.9920296717171717
0.9996843434343434
0.998895202020202
0.9913983585858586
0.9740372474747475
0.9959753787878788
1.0029987373737375
1.0018150252525253
0.9996054292929293
0.9735637626262627
0.9966856060606061
0.9918718434343434
0.9920296717171717
0.9977904040404041
0.9902935606060606
0.9854008838383839
0.9968434343434344
0.9689867424242424
0.9652777777777778
0.9962910353535354
0.9947916666666666
1.0013415404040404
0.99447601010101
0.9970801767676768
1.0013415404040404
0.9985795454545454
1.002209595959596
0.9842171717171717
0.9795612373737373
0.991635101010101
0.9780618686868687
0.9939236111111112
0.9972380050505051
0.9993686868686869
0.9831123737373737
0.9740372474747475
0.9973958333333334
0.9906881313131313
1.0019728535353536
0.9985795454545454
0.9922664141414141
1.000552398989899
0.9880050505050505
0.9903724747474747
0.6584595959595959
0.6589330808080808
0.6583806818181818
0.6586963383838383
0.6597222222222222
0.6584595959595959
0.6590119949494949
0.6593276515151515
0.6586963383838383
