0.5731534090909091
0.5662878787878788
0.5810448232323232
0.5668402777777778
0.5709438131313131
0.5711805555555556
0.5722064393939394
0.5669191919191919
0.5665246212121212
0.5711805555555556
0.5696022727272727
0.5739425505050505
0.5720486111111112
0.5741792929292929
0.5711805555555556
0.5713383838383839
0.5738636363636364
0.5703914141414141
0.5759154040404041
0.5741792929292929
0.5667613636363636
0.5722853535353535
0.5722853535353535
0.5724431818181818
0.5710227272727273
0.571969696969697
0.5672348484848485
0.5704703282828283
0.5673137626262627
0.5724431818181818
0.5712594696969697
0.570864898989899
0.5707070707070707
0.571417297979798
0.5705492424242424
0.56802398989899
0.5823863636363636
0.5725220959595959
0.5809659090909091
0.5705492424242424
0.5714962121212122
0.5676294191919192
0.5717329545454546
0.570864898989899
0.5712594696969697
0.5722064393939394
0.5726799242424242
0.5808869949494949
0.5801767676767676
0.5728377525252525
0.5722064393939394
0.5671559343434344
0.5740214646464646
0.5665246212121212
0.5705492424242424
0.5720486111111112
0.5700757575757576
0.5706281565656566
0.5819917929292929
0.571417297979798
0.5818339646464646
0.5717329545454546
0.571969696969697
0.5723642676767676
0.571969696969697
0.5674715909090909
0.5702335858585859
0.5707859848484849
0.5714962121212122
0.5715751262626263
0.5701546717171717
0.5715751262626263
0.5709438131313131
0.5735479797979798
0.5674715909090909
0.5711016414141414
0.5707070707070707
0.5700757575757576
0.5716540404040404
0.5705492424242424
0.5666035353535354
0.5714962121212122
0.5713383838383839
0.5703125
0.5673137626262627
0.5727588383838383
0.5673926767676768
0.5811237373737373
0.6003787878787878
0.6012468434343434
0.5998263888888888
0.5998263888888888
0.5990372474747475
0.6000631313131313
0.6003787878787878
0.5980113636363636
0.5996685606060606
