1.1097695707070707
1.0942234848484849
1.1085858585858586
1.1044034090909092
1.1141098484848484
1.096511994949495
1.102667297979798
1.1062184343434343
1.1045612373737375
1.1089015151515151
1.1059027777777777
1.0996685606060606
1.0991950757575757
1.113399621212121
1.107717803030303
1.1281565656565657
1.0935132575757576
1.1089015151515151
1.1267361111111112
1.1046401515151516
1.1095328282828283
1.1116635101010102
1.0996685606060606
1.0963541666666667
1.0918560606060606
1.091540404040404
1.1111900252525253
1.1025094696969697
1.0886205808080809
1.113241792929293
1.0950126262626263
1.1084280303030303
1.1117424242424243
1.1127683080808082
1.1107954545454546
1.1000631313131313
1.1076388888888888
1.1283933080808082
1.0991950757575757
1.1134785353535352
1.1268150252525253
1.0986426767676767
1.1046401515151516
1.0979324494949494
1.1035353535353536
1.1127683080808082
1.1112689393939394
1.0995107323232323
1.1070864898989898
1.1081912878787878
1.1279987373737375
1.1160037878787878
1.1136363636363635
1.1077967171717171
1.1103219696969697
1.1013257575757576
1.1009311868686869
1.107717803030303
1.0978535353535352
1.0912247474747474
1.1069286616161615
1.1062184343434343
1.1017203282828283
1.1085069444444444
1.1052714646464648
1.1262626262626263
1.1035353535353536
1.1103219696969697
1.1145833333333333
1.1113478535353536
1.1264993686868687
1.089962121212121
1.1092171717171717
1.100457702020202
1.1085858585858586
1.1020359848484849
1.1070075757575757
1.1119791666666667
1.1105587121212122
1.1078756313131313
1.1081912878787878
1.1002209595959596
1.1280776515151516
1.113241792929293
1.1018781565656566
1.109927398989899
1.0943813131313131
1.0998263888888888
0.6584595959595959
0.6589330808080808
0.6583806818181818
0.6586963383838383
0.6597222222222222
0.6584595959595959
0.6590119949494949
0.6593276515151515
0.6586963383838383
