1.0406407828282829
1.041824494949495
1.0406407828282829
1.0411931818181819
1.0404829545454546
1.0419034090909092
1.032354797979798
1.0367739898989898
1.0389046717171717
1.0807291666666667
1.0315656565656566
1.0817550505050506
1.0369318181818181
1.0372474747474747
1.0411931818181819
1.083175505050505
1.0321969696969697
1.03448547979798
1.0403251262626263
1.0398516414141414
1.0406407828282829
1.0389046717171717
1.0348800505050506
1.0396938131313131
1.0419034090909092
1.0397727272727273
1.038510101010101
1.0374842171717171
1.040167297979798
1.040167297979798
1.0335385101010102
1.0391414141414141
1.0342487373737375
1.0394570707070707
1.0389046717171717
1.0407986111111112
1.042850378787879
1.0419034090909092
1.0386679292929293
1.081439393939394
1.08270202020202
1.038510101010101
1.0386679292929293
1.0830176767676767
1.0389046717171717
1.0809659090909092
1.0830176767676767
1.0369318181818181
1.0387468434343434
1.0398516414141414
1.0402462121212122
1.0395359848484849
1.0303030303030303
1.0387468434343434
1.04363952020202
1.0377998737373737
1.0346433080808082
1.037405303030303
1.043008207070707
1.0396938131313131
1.0389046717171717
1.035274621212121
1.0395359848484849
1.0390625
1.0404829545454546
1.0403251262626263
1.0377998737373737
1.0380366161616161
1.0326704545454546
1.038510101010101
1.0322758838383839
1.0392992424242424
1.040167297979798
1.0377998737373737
1.0424558080808082
1.0362215909090908
1.0374842171717171
1.0392992424242424
1.0380366161616161
1.0405618686868687
1.0408775252525253
1.0392992424242424
1.0410353535353536
1.0381944444444444
1.0389835858585859
1.0398516414141414
1.0394570707070707
1.0386679292929293
0.6267361111111112
0.6286300505050505
0.6276830808080808
0.6281565656565656
0.6279987373737373
0.6278409090909091
0.6275252525252525
0.6279198232323232
0.6283143939393939
