1.5629734848484849
1.5594223484848484
1.5680239898989898
1.537957702020202
1.5598169191919191
1.5614741161616161
1.5726010101010102
1.5691287878787878
1.5651041666666667
1.5671559343434343
1.5606849747474747
1.5662089646464648
1.5629734848484849
1.5382733585858586
1.558633207070707
1.5702335858585859
1.5587910353535352
1.5410353535353536
1.5622632575757576
1.6051925505050506
1.5388257575757576
1.566524621212121
1.5707070707070707
1.5583175505050506
1.5594223484848484
1.6115056818181819
1.5553977272727273
1.566445707070707
1.56707702020202
1.5486111111111112
1.6021938131313131
1.5635258838383839
1.5637626262626263
1.5672348484848484
1.5431660353535352
1.5580808080808082
1.6015625
1.5651041666666667
1.5411931818181819
1.5407986111111112
1.5660511363636365
1.546322601010101
1.6025094696969697
1.5685763888888888
1.5621843434343434
1.5595012626262625
1.6003787878787878
1.5606060606060606
1.5569760101010102
1.558712121212121
1.5406407828282829
1.5649463383838385
1.5718118686868687
1.5768623737373737
1.5557133838383839
1.5381944444444444
1.5601325757575757
1.5625789141414141
1.535274621212121
1.565814393939394
1.5598958333333333
1.5604482323232323
1.5651830808080809
1.5691287878787878
1.5609217171717171
1.5667613636363635
1.5660511363636365
1.560842803030303
1.5377998737373737
1.5578440656565657
1.5576862373737375
1.5650252525252526
1.6047190656565657
1.5685763888888888
1.5635258838383839
1.5711805555555556
1.5593434343434343
1.5426136363636365
1.5714962121212122
1.5602114898989898
1.5594223484848484
1.5638415404040404
1.5677872474747474
1.5340909090909092
1.559185606060606
1.566287878787879
1.5990372474747474
1.5454545454545454
0.6586963383838383
0.6590909090909091
0.6590119949494949
0.65853851010101
0.6586963383838383
0.6590119949494949
0.6587752525252525
0.6587752525252525
0.6592487373737373
