1.3551925505050506
1.4055397727272727
1.4038825757575757
1.4181660353535352
1.3937026515151516
1.4117739898989898
1.4026199494949494
1.349905303030303
1.4053819444444444
1.3887310606060606
1.3936237373737375
1.393386994949495
1.4117739898989898
1.3918876262626263
1.4188762626262625
1.4068813131313131
1.4090909090909092
1.406802398989899
1.3503787878787878
1.4086963383838385
1.4090909090909092
1.4089330808080809
1.4061710858585859
1.4097222222222223
1.4172190656565657
1.417929292929293
1.3489583333333333
1.41082702020202
1.3498263888888888
1.4065656565656566
1.4206123737373737
1.394570707070707
1.4059343434343434
1.4055397727272727
1.4086174242424243
1.4093276515151516
1.3933080808080809
1.4050662878787878
1.3511679292929293
1.3487215909090908
1.4195075757575757
1.3481691919191918
1.3509311868686869
1.3542455808080809
1.3940972222222223
1.3491161616161615
1.3495107323232323
1.3467487373737375
1.4111426767676767
1.4096433080808082
1.4116950757575757
1.3519570707070707
1.4075126262626263
1.394491792929293
1.4063289141414141
1.3914930555555556
1.4082228535353536
1.40625
1.4064078282828283
1.4049873737373737
1.4075126262626263
1.4021464646464648
1.3480113636363635
1.4083017676767677
1.3936237373737375
1.4096433080808082
1.418560606060606
1.4052241161616161
1.4056186868686869
1.4121685606060606
1.4104324494949494
1.4120896464646464
1.4064867424242424
1.4060132575757576
1.4071969696969697
1.3929135101010102
1.4057765151515151
1.3920454545454546
1.4066445707070707
1.4177714646464648
1.411852904040404
1.4076704545454546
1.3927556818181819
1.3942550505050506
1.3963857323232323
1.3530618686868687
1.4105902777777777
1.410195707070707
0.6000631313131313
0.6005366161616161
0.6011679292929293
0.5979324494949495
0.601010101010101
0.5998263888888888
0.601010101010101
0.5996685606060606
0.5998263888888888
