1.1392834595959596
1.13604797979798
1.2095959595959596
1.1072443181818181
1.122238005050505
1.146227904040404
1.1481218434343434
1.1118213383838385
1.1443339646464648
1.1396780303030303
1.1474905303030303
1.1332859848484849
1.1283933080808082
1.1441761363636365
1.1576704545454546
1.1997316919191918
1.1567234848484849
1.1101641414141414
1.1152146464646464
1.1449652777777777
1.2050189393939394
1.1463857323232323
1.1207386363636365
1.143386994949495
1.142282196969697
1.1716382575757576
1.1169507575757576
1.146227904040404
1.129024621212121
1.1819760101010102
1.1779513888888888
1.1143465909090908
1.1511205808080809
1.1804766414141414
1.121054292929293
1.1387310606060606
1.1781881313131313
1.1534090909090908
1.1728219696969697
1.1457544191919191
1.1399147727272727
1.1196338383838385
1.1817392676767677
1.152383207070707
1.1336016414141414
1.1421243686868687
1.1443339646464648
1.1463068181818181
1.1552241161616161
1.2046243686868687
1.1513573232323233
1.1501736111111112
1.1296559343434343
1.1085858585858586
1.1218434343434343
1.1771622474747474
1.1710069444444444
1.1968907828282829
1.1148989898989898
1.155145202020202
1.152462121212121
1.1388888888888888
1.1147411616161615
1.1434659090909092
1.1700599747474747
1.1793718434343434
1.1197916666666667
1.20636047979798
1.1153724747474747
1.1450441919191918
1.1741635101010102
1.1437815656565657
1.1787405303030303
1.1392045454545454
1.2004419191919191
1.1727430555555556
1.2021780303030303
1.1460700757575757
1.1511205808080809
1.144491792929293
1.1319444444444444
1.1733743686868687
1.1507260101010102
1.1486742424242424
1.1803188131313131
1.1414141414141414
1.1302872474747474
1.1564867424242424
0.6044034090909091
0.6067708333333334
0.6009311868686869
0.6068497474747475
0.6036142676767676
0.6030618686868687
0.6027462121212122
0.6073232323232324
0.6033775252525253
