1.4234532828282829
1.4289772727272727
1.4000157828282829
1.4200599747474747
1.4478377525252526
1.3993844696969697
1.4472853535353536
1.4472064393939394
1.4165877525252526
1.4424715909090908
1.4120896464646464
1.4198232323232323
1.4232165404040404
1.4202967171717171
1.3720012626262625
1.4165877525252526
1.416824494949495
1.3669507575757576
1.423532196969697
1.4142203282828283
1.419113005050505
1.4225063131313131
1.4410511363636365
1.4153251262626263
1.4147727272727273
1.4019886363636365
1.3809185606060606
1.3739741161616161
1.3960700757575757
1.401199494949495
1.4232165404040404
1.421322601010101
1.3881786616161615
1.421322601010101
1.3921243686868687
1.4210069444444444
1.3674242424242424
1.3983585858585859
1.4271622474747474
1.4201388888888888
1.4232954545454546
1.3635574494949494
1.4244002525252526
1.3669507575757576
1.4226641414141414
1.4159564393939394
1.4202967171717171
1.417929292929293
1.4019097222222223
1.4171401515151516
1.4039614898989898
1.446969696969697
1.414614898989899
1.4174558080808082
1.4011205808080809
1.4247159090909092
1.42511047979798
1.3673453282828283
1.4265309343434343
1.4449179292929293
1.422427398989899
1.3787089646464648
1.4087752525252526
1.4083017676767677
1.4211647727272727
1.4052241161616161
1.3765782828282829
1.3869949494949494
1.4197443181818181
1.3985164141414141
1.4039614898989898
1.4169823232323233
1.4510732323232323
1.3974905303030303
1.427477904040404
1.3680555555555556
1.4134311868686869
1.4182449494949494
1.4214804292929293
1.4221117424242424
1.4161142676767677
1.4275568181818181
1.402935606060606
1.3607165404040404
1.416272095959596
1.4202967171717171
1.4194286616161615
1.3668718434343434
0.6163194444444444
0.6152935606060606
0.6126104797979798
0.6165561868686869
0.6126893939393939
0.6171875
0.6138731060606061
0.6176609848484849
0.616635101010101
