0.5922506313131313
0.585385101010101
0.5850694444444444
0.5980902777777778
0.5845170454545454
0.5863320707070707
0.5861742424242424
0.5915404040404041
0.5856218434343434
0.5843592171717171
0.5839646464646465
0.5845170454545454
0.5863320707070707
0.584280303030303
0.5973800505050505
0.5858585858585859
0.5866477272727273
0.5856218434343434
0.5912247474747475
0.5853061868686869
0.5855429292929293
0.5868844696969697
0.5843592171717171
0.5860953282828283
0.5980902777777778
0.5984059343434344
0.5907512626262627
0.5868055555555556
0.59146148989899
0.5854640151515151
0.5979324494949495
0.58364898989899
0.5845170454545454
0.5855429292929293
0.5860164141414141
0.5857796717171717
0.5843592171717171
0.5845959595959596
0.5921717171717171
0.5919349747474747
0.5973800505050505
0.59146148989899
0.5921717171717171
0.5916982323232324
0.584280303030303
0.5921717171717171
0.5916193181818182
0.5912247474747475
0.5860953282828283
0.5866477272727273
0.5860164141414141
0.5916193181818182
0.5859375
0.5838068181818182
0.5872001262626263
0.5841224747474747
0.5855429292929293
0.5855429292929293
0.5857796717171717
0.5849116161616161
0.5864109848484849
0.5859375
0.5919349747474747
0.5861742424242424
0.5837279040404041
0.5858585858585859
0.5977746212121212
0.5850694444444444
0.5860953282828283
0.5864109848484849
0.5860164141414141
0.5865688131313131
0.585385101010101
0.5849905303030303
0.5854640151515151
0.5845959595959596
0.5857796717171717
0.58364898989899
0.585385101010101
0.5976957070707071
0.5865688131313131
0.586489898989899
0.5841224747474747
0.5838068181818182
0.5834122474747475
0.5924873737373737
0.5857796717171717
0.5860164141414141
0.6000631313131313
0.6005366161616161
0.6011679292929293
0.5979324494949495
0.601010101010101
0.5998263888888888
0.601010101010101
0.5996685606060606
0.5998263888888888
