1.3550347222222223
1.3466698232323233
1.3503787878787878
1.3540877525252526
1.3528251262626263
1.3518781565656566
1.3323863636363635
1.3541666666666667
1.3289141414141414
1.3536142676767677
1.3307291666666667
1.3308080808080809
1.3805239898989898
1.3495107323232323
1.3467487373737375
1.381707702020202
1.3334122474747474
1.3512468434343434
1.3517203282828283
1.3522727272727273
1.3507733585858586
1.3536931818181819
1.3279671717171717
1.3532986111111112
1.3533775252525253
1.3519570707070707
1.3559027777777777
1.3542455808080809
1.3485637626262625
1.3289930555555556
1.356060606060606
1.350457702020202
1.3815498737373737
1.3562973484848484
1.354876893939394
1.3503787878787878
1.3514046717171717
1.3544823232323233
1.325915404040404
1.3519570707070707
1.3468276515151516
1.3519570707070707
1.3808396464646464
1.3283617424242424
1.3819444444444444
1.3486426767676767
1.3500631313131313
1.3803661616161615
1.3528251262626263
1.3534564393939394
1.3564551767676767
1.3513257575757576
1.3498263888888888
1.3495107323232323
1.329229797979798
1.3501420454545454
1.3466698232323233
1.3825757575757576
1.3297032828282829
1.35613952020202
1.3484848484848484
1.352667297979798
1.3542455808080809
1.3487215909090908
1.35479797979798
1.3267045454545454
1.3246527777777777
1.3527462121212122
1.3574810606060606
1.3520359848484849
1.3308080808080809
1.3831281565656566
1.3464330808080809
1.354876893939394
1.355350378787879
1.324179292929293
1.3536931818181819
1.3540088383838385
1.3499842171717171
1.354876893939394
1.3542455808080809
1.350457702020202
1.3506155303030303
1.3514835858585859
1.3547190656565657
1.3509311868686869
1.3563762626262625
1.3212594696969697
0.657354797979798
0.6570391414141414
0.6563289141414141
0.6583017676767676
0.6582228535353535
0.6580650252525253
0.6583017676767676
0.6559343434343434
0.6564867424242424
