0.7307449494949495
0.7230902777777778
0.7225378787878788
0.7108585858585859
0.7391887626262627
0.7324021464646465
0.7122001262626263
0.7234059343434344
0.7223011363636364
0.7300347222222222
0.7295612373737373
0.727114898989899
0.7305871212121212
0.7304292929292929
0.7239583333333334
0.7253787878787878
0.7080176767676768
0.7372159090909091
0.7355587121212122
0.7279040404040404
0.7267992424242424
0.7236426767676768
0.7228535353535354
0.7167771464646465
0.7118055555555556
0.7325599747474747
0.7296401515151515
0.7080176767676768
0.7297190656565656
0.7151199494949495
0.7280618686868687
0.7273516414141414
0.7395044191919192
0.7267203282828283
0.7213541666666666
0.7144097222222222
0.7237215909090909
0.7158301767676768
0.7151199494949495
0.7262468434343434
0.7237215909090909
0.7142518939393939
0.724905303030303
0.7159090909090909
0.7165404040404041
0.7196180555555556
0.7265625
0.7270359848484849
0.7267992424242424
0.7195391414141414
0.7267203282828283
0.7239583333333334
0.7223800505050505
0.7270359848484849
0.7410037878787878
0.7264046717171717
0.7290877525252525
0.7331123737373737
0.7425031565656566
0.7255366161616161
0.7163036616161617
0.7260890151515151
0.7278251262626263
0.7201704545454546
0.7285353535353535
0.72427398989899
0.7407670454545454
0.7245107323232324
0.7281407828282829
0.7251420454545454
0.7161458333333334
0.7222222222222222
0.7267203282828283
0.7137784090909091
0.7196180555555556
0.7252209595959596
0.7251420454545454
0.7302714646464646
0.7287720959595959
0.7218276515151515
0.7217487373737373
0.727667297979798
0.7312184343434344
0.7286142676767676
0.7248263888888888
0.7150410353535354
0.727667297979798
0.7140940656565656
0.6500157828282829
0.6493055555555556
0.6488320707070707
0.649542297979798
0.650094696969697
0.6485953282828283
0.6484375
0.6499368686868687
0.6493844696969697
