1.0812815656565657
1.080886994949495
1.0851483585858586
1.0845959595959596
1.082070707070707
1.0862531565656566
1.0609217171717171
1.082070707070707
1.090435606060606
1.0791508838383839
1.0827809343434343
1.0832544191919191
1.0872001262626263
1.084832702020202
1.0853061868686869
1.0868055555555556
1.089725378787879
1.0722064393939394
1.0731534090909092
1.0866477272727273
1.0894886363636365
1.0845959595959596
1.0901199494949494
1.0829387626262625
1.066287878787879
1.074337121212121
1.0649463383838385
1.0768623737373737
1.0883838383838385
1.0606060606060606
1.0871212121212122
1.0868055555555556
1.1136363636363635
1.0694444444444444
1.0857007575757576
1.0843592171717171
1.0750473484848484
1.0710227272727273
1.0844381313131313
1.084280303030303
1.0589488636363635
1.0843592171717171
1.0839646464646464
1.1005366161616161
1.1145833333333333
1.107717803030303
1.108270202020202
1.0833333333333333
1.0629734848484849
1.0782039141414141
1.0718907828282829
1.0774147727272727
1.0616319444444444
1.0674715909090908
1.1095328282828283
1.0903566919191918
1.08136047979798
1.0756786616161615
1.0734690656565657
1.0857007575757576
1.0752051767676767
1.0766256313131313
1.075363005050505
1.0843592171717171
1.063052398989899
1.0731534090909092
1.0673926767676767
1.0751262626262625
1.1118213383838385
1.0883838383838385
1.0816761363636365
1.074810606060606
1.0777304292929293
1.0867266414141414
1.0907512626262625
1.0737847222222223
1.0890151515151516
1.0702335858585859
1.0776515151515151
1.0613162878787878
1.0879103535353536
1.0754419191919191
1.0916982323232323
1.1092171717171717
1.08270202020202
1.0824652777777777
1.071969696969697
1.0773358585858586
0.6553030303030303
0.6541982323232324
0.6549873737373737
0.6558554292929293
0.6556186868686869
0.6554608585858586
0.655145202020202
0.6552241161616161
0.6547506313131313
