1.305792297979798
1.3042929292929293
1.3110006313131313
1.2637310606060606
1.3080808080808082
1.3077651515151516
1.3155776515151516
1.3192866161616161
1.3143150252525253
1.3112373737373737
1.309185606060606
1.3073705808080809
1.308001893939394
1.2604166666666667
1.30792297979798
1.315261994949495
1.3070549242424243
1.260574494949495
1.3066603535353536
1.3508522727272727
1.2636521464646464
1.3160511363636365
1.3154198232323233
1.3037405303030303
1.302477904040404
1.3585858585858586
1.303582702020202
1.3114741161616161
1.3132891414141414
1.2703598484848484
1.3469065656565657
1.3136837121212122
1.3125
1.3154987373737375
1.2651515151515151
1.3028724747474747
1.347695707070707
1.3122632575757576
1.261758207070707
1.2612058080808082
1.3110795454545454
1.2719381313131313
1.347616792929293
1.3147885101010102
1.3039772727272727
1.3082386363636365
1.3450915404040404
1.3061868686868687
1.3039772727272727
1.3033459595959596
1.2608112373737375
1.3147885101010102
1.3190498737373737
1.3214962121212122
1.3047664141414141
1.2586016414141414
1.3033459595959596
1.3069760101010102
1.2577335858585859
1.3099747474747474
1.3088699494949494
1.3096590909090908
1.3131313131313131
1.3128156565656566
1.3066603535353536
1.3140782828282829
1.3095012626262625
1.3031881313131313
1.2634943181818181
1.3065025252525253
1.3050031565656566
1.3071338383838385
1.348248106060606
1.3149463383838385
1.308554292929293
1.318102904040404
1.3037405303030303
1.2619160353535352
1.3188131313131313
1.303030303030303
1.3053188131313131
1.308001893939394
1.3143939393939394
1.2591540404040404
1.3035037878787878
1.3120265151515151
1.344854797979798
1.269491792929293
0.6586963383838383
0.6590909090909091
0.6590119949494949
0.65853851010101
0.6586963383838383
0.6590119949494949
0.6587752525252525
0.6587752525252525
0.6592487373737373
