1.5807291666666667
1.57354797979798
1.5704703282828283
1.554135101010101
1.6025883838383839
1.580334595959596
1.5580808080808082
1.5726010101010102
1.5639204545454546
1.5800189393939394
1.5783617424242424
1.5751262626262625
1.582070707070707
1.582623106060606
1.5767834595959596
1.5761521464646464
1.555239898989899
1.59832702020202
1.5992739898989898
1.579229797979798
1.5804924242424243
1.5732323232323233
1.5711016414141414
1.5639204545454546
1.556897095959596
1.5806502525252526
1.5809659090909092
1.5539772727272727
1.581991792929293
1.5594223484848484
1.5796243686868687
1.5789141414141414
1.605429292929293
1.5756786616161615
1.5623421717171717
1.5557133838383839
1.574100378787879
1.5583175505050506
1.558001893939394
1.5769412878787878
1.5755997474747474
1.5492424242424243
1.5779671717171717
1.563052398989899
1.5605271464646464
1.5595801767676767
1.579229797979798
1.5795454545454546
1.577572601010101
1.559738005050505
1.579782196969697
1.574337121212121
1.561395202020202
1.5800978535353536
1.6040877525252526
1.5769412878787878
1.5808080808080809
1.59375
1.6051136363636365
1.5694444444444444
1.5483743686868687
1.5723642676767677
1.5800978535353536
1.5548453282828283
1.5811237373737375
1.569207702020202
1.6047190656565657
1.5696811868686869
1.5815183080808082
1.5767834595959596
1.5632891414141414
1.5729166666666667
1.5788352272727273
1.559185606060606
1.558001893939394
1.5823863636363635
1.5729166666666667
1.5804924242424243
1.5812815656565657
1.5679450757575757
1.5637626262626263
1.5796243686868687
1.5811237373737375
1.583175505050505
1.5796243686868687
1.5572916666666667
1.575915404040404
1.5490056818181819
0.6500157828282829
0.6493055555555556
0.6488320707070707
0.649542297979798
0.650094696969697
0.6485953282828283
0.6484375
0.6499368686868687
0.6493844696969697
