1.425820707070707
1.4314236111111112
1.4199810606060606
1.4375
1.3590593434343434
1.4331597222222223
1.4041193181818181
1.4375789141414141
1.4244002525252526
1.3942550505050506
1.4749842171717171
1.4708017676767677
1.4348169191919191
1.4301609848484849
1.4010416666666667
1.3862847222222223
1.417850378787879
1.4208491161616161
1.426373106060606
1.4296085858585859
1.4240056818181819
1.4236900252525253
1.4362373737373737
1.4144570707070707
1.4184027777777777
1.4307133838383839
1.4299242424242424
1.4248737373737375
1.380050505050505
1.4212436868686869
1.4212436868686869
1.4307133838383839
1.432449494949495
1.44073547979798
1.415719696969697
1.4065656565656566
1.4267676767676767
1.4565183080808082
1.4762468434343434
1.3864425505050506
1.4137468434343434
1.4203756313131313
1.394491792929293
1.380602904040404
1.4188762626262625
1.421875
1.4367108585858586
1.4322127525252526
1.4312657828282829
1.4740372474747474
1.4220328282828283
1.4382102272727273
1.436947601010101
1.4238478535353536
1.4320549242424243
1.3616635101010102
1.433712121212121
1.4125631313131313
1.3793402777777777
1.443102904040404
1.3875473484848484
1.4268465909090908
1.427477904040404
1.3751578282828283
1.4742739898989898
1.4244791666666667
1.4367108585858586
1.4221117424242424
1.407907196969697
1.4188762626262625
1.4543876262626263
1.3989109848484849
1.470959595959596
1.4223484848484849
1.4248737373737375
1.4071969696969697
1.4015151515151516
1.4388415404040404
1.4133522727272727
1.4204545454545454
1.3641887626262625
1.4200599747474747
1.3872316919191918
1.4410511363636365
1.4141414141414141
1.4236111111111112
1.428582702020202
1.4303188131313131
0.6515151515151515
0.6510416666666666
0.6506470959595959
0.6511994949494949
0.649542297979798
0.6500157828282829
0.6504103535353535
0.6494633838383839
0.6498579545454546
