1.6699021464646464
1.6708491161616161
1.6683238636363635
1.6689551767676767
1.6695075757575757
1.6670612373737375
0.5572127525252525
1.6656407828282829
1.6714015151515151
1.6737689393939394
1.668008207070707
1.684738005050505
1.666272095959596
1.6721117424242424
1.6682449494949494
1.6695075757575757
1.667850378787879
0.5574494949494949
1.6710858585858586
1.6676925505050506
1.6699810606060606
1.6711647727272727
1.6728219696969697
1.6916035353535352
1.6675347222222223
1.6697443181818181
1.6642203282828283
0.5580018939393939
1.6661142676767677
0.5587910353535354
1.6693497474747474
1.6688762626262625
1.6677714646464648
1.6667455808080809
1.6945233585858586
1.6779513888888888
1.6671401515151516
1.6689551767676767
1.6743213383838385
0.5570549242424242
1.6671401515151516
1.6703756313131313
1.6855271464646464
1.6687973484848484
1.6691919191919191
0.5583175505050505
0.5568181818181818
1.675189393939394
1.6702967171717171
1.668008207070707
1.6657986111111112
1.667929292929293
0.5580808080808081
1.668560606060606
1.6692708333333333
0.5574494949494949
1.6682449494949494
0.5583175505050505
1.6747159090909092
0.5591066919191919
1.675741792929293
1.6647727272727273
1.6722695707070707
1.691287878787879
1.6664299242424243
0.5577651515151515
1.6893939393939394
1.667850378787879
1.6669034090909092
1.6857638888888888
1.667376893939394
0.5591856060606061
1.6706912878787878
0.5568970959595959
1.6901041666666667
1.6684816919191918
1.6700599747474747
1.668087121212121
1.6753472222222223
0.5583175505050505
1.6693497474747474
1.6715593434343434
1.6677714646464648
1.6687973484848484
1.670770202020202
1.6736900252525253
1.6687184343434343
0.55697601010101
0.6496212121212122
0.6498579545454546
0.6498579545454546
0.6504103535353535
0.6493844696969697
0.6500157828282829
0.6496212121212122
0.6496212121212122
0.650094696969697
