1.3179450757575757
1.3155776515151516
1.3149463383838385
1.3155776515151516
1.3166035353535352
1.3131313131313131
1.2652304292929293
1.313052398989899
1.3151041666666667
1.3160511363636365
1.3150252525252526
1.3267045454545454
1.3123421717171717
1.3182607323232323
1.313604797979798
1.3139993686868687
1.3166824494949494
1.246685606060606
1.3151041666666667
1.3151041666666667
1.3154987373737375
1.3172348484848484
1.3173137626262625
1.3332544191919191
1.3167613636363635
1.3155776515151516
1.3151830808080809
1.261837121212121
1.31573547979798
1.2522885101010102
1.3132891414141414
1.3125789141414141
1.3139204545454546
1.3139204545454546
1.3380681818181819
1.3189709595959596
1.3122632575757576
1.3129734848484849
1.3199968434343434
1.259469696969697
1.3156565656565657
1.3177083333333333
1.3308080808080809
1.3143939393939394
1.3135258838383839
1.2502367424242424
1.2508680555555556
1.3167613636363635
1.314709595959596
1.3142361111111112
1.3146306818181819
1.3146306818181819
1.2597853535353536
1.3146306818181819
1.3143939393939394
1.251657196969697
1.31573547979798
1.2484217171717171
1.31707702020202
1.2525252525252526
1.3166824494949494
1.3133680555555556
1.3149463383838385
1.3339646464646464
1.3144728535353536
1.250552398989899
1.3312026515151516
1.316287878787879
1.3135258838383839
1.3290719696969697
1.315261994949495
1.2585227272727273
1.3155776515151516
1.2488162878787878
1.3328598484848484
1.3137626262626263
1.3155776515151516
1.313604797979798
1.3195233585858586
1.2492108585858586
1.3159722222222223
1.316445707070707
1.311947601010101
1.3136837121212122
1.3145517676767677
1.3177872474747474
1.3145517676767677
1.2473169191919191
0.6496212121212122
0.6498579545454546
0.6498579545454546
0.6504103535353535
0.6493844696969697
0.6500157828282829
0.6496212121212122
0.6496212121212122
0.650094696969697
