0.6904198232323232
0.6966540404040404
0.6961805555555556
0.7122001262626263
0.6912878787878788
0.6966540404040404
0.6961805555555556
0.6920770202020202
0.696417297979798
0.6916824494949495
0.6911300505050505
0.6900252525252525
0.6970486111111112
0.6896306818181818
0.7105429292929293
0.6979955808080808
0.6968907828282829
0.6949968434343434
0.6919191919191919
0.6974431818181818
0.6962594696969697
0.6968907828282829
0.6953914141414141
0.6971275252525253
0.7117266414141414
0.7103061868686869
0.6904198232323232
0.6955492424242424
0.6911300505050505
0.6959438131313131
0.7109375
0.6919981060606061
0.6942866161616161
0.6949179292929293
0.6981534090909091
0.6959438131313131
0.6914457070707071
0.6951546717171717
0.6933396464646465
0.6924715909090909
0.7107007575757576
0.6915246212121212
0.6938920454545454
0.6893150252525253
0.68978851010101
0.69302398989899
0.6927083333333334
0.6919981060606061
0.6978377525252525
0.6988636363636364
0.6945233585858586
0.6927083333333334
0.6977588383838383
0.6903409090909091
0.6974431818181818
0.6905776515151515
0.6967329545454546
0.6953914141414141
0.6972853535353535
0.696969696969697
0.6966540404040404
0.6949968434343434
0.6916035353535354
0.6952335858585859
0.6904987373737373
0.6961016414141414
0.7115688131313131
0.6946022727272727
0.6968907828282829
0.696417297979798
0.6945233585858586
0.6979955808080808
0.6949968434343434
0.6959438131313131
0.6968118686868687
0.6923926767676768
0.6975220959595959
0.6901830808080808
0.6974431818181818
0.7102272727272727
0.6959438131313131
0.6971275252525253
0.6925505050505051
0.6916035353535354
0.6907354797979798
0.6914457070707071
0.6965751262626263
0.6966540404040404
0.6000631313131313
0.6005366161616161
0.6011679292929293
0.5979324494949495
0.601010101010101
0.5998263888888888
0.601010101010101
0.5996685606060606
0.5998263888888888
