0.5767834595959596
1.7158301767676767
1.7200126262626263
1.7162247474747474
1.7096748737373737
1.7145675505050506
1.7075441919191918
1.7157512626262625
1.7222222222222223
0.5799400252525253
1.7408459595959596
1.719854797979798
1.7443181818181819
1.7194602272727273
0.5767834595959596
1.7224589646464648
1.7246685606060606
1.7447916666666667
1.7086489898989898
0.5749684343434344
1.7219065656565657
1.7075441919191918
1.7255366161616161
1.7173295454545454
1.7222222222222223
1.7170138888888888
1.7277462121212122
1.7170138888888888
1.7415561868686869
1.7166193181818181
1.7251420454545454
1.7426609848484849
0.5736268939393939
1.7118055555555556
1.7429766414141414
1.7139362373737375
1.713699494949495
1.7189867424242424
0.5755208333333334
1.7256944444444444
0.5753630050505051
1.7124368686868687
1.7196969696969697
0.5756786616161617
1.7290877525252526
1.7188289141414141
0.5767045454545454
1.7122001262626263
1.7302714646464648
1.7230902777777777
1.7425820707070707
1.7196969696969697
0.5767045454545454
1.721511994949495
1.7140940656565657
1.7234848484848484
1.7274305555555556
1.7192234848484849
0.5767834595959596
1.7159090909090908
0.5755997474747475
1.7193813131313131
1.719854797979798
1.7084911616161615
1.730429292929293
1.7039141414141414
0.5737847222222222
1.7239583333333333
1.7104640151515151
0.5773358585858586
1.7074652777777777
1.7122790404040404
1.7090435606060606
1.7158301767676767
1.725457702020202
1.7323232323232323
1.7194602272727273
1.7197758838383839
0.5742582070707071
1.7218276515151516
1.723248106060606
1.7171717171717171
1.6919191919191918
1.7247474747474747
0.577572601010101
1.7440814393939394
1.7210385101010102
1.7201704545454546
0.6559343434343434
0.6549873737373737
0.6559343434343434
0.6561710858585859
0.6560132575757576
0.6563289141414141
0.65625
0.6553819444444444
0.6553030303030303
