0.7322443181818182
0.719302398989899
0.7305082070707071
0.7293244949494949
0.7388731060606061
0.7245107323232324
0.7278251262626263
0.7350852272727273
0.732717803030303
0.7339015151515151
0.7306660353535354
0.7235637626262627
0.7267992424242424
0.7382417929292929
0.7371369949494949
0.7501578282828283
0.7230902777777778
0.7342171717171717
0.7492897727272727
0.7342171717171717
0.7325599747474747
0.7348484848484849
0.7273516414141414
0.7256944444444444
0.7204861111111112
0.7196180555555556
0.7350852272727273
0.7312973484848485
0.7177241161616161
0.7350852272727273
0.7211963383838383
0.7365845959595959
0.734375
0.7386363636363636
0.7371369949494949
0.7238005050505051
0.73208648989899
0.7509469696969697
0.7233270202020202
0.7406881313131313
0.7519728535353535
0.7232481060606061
0.7310606060606061
0.7266414141414141
0.7292455808080808
0.7345328282828283
0.7352430555555556
0.724905303030303
0.7354008838383839
0.7313762626262627
0.7526830808080808
0.7387152777777778
0.7372159090909091
0.7357165404040404
0.7339015151515151
0.7267203282828283
0.7238794191919192
0.7351641414141414
0.7234059343434344
0.7191445707070707
0.7316919191919192
0.7350852272727273
0.7299558080808081
0.7316919191919192
0.7307449494949495
0.7488162878787878
0.7270359848484849
0.733822601010101
0.7377683080808081
0.733822601010101
0.7514993686868687
0.7189867424242424
0.7390309343434344
0.7246685606060606
0.7382417929292929
0.7271938131313131
0.7324021464646465
0.734375
0.7401357323232324
0.7367424242424242
0.7329545454545454
0.7269570707070707
0.7529198232323232
0.7326388888888888
0.7253787878787878
0.7383207070707071
0.7179608585858586
0.7236426767676768
0.6584595959595959
0.6589330808080808
0.6583806818181818
0.6586963383838383
0.6597222222222222
0.6584595959595959
0.6590119949494949
0.6593276515151515
0.6586963383838383
