0.6283933080808081
0.6193181818181818
0.6251578282828283
0.6379419191919192
0.6362847222222222
0.6336016414141414
0.626104797979798
0.633917297979798
0.634469696969697
0.6178188131313131
0.6238162878787878
0.6146622474747475
0.626657196969697
0.6277619949494949
0.6269728535353535
0.6330492424242424
0.6346275252525253
0.6141887626262627
0.6235006313131313
0.6361268939393939
0.6148200757575758
0.6273674242424242
0.6228693181818182
0.6372316919191919
0.6260258838383839
0.6231849747474747
0.6261837121212122
0.6288667929292929
0.6310763888888888
0.6343118686868687
0.6228693181818182
0.6343118686868687
0.6317866161616161
0.6156092171717171
0.6160037878787878
0.6193181818181818
0.6286300505050505
0.625
0.6291824494949495
0.63510101010101
0.6271306818181818
0.6268939393939394
0.6346275252525253
0.6249210858585859
0.6264204545454546
0.6231849747474747
0.6343118686868687
0.6134785353535354
0.6157670454545454
0.6312342171717171
0.6295770202020202
0.6243686868686869
0.6292613636363636
0.6163194444444444
0.6157670454545454
0.625552398989899
0.6251578282828283
0.6304450757575758
0.6257891414141414
0.6270517676767676
0.6234217171717171
0.6232638888888888
0.6354955808080808
0.6240530303030303
0.6313920454545454
0.6138731060606061
0.6296559343434344
0.6240530303030303
0.6300505050505051
0.6366792929292929
0.6361268939393939
0.6173453282828283
0.6167929292929293
0.6361268939393939
0.6260258838383839
0.6260258838383839
0.623895202020202
0.6263415404040404
0.6216856060606061
0.6283143939393939
0.6374684343434344
0.6259469696969697
0.6232638888888888
0.6296559343434344
0.61489898989899
0.6278409090909091
0.6352588383838383
0.6161616161616161
0.654592803030303
0.656802398989899
0.6575915404040404
0.6553819444444444
0.6584595959595959
0.6553030303030303
0.6565656565656566
0.6523832070707071
0.6560921717171717
