0.703125
0.7039141414141414
0.685842803030303
0.7002840909090909
0.7146464646464646
0.6841856060606061
0.7111742424242424
0.711489898989899
0.6961805555555556
0.7084911616161617
0.6959438131313131
0.7016256313131313
0.7002840909090909
0.6991792929292929
0.6909722222222222
0.7002051767676768
0.6953914141414141
0.6904987373737373
0.7013888888888888
0.6949179292929293
0.6990214646464646
0.7003630050505051
0.7085700757575758
0.69760101010101
0.69760101010101
0.6829229797979798
0.6939709595959596
0.6848169191919192
0.6803977272727273
0.6841066919191919
0.6998895202020202
0.6980744949494949
0.6928661616161617
0.7000473484848485
0.6981534090909091
0.6983901515151515
0.6903409090909091
0.6843434343434344
0.7002051767676768
0.6998106060606061
0.6983112373737373
0.6871843434343434
0.7002840909090909
0.6856849747474747
0.6990214646464646
0.7004419191919192
0.7000473484848485
0.6957070707070707
0.6834753787878788
0.6986268939393939
0.6859217171717171
0.711489898989899
0.6982323232323232
0.6981534090909091
0.6812657828282829
0.7003630050505051
0.7013888888888888
0.6862373737373737
0.7056502525252525
0.7118844696969697
0.6992582070707071
0.6908933080808081
0.6870265151515151
0.6887626262626263
0.7028093434343434
0.6867897727272727
0.6914457070707071
0.6953914141414141
0.6987058080808081
0.6824494949494949
0.6826862373737373
0.6994949494949495
0.71646148989899
0.6806344696969697
0.7073074494949495
0.6884469696969697
0.69760101010101
0.6999684343434344
0.6999684343434344
0.7026515151515151
0.69760101010101
0.703125
0.6854482323232324
0.6889204545454546
0.696969696969697
0.6972064393939394
0.6989425505050505
0.6865530303030303
0.6163194444444444
0.6152935606060606
0.6126104797979798
0.6165561868686869
0.6126893939393939
0.6171875
0.6138731060606061
0.6176609848484849
0.616635101010101
