1.4624368686868687
1.4614109848484849
1.4666193181818181
1.4625157828282829
1.4681186868686869
1.4378945707070707
1.4612531565656566
1.4250315656565657
1.462594696969697
1.4661458333333333
1.4509943181818181
1.4674084595959596
1.46417297979798
1.4599905303030303
1.4657512626262625
1.4389204545454546
1.4693813131313131
1.4395517676767677
1.4367108585858586
1.4690656565656566
1.464962121212121
1.4700126262626263
1.4612531565656566
1.4664614898989898
1.459280303030303
1.4609375
1.4655934343434343
1.4614109848484849
1.4729324494949494
1.4651988636363635
1.4953440656565657
1.463147095959596
1.4318181818181819
1.4669349747474747
1.4660669191919191
1.453677398989899
1.4947916666666667
1.4619633838383839
1.4521780303030303
1.4659090909090908
1.4617266414141414
1.4701704545454546
1.4640940656565657
1.4640940656565657
1.493292297979798
1.4663825757575757
1.462042297979798
1.4670138888888888
1.4673295454545454
1.4550978535353536
1.4296085858585859
1.4669349747474747
1.4719065656565657
1.4639362373737375
1.4730113636363635
1.4660669191919191
1.46551452020202
1.4933712121212122
1.4644886363636365
1.4964488636363635
1.469302398989899
1.4915561868686869
1.4678030303030303
1.4704861111111112
1.465435606060606
1.4958175505050506
1.4296085858585859
1.4666982323232323
1.4677241161616161
1.4975536616161615
1.4653566919191918
1.4666982323232323
1.4702493686868687
1.4622790404040404
1.4622790404040404
1.470959595959596
1.4666193181818181
1.4596748737373737
1.4322916666666667
1.4636205808080809
1.472695707070707
1.467092803030303
1.4429450757575757
1.4573863636363635
1.4363162878787878
1.4614109848484849
1.4393939393939394
1.4635416666666667
0.6571969696969697
0.6580650252525253
0.6583017676767676
0.65853851010101
0.6579861111111112
0.6581439393939394
0.6571969696969697
0.6584595959595959
0.6579861111111112
