1.3432765151515151
1.3390151515151516
1.2932449494949494
1.320864898989899
1.3452493686868687
1.3446969696969697
1.323074494949495
1.3396464646464648
1.2907986111111112
1.3447758838383839
1.3427241161616161
1.3424873737373737
1.3444602272727273
1.3441445707070707
1.340988005050505
1.341540404040404
1.3229955808080809
1.3435921717171717
1.3406723484848484
1.3416982323232323
1.3432765151515151
1.3379892676767677
1.2986900252525253
1.3267045454545454
1.324100378787879
1.3455650252525253
1.3452493686868687
1.3237847222222223
1.345407196969697
1.3255208333333333
1.3422506313131313
1.3442234848484849
1.3487215909090908
1.3402777777777777
1.2894570707070707
1.3247316919191918
1.3400410353535352
1.3257575757575757
1.322522095959596
1.3385416666666667
1.3406723484848484
1.2786458333333333
1.3412247474747474
1.3252840909090908
1.3261521464646464
1.2866950757575757
1.3417771464646464
1.34375
1.3417771464646464
1.3287563131313131
1.3416982323232323
1.3403566919191918
1.289614898989899
1.3450126262626263
1.3481691919191918
1.339962121212121
1.3439078282828283
1.3374368686868687
1.3486426767676767
1.2952967171717171
1.2784090909090908
1.3386205808080809
1.3435921717171717
1.2819602272727273
1.3434343434343434
1.2981376262626263
1.3479324494949494
1.2934027777777777
1.3428819444444444
1.3409090909090908
1.3254419191919191
1.3409090909090908
1.3410669191919191
1.3252840909090908
1.285195707070707
1.3424873737373737
1.339804292929293
1.3433554292929293
1.3445391414141414
1.2933238636363635
1.2873263888888888
1.3419349747474747
1.3439078282828283
1.3435132575757576
1.3427241161616161
1.3252840909090908
1.340988005050505
1.2783301767676767
0.6500157828282829
0.6493055555555556
0.6488320707070707
0.649542297979798
0.650094696969697
0.6485953282828283
0.6484375
0.6499368686868687
0.6493844696969697
