0.8560606060606061
0.8508522727272727
0.8224431818181818
0.834832702020202
0.8630839646464646
0.8580334595959596
0.8366477272727273
0.8517992424242424
0.8190498737373737
0.859927398989899
0.8558238636363636
0.8555082070707071
0.858822601010101
0.8596117424242424
0.8551925505050505
0.8531407828282829
0.8355429292929293
0.8611111111111112
0.8581123737373737
0.8566919191919192
0.8539299242424242
0.8520359848484849
0.8259154040404041
0.8405145202020202
0.8378314393939394
0.858822601010101
0.8603219696969697
0.8342013888888888
0.8607165404040404
0.837042297979798
0.8562184343434344
0.85708648989899
0.8652935606060606
0.8528251262626263
0.8166824494949495
0.8359375
0.8514046717171717
0.8379892676767676
0.83822601010101
0.8536931818181818
0.8539299242424242
0.8076073232323232
0.8540877525252525
0.8407512626262627
0.8390940656565656
0.8132102272727273
0.8548768939393939
0.85708648989899
0.8533775252525253
0.8392518939393939
0.8555082070707071
0.8542455808080808
0.8157354797979798
0.8569286616161617
0.8641098484848485
0.8531407828282829
0.8568497474747475
0.8552714646464646
0.86489898989899
0.8247316919191919
0.8083964646464646
0.8544034090909091
0.8573232323232324
0.8125789141414141
0.8589804292929293
0.8229955808080808
0.8630050505050505
0.8252051767676768
0.8581912878787878
0.8543244949494949
0.8395675505050505
0.8531407828282829
0.8555871212121212
0.8390151515151515
0.8144728535353535
0.8565340909090909
0.8508522727272727
0.8572443181818182
0.8581912878787878
0.8203125
0.8173137626262627
0.8547190656565656
0.860479797979798
0.8578756313131313
0.8561395202020202
0.8390151515151515
0.8547979797979798
0.8070549242424242
0.6500157828282829
0.6493055555555556
0.6488320707070707
0.649542297979798
0.650094696969697
0.6485953282828283
0.6484375
0.6499368686868687
0.6493844696969697
