1.0871212121212122
1.1070075757575757
1.0877525252525253
1.1098484848484849
1.097616792929293
1.114425505050505
1.0525568181818181
1.0533459595959596
1.1012468434343434
1.0901988636363635
1.0566603535353536
1.0928030303030303
1.0966698232323233
1.0957228535353536
1.105350378787879
1.0661300505050506
1.0832544191919191
1.0649463383838385
1.1267361111111112
1.058475378787879
1.129024621212121
1.0888573232323233
1.0827809343434343
1.0789141414141414
1.1243686868686869
1.1001420454545454
1.1045612373737375
1.0946969696969697
1.097774621212121
1.0949337121212122
1.0865688131313131
1.0916982323232323
1.1052714646464648
1.0917771464646464
1.1064551767676767
1.105587121212121
1.0644728535353536
1.0796243686868687
1.1178188131313131
1.063604797979798
1.1027462121212122
1.095959595959596
1.0969065656565657
1.1235795454545454
1.0852272727272727
1.0932765151515151
1.0581597222222223
1.0910669191919191
1.100457702020202
1.0901199494949494
1.0625789141414141
1.095959595959596
1.061947601010101
1.0643150252525253
1.0879892676767677
1.0916193181818181
1.1173453282828283
1.12042297979798
1.0963541666666667
1.0791508838383839
1.0920138888888888
1.1040088383838385
1.0830176767676767
1.1020359848484849
1.1189236111111112
1.090435606060606
1.1019570707070707
1.0913036616161615
1.0958806818181819
1.0980902777777777
1.0941445707070707
1.1178188131313131
1.0639204545454546
1.075363005050505
1.0916982323232323
1.0880681818181819
1.0873579545454546
1.106613005050505
1.1087436868686869
1.108270202020202
1.0561079545454546
1.1268150252525253
1.077572601010101
1.0961963383838385
1.0796243686868687
1.1039299242424243
1.1234217171717171
1.090435606060606
0.6531723484848485
0.6496212121212122
0.6478061868686869
0.6475694444444444
0.6503314393939394
0.6463068181818182
0.6488320707070707
0.6500157828282829
0.6470170454545454
