1.3436710858585859
1.334280303030303
1.3435132575757576
1.3408301767676767
1.3516414141414141
1.3382260101010102
1.341540404040404
1.2914299242424243
1.2885890151515151
1.3438289141414141
1.3434343434343434
1.3346748737373737
1.3402777777777777
1.3541666666666667
1.3026357323232323
1.3750789141414141
1.3359375
1.3439867424242424
1.3737373737373737
1.2855902777777777
1.3441445707070707
1.347537878787879
1.3378314393939394
1.3383049242424243
1.333175505050505
1.331991792929293
1.3473011363636365
1.3436710858585859
1.3312815656565657
1.3489583333333333
1.333175505050505
1.3017676767676767
1.3491161616161615
1.3139993686868687
1.3027146464646464
1.3350694444444444
1.343197601010101
1.3753156565656566
1.3356218434343434
1.31573547979798
1.3731849747474747
1.33270202020202
1.3413036616161615
1.3400410353535352
1.3411458333333333
1.3480902777777777
1.3499842171717171
1.3390151515151516
1.298532196969697
1.3447758838383839
1.3747632575757576
1.3515625
1.3485637626262625
1.2960069444444444
1.3461174242424243
1.3372790404040404
1.3357007575757576
1.3478535353535352
1.3377525252525253
1.3334122474747474
1.344854797979798
1.2913510101010102
1.2846433080808082
1.3418560606060606
1.3417771464646464
1.372790404040404
1.3390151515151516
1.3488794191919191
1.3512468434343434
1.3443813131313131
1.3759469696969697
1.3316761363636365
1.3048453282828283
1.337594696969697
1.3023200757575757
1.340435606060606
1.3461963383838385
1.347616792929293
1.3125
1.2940340909090908
1.347064393939394
1.34051452020202
1.373895202020202
1.3465909090909092
1.3380681818181819
1.3502209595959596
1.3329387626262625
1.3356218434343434
0.6584595959595959
0.6589330808080808
0.6583806818181818
0.6586963383838383
0.6597222222222222
0.6584595959595959
0.6590119949494949
0.6593276515151515
0.6586963383838383
