1.3637941919191918
1.3491161616161615
1.3597695707070707
1.3821811868686869
1.3768150252525253
1.3402777777777777
1.3592171717171717
1.3349116161616161
1.3452493686868687
1.3506155303030303
1.3536931818181819
1.3442234848484849
1.358270202020202
1.361032196969697
1.363399621212121
1.339251893939394
1.3432765151515151
1.3456439393939394
1.3585858585858586
1.3768150252525253
1.345407196969697
1.363873106060606
1.3592171717171717
1.379024621212121
1.3594539141414141
1.3557449494949494
1.3637152777777777
1.36395202020202
1.3335700757575757
1.3345959595959596
1.3583491161616161
1.3367266414141414
1.3344381313131313
1.3478535353535352
1.347616792929293
1.3594539141414141
1.3618213383838385
1.3579545454545454
1.3622159090909092
1.3479324494949494
1.3614267676767677
1.3616635101010102
1.3422506313131313
1.3596117424242424
1.36395202020202
1.3585858585858586
1.3410669191919191
1.348248106060606
1.3441445707070707
1.3304924242424243
1.3641887626262625
1.3600852272727273
1.3637941919191918
1.3411458333333333
1.343197601010101
1.3627683080808082
1.3547190656565657
1.3618213383838385
1.3592960858585859
1.36261047979798
1.3587436868686869
1.359927398989899
1.3471433080808082
1.3630839646464648
1.3345170454545454
1.3458806818181819
1.3630839646464648
1.3601641414141414
1.3622159090909092
1.3779987373737375
1.3747632575757576
1.3503787878787878
1.3471433080808082
1.377209595959596
1.363399621212121
1.361584595959596
1.3615056818181819
1.3600852272727273
1.3587436868686869
1.3608743686868687
1.3806818181818181
1.3619002525252526
1.3592960858585859
1.3623737373737375
1.3401199494949494
1.359927398989899
1.341540404040404
1.3489583333333333
0.654592803030303
0.656802398989899
0.6575915404040404
0.6553819444444444
0.6584595959595959
0.6553030303030303
0.6565656565656566
0.6523832070707071
0.6560921717171717
