1.1130839646464648
1.0979324494949494
1.1072443181818181
1.1122948232323233
1.1089804292929293
1.1078756313131313
1.1164772727272727
1.1113478535353536
1.1167140151515151
1.1089015151515151
1.1172664141414141
1.1179766414141414
1.1321811868686869
1.10479797979798
1.0994318181818181
1.1336805555555556
1.1187657828282829
1.1097695707070707
1.1076388888888888
1.1102430555555556
1.1044034090909092
1.1094539141414141
1.1182133838383839
1.1074021464646464
1.1078756313131313
1.1059816919191918
1.113162878787879
1.1085858585858586
1.1025094696969697
1.1156881313131313
1.1134785353535352
1.1035353535353536
1.1330492424242424
1.1115056818181819
1.1109532828282829
1.105429292929293
1.107165404040404
1.1100063131313131
1.1172664141414141
1.1081912878787878
1.1007733585858586
1.1058238636363635
1.1328125
1.1178977272727273
1.1324179292929293
1.1041666666666667
1.1052714646464648
1.1324968434343434
1.1084280303030303
1.1059816919191918
1.1118213383838385
1.1084280303030303
1.1051136363636365
1.1034564393939394
1.1167140151515151
1.1057449494949494
1.0973011363636365
1.1331281565656566
1.116635101010101
1.1124526515151516
1.105350378787879
1.1080334595959596
1.1113478535353536
1.1063762626262625
1.1097695707070707
1.1171085858585859
1.1134785353535352
1.106060606060606
1.1127683080808082
1.109375
1.1189236111111112
1.1330492424242424
1.100457702020202
1.1111900252525253
1.1092171717171717
1.114977904040404
1.1105587121212122
1.1095328282828283
1.1064551767676767
1.1118213383838385
1.1113478535353536
1.1027462121212122
1.1065340909090908
1.1072443181818181
1.1111111111111112
1.105429292929293
1.1122948232323233
1.1143465909090908
0.657354797979798
0.6570391414141414
0.6563289141414141
0.6583017676767676
0.6582228535353535
0.6580650252525253
0.6583017676767676
0.6559343434343434
0.6564867424242424
