1.7129103535353536
1.704782196969697
0.5772569444444444
1.6760574494949494
1.7186710858585859
1.714251893939394
1.6823705808080809
1.7048611111111112
0.5765467171717171
1.7118055555555556
1.7110953282828283
1.708727904040404
1.7161458333333333
1.7126736111111112
1.7102272727272727
1.7080965909090908
1.6777935606060606
1.7140151515151516
1.7122001262626263
1.7105429292929293
1.7113320707070707
1.7059659090909092
0.5759154040404041
1.6859217171717171
1.685290404040404
1.715435606060606
1.7122790404040404
1.6777146464646464
1.7143308080808082
1.6823705808080809
1.709280303030303
1.7114109848484849
1.7231691919191918
1.7068339646464648
0.578125
1.6810290404040404
1.7077809343434343
1.6874210858585859
1.6820549242424243
1.7061237373737375
1.7083333333333333
0.5767834595959596
1.7088857323232323
1.6874210858585859
1.6882891414141414
0.5760732323232324
1.7099905303030303
1.711489898989899
1.7080965909090908
1.6867108585858586
1.7104640151515151
1.7085700757575757
0.57583648989899
1.7100694444444444
1.720959595959596
1.7079387626262625
1.7122790404040404
1.7112531565656566
1.7213541666666667
0.5766256313131313
0.577020202020202
1.7048611111111112
1.7125157828282829
0.576467803030303
1.7133049242424243
0.5767045454545454
1.7196180555555556
0.5782828282828283
1.7113320707070707
1.7080965909090908
1.6855271464646464
1.7077809343434343
1.709832702020202
1.6868686868686869
0.5766256313131313
1.7126736111111112
1.7061237373737375
1.7160669191919191
1.7138573232323233
0.5778882575757576
0.5768623737373737
1.7094381313131313
1.714962121212121
1.7122790404040404
1.7128314393939394
1.681897095959596
1.7093592171717171
0.5772569444444444
0.6500157828282829
0.6493055555555556
0.6488320707070707
0.649542297979798
0.650094696969697
0.6485953282828283
0.6484375
0.6499368686868687
0.6493844696969697
