0.9928977272727273
0.9874526515151515
0.9659880050505051
0.9738794191919192
0.9839015151515151
0.9936079545454546
0.9765625
0.9872948232323232
0.9636205808080808
0.9921085858585859
0.9920296717171717
0.990530303030303
0.992739898989899
0.9936868686868687
0.9906092171717171
0.9897411616161617
0.9738794191919192
0.9816130050505051
0.9812184343434344
0.9908459595959596
0.9917929292929293
0.9865845959595959
0.9655934343434344
0.9805082070707071
0.9779040404040404
0.9925820707070707
0.9939236111111112
0.9750631313131313
0.9934501262626263
0.9781407828282829
0.9921875
0.9908459595959596
0.9880050505050505
0.9903724747474747
0.9597537878787878
0.9758522727272727
0.9883207070707071
0.978219696969697
0.977667297979798
0.9907670454545454
0.9891098484848485
0.9526515151515151
0.9900568181818182
0.9799558080808081
0.9792455808080808
0.9603061868686869
0.9906881313131313
0.9921085858585859
0.9903724747474747
0.9799558080808081
0.9901357323232324
0.9904513888888888
0.9633049242424242
0.9917929292929293
0.984375
0.9880839646464646
0.9931344696969697
0.9751420454545454
0.9880050505050505
0.9689078282828283
0.9545454545454546
0.9887152777777778
0.9933712121212122
0.9588857323232324
0.9943970959595959
0.9694602272727273
0.9865845959595959
0.9663036616161617
0.9924242424242424
0.991082702020202
0.9795612373737373
0.9887152777777778
0.9918718434343434
0.9790877525252525
0.9601483585858586
0.9915561868686869
0.9881628787878788
0.993844696969697
0.9912405303030303
0.9629103535353535
0.96322601010101
0.9913194444444444
0.993292297979798
0.9931344696969697
0.990530303030303
0.9774305555555556
0.9902935606060606
0.953677398989899
0.6500157828282829
0.6493055555555556
0.6488320707070707
0.649542297979798
0.650094696969697
0.6485953282828283
0.6484375
0.6499368686868687
0.6493844696969697
