1.0857796717171717
1.083727904040404
1.0841224747474747
1.081991792929293
1.0844381313131313
1.0787563131313131
1.0797032828282829
1.1016414141414141
1.0863320707070707
1.0845959595959596
1.0853061868686869
1.0850694444444444
1.0845959595959596
1.0857796717171717
1.0817550505050506
1.0834911616161615
1.078125
1.0869633838383839
1.1033775252525253
1.0793876262626263
1.0825441919191918
1.0852272727272727
1.0857007575757576
1.0865688131313131
1.0860164141414141
1.0879103535353536
1.0789930555555556
1.0855429292929293
1.0872001262626263
1.0790719696969697
1.0795454545454546
1.087042297979798
1.0879103535353536
1.0834122474747474
1.0825441919191918
1.076467803030303
1.0762310606060606
1.0855429292929293
1.0785195707070707
1.1025094696969697
1.0884627525252526
1.0846748737373737
1.0851483585858586
1.0849116161616161
1.0878314393939394
1.085385101010101
1.1018781565656566
1.0856218434343434
1.0847537878787878
1.0780460858585859
1.0871212121212122
1.083727904040404
1.0801767676767677
1.0834911616161615
1.1014046717171717
1.0884627525252526
1.0782039141414141
1.0869633838383839
1.0825441919191918
1.0923295454545454
1.0827809343434343
1.0858585858585859
1.0840435606060606
1.0857796717171717
1.0834122474747474
1.1027462121212122
1.084832702020202
1.0853061868686869
1.0865688131313131
1.0795454545454546
1.0862531565656566
1.082623106060606
1.1017992424242424
1.1047190656565657
1.0873579545454546
1.0867266414141414
1.0857007575757576
1.0857796717171717
1.0829387626262625
1.0859375
1.0774936868686869
1.0854640151515151
1.0834911616161615
1.0869633838383839
1.0868055555555556
1.0798611111111112
1.0845170454545454
1.0849116161616161
0.6471748737373737
0.6483585858585859
0.6482007575757576
0.6493844696969697
0.6484375
0.648989898989899
0.6486742424242424
0.6485164141414141
0.6490688131313131
