0.9722222222222222
0.9808238636363636
0.9709595959595959
0.9805082070707071
0.9154040404040404
0.9767992424242424
0.9607796717171717
0.9805082070707071
0.9741161616161617
0.9457070707070707
0.9828756313131313
0.9721433080808081
0.9814551767676768
0.9794823232323232
0.9478377525252525
0.938052398989899
0.9683554292929293
0.9671717171717171
0.9737215909090909
0.9784564393939394
0.9744318181818182
0.9730113636363636
0.9809816919191919
0.9686710858585859
0.9700126262626263
0.9752209595959596
0.9777462121212122
0.9706439393939394
0.9367897727272727
0.9722222222222222
0.97427398989899
0.9798768939393939
0.9769570707070707
0.9803503787878788
0.9669349747474747
0.9634627525252525
0.976010101010101
0.9558869949494949
0.9828756313131313
0.9438131313131313
0.9674873737373737
0.9696180555555556
0.9477588383838383
0.9401830808080808
0.9712752525252525
0.9723011363636364
0.9785353535353535
0.9786931818181818
0.9767992424242424
0.9790088383838383
0.9708806818181818
0.9835858585858586
0.9810606060606061
0.9711963383838383
0.9771938131313131
0.9184027777777778
0.9807449494949495
0.9678819444444444
0.9339488636363636
0.982717803030303
0.9375
0.9744318181818182
0.97427398989899
0.9345012626262627
0.9815340909090909
0.9722222222222222
0.9797190656565656
0.9730902777777778
0.9641729797979798
0.9707228535353535
0.9539141414141414
0.9498106060606061
0.9797979797979798
0.9728535353535354
0.9729324494949495
0.9634627525252525
0.9481534090909091
0.9822443181818182
0.9689867424242424
0.9714330808080808
0.9230587121212122
0.9704861111111112
0.9409722222222222
0.9816919191919192
0.9659880050505051
0.9749842171717171
0.9740372474747475
0.9756944444444444
0.6515151515151515
0.6510416666666666
0.6506470959595959
0.6511994949494949
0.649542297979798
0.6500157828282829
0.6504103535353535
0.6494633838383839
0.6498579545454546
