0.7312184343434344
0.7324810606060606
0.7306660353535354
0.7291666666666666
0.7321654040404041
0.7342171717171717
0.7301136363636364
0.7310606060606061
0.7324021464646465
0.7329545454545454
0.7398200757575758
0.7342960858585859
0.7316919191919192
0.7265625
0.7311395202020202
0.7361900252525253
0.7347695707070707
0.734927398989899
0.7339015151515151
0.7357954545454546
0.7304292929292929
0.7357165404040404
0.7290877525252525
0.7331912878787878
0.7290877525252525
0.7283775252525253
0.7314551767676768
0.7311395202020202
0.7382417929292929
0.7298768939393939
0.748342803030303
0.7302714646464646
0.7346906565656566
0.7339015151515151
0.7321654040404041
0.7398200757575758
0.74771148989899
0.7328756313131313
0.7398200757575758
0.7337436868686869
0.7305871212121212
0.736032196969697
0.7299558080808081
0.7318497474747475
0.7478693181818182
0.7341382575757576
0.7319286616161617
0.7315340909090909
0.7330334595959596
0.7410037878787878
0.7316919191919192
0.7328756313131313
0.7385574494949495
0.7315340909090909
0.7380839646464646
0.7335858585858586
0.7345328282828283
0.748342803030303
0.7323232323232324
0.7500789141414141
0.7348484848484849
0.7443970959595959
0.7345328282828283
0.7354008838383839
0.7302714646464646
0.749447601010101
0.7336647727272727
0.7331912878787878
0.7324810606060606
0.7514993686868687
0.7342960858585859
0.7330334595959596
0.7374526515151515
0.7289299242424242
0.7309816919191919
0.7367424242424242
0.7339015151515151
0.7280618686868687
0.7331912878787878
0.7306660353535354
0.7369002525252525
0.7339015151515151
0.7384785353535354
0.7267203282828283
0.7339015151515151
0.7289299242424242
0.7353219696969697
0.7317708333333334
0.6571969696969697
0.6580650252525253
0.6583017676767676
0.65853851010101
0.6579861111111112
0.6581439393939394
0.6571969696969697
0.6584595959595959
0.6579861111111112
