1.160274621212121
1.1938131313131313
1.1612215909090908
1.1631944444444444
1.1589330808080809
1.1665088383838385
1.1243686868686869
1.1621685606060606
1.1728219696969697
1.1552241161616161
1.1611426767676767
1.1968118686868687
1.2024936868686869
1.165719696969697
1.1605113636363635
1.172427398989899
1.2060448232323233
1.1371527777777777
1.1427556818181819
1.1684027777777777
1.1710069444444444
1.160195707070707
1.2079387626262625
1.162957702020202
1.130602904040404
1.184185606060606
1.1332070707070707
1.1497790404040404
1.1671401515151516
1.1202651515151516
1.203125
1.199337121212121
1.2346906565656566
1.1358112373737375
1.1639046717171717
1.1978377525252526
1.150094696969697
1.1376262626262625
1.1639835858585859
1.1643781565656566
1.1247632575757576
1.1963383838383839
1.1605113636363635
1.2212752525252526
1.2361111111111112
1.228772095959596
1.2294034090909092
1.160748106060606
1.1710069444444444
1.1465435606060606
1.1414930555555556
1.1464646464646464
1.1242897727272727
1.1339962121212122
1.2319286616161615
1.1693497474747474
1.1586174242424243
1.1420454545454546
1.1472537878787878
1.1639046717171717
1.1493055555555556
1.1441761363636365
1.1502525252525253
1.198074494949495
1.1249210858585859
1.1419665404040404
1.1359690656565657
1.1525410353535352
1.2344539141414141
1.1691919191919191
1.1570391414141414
1.145675505050505
1.1519097222222223
1.2005997474747474
1.172979797979798
1.183475378787879
1.2008364898989898
1.1349431818181819
1.150647095959596
1.1234217171717171
1.205334595959596
1.1452809343434343
1.1712436868686869
1.2307449494949494
1.1616161616161615
1.1579861111111112
1.1437815656565657
1.1493844696969697
0.6553030303030303
0.6541982323232324
0.6549873737373737
0.6558554292929293
0.6556186868686869
0.6554608585858586
0.655145202020202
0.6552241161616161
0.6547506313131313
