1.0258838383838385
1.0012626262626263
1.0590277777777777
1.0001578282828283
1.0249368686868687
1.0198863636363635
1.0269097222222223
0.9998421717171717
0.9996843434343434
1.023989898989899
1.0211489898989898
1.027304292929293
1.0243844696969697
1.021780303030303
1.027462121212121
1.027462121212121
1.0282512626262625
1.0232007575757576
1.02020202020202
1.0276199494949494
1.0004734848484849
1.025647095959596
1.0234375
1.0239109848484849
1.0265151515151516
1.0234375
0.999447601010101
1.02667297979798
0.9990530303030303
1.0239109848484849
1.0258838383838385
1.0205176767676767
1.0199652777777777
1.0251736111111112
1.0237531565656566
1.0014993686868687
1.0610006313131313
1.0246212121212122
1.0603693181818181
1.0230429292929293
1.0254103535353536
0.9986584595959596
1.0261205808080809
1.027383207070707
1.0205176767676767
1.0277777777777777
1.0232796717171717
1.0605271464646464
1.0572127525252526
1.022332702020202
1.0258838383838385
1.0015782828282829
1.0270675505050506
1.0028409090909092
1.0219381313131313
1.0221748737373737
1.0236742424242424
1.0237531565656566
1.0603693181818181
1.0230429292929293
1.0623421717171717
1.0216224747474747
1.0243055555555556
1.0288036616161615
1.0176767676767677
1.0020517676767677
1.0220170454545454
1.025094696969697
1.0232007575757576
1.0250157828282829
1.0093907828282829
1.0235953282828283
1.0217013888888888
1.0291193181818181
0.9998421717171717
1.0243055555555556
1.0218592171717171
1.0258049242424243
1.0209122474747474
1.0250157828282829
1.003866792929293
1.0251736111111112
1.0238320707070707
1.024542297979798
0.9930555555555556
1.027383207070707
0.9993686868686869
1.0632102272727273
0.6003787878787878
0.6012468434343434
0.5998263888888888
0.5998263888888888
0.5990372474747475
0.6000631313131313
0.6003787878787878
0.5980113636363636
0.5996685606060606
