0.9817708333333334
0.9812184343434344
0.9812184343434344
0.9981849747474747
0.9921875
0.9907670454545454
0.962594696969697
0.9603061868686869
0.9734848484848485
0.9847695707070707
0.9644886363636364
0.9872159090909091
0.9700915404040404
0.9883996212121212
0.9959753787878788
0.9731691919191919
0.9807449494949495
0.9711174242424242
1.0030776515151516
0.9659090909090909
1.0047348484848484
0.9829545454545454
0.9797190656565656
0.9784564393939394
1.0003156565656566
0.9903724747474747
0.9839015151515151
0.9895044191919192
0.9901357323232324
0.9872159090909091
0.98208648989899
0.9885574494949495
0.9850063131313131
0.9878472222222222
0.9808238636363636
0.992739898989899
0.9797979797979798
0.9780618686868687
1.0007891414141414
0.9725378787878788
0.9775094696969697
0.9883207070707071
0.969302398989899
1.0022885101010102
0.9773516414141414
0.9879261363636364
0.9659880050505051
0.9857954545454546
0.9896622474747475
0.9839804292929293
0.9700915404040404
0.9883996212121212
0.9712752525252525
0.9711174242424242
0.9845328282828283
0.9865845959595959
0.9992897727272727
1.0009469696969697
0.9889520202020202
0.9780618686868687
0.9883996212121212
0.9796401515151515
0.98208648989899
0.9785353535353535
0.9987373737373737
0.9867424242424242
0.9922664141414141
0.9854008838383839
0.9899779040404041
0.9896622474747475
0.9888731060606061
1.0007891414141414
0.9680397727272727
0.9731691919191919
0.9846906565656566
0.9814551767676768
0.9806660353535354
0.9844539141414141
0.9819286616161617
0.9839015151515151
0.9633838383838383
1.0041035353535352
0.9753787878787878
0.9688289141414141
0.977667297979798
0.9801925505050505
1.0024463383838385
0.9848484848484849
0.6531723484848485
0.6496212121212122
0.6478061868686869
0.6475694444444444
0.6503314393939394
0.6463068181818182
0.6488320707070707
0.6500157828282829
0.6470170454545454
