0.7244318181818182
0.7151199494949495
0.7262468434343434
0.72427398989899
0.7234848484848485
0.7279040404040404
0.7107007575757576
0.7240372474747475
0.7293244949494949
0.7214330808080808
0.7215909090909091
0.7190656565656566
0.7215119949494949
0.7252998737373737
0.7235637626262627
0.7272727272727273
0.7248263888888888
0.7173295454545454
0.7173295454545454
0.7271938131313131
0.7279040404040404
0.7279040404040404
0.7215119949494949
0.7240372474747475
0.7112531565656566
0.7083333333333334
0.7124368686868687
0.7185132575757576
0.7274305555555556
0.7101483585858586
0.7225378787878788
0.7189078282828283
0.7404513888888888
0.7178030303030303
0.7257733585858586
0.7190656565656566
0.7179608585858586
0.7162247474747475
0.7253787878787878
0.7253787878787878
0.7099116161616161
0.7196969696969697
0.7230113636363636
0.7314551767676768
0.7420296717171717
0.7372948232323232
0.7394255050505051
0.7225378787878788
0.7002051767676768
0.7228535353535354
0.7181186868686869
0.7216698232323232
0.7101483585858586
0.7142518939393939
0.7402146464646465
0.7279829545454546
0.7223800505050505
0.7189867424242424
0.71875
0.7240372474747475
0.7192234848484849
0.7189078282828283
0.7178819444444444
0.7180397727272727
0.7097537878787878
0.7175662878787878
0.7159090909090909
0.719302398989899
0.7421875
0.7284564393939394
0.7240372474747475
0.7184343434343434
0.7203282828282829
0.72103851010101
0.7282986111111112
0.7088068181818182
0.7202493686868687
0.7152777777777778
0.7197758838383839
0.7104640151515151
0.7217487373737373
0.719302398989899
0.7301136363636364
0.7376893939393939
0.7255366161616161
0.72103851010101
0.7158301767676768
0.7194602272727273
0.6553030303030303
0.6541982323232324
0.6549873737373737
0.6558554292929293
0.6556186868686869
0.6554608585858586
0.655145202020202
0.6552241161616161
0.6547506313131313
