0.8658459595959596
0.8604008838383839
0.8624526515151515
0.8673453282828283
0.8656092171717171
0.8637941919191919
0.8500631313131313
0.8641098484848485
0.8525883838383839
0.86489898989899
0.8507733585858586
0.8514046717171717
0.8826546717171717
0.8600852272727273
0.859375
0.883364898989899
0.8548768939393939
0.8632417929292929
0.8648200757575758
0.8657670454545454
0.8634785353535354
0.8656881313131313
0.8514046717171717
0.8657670454545454
0.8640309343434344
0.8622948232323232
0.8667140151515151
0.8646622474747475
0.860479797979798
0.8489583333333334
0.8664772727272727
0.8605587121212122
0.8842329545454546
0.8660037878787878
0.8667929292929293
0.8625315656565656
0.8654513888888888
0.8663194444444444
0.8467487373737373
0.866082702020202
0.8591382575757576
0.8663194444444444
0.8818655303030303
0.8509311868686869
0.8832070707070707
0.8647411616161617
0.8619791666666666
0.8821811868686869
0.8667929292929293
0.8658459595959596
0.8671085858585859
0.8625315656565656
0.8622948232323232
0.8618213383838383
0.8505366161616161
0.8636363636363636
0.8580334595959596
0.8832859848484849
0.8502998737373737
0.8657670454545454
0.861032196969697
0.8651357323232324
0.8654513888888888
0.860479797979798
0.8654513888888888
0.8494318181818182
0.8444602272727273
0.8647411616161617
0.8686079545454546
0.8657670454545454
0.8522727272727273
0.8835227272727273
0.8596906565656566
0.8663983585858586
0.8670296717171717
0.8484848484848485
0.8658459595959596
0.8647411616161617
0.861032196969697
0.8656881313131313
0.8667140151515151
0.8608743686868687
0.8633207070707071
0.8654513888888888
0.8680555555555556
0.8621369949494949
0.8676609848484849
0.8461174242424242
0.657354797979798
0.6570391414141414
0.6563289141414141
0.6583017676767676
0.6582228535353535
0.6580650252525253
0.6583017676767676
0.6559343434343434
0.6564867424242424
