0.6132417929292929
0.6090593434343434
0.611032196969697
0.6133207070707071
0.6126893939393939
0.6107165404040404
0.6186868686868687
0.61166351010101
0.6193970959595959
0.6117424242424242
0.6193181818181818
0.6204229797979798
0.6291824494949495
0.6111111111111112
0.608822601010101
0.6303661616161617
0.6205018939393939
0.6124526515151515
0.6115845959595959
0.6126893939393939
0.6121369949494949
0.6125315656565656
0.6186079545454546
0.6120580808080808
0.6124526515151515
0.6109532828282829
0.6132417929292929
0.6123737373737373
0.6098484848484849
0.6190814393939394
0.6130050505050505
0.6100063131313131
0.6297348484848485
0.6129261363636364
0.6133207070707071
0.6126104797979798
0.6125315656565656
0.6130050505050505
0.6179766414141414
0.6121369949494949
0.610479797979798
0.6122159090909091
0.6301294191919192
0.6197916666666666
0.6300505050505051
0.609375
0.6098484848484849
0.6258680555555556
0.6126893939393939
0.6127683080808081
0.6127683080808081
0.6111900252525253
0.6105587121212122
0.6104008838383839
0.6183712121212122
0.611032196969697
0.6087436868686869
0.6287089646464646
0.6186868686868687
0.6127683080808081
0.6109532828282829
0.6130050505050505
0.6138731060606061
0.6109532828282829
0.6129261363636364
0.6201073232323232
0.6176609848484849
0.6126893939393939
0.6137152777777778
0.6125315656565656
0.6199494949494949
0.6299715909090909
0.6103219696969697
0.6137941919191919
0.6128472222222222
0.6183712121212122
0.6127683080808081
0.6111111111111112
0.6117424242424242
0.6126893939393939
0.6127683080808081
0.6097695707070707
0.6130839646464646
0.6121369949494949
0.6137152777777778
0.61166351010101
0.6121369949494949
0.6178188131313131
0.657354797979798
0.6570391414141414
0.6563289141414141
0.6583017676767676
0.6582228535353535
0.6580650252525253
0.6583017676767676
0.6559343434343434
0.6564867424242424
