0.6850536616161617
0.6688762626262627
0.6937342171717171
0.6689551767676768
0.6820549242424242
0.6803977272727273
0.6856060606060606
0.6661142676767676
0.6691919191919192
0.6822127525252525
0.6796085858585859
0.6796085858585859
0.6836332070707071
0.6787405303030303
0.6860795454545454
0.6822916666666666
0.6788983585858586
0.6800820707070707
0.6769255050505051
0.6801609848484849
0.6676925505050505
0.6822916666666666
0.6779513888888888
0.6781881313131313
0.6823705808080808
0.6833964646464646
0.6687184343434344
0.6833175505050505
0.6686395202020202
0.6823705808080808
0.6867108585858586
0.6852904040404041
0.6818970959595959
0.6827651515151515
0.6818181818181818
0.6706912878787878
0.6953125
0.678582702020202
0.6922348484848485
0.6839488636363636
0.6796085858585859
0.6701388888888888
0.6828440656565656
0.68521148989899
0.6826073232323232
0.6795296717171717
0.6777146464646465
0.6935763888888888
0.6925505050505051
0.6835542929292929
0.6839488636363636
0.6702967171717171
0.6803977272727273
0.6687973484848485
0.6814236111111112
0.6825284090909091
0.6804766414141414
0.6837121212121212
0.694207702020202
0.6824494949494949
0.6926294191919192
0.6790561868686869
0.6788194444444444
0.6796085858585859
0.6803977272727273
0.6700599747474747
0.6827651515151515
0.6815814393939394
0.6812657828282829
0.678582702020202
0.6711647727272727
0.6823705808080808
0.6822916666666666
0.6878156565656566
0.6687184343434344
0.6812657828282829
0.6832386363636364
0.6849747474747475
0.6816603535353535
0.6831597222222222
0.6684816919191919
0.6836332070707071
0.6826862373737373
0.6818970959595959
0.6685606060606061
0.6789772727272727
0.6685606060606061
0.6942866161616161
0.6003787878787878
0.6012468434343434
0.5998263888888888
0.5998263888888888
0.5990372474747475
0.6000631313131313
0.6003787878787878
0.5980113636363636
0.5996685606060606
