1.6717960858585859
1.6784248737373737
1.6605902777777777
1.6843434343434343
0.5717329545454546
1.6788194444444444
1.6459911616161615
1.685290404040404
1.6706912878787878
0.5743371212121212
1.7157512626262625
1.7080176767676767
1.6855271464646464
1.6789772727272727
0.5703914141414141
0.5729166666666666
1.6631944444444444
1.6592487373737375
1.6726641414141414
1.6770044191919191
1.6669034090909092
1.6654829545454546
1.6825284090909092
1.6591698232323233
1.6642992424242424
1.6749526515151516
1.6789772727272727
1.6647727272727273
0.5724431818181818
1.6635890151515151
1.6660353535353536
1.6801609848484849
1.6787405303030303
1.6856060606060606
1.6564078282828283
1.6482007575757576
1.6710858585858586
1.6918402777777777
1.7172506313131313
0.5740214646464646
1.6515940656565657
1.6655618686868687
0.5748895202020202
0.5739425505050505
1.6630366161616161
1.6624842171717171
1.6845012626262625
1.680792297979798
1.6771622474747474
1.7075441919191918
1.6634311868686869
1.6883680555555556
1.686395202020202
1.6641414141414141
1.6799242424242424
0.5729166666666666
1.6828440656565657
1.658459595959596
0.5734690656565656
1.689157196969697
0.5702335858585859
1.670770202020202
1.674084595959596
0.5730744949494949
1.7152777777777777
1.6681660353535352
1.6816603535353536
1.670770202020202
1.6478061868686869
1.6619318181818181
1.6923137626262625
0.5731534090909091
1.7103061868686869
1.6652462121212122
1.6661142676767677
1.6489109848484849
0.5725220959595959
1.6861584595959596
1.657354797979798
1.6617739898989898
0.5724431818181818
1.6630366161616161
0.5732323232323232
1.6898674242424243
1.6579861111111112
1.674084595959596
1.6721117424242424
1.6759785353535352
0.6515151515151515
0.6510416666666666
0.6506470959595959
0.6511994949494949
0.649542297979798
0.6500157828282829
0.6504103535353535
0.6494633838383839
0.6498579545454546
