1.1509627525252526
1.1463068181818181
1.1623263888888888
1.1782670454545454
1.145123106060606
1.151751893939394
1.1661931818181819
1.1665088383838385
1.1632733585858586
1.15625
1.1514362373737375
1.1535669191919191
1.1532512626262625
1.1714804292929293
1.148989898989899
1.1609059343434343
1.1448863636363635
1.167376893939394
1.14386047979798
1.2307449494949494
1.169113005050505
1.1695864898989898
1.1661142676767677
1.1461489898989898
1.142834595959596
1.236584595959596
1.1450441919191918
1.1655618686868687
1.1557765151515151
1.176373106060606
1.2282986111111112
1.1620107323232323
1.1538825757575757
1.1689551767676767
1.1721117424242424
1.143386994949495
1.2294034090909092
1.160195707070707
1.1732954545454546
1.172427398989899
1.1577493686868687
1.1773989898989898
1.2256944444444444
1.1598800505050506
1.1455176767676767
1.1511205808080809
1.2270359848484849
1.1489109848484849
1.1433080808080809
1.1471748737373737
1.1722695707070707
1.160116792929293
1.1655618686868687
1.1760574494949494
1.1455176767676767
1.169665404040404
1.1447285353535352
1.1531723484848484
1.166824494949495
1.1528566919191918
1.1493055555555556
1.1464646464646464
1.1589330808080809
1.1597222222222223
1.1498579545454546
1.1603535353535352
1.1593276515151516
1.1418087121212122
1.1719539141414141
1.1435448232323233
1.1510416666666667
1.151199494949495
1.2307449494949494
1.160037878787879
1.1521464646464648
1.1720328282828283
1.1423611111111112
1.1687184343434343
1.1714804292929293
1.1477272727272727
1.1489109848484849
1.152462121212121
1.1664299242424243
1.1745580808080809
1.1414141414141414
1.1635890151515151
1.2267203282828283
1.1798453282828283
0.6586963383838383
0.6590909090909091
0.6590119949494949
0.65853851010101
0.6586963383838383
0.6590119949494949
0.6587752525252525
0.6587752525252525
0.6592487373737373
