1.1878945707070707
1.1767676767676767
1.2099905303030303
1.137863005050505
1.2267992424242424
1.1867897727272727
1.1390467171717171
1.1755839646464648
1.2067550505050506
1.1887626262626263
1.1879734848484849
1.183633207070707
1.1927872474747474
1.191998106060606
1.1817392676767677
1.1815025252525253
1.138415404040404
1.2230113636363635
1.2204861111111112
1.1839488636363635
1.1860795454545454
1.1795296717171717
1.2101483585858586
1.1501736111111112
1.142834595959596
1.1889204545454546
1.191287878787879
1.1349431818181819
1.1916824494949494
1.145675505050505
1.1878156565656566
1.1860795454545454
1.230508207070707
1.1817392676767677
1.2033617424242424
1.1380997474747474
1.1786616161616161
1.1434659090909092
1.1470170454545454
1.1810290404040404
1.1827651515151516
1.1955492424242424
1.184738005050505
1.148989898989899
1.1457544191919191
1.199179292929293
1.1863162878787878
1.1883680555555556
1.1833964646464648
1.1484375
1.1826073232323233
1.176373106060606
1.2062815656565657
1.1856060606060606
1.2283775252525253
1.1798453282828283
1.1871843434343434
1.2163036616161615
1.2296401515151516
1.2099116161616161
1.1944444444444444
1.1798453282828283
1.186947601010101
1.2012310606060606
1.191287878787879
1.2103061868686869
1.2284564393939394
1.2099905303030303
1.1863162878787878
1.1830808080808082
1.1472537878787878
1.1807133838383839
1.1857638888888888
1.1471748737373737
1.2021780303030303
1.1870265151515151
1.175820707070707
1.1874210858585859
1.1929450757575757
1.2057291666666667
1.206912878787879
1.1862373737373737
1.190814393939394
1.1893150252525253
1.1852114898989898
1.1463857323232323
1.1819760101010102
1.1955492424242424
0.6500157828282829
0.6493055555555556
0.6488320707070707
0.649542297979798
0.650094696969697
0.6485953282828283
0.6484375
0.6499368686868687
0.6493844696969697
