1.5900410353535352
1.5890940656565657
1.5901199494949494
1.589883207070707
1.5928030303030303
1.5840435606060606
1.5879103535353536
1.5767045454545454
1.5888573232323233
1.5923295454545454
1.5917771464646464
1.5923295454545454
1.5908301767676767
1.585385101010101
1.5929608585858586
1.589725378787879
1.5943813131313131
1.5857796717171717
1.5829387626262625
1.5971433080808082
1.5890940656565657
1.597695707070707
1.5866477272727273
1.5930397727272727
1.5843592171717171
1.5861742424242424
1.5907512626262625
1.5889362373737375
1.599905303030303
1.5901199494949494
1.6187657828282829
1.5890940656565657
1.5787563131313131
1.5914614898989898
1.5901199494949494
1.5931186868686869
1.6175031565656566
1.5869633838383839
1.5918560606060606
1.5922506313131313
1.5864109848484849
1.59832702020202
1.5905934343434343
1.5921717171717171
1.6192392676767677
1.5924873737373737
1.589883207070707
1.5925662878787878
1.5940656565656566
1.5946180555555556
1.5774936868686869
1.5920138888888888
1.6003787878787878
1.5911458333333333
1.5990372474747474
1.5916193181818181
1.5910669191919191
1.6175031565656566
1.5903566919191918
1.6189236111111112
1.5958806818181819
1.613873106060606
1.5946969696969697
1.597616792929293
1.590988005050505
1.6198705808080809
1.5805713383838385
1.5917771464646464
1.590435606060606
1.6213699494949494
1.5935921717171717
1.5944602272727273
1.5989583333333333
1.5874368686868687
1.588699494949495
1.5973800505050506
1.5952493686868687
1.5847537878787878
1.581912878787879
1.5883838383838385
1.5985637626262625
1.5940656565656566
1.5901199494949494
1.5828598484848484
1.5858585858585859
1.5859375
1.5857007575757576
1.58917297979798
0.6571969696969697
0.6580650252525253
0.6583017676767676
0.65853851010101
0.6579861111111112
0.6581439393939394
0.6571969696969697
0.6584595959595959
0.6579861111111112
