0.6068497474747475
0.6085069444444444
0.6081912878787878
0.6049558080808081
0.6060606060606061
0.6085069444444444
0.5984848484848485
0.6076388888888888
0.611032196969697
0.6041666666666666
0.6062973484848485
0.6119002525252525
0.6123737373737373
0.6074810606060606
0.6062973484848485
0.6084280303030303
0.6138731060606061
0.6025094696969697
0.602667297979798
0.609927398989899
0.6092960858585859
0.6074021464646465
0.6133996212121212
0.6067708333333334
0.6000631313131313
0.6058238636363636
0.5995107323232324
0.603219696969697
0.610479797979798
0.5991161616161617
0.6143465909090909
0.6127683080808081
0.6176609848484849
0.6017203282828283
0.6066919191919192
0.6106376262626263
0.6022727272727273
0.6025094696969697
0.6085069444444444
0.6092171717171717
0.5990372474747475
0.6101641414141414
0.6058238636363636
0.6067708333333334
0.6200284090909091
0.6126104797979798
0.6173453282828283
0.6059816919191919
0.5982481060606061
0.6028251262626263
0.6043244949494949
0.6014046717171717
0.5994318181818182
0.6009311868686869
0.6163983585858586
0.6069286616161617
0.6050347222222222
0.6025094696969697
0.6036142676767676
0.6051925505050505
0.6022727272727273
0.6034564393939394
0.6031407828282829
0.6096117424242424
0.5988794191919192
0.6027462121212122
0.6002998737373737
0.6039299242424242
0.6193181818181818
0.6086647727272727
0.6043244949494949
0.6048768939393939
0.6047979797979798
0.6120580808080808
0.6078756313131313
0.6041666666666666
0.6122159090909091
0.6012468434343434
0.6044823232323232
0.5985637626262627
0.6145833333333334
0.6025094696969697
0.6100852272727273
0.6171085858585859
0.6081123737373737
0.602667297979798
0.6020359848484849
0.6034564393939394
0.6553030303030303
0.6541982323232324
0.6549873737373737
0.6558554292929293
0.6556186868686869
0.6554608585858586
0.655145202020202
0.6552241161616161
0.6547506313131313
