0.8465119949494949
0.8402777777777778
0.8484059343434344
0.8654513888888888
0.8576388888888888
0.8604008838383839
0.8282039141414141
0.827020202020202
0.8305713383838383
0.8517203282828283
0.8319128787878788
0.8513257575757576
0.8214962121212122
0.8542455808080808
0.8665561868686869
0.8410669191919192
0.8445391414141414
0.8374368686868687
0.8757891414141414
0.8360164141414141
0.8782354797979798
0.8483270202020202
0.8415404040404041
0.8383838383838383
0.8739741161616161
0.8574810606060606
0.8447758838383839
0.8572443181818182
0.8562184343434344
0.8532986111111112
0.8467487373737373
0.8541666666666666
0.8551925505050505
0.85385101010101
0.8379892676767676
0.8589015151515151
0.8484059343434344
0.8409090909090909
0.8704229797979798
0.8386994949494949
0.8332544191919192
0.8497474747474747
0.8252051767676768
0.8732638888888888
0.8417771464646465
0.8550347222222222
0.8355429292929293
0.8490372474747475
0.8546401515151515
0.8511679292929293
0.8375157828282829
0.8532986111111112
0.8386205808080808
0.8420138888888888
0.8479324494949495
0.8510890151515151
0.8699494949494949
0.8718434343434344
0.8534564393939394
0.8415404040404041
0.85385101010101
0.8373579545454546
0.8442234848484849
0.8372001262626263
0.8714488636363636
0.84927398989899
0.8591382575757576
0.850457702020202
0.8549558080808081
0.8560606060606061
0.8594539141414141
0.8706597222222222
0.8364109848484849
0.835385101010101
0.8483270202020202
0.8469854797979798
0.8440656565656566
0.84146148989899
0.8401988636363636
0.8446969696969697
0.8263099747474747
0.8761837121212122
0.8379892676767676
0.8230744949494949
0.8396464646464646
0.8399621212121212
0.8742897727272727
0.8513257575757576
0.6531723484848485
0.6496212121212122
0.6478061868686869
0.6475694444444444
0.6503314393939394
0.6463068181818182
0.6488320707070707
0.6500157828282829
0.6470170454545454
