1.0660511363636365
1.0621843434343434
1.0738636363636365
1.0716540404040404
1.0625789141414141
1.0642361111111112
1.0739425505050506
1.077572601010101
1.0733112373737375
1.0722853535353536
1.0673926767676767
1.0666824494949494
1.0661300505050506
1.0720486111111112
1.066287878787879
1.0692866161616161
1.060842803030303
1.0722064393939394
1.0636837121212122
1.1098484848484849
1.0702335858585859
1.078677398989899
1.0772569444444444
1.0627367424242424
1.0606849747474747
1.1157670454545454
1.0629734848484849
1.074810606060606
1.0709438131313131
1.078677398989899
1.107165404040404
1.074337121212121
1.0674715909090908
1.0761521464646464
1.0752051767676767
1.05792297979798
1.108822601010101
1.0698390151515151
1.0699968434343434
1.0726799242424243
1.065261994949495
1.075363005050505
1.10479797979798
1.0691287878787878
1.066524621212121
1.066287878787879
1.1062184343434343
1.0654198232323233
1.0590277777777777
1.061947601010101
1.071969696969697
1.0760732323232323
1.0777304292929293
1.0815972222222223
1.0603693181818181
1.0712594696969697
1.0624210858585859
1.0674715909090908
1.07354797979798
1.0681818181818181
1.0660511363636365
1.0645517676767677
1.0689709595959596
1.072522095959596
1.058633207070707
1.071417297979798
1.0656565656565657
1.0607638888888888
1.0720486111111112
1.064157196969697
1.0649463383838385
1.0698390151515151
1.108822601010101
1.077572601010101
1.0704703282828283
1.0800189393939394
1.0600536616161615
1.0726799242424243
1.0798611111111112
1.0636837121212122
1.0640782828282829
1.0650252525252526
1.0765467171717171
1.0706281565656566
1.0606060606060606
1.0755997474747474
1.1066919191919191
1.0783617424242424
0.6586963383838383
0.6590909090909091
0.6590119949494949
0.65853851010101
0.6586963383838383
0.6590119949494949
0.6587752525252525
0.6587752525252525
0.6592487373737373
