0.7773832070707071
0.8081597222222222
0.7774621212121212
0.8089488636363636
0.8047664141414141
0.7776988636363636
0.8058712121212122
0.8040561868686869
0.7765940656565656
0.8293876262626263
0.8027146464646465
0.8310448232323232
0.8081597222222222
0.8038983585858586
0.8058712121212122
0.8325441919191919
0.8038983585858586
0.8055555555555556
0.8083964646464646
0.8050031565656566
0.7759627525252525
0.8059501262626263
0.8048453282828283
0.8081597222222222
0.7772253787878788
0.8080808080808081
0.8086332070707071
0.8091066919191919
0.8075284090909091
0.8086332070707071
0.8008207070707071
0.80697601010101
0.8050031565656566
0.7780934343434344
0.8072916666666666
0.7753314393939394
0.7767518939393939
0.8073705808080808
0.8072916666666666
0.8314393939393939
0.8319128787878788
0.8072916666666666
0.8082386363636364
0.8341224747474747
0.8068181818181818
0.8300978535353535
0.8301767676767676
0.8051609848484849
0.8070549242424242
0.7764362373737373
0.8091856060606061
0.8068970959595959
0.8050031565656566
0.8095801767676768
0.8067392676767676
0.8073705808080808
0.8049242424242424
0.8062657828282829
0.8064236111111112
0.7755681818181818
0.8088699494949495
0.805792297979798
0.8079229797979798
0.7764362373737373
0.8091066919191919
0.8070549242424242
0.7756470959595959
0.8060290404040404
0.8023200757575758
0.8072916666666666
0.8050820707070707
0.8075284090909091
0.8105271464646465
0.8073705808080808
0.7779356060606061
0.8053977272727273
0.8105271464646465
0.7791193181818182
0.8067392676767676
0.8095012626262627
0.7785669191919192
0.8076073232323232
0.8065814393939394
0.8085542929292929
0.8083964646464646
0.8098958333333334
0.8087910353535354
0.8079229797979798
0.6267361111111112
0.6286300505050505
0.6276830808080808
0.6281565656565656
0.6279987373737373
0.6278409090909091
0.6275252525252525
0.6279198232323232
0.6283143939393939
