1.3028724747474747
1.305792297979798
1.2800662878787878
1.2980587121212122
1.316287878787879
1.2824337121212122
1.311395202020202
1.3110795454545454
1.2910353535353536
1.3022411616161615
1.2966382575757576
1.3003472222222223
1.2949021464646464
1.2977430555555556
1.214251893939394
1.2981376262626263
1.2945864898989898
1.2182765151515151
1.2991635101010102
1.2943497474747474
1.2981376262626263
1.3004261363636365
1.3033459595959596
1.2932449494949494
1.2991635101010102
1.2830650252525253
1.231060606060606
1.2110164141414141
1.2803819444444444
1.2781723484848484
1.2987689393939394
1.2994002525252526
1.2192234848484849
1.2969539141414141
1.2312973484848484
1.3018465909090908
1.2127525252525253
1.2799084595959596
1.3010574494949494
1.2990056818181819
1.299636994949495
1.2157512626262625
1.3005050505050506
1.2088857323232323
1.3027146464646464
1.2955334595959596
1.2989267676767677
1.2956123737373737
1.2824337121212122
1.2947443181818181
1.2809343434343434
1.3117897727272727
1.2949021464646464
1.293087121212121
1.2785669191919191
1.3020044191919191
1.2986111111111112
1.2083333333333333
1.3076073232323233
1.3127367424242424
1.3023989898989898
1.2178819444444444
1.2848800505050506
1.2888257575757576
1.301373106060606
1.2830650252525253
1.2152777777777777
1.2247474747474747
1.2992424242424243
1.2802241161616161
1.2836963383838385
1.295770202020202
1.3172348484848484
1.2805397727272727
1.3005050505050506
1.216540404040404
1.2972695707070707
1.289614898989899
1.2986111111111112
1.2983743686868687
1.299084595959596
1.3038194444444444
1.2805397727272727
1.2172506313131313
1.2943497474747474
1.2962436868686869
1.2970328282828283
1.2144097222222223
0.6163194444444444
0.6152935606060606
0.6126104797979798
0.6165561868686869
0.6126893939393939
0.6171875
0.6138731060606061
0.6176609848484849
0.616635101010101
