1.291272095959596
1.2919034090909092
1.3132102272727273
1.2811710858585859
1.2904829545454546
1.291824494949495
1.293087121212121
1.2846433080808082
1.2937973484848484
1.2931660353535352
1.2982954545454546
1.2917455808080809
1.287405303030303
1.29363952020202
1.2973484848484849
1.3011363636363635
1.2976641414141414
1.2825915404040404
1.284011994949495
1.2919823232323233
1.30792297979798
1.2976641414141414
1.2896938131313131
1.2911142676767677
1.2906407828282829
1.2246685606060606
1.2869318181818181
1.2972695707070707
1.28582702020202
1.2324021464646464
1.2300347222222223
1.2865372474747474
1.296322601010101
1.227114898989899
1.2911142676767677
1.2911931818181819
1.227667297979798
1.3016887626262625
1.2213541666666667
1.2933238636363635
1.2932449494949494
1.293087121212121
1.2369791666666667
1.3020833333333333
1.2899305555555556
1.2959280303030303
1.2959280303030303
1.2972695707070707
1.2992424242424243
1.3075284090909092
1.2975852272727273
1.3010574494949494
1.285116792929293
1.2837752525252526
1.2899305555555556
1.2199337121212122
1.2178030303030303
1.296875
1.2854324494949494
1.3000315656565657
1.2945864898989898
1.2874842171717171
1.2827493686868687
1.2926925505050506
1.2189867424242424
1.2335858585858586
1.2905618686868687
1.3047664141414141
1.2854324494949494
1.2921401515151516
1.224352904040404
1.2893781565656566
1.222616792929293
1.2883522727272727
1.3002683080808082
1.222616792929293
1.3062657828282829
1.2945864898989898
1.296322601010101
1.295770202020202
1.2921401515151516
1.2248263888888888
1.300899621212121
1.2998737373737375
1.238399621212121
1.2919823232323233
1.2864583333333333
1.2972695707070707
0.6044034090909091
0.6067708333333334
0.6009311868686869
0.6068497474747475
0.6036142676767676
0.6030618686868687
0.6027462121212122
0.6073232323232324
0.6033775252525253
