1.0946969696969697
1.0842013888888888
1.0958017676767677
1.0617897727272727
1.1098484848484849
1.0939078282828283
1.065261994949495
1.0874368686868687
1.0917771464646464
1.0952493686868687
1.0924084595959596
1.0918560606060606
1.0953282828282829
1.0967487373737375
1.0894886363636365
1.0883049242424243
1.0643939393939394
1.1081123737373737
1.105587121212121
1.0921717171717171
1.0913036616161615
1.0854640151515151
1.0980902777777777
1.0711016414141414
1.0671559343434343
1.0940656565656566
1.0953282828282829
1.0639204545454546
1.0947758838383839
1.0703914141414141
1.0923295454545454
1.0941445707070707
1.113241792929293
1.0900410353535352
1.0931186868686869
1.0683396464646464
1.0859375
1.0698390151515151
1.0690498737373737
1.0876736111111112
1.08917297979798
1.0868055555555556
1.09051452020202
1.0721275252525253
1.0733112373737375
1.0924873737373737
1.0933554292929293
1.0940656565656566
1.089962121212121
1.0720486111111112
1.091540404040404
1.0872001262626263
1.094302398989899
1.0938289141414141
1.112689393939394
1.08917297979798
1.0934343434343434
1.1028251262626263
1.1115056818181819
1.0992739898989898
1.0886205808080809
1.0901988636363635
1.0938289141414141
1.09051452020202
1.0947758838383839
1.0969065656565657
1.1100852272727273
1.0957228535353536
1.0923295454545454
1.0900410353535352
1.0709438131313131
1.0854640151515151
1.0912247474747474
1.0707070707070707
1.090988005050505
1.0944602272727273
1.0871212121212122
1.0940656565656566
1.095407196969697
1.0960385101010102
1.0951704545454546
1.0916193181818181
1.09375
1.0939867424242424
1.0917771464646464
1.0693655303030303
1.0905934343434343
1.089804292929293
0.6500157828282829
0.6493055555555556
0.6488320707070707
0.649542297979798
0.650094696969697
0.6485953282828283
0.6484375
0.6499368686868687
0.6493844696969697
