1.0558712121212122
1.0505050505050506
1.0884627525252526
1.0282512626262625
1.0402462121212122
1.0577651515151516
1.058475378787879
1.0333806818181819
1.0548453282828283
1.0517676767676767
1.0600536616161615
1.0434816919191918
1.0399305555555556
1.0503472222222223
1.0628156565656566
1.0796243686868687
1.0633680555555556
1.0308554292929293
1.032907196969697
1.0528724747474747
1.086489898989899
1.0566603535353536
1.041272095959596
1.0534248737373737
1.0522411616161615
1.053582702020202
1.0339330808080809
1.0595012626262625
1.0415877525252526
1.065814393939394
1.0620265151515151
1.035037878787879
1.0613162878787878
1.0620265151515151
1.0403251262626263
1.0505839646464648
1.061395202020202
1.0577651515151516
1.0572127525252526
1.0550820707070707
1.049636994949495
1.0420612373737375
1.0668402777777777
1.0621054292929293
1.047979797979798
1.0543718434343434
1.0572916666666667
1.0583175505050506
1.0639993686868687
1.0865688131313131
1.0606060606060606
1.0593434343434343
1.041824494949495
1.0314078282828283
1.0381944444444444
1.0589488636363635
1.0546875
1.0771780303030303
1.035274621212121
1.0625789141414141
1.0571338383838385
1.0525568181818181
1.0298295454545454
1.0582386363636365
1.0560290404040404
1.0646306818181819
1.0395359848484849
1.083175505050505
1.0361426767676767
1.0542929292929293
1.059185606060606
1.0540561868686869
1.0624210858585859
1.044113005050505
1.081912878787879
1.055239898989899
1.0838857323232323
1.0555555555555556
1.057449494949495
1.0531092171717171
1.0460858585858586
1.0600536616161615
1.0595801767676767
1.0591066919191918
1.0651041666666667
1.0538194444444444
1.0447443181818181
1.0607638888888888
0.6044034090909091
0.6067708333333334
0.6009311868686869
0.6068497474747475
0.6036142676767676
0.6030618686868687
0.6027462121212122
0.6073232323232324
0.6033775252525253
