0.6163194444444444
0.6129261363636364
0.6182133838383839
0.6124526515151515
0.6201862373737373
0.6142676767676768
0.6141098484848485
0.6180555555555556
0.6173453282828283
0.6168718434343434
0.616635101010101
0.6131628787878788
0.6147411616161617
0.6204229797979798
0.6221590909090909
0.6253945707070707
0.6125315656565656
0.616082702020202
0.6234217171717171
0.6175820707070707
0.6178188131313131
0.6179766414141414
0.6137941919191919
0.6142676767676768
0.6121369949494949
0.6108743686868687
0.618844696969697
0.6170296717171717
0.6119002525252525
0.6186079545454546
0.6124526515151515
0.6208175505050505
0.6184501262626263
0.6238162878787878
0.6226325757575758
0.6122159090909091
0.6171875
0.626657196969697
0.6140309343434344
0.625
0.6256313131313131
0.6122948232323232
0.6168718434343434
0.6140309343434344
0.6144255050505051
0.6173453282828283
0.6196338383838383
0.6145833333333334
0.6201073232323232
0.6164772727272727
0.6268150252525253
0.6212121212121212
0.61947601010101
0.6191603535353535
0.6172664141414141
0.6144255050505051
0.6139520202020202
0.6176609848484849
0.6137152777777778
0.6124526515151515
0.6167140151515151
0.6174242424242424
0.6149779040404041
0.6163983585858586
0.6149779040404041
0.6217645202020202
0.615530303030303
0.6178977272727273
0.6193970959595959
0.6184501262626263
0.6257102272727273
0.6130050505050505
0.6222380050505051
0.6133996212121212
0.6205808080808081
0.6139520202020202
0.6141887626262627
0.6182133838383839
0.6236584595959596
0.6185290404040404
0.6159248737373737
0.6147411616161617
0.6271306818181818
0.6168718434343434
0.6145833333333334
0.6215277777777778
0.6115056818181818
0.6134785353535354
0.6584595959595959
0.6589330808080808
0.6583806818181818
0.6586963383838383
0.6597222222222222
0.6584595959595959
0.6590119949494949
0.6593276515151515
0.6586963383838383
