1.1193181818181819
1.1023516414141414
1.1074021464646464
1.1044034090909092
1.1007733585858586
1.1051136363636365
1.1000631313131313
1.1029829545454546
1.108270202020202
1.11395202020202
1.1313131313131313
1.1081123737373737
1.1324179292929293
1.107165404040404
1.1151357323232323
1.1086647727272727
1.1089015151515151
1.1320233585858586
1.098800505050505
1.119949494949495
1.1069286616161615
1.0943813131313131
1.1100852272727273
1.108270202020202
1.108822601010101
1.1029829545454546
1.116082702020202
1.1034564393939394
1.1307607323232323
1.1062184343434343
1.1098484848484849
1.1318655303030303
1.11261047979798
1.0990372474747474
1.1331281565656566
1.1040877525252526
1.1002209595959596
1.1070864898989898
1.1127683080808082
1.115530303030303
1.1142676767676767
1.1017992424242424
1.1059027777777777
1.1085069444444444
1.1152935606060606
1.1070075757575757
1.1056660353535352
1.0985637626262625
1.114977904040404
1.1100852272727273
1.131155303030303
1.1073232323232323
1.1141098484848484
1.1092171717171717
1.1038510101010102
1.1101641414141414
1.1130050505050506
1.1095328282828283
1.111584595959596
1.1010890151515151
1.1122948232323233
1.10479797979798
1.1028251262626263
1.1021938131313131
1.1152146464646464
1.0965909090909092
1.1161616161616161
1.113162878787879
1.0995107323232323
1.1122948232323233
1.1001420454545454
1.1001420454545454
1.1017992424242424
1.1046401515151516
1.1141098484848484
1.1163194444444444
1.1065340909090908
1.1103219696969697
1.1152146464646464
1.1069286616161615
1.1104008838383839
1.1034564393939394
1.0906723484848484
1.1106376262626263
1.113873106060606
1.131707702020202
1.1074810606060606
1.1062973484848484
0.6559343434343434
0.6549873737373737
0.6559343434343434
0.6561710858585859
0.6560132575757576
0.6563289141414141
0.65625
0.6553819444444444
0.6553030303030303
