1.153488005050505
1.1111900252525253
1.1049558080808082
1.1860795454545454
1.0862531565656566
1.111584595959596
1.1065340909090908
1.1476483585858586
1.1107954545454546
1.0903566919191918
1.0869633838383839
1.0867266414141414
1.1157670454545454
1.0855429292929293
1.1845801767676767
1.1107165404040404
1.1170296717171717
1.1116635101010102
1.1513573232323233
1.1100852272727273
1.1119002525252526
1.1104008838383839
1.1045612373737375
1.1111900252525253
1.1860795454545454
1.1840277777777777
1.1501736111111112
1.1134785353535352
1.1503314393939394
1.1096906565656566
1.183475378787879
1.0840435606060606
1.1095328282828283
1.1096117424242424
1.1119002525252526
1.1123737373737375
1.0889362373737375
1.1078756313131313
1.1525410353535352
1.1483585858585859
1.183633207070707
1.1515151515151516
1.1534090909090908
1.1543560606060606
1.0886205808080809
1.1494633838383839
1.1521464646464648
1.149542297979798
1.1145044191919191
1.1119791666666667
1.1085069444444444
1.154592803030303
1.1101641414141414
1.0847537878787878
1.1109532828282829
1.0889362373737375
1.113399621212121
1.105587121212121
1.109375
1.1098484848484849
1.1112689393939394
1.1065340909090908
1.147332702020202
1.1081123737373737
1.0872790404040404
1.1116635101010102
1.1826862373737375
1.1063762626262625
1.1103219696969697
1.1128472222222223
1.1085858585858586
1.1123737373737375
1.1092171717171717
1.1089015151515151
1.1092960858585859
1.0929608585858586
1.1114267676767677
1.0900410353535352
1.1094539141414141
1.1831597222222223
1.11395202020202
1.1094539141414141
1.0875157828282829
1.088147095959596
1.0862531565656566
1.152383207070707
1.1111111111111112
1.1103219696969697
0.6000631313131313
0.6005366161616161
0.6011679292929293
0.5979324494949495
0.601010101010101
0.5998263888888888
0.601010101010101
0.5996685606060606
0.5998263888888888
