1.1665088383838385
1.2217487373737375
1.1706912878787878
1.1979955808080809
1.1886837121212122
1.230587121212121
1.1189236111111112
1.1164772727272727
1.215435606060606
1.1742424242424243
1.1213699494949494
1.1796875
1.2078598484848484
1.1885258838383839
1.2155934343434343
1.1410195707070707
1.160748106060606
1.1358112373737375
1.2489741161616161
1.1287089646464648
1.2524463383838385
1.1720328282828283
1.1642992424242424
1.1561710858585859
1.2463699494949494
1.1878156565656566
1.223800505050505
1.1845012626262625
1.1874210858585859
1.185842803030303
1.1740056818181819
1.1800031565656566
1.226010101010101
1.1800031565656566
1.219302398989899
1.199258207070707
1.1380208333333333
1.1566445707070707
1.215988005050505
1.136679292929293
1.2168560606060606
1.1803188131313131
1.2095170454545454
1.245975378787879
1.1621685606060606
1.185842803030303
1.1291035353535352
1.172979797979798
1.1965751262626263
1.1809501262626263
1.1339962121212122
1.1843434343434343
1.1358901515151516
1.1392834595959596
1.175662878787879
1.1800820707070707
1.2173295454545454
1.2442392676767677
1.1897885101010102
1.152225378787879
1.1801609848484849
1.2218276515151516
1.1660353535353536
1.2186710858585859
1.2424242424242424
1.1796085858585859
1.191287878787879
1.1789772727272727
1.183712121212121
1.1893939393939394
1.1716382575757576
1.2196180555555556
1.129498106060606
1.151199494949495
1.1770833333333333
1.1723484848484849
1.1642992424242424
1.2244318181818181
1.2241950757575757
1.2239583333333333
1.1208964646464648
1.2491319444444444
1.1520675505050506
1.2066761363636365
1.156802398989899
1.2189078282828283
1.246054292929293
1.1779513888888888
0.6531723484848485
0.6496212121212122
0.6478061868686869
0.6475694444444444
0.6503314393939394
0.6463068181818182
0.6488320707070707
0.6500157828282829
0.6470170454545454
