0.7393465909090909
0.7351641414141414
0.7372948232323232
0.7383207070707071
0.7374526515151515
0.7367424242424242
0.7378472222222222
0.7385574494949495
0.7379261363636364
0.7388731060606061
0.7399779040404041
0.73989898989899
0.7574968434343434
0.7358743686868687
0.7328756313131313
0.7578125
0.7411616161616161
0.7372948232323232
0.7369791666666666
0.7384785353535354
0.7370580808080808
0.7379261363636364
0.7370580808080808
0.7359532828282829
0.7374526515151515
0.7363478535353535
0.7387152777777778
0.7387941919191919
0.7342960858585859
0.7379261363636364
0.7388731060606061
0.7346906565656566
0.7588383838383839
0.7381628787878788
0.7406092171717171
0.73666351010101
0.7357954545454546
0.7357954545454546
0.7373737373737373
0.7374526515151515
0.7355587121212122
0.7372948232323232
0.7574968434343434
0.7391098484848485
0.7571022727272727
0.7373737373737373
0.7351641414141414
0.7571022727272727
0.73666351010101
0.7376893939393939
0.7398200757575758
0.7365845959595959
0.734927398989899
0.73666351010101
0.7378472222222222
0.7375315656565656
0.7331123737373737
0.7577335858585859
0.7383996212121212
0.7391887626262627
0.7358743686868687
0.7372948232323232
0.7387941919191919
0.7352430555555556
0.7389520202020202
0.7392676767676768
0.7364267676767676
0.7395044191919192
0.7389520202020202
0.7393465909090909
0.7385574494949495
0.7580492424242424
0.735479797979798
0.7389520202020202
0.7378472222222222
0.7365056818181818
0.7380050505050505
0.7365056818181818
0.7369791666666666
0.7380839646464646
0.7383996212121212
0.736032196969697
0.7370580808080808
0.7362689393939394
0.7398200757575758
0.7380050505050505
0.7396622474747475
0.7342960858585859
0.657354797979798
0.6570391414141414
0.6563289141414141
0.6583017676767676
0.6582228535353535
0.6580650252525253
0.6583017676767676
0.6559343434343434
0.6564867424242424
