0.5701546717171717
1.6496212121212122
0.5675505050505051
1.6482796717171717
1.6490688131313131
0.570864898989899
1.6426767676767677
1.6397569444444444
0.5693655303030303
1.670217803030303
1.636758207070707
1.6728219696969697
1.6496212121212122
1.640625
1.6433080808080809
1.6706123737373737
1.6414930555555556
1.6385732323232323
1.648989898989899
1.6459911616161615
0.5683396464646465
1.6496212121212122
1.6388888888888888
1.6502525252525253
0.5690498737373737
1.6477272727272727
1.6486742424242424
1.6499368686868687
1.6515940656565657
1.6455176767676767
1.638967803030303
1.6468592171717171
1.6396780303030303
0.5696811868686869
1.6474905303030303
0.5689709595959596
0.568655303030303
1.6485953282828283
1.6497790404040404
1.6715593434343434
1.6732165404040404
1.6469381313131313
1.6463857323232323
1.6731376262626263
1.6480429292929293
1.6719539141414141
1.6729008838383839
1.6394412878787878
1.646227904040404
0.5690498737373737
1.6471748737373737
1.6450441919191918
1.6390467171717171
1.6500157828282829
1.6474116161616161
1.6470959595959596
1.6422032828282829
1.6468592171717171
1.6504103535353536
0.5681818181818182
1.6464646464646464
1.6399936868686869
1.6474116161616161
0.5687342171717171
1.644570707070707
1.6471748737373737
0.5685763888888888
1.6482796717171717
1.6383364898989898
1.6477272727272727
1.6413352272727273
1.6480429292929293
1.6508049242424243
1.6454387626262625
0.5693655303030303
1.6370738636363635
1.6471748737373737
0.5684974747474747
1.64386047979798
1.648989898989899
0.5688920454545454
1.6458333333333333
1.6487531565656566
1.6481218434343434
1.6479640151515151
1.6510416666666667
1.646780303030303
1.6486742424242424
0.6267361111111112
0.6286300505050505
0.6276830808080808
0.6281565656565656
0.6279987373737373
0.6278409090909091
0.6275252525252525
0.6279198232323232
0.6283143939393939
