0.8400410353535354
0.8392518939393939
0.8385416666666666
0.8398832070707071
0.8399621212121212
0.7859848484848485
0.7863794191919192
0.8484059343434344
0.8404356060606061
0.8391729797979798
0.8400410353535354
0.8394886363636364
0.8394097222222222
0.8398042929292929
0.8363320707070707
0.8362531565656566
0.7843276515151515
0.8407512626262627
0.852114898989899
0.7819602272727273
0.8383049242424242
0.8404356060606061
0.8398832070707071
0.8402777777777778
0.8407512626262627
0.8389362373737373
0.7863005050505051
0.8410669191919192
0.8424084595959596
0.7853535353535354
0.7843276515151515
0.8388573232323232
0.8395675505050505
0.8383838383838383
0.8358585858585859
0.7799873737373737
0.7809343434343434
0.8379892676767676
0.7838541666666666
0.8494318181818182
0.8405145202020202
0.8372790404040404
0.8383838383838383
0.8399621212121212
0.8367266414141414
0.8379892676767676
0.8496685606060606
0.8394886363636364
0.8384627525252525
0.782354797979798
0.8386205808080808
0.8364109848484849
0.7843276515151515
0.8389362373737373
0.8495107323232324
0.8408301767676768
0.7840119949494949
0.8396464646464646
0.8383049242424242
0.8428030303030303
0.8374368686868687
0.8403566919191919
0.8378314393939394
0.8389362373737373
0.8387784090909091
0.8488794191919192
0.835385101010101
0.8392518939393939
0.8379892676767676
0.7840119949494949
0.8389362373737373
0.8371212121212122
0.8484848484848485
0.8519570707070707
0.8390151515151515
0.8394886363636364
0.8367266414141414
0.8386205808080808
0.8373579545454546
0.8390940656565656
0.7859848484848485
0.837594696969697
0.8387784090909091
0.8395675505050505
0.8405145202020202
0.7855113636363636
0.83822601010101
0.8387784090909091
0.6471748737373737
0.6483585858585859
0.6482007575757576
0.6493844696969697
0.6484375
0.648989898989899
0.6486742424242424
0.6485164141414141
0.6490688131313131
