0.5828598484848485
0.5833333333333334
0.5743371212121212
0.5831755050505051
0.5974589646464646
0.5759943181818182
0.5935921717171717
0.5935921717171717
0.5795454545454546
0.5924873737373737
0.5790719696969697
0.5811237373737373
0.5810448232323232
0.5801767676767676
0.5905145202020202
0.5825441919191919
0.5796243686868687
0.5913036616161617
0.5839646464646465
0.5803345959595959
0.5822285353535354
0.5839646464646465
0.5934343434343434
0.5801767676767676
0.5809659090909091
0.5750473484848485
0.5901199494949495
0.5872001262626263
0.5741003787878788
0.5737058080808081
0.5819917929292929
0.5806502525252525
0.5932765151515151
0.5807291666666666
0.592645202020202
0.5806502525252525
0.5886205808080808
0.5749684343434344
0.5815183080808081
0.5819128787878788
0.5819128787878788
0.5899621212121212
0.5821496212121212
0.5872790404040404
0.5813604797979798
0.5815972222222222
0.5831755050505051
0.5805713383838383
0.5759943181818182
0.5812815656565656
0.5759154040404041
0.5946180555555556
0.579782196969697
0.5819917929292929
0.5736268939393939
0.5816761363636364
0.5831755050505051
0.5879103535353535
0.5875157828282829
0.5942234848484849
0.5819917929292929
0.5907512626262627
0.576467803030303
0.5768623737373737
0.5828598484848485
0.5757575757575758
0.5900410353535354
0.5909880050505051
0.5808080808080808
0.5740214646464646
0.5747316919191919
0.5813604797979798
0.5975378787878788
0.5752051767676768
0.5853061868686869
0.5878314393939394
0.5812815656565656
0.5818339646464646
0.5833333333333334
0.5821496212121212
0.5814393939393939
0.5834122474747475
0.5770991161616161
0.5901199494949495
0.5819128787878788
0.5806502525252525
0.5825441919191919
0.58822601010101
0.6163194444444444
0.6152935606060606
0.6126104797979798
0.6165561868686869
0.6126893939393939
0.6171875
0.6138731060606061
0.6176609848484849
0.616635101010101
