1.331439393939394
1.3474589646464648
1.3499842171717171
1.3492739898989898
1.3480902777777777
1.3496685606060606
1.3468276515151516
1.3481691919191918
1.3513257575757576
1.3221275252525253
1.371133207070707
1.3502998737373737
1.3757891414141414
1.3512468434343434
1.3252840909090908
1.3523516414141414
1.3516414141414141
1.3751578282828283
1.3471433080808082
1.3290719696969697
1.3491950757575757
1.3413036616161615
1.3517992424242424
1.3502209595959596
1.3508522727272727
1.3450126262626263
1.3557449494949494
1.347774621212121
1.3714488636363635
1.3507733585858586
1.3521938131313131
1.373895202020202
1.3209438131313131
1.3474589646464648
1.3758680555555556
1.3486426767676767
1.3478535353535352
1.3502209595959596
1.3162089646464648
1.356613005050505
1.323074494949495
1.345407196969697
1.3488794191919191
1.3143150252525253
1.3552714646464648
1.3510890151515151
1.3125789141414141
1.3457228535353536
1.3566919191919191
1.3514046717171717
1.371685606060606
1.3517203282828283
1.319207702020202
1.3507733585858586
1.3472222222222223
1.3512468434343434
1.3534564393939394
1.3513257575757576
1.31573547979798
1.3467487373737375
1.3209438131313131
1.350457702020202
1.3481691919191918
1.346511994949495
1.3580334595959596
1.3434343434343434
1.323626893939394
1.3532986111111112
1.3454861111111112
1.3205492424242424
1.345407196969697
1.3468276515151516
1.3450126262626263
1.3487215909090908
1.3559027777777777
1.3583491161616161
1.3509311868686869
1.3528251262626263
1.3258364898989898
1.3501420454545454
1.3523516414141414
1.3478535353535352
1.3414614898989898
1.3529040404040404
1.3196811868686869
1.3745265151515151
1.3513257575757576
1.3484059343434343
0.6559343434343434
0.6549873737373737
0.6559343434343434
0.6561710858585859
0.6560132575757576
0.6563289141414141
0.65625
0.6553819444444444
0.6553030303030303
