1.4524147727272727
1.4527304292929293
1.4565972222222223
1.4700915404040404
1.465435606060606
1.4762468434343434
1.4204545454545454
1.4184027777777777
1.4404198232323233
1.4538352272727273
1.4193497474747474
1.4562026515151516
1.4367108585858586
1.4608585858585859
1.4694602272727273
1.4348169191919191
1.452020202020202
1.4338699494949494
1.4944760101010102
1.4261363636363635
1.499447601010101
1.4539141414141414
1.4462594696969697
1.4441287878787878
1.4939236111111112
1.4662247474747474
1.4663036616161615
1.4657512626262625
1.4636205808080809
1.462594696969697
1.4524936868686869
1.4609375
1.4719065656565657
1.4614109848484849
1.4505208333333333
1.4707228535353536
1.4281092171717171
1.4477588383838385
1.4744318181818181
1.4311868686868687
1.4471275252525253
1.4630681818181819
1.438604797979798
1.4926609848484849
1.4512310606060606
1.4607796717171717
1.4199810606060606
1.4597537878787878
1.464725378787879
1.4584911616161615
1.4270044191919191
1.4646464646464648
1.4326073232323233
1.4326862373737375
1.4580965909090908
1.4597537878787878
1.4762468434343434
1.4909248737373737
1.4625157828282829
1.440261994949495
1.4594381313131313
1.4560448232323233
1.453677398989899
1.4431818181818181
1.4903724747474747
1.4639362373737375
1.4668560606060606
1.4645675505050506
1.4610164141414141
1.4651199494949494
1.4543087121212122
1.4774305555555556
1.4260574494949494
1.4422348484848484
1.4556502525252526
1.4535195707070707
1.4502051767676767
1.45636047979798
1.4557291666666667
1.456439393939394
1.4177714646464648
1.4951073232323233
1.4432607323232323
1.4351325757575757
1.4465751262626263
1.4502051767676767
1.4936868686868687
1.4568339646464648
0.6531723484848485
0.6496212121212122
0.6478061868686869
0.6475694444444444
0.6503314393939394
0.6463068181818182
0.6488320707070707
0.6500157828282829
0.6470170454545454
