1.1351010101010102
1.1306818181818181
1.1320233585858586
1.1339962121212122
1.1345486111111112
1.1298137626262625
1.17645202020202
1.1268150252525253
1.1336016414141414
1.1310763888888888
1.129024621212121
1.214725378787879
1.1308396464646464
1.1399147727272727
1.1287089646464648
1.1339962121212122
1.1325757575757576
1.1666666666666667
1.1329703282828283
1.1321811868686869
1.1332070707070707
1.1356534090909092
1.1380997474747474
1.2204861111111112
1.1302872474747474
1.1332859848484849
1.1305239898989898
1.1762152777777777
1.1293402777777777
1.1720328282828283
1.1316287878787878
1.132260101010101
1.1314709595959596
1.1320233585858586
1.2214330808080809
1.140625
1.1291035353535352
1.1307607323232323
1.1371527777777777
1.1737689393939394
1.129498106060606
1.1302872474747474
1.2152777777777777
1.1306818181818181
1.1296559343434343
1.166824494949495
1.167929292929293
1.1372316919191918
1.1323390151515151
1.128787878787879
1.129498106060606
1.1316287878787878
1.1742424242424243
1.1279987373737375
1.1314709595959596
1.1699810606060606
1.1301294191919191
1.1659564393939394
1.1386521464646464
1.1684816919191918
1.137310606060606
1.1251578282828283
1.1302872474747474
1.2215909090909092
1.1291035353535352
1.1664299242424243
1.2196180555555556
1.1336805555555556
1.1279987373737375
1.2167771464646464
1.1313131313131313
1.1730587121212122
1.1335227272727273
1.169665404040404
1.2196180555555556
1.1306818181818181
1.1286300505050506
1.1303661616161615
1.1396780303030303
1.1693497474747474
1.1313131313131313
1.1332859848484849
1.1279987373737375
1.1310763888888888
1.1326546717171717
1.1362058080808082
1.1301294191919191
1.1665877525252526
0.6496212121212122
0.6498579545454546
0.6498579545454546
0.6504103535353535
0.6493844696969697
0.6500157828282829
0.6496212121212122
0.6496212121212122
0.650094696969697
