1.1927872474747474
1.1638257575757576
1.1895517676767677
1.1809501262626263
1.2074652777777777
1.1706912878787878
1.1871054292929293
1.2095170454545454
1.2060448232323233
1.1956281565656566
1.1833964646464648
1.17511047979798
1.1811079545454546
1.2086489898989898
1.2178819444444444
1.2503156565656566
1.1693497474747474
1.1974431818181819
1.2500789141414141
1.2072285353535352
1.1954703282828283
1.19854797979798
1.1755839646464648
1.1741635101010102
1.1589330808080809
1.160195707070707
1.2010732323232323
1.1837910353535352
1.1553819444444444
1.1979166666666667
1.1641414141414141
1.2146464646464648
1.1971275252525253
1.2246685606060606
1.2152777777777777
1.1734532828282829
1.1857638888888888
1.2502367424242424
1.1684816919191918
1.2248263888888888
1.249447601010101
1.1741635101010102
1.1831597222222223
1.1734532828282829
1.1875789141414141
1.2017045454545454
1.199810606060606
1.1767676767676767
1.2126736111111112
1.1882102272727273
1.2512626262626263
1.2101483585858586
1.2052556818181819
1.2088068181818181
1.1974431818181819
1.1794507575757576
1.175899621212121
1.190261994949495
1.1676136363636365
1.161852904040404
1.1957070707070707
1.212042297979798
1.2021780303030303
1.1967329545454546
1.1935763888888888
1.2492108585858586
1.1784248737373737
1.1979955808080809
1.2080965909090908
1.1972853535353536
1.2508680555555556
1.161300505050505
1.2211174242424243
1.1730587121212122
1.2171717171717171
1.1810290404040404
1.1918402777777777
1.1972853535353536
1.2219065656565657
1.2136205808080809
1.2012310606060606
1.180792297979798
1.2492897727272727
1.1994160353535352
1.1745580808080809
1.202572601010101
1.159564393939394
1.1729008838383839
0.6584595959595959
0.6589330808080808
0.6583806818181818
0.6586963383838383
0.6597222222222222
0.6584595959595959
0.6590119949494949
0.6593276515151515
0.6586963383838383
