1.43292297979798
1.426373106060606
1.4379734848484849
1.3837594696969697
1.4327651515151516
1.4328440656565657
1.4417613636363635
1.4410511363636365
1.439709595959596
1.435290404040404
1.4325284090909092
1.4360006313131313
1.4349747474747474
1.3877051767676767
1.4315025252525253
1.438604797979798
1.4307133838383839
1.386837121212121
1.4316603535353536
1.4774305555555556
1.3869160353535352
1.4395517676767677
1.4422348484848484
1.4270833333333333
1.4307133838383839
1.4846906565656566
1.4277146464646464
1.435290404040404
1.4379734848484849
1.3978061868686869
1.4752209595959596
1.4353693181818181
1.4325284090909092
1.4393150252525253
1.390072601010101
1.4283459595959596
1.4742739898989898
1.43426452020202
1.3880997474747474
1.3923611111111112
1.4339488636363635
1.3932291666666667
1.4751420454545454
1.4378945707070707
1.4328440656565657
1.4308712121212122
1.4737215909090908
1.4297664141414141
1.4266887626262625
1.4249526515151516
1.3888888888888888
1.4341066919191918
1.4446811868686869
1.4461805555555556
1.4268465909090908
1.3905460858585859
1.4255839646464648
1.4320549242424243
1.3827335858585859
1.4355271464646464
1.4288194444444444
1.4301609848484849
1.4375
1.4382102272727273
1.4300820707070707
1.4382891414141414
1.438052398989899
1.430239898989899
1.3869949494949494
1.4275568181818181
1.4287405303030303
1.4311079545454546
1.4775883838383839
1.4390782828282829
1.4316603535353536
1.4452335858585859
1.4266098484848484
1.3902304292929293
1.444207702020202
1.4305555555555556
1.4278724747474747
1.432449494949495
1.4408933080808082
1.385574494949495
1.4279513888888888
1.4373421717171717
1.4738794191919191
1.3958333333333333
0.6586963383838383
0.6590909090909091
0.6590119949494949
0.65853851010101
0.6586963383838383
0.6590119949494949
0.6587752525252525
0.6587752525252525
0.6592487373737373
