1.2391098484848484
1.1775568181818181
1.1919191919191918
1.1796875
1.1729008838383839
1.175899621212121
1.1700599747474747
1.1777146464646464
1.1881313131313131
1.231613005050505
1.2526830808080809
1.1904987373737375
1.254024621212121
1.1845801767676767
1.2335069444444444
1.1901041666666667
1.1934185606060606
1.254498106060606
1.1661142676767677
1.2391098484848484
1.1877367424242424
1.1661142676767677
1.1967329545454546
1.1916035353535352
1.1946811868686869
1.1873421717171717
1.2044665404040404
1.1826862373737375
1.2537089646464648
1.1884469696969697
1.1911300505050506
1.2531565656565657
1.2330334595959596
1.1689551767676767
1.253787878787879
1.1800820707070707
1.1753472222222223
1.1892361111111112
1.2290877525252526
1.2093592171717171
1.232717803030303
1.1773989898989898
1.1826862373737375
1.226010101010101
1.2073863636363635
1.1843434343434343
1.222695707070707
1.1681660353535352
1.2016256313131313
1.1944444444444444
1.25323547979798
1.184738005050505
1.2313762626262625
1.1932607323232323
1.1714015151515151
1.1892361111111112
1.1970486111111112
1.1890782828282829
1.226010101010101
1.174636994949495
1.231613005050505
1.1800820707070707
1.183633207070707
1.1671401515151516
1.1987847222222223
1.1619318181818181
1.238241792929293
1.1911300505050506
1.1639835858585859
1.230508207070707
1.172427398989899
1.1689551767676767
1.1694286616161615
1.180239898989899
1.202572601010101
1.2095170454545454
1.1878156565656566
1.1899463383838385
1.2337436868686869
1.1867108585858586
1.1938131313131313
1.19073547979798
1.1477272727272727
1.1971275252525253
1.2333491161616161
1.2544191919191918
1.1871843434343434
1.1875789141414141
0.6559343434343434
0.6549873737373737
0.6559343434343434
0.6561710858585859
0.6560132575757576
0.6563289141414141
0.65625
0.6553819444444444
0.6553030303030303
