0.5837279040404041
0.5788352272727273
0.5831755050505051
0.5789930555555556
0.5791508838383839
0.5838857323232324
0.5793876262626263
0.5800189393939394
0.5824652777777778
0.5879892676767676
0.5794665404040404
0.5866477272727273
0.5791508838383839
0.579782196969697
0.5802556818181818
0.5876736111111112
0.5782828282828283
0.5778882575757576
0.5797032828282829
0.5791508838383839
0.5828598484848485
0.5787563131313131
0.5795454545454546
0.5797032828282829
0.5831755050505051
0.5783617424242424
0.5789930555555556
0.578677398989899
0.5807291666666666
0.5797032828282829
0.5783617424242424
0.5784406565656566
0.5793087121212122
0.584280303030303
0.5783617424242424
0.5844381313131313
0.5828598484848485
0.5797032828282829
0.5791508838383839
0.5884627525252525
0.5884627525252525
0.5787563131313131
0.579229797979798
0.5889362373737373
0.5783617424242424
0.5878314393939394
0.5876736111111112
0.5779671717171717
0.579782196969697
0.5834911616161617
0.58041351010101
0.578125
0.5777304292929293
0.5796243686868687
0.579782196969697
0.5801767676767676
0.5777304292929293
0.5785984848484849
0.5797032828282829
0.5822285353535354
0.5794665404040404
0.5797032828282829
0.5800189393939394
0.5826231060606061
0.5793087121212122
0.579782196969697
0.5823863636363636
0.5791508838383839
0.5782039141414141
0.5795454545454546
0.5787563131313131
0.5787563131313131
0.5793876262626263
0.579229797979798
0.5842013888888888
0.5802556818181818
0.5787563131313131
0.5830176767676768
0.5788352272727273
0.5807291666666666
0.5827020202020202
0.5795454545454546
0.5789141414141414
0.5795454545454546
0.5793876262626263
0.5783617424242424
0.5785984848484849
0.5804924242424242
0.6267361111111112
0.6286300505050505
0.6276830808080808
0.6281565656565656
0.6279987373737373
0.6278409090909091
0.6275252525252525
0.6279198232323232
0.6283143939393939
