1.1987058080808082
1.2799084595959596
1.279592803030303
1.2892203282828283
1.2692550505050506
1.277935606060606
1.27801452020202
1.2032828282828283
1.2805397727272727
1.2681502525252526
1.2691761363636365
1.2699652777777777
1.280697601010101
1.268939393939394
1.2891414141414141
1.2811710858585859
1.282354797979798
1.2796717171717171
1.1989425505050506
1.2815656565656566
1.282354797979798
1.2775410353535352
1.277462121212121
1.2808554292929293
1.2915088383838385
1.2888257575757576
1.200363005050505
1.2780934343434343
1.2005208333333333
1.280697601010101
1.2926136363636365
1.2681502525252526
1.277935606060606
1.2786458333333333
1.2795138888888888
1.2786458333333333
1.2687815656565657
1.279592803030303
1.1997316919191918
1.2023358585858586
1.2875631313131313
1.2032039141414141
1.2024147727272727
1.1968118686868687
1.2682291666666667
1.2021780303030303
1.2009943181818181
1.2046243686868687
1.2830650252525253
1.2796717171717171
1.2798295454545454
1.1951546717171717
1.2810132575757576
1.2681502525252526
1.2813289141414141
1.269570707070707
1.2799084595959596
1.2780934343434343
1.2799873737373737
1.277304292929293
1.2813289141414141
1.2746212121212122
1.2024936868686869
1.281802398989899
1.2697285353535352
1.2794349747474747
1.2875631313131313
1.277462121212121
1.2799084595959596
1.2820391414141414
1.2828282828282829
1.2820391414141414
1.280145202020202
1.2769886363636365
1.2799084595959596
1.266729797979798
1.2792771464646464
1.2705965909090908
1.2794349747474747
1.2882733585858586
1.2810921717171717
1.2799084595959596
1.2710700757575757
1.2692550505050506
1.2665719696969697
1.2002051767676767
1.2821969696969697
1.2844065656565657
0.6000631313131313
0.6005366161616161
0.6011679292929293
0.5979324494949495
0.601010101010101
0.5998263888888888
0.601010101010101
0.5996685606060606
0.5998263888888888
