0.6063762626262627
0.6055082070707071
0.6049558080808081
0.6051136363636364
0.6052714646464646
0.6061395202020202
0.6062184343434344
0.6108743686868687
0.6062184343434344
0.6049558080808081
0.6054292929292929
0.6058238636363636
0.6053503787878788
0.6068497474747475
0.6052714646464646
0.6052714646464646
0.6059027777777778
0.6058238636363636
0.6123737373737373
0.6064551767676768
0.6059816919191919
0.6064551767676768
0.6057449494949495
0.6062973484848485
0.6055871212121212
0.6069286616161617
0.6063762626262627
0.6074810606060606
0.6072443181818182
0.6067708333333334
0.6065340909090909
0.6064551767676768
0.6064551767676768
0.6055082070707071
0.6045612373737373
0.6055871212121212
0.6059027777777778
0.6057449494949495
0.6069286616161617
0.611032196969697
0.6060606060606061
0.6061395202020202
0.6049558080808081
0.6059027777777778
0.6046401515151515
0.6056660353535354
0.61166351010101
0.6058238636363636
0.6044823232323232
0.6052714646464646
0.6055082070707071
0.6054292929292929
0.6067708333333334
0.6055082070707071
0.6109532828282829
0.6059816919191919
0.60708648989899
0.6063762626262627
0.6042455808080808
0.6065340909090909
0.6042455808080808
0.6065340909090909
0.6048768939393939
0.6049558080808081
0.6049558080808081
0.6107954545454546
0.6045612373737373
0.6051925505050505
0.6056660353535354
0.6060606060606061
0.6054292929292929
0.6052714646464646
0.609927398989899
0.6115056818181818
0.6058238636363636
0.6052714646464646
0.6051925505050505
0.6057449494949495
0.6048768939393939
0.6050347222222222
0.6066919191919192
0.6054292929292929
0.6050347222222222
0.6058238636363636
0.6065340909090909
0.6059027777777778
0.6055082070707071
0.6052714646464646
0.6471748737373737
0.6483585858585859
0.6482007575757576
0.6493844696969697
0.6484375
0.648989898989899
0.6486742424242424
0.6485164141414141
0.6490688131313131
