0.9088541666666666
0.9399463383838383
0.9375789141414141
0.9389993686868687
0.9326862373737373
0.9400252525252525
0.9367108585858586
0.907907196969697
0.9393939393939394
0.9333964646464646
0.9321338383838383
0.9322916666666666
0.9408143939393939
0.9303977272727273
0.9399463383838383
0.9373421717171717
0.9416035353535354
0.9389204545454546
0.9116950757575758
0.9397095959595959
0.9385258838383839
0.9394728535353535
0.93521148989899
0.9384469696969697
0.9381313131313131
0.939157196969697
0.9086963383838383
0.9393150252525253
0.9093276515151515
0.9376578282828283
0.9394728535353535
0.9312657828282829
0.938604797979798
0.9379734848484849
0.9378945707070707
0.9393150252525253
0.9330808080808081
0.9361584595959596
0.9121685606060606
0.9060921717171717
0.9388415404040404
0.9128787878787878
0.9123263888888888
0.9120107323232324
0.9322127525252525
0.9104324494949495
0.9091698232323232
0.9095643939393939
0.9390782828282829
0.9402619949494949
0.9382891414141414
0.9103535353535354
0.9401041666666666
0.9317392676767676
0.9408933080808081
0.9330018939393939
0.9382891414141414
0.9377367424242424
0.9382891414141414
0.9395517676767676
0.9389204545454546
0.9367897727272727
0.9092487373737373
0.9393939393939394
0.9330808080808081
0.9384469696969697
0.9382102272727273
0.9367108585858586
0.9375789141414141
0.9392361111111112
0.9405776515151515
0.9394728535353535
0.9381313131313131
0.9386837121212122
0.9372632575757576
0.9322127525252525
0.9367108585858586
0.9318970959595959
0.9382102272727273
0.9382891414141414
0.9404987373737373
0.9393150252525253
0.9318970959595959
0.930792297979798
0.9330018939393939
0.9122474747474747
0.9392361111111112
0.9428661616161617
0.6000631313131313
0.6005366161616161
0.6011679292929293
0.5979324494949495
0.601010101010101
0.5998263888888888
0.601010101010101
0.5996685606060606
0.5998263888888888
