32.641144623894334 0.9685376125023446
32.37237566097916 0.9682079600990999
32.357055518165744 0.9683492339588233
32.363255650737 0.9676451711122032
32.885912089369135 0.9709042703331799
32.64743008235437 0.9698714449219381
32.63808411585033 0.9700226996679686
33.13684072798282 0.9764603031136815
32.66418467727033 0.9668908996566008
32.30956465484066 0.9663214946448346
32.338668723089434 0.9663890769297112
32.366558992247334 0.9674705463890975
32.2349191809755 0.9656577165811604
32.92711091693176 0.9716612073865903
32.39679431199356 0.9678636478617969
32.30438542842838 0.9664233844189882
32.65741612137349 0.9718555459972629
32.9469444049493 0.9729701936075126
33.07680108599568 0.9762383066739333
32.64763855576809 0.9704938404196685
32.305927530930475 0.9649512245832743
32.87281926227932 0.9732269318153447
32.94533491715895 0.973796338327359
32.61937041679098 0.9678803426540677
32.67841549623205 0.968581806747619
32.94405952205912 0.9726176893144128
32.54471982727515 0.9704640187902368
32.948082961640765 0.971795507690086
32.69103677263009 0.9679304708604843
32.64907753763352 0.9712318368854872
32.68527801626702 0.9720252838083764
32.635852099858475 0.9675491093568389
32.6485287205431 0.9678027824509114
32.28767552128008 0.9654308832644741
32.34790084504678 0.9663877969012008
32.66837420946668 0.971130553681218
32.633936576306965 0.9702579907264907
32.90331825774872 0.9712977035391047
32.71277307032064 0.971254657583761
33.13960319851158 0.9753727964130376
32.576742589406905 0.9683384339830083
32.29305639010874 0.9655430226732683
32.28214048457916 0.9649308295288863
32.95274766576065 0.9731517783901643
32.95251665193652 0.973332831472791
32.685632594709105 0.96882654338349
33.18552615309581 0.9771457808209393
32.6576364135485 0.9682809021341027
32.36933163436187 0.9663998193749715
32.66045827535456 0.9712248837417639
32.623952883660515 0.9692126012955058
32.32247926388324 0.9653894297894661
32.64835253182477 0.9712773180191534
32.368155157237105 0.96716944450931
33.124740870770694 0.9760695162195941
32.65362957214655 0.9672628789243823
32.627410805365614 0.9685706227563862
32.95130630569294 0.9735884126606212
32.27834069596873 0.9645982547872712
32.72390233605363 0.9690683745227269
32.35466382303379 0.9668945220601672
32.66495857411656 0.9691553525003433
32.375330368798096 0.9664011109012842
32.3491465307655 0.9669142486462028
32.33799485280048 0.9661541852572667
33.14932312031339 0.9764403468177069
32.38188615225212 0.9679395281992281
32.25432815442964 0.9628884147216332
32.32982342525848 0.9667791756272883
32.64120433109467 0.9707344929855695
32.66739595217385 0.9678289965205479
32.29437322486258 0.9666464518244422
33.17924238403617 0.9765937562966089
33.118352102646575 0.9759123711139988
32.91389606246059 0.9710970492351787
32.2703958365783 0.9673140435352902
32.66282055345404 0.9678353872371713
32.361676038074975 0.9680170082493138
32.31472424433251 0.9641649032645208
32.91584461385923 0.9719122977910842
32.70549070353128 0.9716359072448777
32.32498307770064 0.9663174755465196
32.255776162780336 0.966030885969935
32.68732804278565 0.9693607318114219
32.91734647575028 0.9724768130221446
32.562333010319634 0.9699561782201946
32.97316608934816 0.9729941702318161
32.34099816221803 0.9668030108805163
34.47913154053227 0.9819703966238181
34.487806920249525 0.9822503092547686
34.512128517577985 0.9823566827983076
34.455157079755566 0.9825454291156404
34.44291355322221 0.9819326884790086
34.425528004714735 0.981945318862548
34.327022538331356 0.9811229867653648
34.4365610222802 0.982297657649431
34.39341015943425 0.9813693600266766
