31.448672725706174 0.9271037307470371
31.474852566376907 0.9219742038030097
31.48922090972059 0.9229749131297582
31.679621355574007 0.935326331376305
31.372998561121094 0.9175524779639869
31.46952891974065 0.9228649480647952
31.477108268581855 0.9233797902728516
31.4917342501982 0.9280710305593528
31.661621635770665 0.9319314334620842
31.364819716357864 0.9161522085702442
31.462136823377563 0.9207073497535447
31.44183631375293 0.9214245646765862
31.47652973214531 0.922441663513145
31.482466863051254 0.9219057729340784
31.64966003088484 0.9339948497802008
31.686370373339287 0.932280534834793
31.42460837982118 0.9196843935824628
31.661064348771916 0.9315388352150866
31.457953915704813 0.9270344758968425
31.488239182980735 0.9223083411461609
31.56913015162595 0.9283723321857951
31.579549614820273 0.9289871943852794
31.56891457290922 0.9247301569089543
31.58133629837995 0.9282642055017748
31.65948012554942 0.9343928229759998
31.62009500747955 0.933501712311825
31.526028108029212 0.9280438380876311
31.444530936185878 0.9196550012913245
31.462408056905925 0.9270885280317978
31.65276920006481 0.93136208467331
31.628004913219698 0.9336308652116123
31.43607730970933 0.9190231483328803
31.481886067822515 0.9221800480040434
31.428207894558934 0.9211362811109486
31.46455607427431 0.9222878577785221
31.438270446692457 0.9194967706898179
31.464198561631722 0.9213647516061164
31.481369287161705 0.9226564889389426
31.414419843149503 0.926665990262124
31.436650176313048 0.9266636118378399
31.639608055543658 0.9347747456825557
31.394134783336355 0.9245130942810763
31.46553584666837 0.9275659628213173
31.39818210145675 0.9262647596797299
31.443960397673045 0.9214113161421394
31.455717656458138 0.9268434033019797
31.426505667778738 0.9265504750438983
31.45582236423154 0.9276361389862442
31.425818254919868 0.9196543956891495
31.41340440102716 0.919070120960167
31.58785314408149 0.9273505093965848
31.426644139435265 0.9266702557597514
31.599908945700278 0.9296625348114204
31.475013252568868 0.9217158443294111
31.66388983292564 0.9325778715753348
31.392225557764114 0.9182811775675873
31.5353893315341 0.9243048685072811
31.411286087660685 0.9212666630625506
31.408321029545906 0.9213833777827547
31.411929254988426 0.9195497769277757
31.42427334548128 0.9219992672799286
31.486506774057084 0.9220490283817355
31.486371328251654 0.9273571632323032
31.5698113120138 0.9283124290853094
31.39056580686214 0.9181925043867404
31.471294628727236 0.9226906154299814
31.634265543767313 0.9348072048607637
31.48029051651905 0.921842031284695
31.666518597299213 0.9319923733972257
31.62988931445485 0.9282255839507173
31.631154242352835 0.9288315501420096
31.475651121276517 0.9228197457710938
31.434011460231027 0.92180691666527
31.484323766302587 0.9224247704211819
31.45432936563871 0.9224946771303418
31.445661209611178 0.9207890651050817
31.655429498921684 0.9323796202830735
31.38189948646447 0.9183370349602066
31.43493577583445 0.9204477274340178
31.633434728426565 0.9336248370054713
31.41676426493976 0.9195384569116098
31.661947799347786 0.9310590954763143
31.37604390245126 0.9182036148943136
31.387751489204213 0.9182830384833262
31.46615478039124 0.9208525258413862
31.460280773696347 0.9276925658114333
31.432181437409305 0.9204591255877053
31.41561532187453 0.9188547062964366
32.22766944759104 0.9509244346949473
32.2443598645572 0.9519321574825628
32.14770553577986 0.9507920809211504
32.190027166591534 0.9511553466989974
32.164237271869176 0.9507820474570546
32.16540533584897 0.9509358408449508
32.13674258305821 0.9512951177612046
32.24718192800785 0.9512028145238781
32.17505069889489 0.9508694623101838
