31.68837098230037 0.9610372295640118
31.76798151667626 0.9611476553734078
32.36737480395321 0.9560086413329969
31.585054538763796 0.9578841757030288
32.99265024723777 0.9641010814453269
31.54305170317263 0.9567865787117124
31.52682458064465 0.957477200224791
31.522158930653866 0.9577810073879834
32.455266210325114 0.9577565604665805
31.488244132826793 0.9575221636204856
31.69060004046125 0.962182775731057
31.75304803181318 0.9603900005994285
31.542618438547535 0.9559828190790064
31.456147250751986 0.9569371331505837
31.58255586175741 0.9574359405661252
31.690729042647547 0.9616971982844492
31.56337308378166 0.9583675230906974
33.00092124705978 0.9643711641027923
33.08119231845481 0.9643686850100671
31.602839113726535 0.9583172742685199
31.661447133826673 0.9604619217573354
31.667469894409894 0.9592470769435045
32.39421789392728 0.9563734936971836
31.46738059718694 0.957421699605415
31.42565693909389 0.9552764553013708
31.51491023263572 0.9571338800998173
31.657048267036686 0.9590580666425562
31.537883541132828 0.9572948578503881
31.694642741512137 0.9621565552993652
31.507305076016067 0.9574446384734897
31.517868936647723 0.9571937019719015
31.493899612904684 0.9554922946385092
32.94543963040866 0.9641498798978069
31.623280729542792 0.9582903953688294
32.41648733540837 0.9562127378271598
31.44485191618361 0.9549846346562795
31.65063108601329 0.9578302069630533
31.472831697242487 0.9571753465720242
31.42834794614194 0.956636196362706
31.638748353665104 0.9593955765063716
31.766599583770777 0.9608734796041186
32.58043600916426 0.9585872366528999
31.742978230286184 0.9615284055062774
31.414945144032878 0.955915909057395
31.424248043664512 0.9532606761433776
32.42267589983066 0.95809390916408
31.637298072574623 0.9592196634527683
31.42512149888963 0.9563950613493589
31.50110709258811 0.9578362126662346
31.434032236073417 0.9550823199959994
31.478184705708596 0.9576909260873581
31.761890328164014 0.9590788190449356
32.44664065424915 0.9575050408554634
31.742418278169446 0.961711531371505
32.88129044544624 0.9627242165327858
31.70577953138542 0.9614068571626914
31.687820293772297 0.9593894847487411
33.17076633186857 0.9649737402142256
33.00846512674169 0.9648592700407976
32.315570050207924 0.9552623885384317
32.57229421796389 0.9583659739714424
31.639955315730933 0.9585208105375572
31.673211757036658 0.9602789078520692
32.45426175593484 0.9582729156988654
31.578704877520014 0.9590265986907283
32.39679507469929 0.9569214860809452
33.05761411519683 0.9650631815244683
32.29455648125488 0.9534834615793946
31.55672689686527 0.9567348681641191
31.609618334503196 0.9574532869667688
31.50141490442486 0.9569035147768283
31.58694570980606 0.9576947835348354
31.430241984668935 0.954615649352462
31.474078210149283 0.9573991633727961
32.400908387597596 0.9560668522068573
31.50406851400075 0.9552564427070561
31.538535406279777 0.9571682743115952
31.576581123915908 0.9573091467535729
31.67878472810441 0.9613234247308612
32.39053586600312 0.956994385322798
32.420650410203066 0.9554225901424824
31.613259944135464 0.9583139647320952
31.478181927861186 0.9565551513012673
31.44284158806949 0.9556229690527267
31.605180731572773 0.9577325030872097
31.458989047628666 0.9539942528466004
31.4630646843956 0.9565341576405774
32.594789726811875 0.9590803865482659
34.223722139736964 0.9763280873762457
34.364415722561745 0.9766411066690457
34.26805757598328 0.9772119471472421
34.30817594233198 0.9780986418095958
34.324194133816434 0.978525096015385
34.39747955225187 0.977233241476625
34.23713237467587 0.9775976658761035
34.28250389817316 0.9778755202656455
34.33421808803511 0.9777901868004251
