30.86979227212414 0.8466384216128234
30.991886608077532 0.8498216431563747
30.646140142556227 0.8741005767888572
31.018430970432355 0.8592327678375942
30.589041834368963 0.842558558312146
30.94745842853611 0.8540369410777106
30.989339198960355 0.8556628444823069
31.008294034012614 0.8541431628635859
30.832077648567243 0.8416369515103481
31.095124631501445 0.8870495664556834
30.707588306363807 0.875739781756211
31.027904843187848 0.8571718134149985
31.04093682315003 0.8641396493963298
31.04072416326973 0.883098292071171
30.643753745230708 0.8686418386343667
30.96706088171581 0.8829009115091379
30.757531984767937 0.8761506182511829
31.03534247994016 0.8651632252019786
30.935216673614235 0.8384444978668936
30.97306876045005 0.8864843053014699
30.801412628439753 0.8750549587414375
30.668506787121895 0.8473784377895296
30.553401160476994 0.8306114300119852
30.90298049154572 0.84194246461011
30.915714264600336 0.8545823248703024
30.58632740293985 0.8643326425593821
30.93766657159193 0.8486169913345817
30.763631881661944 0.8808575460149403
31.043940569893614 0.872044416024876
30.33217579636667 0.833997236686446
30.24073053402489 0.8319913042231611
30.817714358593054 0.8416686284474991
30.53515145554004 0.8307734524780165
30.4231875823367 0.8432331657014991
30.61572538514846 0.8342382936751429
30.97308909278038 0.8895550587689663
30.399519716697462 0.8443125809300102
30.65292281185409 0.8518828320753572
30.498657085830175 0.8394153552489516
30.976259077986285 0.8434664158685751
31.130508466377734 0.8959165215081424
30.692846059317738 0.834548947501596
30.266501145634237 0.8343333601343522
30.626173041809693 0.8376543192502219
31.01622619195634 0.8616978259259218
31.09128392557354 0.8847375239958862
30.713343283809667 0.8483297578041349
30.79489130942349 0.8451596162739691
30.67903561524677 0.835950931378769
30.69220547558457 0.8737466784866285
30.76066877449278 0.85080061335459
30.568197410535607 0.8315083364176045
31.050123505606045 0.8683827431941025
31.003980821596375 0.8481078491416643
30.786208439220168 0.8473931526307713
30.560812474700597 0.8502166773452834
30.571105160713472 0.8488918934765733
30.99933463415431 0.8823066441205876
30.865734196045402 0.8523744941468252
30.726482502070414 0.8800327554979603
30.583697561790824 0.8458758786010878
31.008105679320757 0.8472248003695653
31.01604581772159 0.8565698005268706
30.90010182051843 0.840777740874052
30.578693303349056 0.8570403753393475
30.29952689865454 0.8415597528992369
30.664343235192742 0.8443987542747358
30.601813053428216 0.8736969750489623
30.885205200983393 0.8427755587985688
31.020013838209636 0.8860475367510963
30.468443428734563 0.8492719410833659
30.983743403145052 0.8512353994958208
30.524870172612303 0.8467131661084535
31.04276830591223 0.8629195373646642
31.00719809042531 0.8844897559183053
30.559807330048514 0.8561140737740872
30.87899463849096 0.87719944758382
30.85557374053639 0.8558057821181307
30.88285010440789 0.8851025077310533
30.870851127861876 0.8850571737933598
31.13321504190648 0.8984217985723063
30.465724839727354 0.8440573616949806
30.61724020147183 0.8358480712881388
30.734119479414904 0.8342643124242098
30.245250953061202 0.8377817225493159
30.83303636026473 0.8554933844041284
31.11873880950818 0.895893647430052
30.59019716407073 0.8486152849952195
31.207771281457806 0.9435862144414255
31.090626964750363 0.9427321078435887
31.53111843565644 0.9480875419421091
31.293045469130423 0.9439699089934169
31.54821002568614 0.9488943897722555
31.46222815522504 0.9459848183197405
31.381664628470443 0.9457724276921138
31.139519632097414 0.9425084196799703
31.54916681479913 0.9482785112561792
