30.682024209209192 0.9290320450016285
30.990993713731918 0.9291135540317246
30.95469515116804 0.9308994360568638
31.328913747310736 0.9390783260754291
30.793200163547127 0.9242150926271158
30.989326788343803 0.9305908646584812
30.96453155353889 0.9306463978058273
30.695822264965052 0.9296966758055274
31.497116202692865 0.9381507216370936
30.787667806404286 0.9224292625263815
31.072499154884827 0.926802523551427
31.034023457014108 0.9269269070134899
31.01134069762651 0.9293545673335647
31.08754337214686 0.9281875632101128
31.29111039046617 0.9378161531238874
31.4904647076516 0.9385567503687687
30.90021016517976 0.9264305295316642
31.469776279101254 0.9375393379548024
30.71059274069688 0.9288007646357516
31.00981418915724 0.9298670436398907
31.429858288170713 0.9338635863879173
31.416286820277797 0.9350081410854288
31.061013024614013 0.9323024289368117
31.41835216878527 0.9342817363187648
31.299738840160607 0.9383771868945635
31.265332125884377 0.9382177291811764
30.745406068321095 0.9300728337618738
30.921446755794626 0.9264040888891278
30.685302596723922 0.9288859094916067
31.471423133567924 0.9374273441121963
31.277662608126818 0.9376127571897177
30.87097672645949 0.9252441755496784
30.959675621745802 0.9288781363743579
31.028550157121817 0.927506016917235
30.990438092797227 0.9300101940622857
30.916280746104672 0.9263122758264043
31.023703881765563 0.9269523835161054
30.99751860979061 0.9304596288495083
30.63871113686796 0.9277782810633821
30.655896038192566 0.9284909639788624
31.298691811682637 0.9381620512659844
30.60922893322193 0.9258831246771431
30.69228016685122 0.9289987508027876
30.607528983934174 0.9277253925487299
31.055698008200988 0.9277551655477927
30.64007773914138 0.928029261887921
30.637629813232582 0.9279072796100425
30.720649175344676 0.9297462151085834
30.905458254545234 0.9271287791863907
30.905751504068345 0.9256756672271931
31.448871380822926 0.9334083177512537
30.650899781907018 0.9274518960524055
31.432744932625134 0.9353319855208171
31.08305608211332 0.9278497853415615
31.458425209649803 0.9388673273993955
30.8287025610556 0.9243917884988312
31.051520727064208 0.9314142985975952
30.998474477432257 0.9272296757689227
30.98123159562537 0.9274906912998427
30.987964594037336 0.9258724098618207
30.9773678682763 0.927907169782634
30.959626591317605 0.930033944896842
30.695316037221467 0.9285957759240606
31.455213497771197 0.9344587193415469
30.81451385726501 0.9253291205684958
30.988743253612817 0.9292269115579592
31.28661489875272 0.9384363089451424
30.964668666199998 0.9296214421114063
31.517562136666605 0.9378207891383731
31.44989300404341 0.9342800964042799
31.47318807153396 0.9350564873701365
30.96226899714777 0.9295930542605577
31.006625163546616 0.9277517731230338
31.033850701092852 0.9281880240144262
30.96637498401671 0.9302341611388114
31.03247280068157 0.927154311354936
31.45471737924541 0.9386363467749581
30.833522447293387 0.9241674762695761
31.01177452569509 0.9268362111929839
31.286894290864492 0.9375152858049769
30.888414322086998 0.9257917727359963
31.477795207114085 0.9371320211494542
30.819984786520966 0.9243650342773742
30.846374381510223 0.9246963734207136
31.030469969437014 0.9269731260969186
30.673078436819516 0.9287059866927954
30.886740779594373 0.9266306103807722
30.898149107993035 0.9259333663987875
32.22766944759104 0.9509244346949473
32.2443598645572 0.9519321574825628
32.14770553577986 0.9507920809211504
32.190027166591534 0.9511553466989974
32.164237271869176 0.9507820474570546
32.16540533584897 0.9509358408449508
32.13674258305821 0.9512951177612046
32.24718192800785 0.9512028145238781
32.17505069889489 0.9508694623101838
