34.08335436632566 0.9681484580648592
34.14162987863839 0.9679364775404546
34.12407666482425 0.9678462439638548
34.42293571122481 0.9704950917129831
34.73283644476056 0.9753240479140775
34.59238761476473 0.9726409434544556
34.30563024772017 0.9729814073135651
34.53110343199876 0.9684137837294836
34.40636146296236 0.9714835373099296
34.21544505094154 0.9681940801904545
34.73922971212143 0.9763830791711926
34.867479756487626 0.9774506375755586
33.8437886128728 0.959857241929061
34.07547386777336 0.9669387263459666
34.33883825933786 0.9660082279381391
34.61293165818142 0.9725157295720129
34.88484386866997 0.9771809975495798
34.92098317991763 0.9767067561046139
34.77423522497383 0.9744728088956282
34.368475438864294 0.9692160315289129
33.94910694316871 0.9689900187231028
33.83064124610171 0.9614550351120018
34.12875293792147 0.96345022283291
33.77450029708183 0.964986735986086
34.6164065632926 0.974386566224612
33.951797808233046 0.9628816015149699
34.55249958247566 0.9737452219483224
34.15643127401147 0.9697034983864056
34.594936947745694 0.9716581498758771
34.26896596040321 0.9727547285715098
33.78932794858741 0.9670463646371308
33.770551687123735 0.964842254562635
33.86935806113294 0.9629992850057217
34.52723765877309 0.9720027347183431
34.163103727484476 0.9680862906842332
34.37336064942258 0.9742066001065018
34.52049637120251 0.9719174738850763
35.13551785288476 0.9806294588296387
34.684310459043495 0.9754726492750913
34.25345388577214 0.9707395548155219
34.172352446007935 0.969517995034118
34.93207817547889 0.9770872908970295
34.288982720351264 0.9710055082778465
34.3853623659808 0.9702849866604996
34.26354018884521 0.9732507181961283
34.3028039071937 0.9727340087634809
34.51233148124323 0.9695201499952445
34.70122445462439 0.9726326229140805
33.93723068335843 0.9654798342105442
34.91360132426401 0.9784534319207719
34.875628403001954 0.9767994366442765
34.054992137103774 0.9663881093413259
34.05937031874381 0.9661982405775491
34.40958396454179 0.9709143995947095
34.19138071824308 0.9657493025629307
34.882151047023775 0.9772130599645812
33.845091488504636 0.9670781792015589
33.98762244475781 0.9694386571624375
34.66886528109405 0.9740883892301143
33.73104920218505 0.9642396816180955
34.49657882545488 0.9697546683263889
34.53569398715159 0.972953862040597
34.29161306214571 0.9690208013621964
34.68928703812661 0.9746421461771244
34.73396828816022 0.9767473323119482
34.792047257050086 0.974777441526588
34.69474702584358 0.970321004337869
34.11484568119899 0.9684322220818725
34.17064409855871 0.9706777785253203
34.89256718253301 0.9770941858114387
35.14440833567559 0.9808020152144897
34.49270348452333 0.9683046259454678
34.72325601096522 0.9769540034847358
34.5966959807328 0.9738720806043374
34.02275233881618 0.9647581239502504
34.23522540360406 0.9723853367915162
34.33021406247309 0.9678742634480013
34.29339741135163 0.967164858552035
34.163848926844445 0.9714419391503591
34.22960139760243 0.9717696367799168
34.79181027063716 0.9765444281392447
33.93153955219708 0.9644555560316174
34.36253419945641 0.9721252718774166
34.02411724447886 0.96275321736203
34.00260217085951 0.967147570296568
34.65230031386323 0.9749085209811544
34.266956385336385 0.9687415964941871
33.87970991272312 0.9667547238725172
36.629387690065904 0.9843048401516147
36.53617641689106 0.9843201415920849
36.834841716134136 0.9840189180811428
36.873205161435195 0.9841179655631028
36.680492906504576 0.9839673833513691
36.737720625608546 0.9844728602835667
36.94098599343016 0.9846929140542362
36.73650022089645 0.9843531639714422
36.69873922286672 0.9835028539081799
