31.48791157758769 0.9171891643808612
32.563027946912875 0.928678106693701
31.3016507996582 0.9187308887338079
31.37281328764378 0.9189716610658955
32.63568448299711 0.9265840188974461
31.586080864357555 0.9150100215691986
32.73537062529175 0.9304035489582501
32.746271592989004 0.9296949906830809
31.729637756398766 0.9219379574448571
32.80574834874338 0.9311242909820202
31.375808155057424 0.9221364247052288
32.49559862928673 0.9243586810877978
32.48130369393999 0.9249389014918951
31.51173051927647 0.9179524013166386
31.567158509318006 0.9197092038796998
31.357057541268873 0.917018114527016
31.740069365488417 0.9183735337392842
31.54375573288506 0.9181860133877067
31.377510828172284 0.9159951871536606
31.744970959470553 0.9240639138949226
31.54902814574225 0.9182103943031082
31.672560019924596 0.919962540383548
32.805354080054 0.9325845224512379
31.73258938504044 0.9215322563900469
32.50427711485679 0.9265490565592357
31.574661007927148 0.9172347304903359
31.53585127632054 0.9115733068231403
31.61148554310836 0.9218334716002486
31.58842169271275 0.9211527071667451
31.56660218726216 0.9195501184532756
31.549661290736783 0.9077123229760364
31.722274305663554 0.9206346838751335
31.53691765877621 0.9077844593106623
32.49729601886395 0.9223321949101582
31.553099391928903 0.9112017098501201
32.49680078081233 0.926239620965692
31.601317580124828 0.9205975863487358
31.252811784799405 0.9072315880748665
31.615594127472882 0.9174803123854829
31.55713705492839 0.9091830036416501
31.679673407662406 0.9181331876305339
31.546433153167417 0.9227782406663502
32.57867519864582 0.9290487514894035
31.593027273226475 0.9197556982097688
32.607089499474135 0.929812062697896
31.439154374155855 0.9215996536040175
31.368274297655788 0.9179893704474201
31.738449182455394 0.9211275484555315
31.591311171139175 0.9169573581450196
31.649190958020807 0.9147498670031696
31.320509950175737 0.9218808342099106
32.697588628828484 0.9245412315344416
32.504469837086376 0.9274326912979669
31.73768404213222 0.9224285983639787
31.603355304966982 0.918667036712177
31.476868513731265 0.9083895382046496
32.47466843788088 0.9222229909139544
31.60691917459133 0.9215711264625998
31.588160201748543 0.9140638036598414
32.72349117003026 0.9290392032523273
31.68656466114642 0.9224549364837745
31.611370967315622 0.9157010356377476
31.262578687529267 0.9066642986166598
31.261786060887317 0.9111188396306654
32.50518333559785 0.9310634082901914
31.500159591078642 0.9125320524970615
31.52031009240879 0.9148481574076431
31.49015395689807 0.9066953633725122
32.515894808171744 0.9246560442443552
31.60548170672675 0.9190751364281714
31.359654704571543 0.9200018288993607
31.68897779234375 0.9247763396611862
32.69745048986256 0.9236895868410193
31.296402261044648 0.9154362875652347
31.41911847843039 0.9157763277852193
31.637905152732486 0.9171273498130774
31.41451413104383 0.9200417048385764
31.729956639775242 0.918645743615349
31.68857248696431 0.9222655575432643
31.709140402110183 0.9192597767999052
32.51442248006831 0.9301984129049207
32.452335044170574 0.9196600277330694
31.327794070005744 0.91880825644863
31.590617128206002 0.9185164697733865
32.59498171795439 0.931171595988339
32.589424992154505 0.9297148675312832
31.731174826293042 0.9234900994286577
31.674743191493263 0.920558700986839
34.52746562147398 0.9501291054962151
34.5184422100671 0.949566751701861
34.505031378105 0.9500845351547317
34.527451295596705 0.9501090836982704
34.56472722864465 0.9494296064595333
34.56988871006048 0.9500216173631458
34.63616613701101 0.9496114310995858
34.39404373107094 0.9502080719395324
34.461858979508484 0.9497742852208979
