30.99188329663452 0.9512053693830804
30.381681992775423 0.9145832631999289
30.249861217607737 0.9200650933252252
31.458196622626836 0.9550494094374518
31.018631990427732 0.9505216476193938
30.343102997851183 0.9146447993249414
31.71950847787331 0.9611878111658353
31.189820655353774 0.953376298315861
31.016881707255646 0.9518729097095876
31.448380584303234 0.9543450460213121
30.54523279560058 0.9268367222822675
30.278975878316437 0.8934687628011848
29.902366841389593 0.8855211654137457
31.528628731719643 0.9562257861285235
31.13742174579079 0.9542873422533805
31.022861675534617 0.9499163085221982
30.054753309009122 0.8801214060638303
30.697098148454227 0.9184297426222191
30.44380998648204 0.8979618121386359
30.67760048553629 0.9346042250247083
30.27921498010755 0.9189558120084442
31.650498131113682 0.9579765237878
29.990567822064527 0.8841003508208097
30.585959943605232 0.9310263228311755
31.68726643633601 0.9596237914605694
30.513279299786586 0.932850999157462
31.14865624678222 0.9550299852107316
31.536980855394532 0.9577544291061919
30.197051345280293 0.9241879568362412
30.962125656630946 0.9527088852393073
29.951888171380716 0.858271401324048
30.235588776100023 0.8978912717747096
31.91912804322778 0.9651310744461048
30.590585109850448 0.9277992544313703
31.355354765393713 0.9521022109797984
30.19217195651224 0.8990963271015517
30.587744750047314 0.9293626355632415
30.29493931937936 0.9143121271498462
31.169651784301493 0.9525551645869365
31.45432568213134 0.954516722656589
30.83186912221525 0.9404586609399697
30.198973139968317 0.9065466453303224
31.120097176871955 0.9536908255761093
31.902382069657136 0.9652740009191201
31.80449686299065 0.9639019309369514
32.01738422673473 0.9661908356452078
32.01617110320588 0.9675910743199396
31.471371669542165 0.9511175973458965
30.709819973332255 0.9519645421208557
30.216616981601007 0.8936905306736298
30.495405299907993 0.9185986309642924
30.213497620103436 0.9035748354111872
30.68971101013528 0.9425744773178705
30.551958567501366 0.9232036306475261
31.93673663215153 0.9661337478223425
31.49790770020448 0.9553524171319947
31.623602430412113 0.9568497170209537
30.42462507363435 0.907344703167684
31.623874682006125 0.9580932929902265
30.394950651099762 0.9293974700591402
31.087271154933358 0.9496211012568916
30.458631805926885 0.9221223508930922
30.71276902130389 0.9339817498788705
30.315364051237918 0.9129041780559526
30.813250418680568 0.9502885598087556
30.435408706127298 0.9204895666182754
30.654183344031555 0.9390648606111182
31.16258802849908 0.9549001566798839
31.932596965417503 0.9669492463098324
30.951653230767697 0.9487016404241959
30.97989918169594 0.9519819828492736
30.36055356775147 0.9084660605237352
30.7630273703394 0.9362716898418503
30.17500098258576 0.902856994952988
30.39204547730368 0.9227857855396204
30.498619644181066 0.9396987621190521
29.981678662575266 0.8548208940648503
30.814800499725457 0.9450524512029461
31.351361233882386 0.9521700531287006
31.217384984043992 0.9567864355372301
29.962967817527968 0.8739832657954532
30.545133701239603 0.9200459271044725
30.93930096854163 0.9493333314974429
32.032191907456195 0.9671892156815778
30.30658044768446 0.9109458921840705
30.90484125079371 0.9472789180910242
31.67687318020349 0.9585960329311881
31.616245017875585 0.9575282699461447
32.84415593805229 0.9707118499137376
32.716802446294466 0.968657209564861
32.881207306016094 0.970312003037686
32.84632889138389 0.9702641426549379
32.88857836168216 0.9711618241872952
32.79972300440393 0.9701638821696887
32.77280590676626 0.9685456446335745
32.72703093950406 0.9694318571878348
32.80593313522996 0.9695421410148324
