29.125586765783844 0.8180237438983107
28.963721817574623 0.7984101763667665
29.27029051067838 0.8172139530812623
29.083111560176327 0.7957175950685382
29.472081363942245 0.880393874583687
29.101176986498803 0.8228846972728221
29.068327936967165 0.8051019846083834
29.468271785316873 0.8788543641005044
29.211851929003988 0.8171845328097326
29.173669129680853 0.7950568058858712
29.164016642042448 0.8140171915554197
29.301172089645423 0.8201680811819312
29.160487374578054 0.8173629270171142
29.393548816775947 0.896674704513279
28.99190343606563 0.8017261919268437
29.229174252591076 0.8102926579590073
29.17418732601432 0.7915906813606781
29.249873018187778 0.8094251047438308
29.133497777317213 0.8009520013509485
29.16162352549459 0.8025300578250602
29.040720401260526 0.7910454861172183
29.388274684556833 0.8714327341522153
29.126015393323396 0.8023463812516494
29.10720587807988 0.7978599414688642
29.134442101497484 0.8013087366656416
29.17133274868919 0.8399875522391994
29.060271088734364 0.8116563149290668
29.113534294031385 0.8042102145556901
29.293653557222758 0.8901601722660006
29.159277870696457 0.8278196932221503
29.247273138509836 0.875553597584414
28.964714890796515 0.8013479062491397
29.275003365226535 0.8153137939845037
29.21690644645812 0.7930080211382735
29.17925161829706 0.7974114765809196
29.1118183335167 0.7943653307422546
29.203172919739053 0.8078727895084519
29.4164224628182 0.8744341514475981
29.264214240290414 0.8187772238432649
29.029636343247567 0.7906765438850368
29.189288807506166 0.8469961299968469
29.15317395941627 0.8088763833668182
29.09916017193457 0.8130999960179055
29.168977492746183 0.8062598148821569
29.2292314436606 0.8154785129119081
29.022427592955758 0.8143188559208522
29.021010170023253 0.8058586756727683
29.276495946722466 0.8351562771639628
29.10460797235846 0.7999920785629987
29.096745974743634 0.780959918921589
29.349566192307115 0.8866061817629008
29.153248590323948 0.803499128524322
29.417440155247995 0.8967149267113194
29.119439261437613 0.8227384335552358
29.107501087332942 0.8089212111656529
29.069654886839814 0.8166071512490709
29.105649343233743 0.8323276959387413
29.232110175478887 0.8188022383047229
29.21290156771736 0.804340469624921
29.128157189488256 0.7917470719986242
28.98111557933416 0.8074436607957124
29.066778185790255 0.7932103465054967
29.45784956757883 0.8742807978941298
29.151102876150876 0.804451357017716
29.1026420759697 0.7961260411385852
29.275927478494786 0.8223607481572999
29.282676378620298 0.8486407259706118
29.19489051079202 0.8091811529326104
29.129107181760638 0.7904485081031785
29.410276255965442 0.8820494265557047
29.227919548681616 0.8115184046414982
29.191745899307048 0.8118244463282452
29.086726718011317 0.8223854906417791
29.43849277947769 0.8666608257889646
29.380160130093095 0.8686403022114165
29.213313798890965 0.8428130800940187
28.98332696226653 0.8028421996190184
29.189276599334782 0.811193266181953
29.229583249666298 0.8246001388339156
29.10726184292009 0.7880550633430291
29.39420719677377 0.8711936304597412
29.220914838193018 0.8484507936938599
29.23695289647793 0.8196660180309998
29.1388058574649 0.8023270641352888
29.405734403200338 0.8729003129596593
29.041900675750355 0.8206911514998411
29.18355037863481 0.8742158787235684
29.235060053688247 0.8341352136558021
29.976521895342934 0.9370445359892913
30.029095164719738 0.9396640346755932
29.931899925043183 0.9375508058380184
29.956374991667673 0.940650720610065
30.047601453248483 0.9394548744364468
29.981239787578488 0.9431515617853965
29.957364767362293 0.9388629570273687
29.824759697131608 0.9353558898990653
29.77827290063344 0.9356509296219285
