32.08340730852384 0.9610775842522709
32.155347006365794 0.9625584365454833
30.33966872925115 0.918790175638285
30.872574668395124 0.9510613272251514
31.774427545841725 0.9439794704200802
31.443186630791576 0.9573264320654449
30.780364830377017 0.9500626359228684
30.737963962688383 0.9523447495390797
30.31839204940514 0.9278484388001934
30.874464611662084 0.9451327590394218
32.119611897088156 0.9614914813536682
32.001331508895376 0.9613455670191048
31.35498602860688 0.9564655128505263
30.699845315670476 0.9439472757849358
30.711718775428615 0.9503112393316586
32.11533181026186 0.9623033014990868
30.849858580661348 0.9510672856663137
31.76857414398399 0.9455119883941504
31.828460479184795 0.9462188417660193
31.42410263728617 0.960416645108934
31.92614265633885 0.9613232065574759
31.56654926792461 0.9610195243178442
30.194643694062155 0.9167765779161656
30.79950430738262 0.9409004072280703
30.464791076638804 0.9421381471690873
31.371307894779115 0.9578908822638004
32.01692262683632 0.9593121846484925
30.679533271838956 0.9508014464322817
32.0981253551755 0.9619178695337656
30.79164196041232 0.9416247224262257
30.858903678128872 0.9450134062237747
30.551914429317378 0.9442071638005102
31.523691965269425 0.9431892363451524
31.424106600078908 0.9582850029990954
30.20988723886528 0.9282309409954826
30.47444761559301 0.946902258991481
31.497743064281117 0.9598634691002833
30.819826173339454 0.9393239118488347
30.68465078348558 0.9460626996652717
31.46079043965937 0.9613103210913185
32.160103670800495 0.9617209176043431
30.457550963554322 0.9423109350835549
32.05044865119282 0.9608358288960124
30.64104716536045 0.9338768376477514
30.51641093761624 0.9312755993968177
30.43205303036261 0.9363168164401398
31.44433676705464 0.9607531948444702
30.617474621261664 0.9446662816790387
30.928643220074918 0.949451126769692
30.494612052398956 0.9352803374479723
30.665158886832124 0.9474941295939829
32.08578372489576 0.9601893662955583
30.35694024971918 0.9250139936888757
32.09401184834773 0.9622597346212173
31.620386174633243 0.9383693117302543
32.05012083854943 0.9623303813043742
31.988656404685013 0.9585647918110825
31.827451183452688 0.9492791281810024
31.671658918026395 0.9421982035016546
30.096910535222644 0.9187964035494645
30.42824718155639 0.9425607156132734
31.514840819772324 0.9600909150967116
31.94636836890431 0.9587016954419042
30.35542106869642 0.9402241730966856
31.4649865437781 0.9599942372113585
30.327047343949843 0.9259807326615029
31.754663474205454 0.9430624502633765
30.209530007071095 0.9144276578612612
31.38916975960056 0.9571100647622379
31.422660420880987 0.9605978888985981
30.69511165547008 0.9339227457995378
30.894438969839406 0.9521726357104158
30.621536953082817 0.9428077542527509
30.654722589811108 0.9342954864242495
30.15090166302987 0.9368735812642446
30.750557463038316 0.9400606436824421
30.707988691376013 0.952018488865865
31.41998968433399 0.9579618420081595
32.02949874281948 0.9612313103389699
30.203567424142065 0.9145447340155592
30.362469375613188 0.9285053296954071
31.452841176078646 0.9594923633943848
30.580675688811205 0.9412264135890277
30.495075234243277 0.9371346501183262
31.50049618794735 0.9597050538562709
30.63669903745747 0.9399358719831452
30.614881265677077 0.9513896824192474
30.475074999325038 0.9437422794899443
34.223722139736964 0.9763280873762457
34.364415722561745 0.9766411066690457
34.26805757598328 0.9772119471472421
34.30817594233198 0.9780986418095958
34.324194133816434 0.978525096015385
34.39747955225187 0.977233241476625
34.23713237467587 0.9775976658761035
34.28250389817316 0.9778755202656455
34.33421808803511 0.9777901868004251
