29.142528982734422 0.8771332757696733
28.801567226554702 0.8199686598597355
28.93146708079346 0.8147429730624031
29.059710066878374 0.8723443799631945
29.450038643386314 0.8977886113702689
28.863706846551757 0.8386092530838426
28.594796397574687 0.801385091096172
29.435629230716415 0.8911295630866973
28.525492361906622 0.7994429057862603
28.834182058466112 0.8093070967703129
28.53852364463951 0.7941771191845226
28.62426026563591 0.7915209673695021
28.886254834300132 0.7656733722125142
29.423817873297292 0.9036125525972868
28.861109306736545 0.8194326076391981
28.87221710166677 0.7413585437670807
28.567420601702665 0.7702571732174208
28.930668190103695 0.8219140665145082
28.82667929100769 0.823206755744771
29.203435970027787 0.8750712932624584
28.70952698801085 0.8131926654649418
29.307770862332077 0.8901922324577464
28.515843462342964 0.7956826638268791
28.705284095878746 0.8177368909527631
29.198661136170657 0.8715121341976317
28.9420800068483 0.8480743226214182
29.135343799778 0.8736941594499248
29.061429619493975 0.8757160769497677
29.320327901056096 0.8980920407482204
28.640066187041583 0.8051231389441946
29.331520526064935 0.8903773435939619
29.078481340696513 0.8725621624583629
28.930829913685887 0.7552519860608898
28.853617428738158 0.8015628906976848
29.167965613012644 0.8709927543422884
28.840985051075645 0.8132761545463815
28.845799202786342 0.8110040583937217
29.383186235734165 0.8901377044190103
28.613230663476592 0.824904822406011
28.695368826443577 0.8128919528191718
28.95443443487637 0.8399669132602585
28.808378367680902 0.8166003056512653
28.822344893497288 0.7544113675676511
28.550543320107074 0.8039213102179301
28.88239011065542 0.7507188639554124
28.832330619875137 0.8265257963600907
29.15609817325727 0.8726677106344621
28.974300196610557 0.7899870293522346
29.075088140995934 0.869728298706774
28.78051383468417 0.7901287681995643
29.39823318261446 0.8989844739510159
29.192691851957946 0.8801680630366531
29.468802842035018 0.9045354565917388
29.152713553025244 0.8806271188214931
28.63767793971804 0.8015561998586836
28.907996459655433 0.8266534675761882
28.911630213607463 0.8286580411255194
28.869891252104875 0.7504628281135641
28.620198120313365 0.7947718558848372
29.122695398480136 0.8620570858572721
28.79959254453345 0.8232347620576789
28.731912827043708 0.8199838536229181
29.435968074225837 0.8956327054649657
28.857618342479498 0.8377624205262201
29.101298403702515 0.8698683739990066
28.62746750697059 0.8090580917033688
28.656598844377378 0.8282143954289062
28.81615821775723 0.830714621520327
29.075014841203433 0.8677084627911767
29.42459223135117 0.899197672481675
28.58837153296299 0.7867188912651876
28.856906510676026 0.7387243303711337
28.86714535617638 0.8389318522359825
29.39971919377149 0.892128133871359
29.29548155516152 0.8943709658390309
28.649435208486857 0.8168083426814111
29.068027227469656 0.8718075413849365
28.804384018065335 0.8196017144523337
28.951646827027506 0.8446061686062617
28.766108026613743 0.8063798655625117
29.349024374519516 0.8914815221127682
28.97694535193847 0.8469161891663891
28.94761302103477 0.8296891833919741
28.7966927959593 0.8207772055967711
29.347706976857157 0.8971984136422833
28.860496061141212 0.8327129281266205
29.21855694430917 0.8889843434269264
28.627667637947205 0.824126770866855
29.976521895342934 0.9370445359892913
30.029095164719738 0.9396640346755932
29.931899925043183 0.9375508058380184
29.956374991667673 0.940650720610065
30.047601453248483 0.9394548744364468
29.981239787578488 0.9431515617853965
29.957364767362293 0.9388629570273687
29.824759697131608 0.9353558898990653
29.77827290063344 0.9356509296219285
