31.619247130218913 0.9457880929579816
31.899160447234152 0.9525595373980653
32.83591376414335 0.9696054148257172
32.52876294645601 0.9689617244389401
31.96394403668352 0.9495756409266204
31.99003028191964 0.9568299993710732
31.870289775305526 0.9523192868649221
31.854893564253683 0.9496357455799437
32.68948020522012 0.9695436735557061
31.52199960842569 0.9500418711239303
32.98329006687443 0.9697032100930998
32.594355083836945 0.9716460076453516
32.49307133368032 0.9644280574004224
32.15237128221495 0.9566020390313945
31.50839648400536 0.951049835408669
32.05823116469277 0.9577783546366784
32.455068315593856 0.9651650271327651
32.40388601592204 0.9664426682325296
31.612660756009756 0.9475390067189932
31.246127971619583 0.9453506970207373
32.36664003632223 0.9641111013300561
32.47388423840601 0.9603709170242646
31.99647841360333 0.9562883720290807
32.063874290879035 0.95637162585139
32.2318693603082 0.9579321959211666
32.368004379023574 0.958333487206352
31.996119874833504 0.9583347089462203
32.32383542655406 0.9606463649950024
32.81547981153672 0.9647742198774709
32.10036522466535 0.9544616808435743
32.28815007949824 0.9615234596569121
32.50492333489425 0.9630822968269012
31.711941650129457 0.9503120801767367
31.990820015343612 0.9540519152606066
32.470843892877774 0.966189505324037
31.802160035179057 0.9494407293077355
32.292080566294956 0.964364114565723
32.0764888257986 0.9619758221298468
31.817064426381144 0.9571914045431031
31.759030016424077 0.9491358793521607
32.1535711350488 0.9616002010377306
32.29425776240751 0.9587165330362306
32.06870537967764 0.957893486020682
32.142789050514395 0.9580444310847622
32.419014139403565 0.9650872506268309
31.981830616503757 0.9568850837579236
31.845032781118082 0.9622107037640799
32.13439807763946 0.9587871521695643
31.881997592390764 0.9537989140696725
32.82168855935967 0.9726993026297113
32.6696373397038 0.9643514662751902
31.851368252188934 0.9505392417673256
31.89617840972547 0.954858834870974
32.07242512608946 0.9568425310366658
32.67801308947445 0.972051438900283
32.075225084773905 0.9614038633288915
32.06121330354611 0.9585761032413048
31.982977326084967 0.95655088041608
31.93782002883573 0.9602070301378535
32.385317802830016 0.9630382128055236
31.663116136045847 0.9487697494714716
32.67203874668389 0.9722410540075238
32.41582349811243 0.9603508637821283
31.931095537313965 0.9512874877076523
31.734974530674698 0.9502024391247293
32.0520581441544 0.9510694308307249
31.34255701739137 0.9479039925983461
31.83015442856359 0.9578189810270267
32.097613089495795 0.9598753739204813
31.53588005175823 0.9524791230633082
32.80878176922067 0.9734238560503234
32.21327966612853 0.9566226834097286
31.96268949921992 0.9497225646646195
32.7325557150086 0.9731229056632928
32.33389406172223 0.9677465418314752
31.9299418941483 0.9510779855891567
32.64839092095941 0.968787757297671
32.3965086881151 0.9674163360189436
31.629701380866866 0.9554638661850237
32.65060553813179 0.9685189784219234
32.67625864112909 0.9701492404145605
32.55824250816398 0.9697950534258006
32.315672231715425 0.9631566803682057
32.10398992110032 0.9545359135630463
31.69355378957667 0.9507274166708359
32.38944842686146 0.9628526834603475
32.243843310979294 0.9626306283565333
32.16004083545345 0.9552543392646485
34.424292488381425 0.9828467519495642
34.92205191064079 0.9851000051443208
34.26458481643869 0.9822931801430187
34.197246344699835 0.982185217515255
34.6103419046281 0.984187085159139
34.46037879193852 0.982974409852779
34.199029292444735 0.9822578718114189
34.47128560990093 0.9825933666340695
34.734316456270726 0.9833672308389935
