30.938736110716928 0.9509090615615694
30.975219569227114 0.9524800084193609
30.789254871964555 0.9481079772378452
31.572456588839188 0.9581801059654131
30.87781417809542 0.9492913435494357
30.97457031179252 0.9486766686810071
31.70006626392382 0.9626914600893761
30.951216891862682 0.9500116649853529
30.979903309593663 0.9519718837500197
31.63918651130126 0.9606108969145711
30.879903523943174 0.9506830101355365
31.074477029305633 0.954855975776638
31.018835241098287 0.9531482570843678
31.613306430835614 0.9595910303967242
31.033457846274292 0.9550996722544988
30.889088555068717 0.950089237499191
30.930400464781513 0.9503916202430654
31.105931388280442 0.9540634191025582
31.014696023764827 0.9510926342869824
31.0293483753065 0.9526512953314868
30.72195415770083 0.9453738644223751
31.680222417367006 0.9606094301059407
30.808401380750944 0.9451061759685916
31.048252296753045 0.9527310981728669
31.738617629735955 0.9624111428222468
31.05905248128869 0.9568488480676651
31.01834962106227 0.9548544908038662
31.657296891750523 0.9607614536919772
30.81933366063273 0.9487787522878549
31.155258944241055 0.9575709465978227
30.88242196882154 0.9492095026320442
31.02116330621306 0.953922640954613
31.611953107331452 0.956580500909655
30.801901263885103 0.9483328814956893
31.57363138255309 0.9586106609581435
31.043611030656702 0.9556979562284598
31.062519773998737 0.9518345078548874
31.096146604748473 0.9532345881712921
30.93110084061425 0.9515579266757925
31.63003538410176 0.9596143132831745
31.104831771819782 0.9556347870288194
30.917578861251705 0.9510298577289743
31.01591956021452 0.954860086310259
31.774822767958312 0.9610122014632763
31.52492508489527 0.9549193713451439
31.722159381356903 0.959324055067125
31.770542339210923 0.9614928734070937
31.668977696789383 0.9597047273059822
31.12620712377229 0.9598122938051795
30.757847052221663 0.9457158317057038
30.819210077087952 0.9504930089032093
30.73374086082271 0.9423425729239272
30.84930256589349 0.9517947411039972
30.714843867425383 0.9451212588462534
31.611405658000482 0.9579128000106493
31.605520800067165 0.9567046079741706
31.689054257072087 0.9611199465448065
31.029368694490266 0.9503371515763109
31.622069139672536 0.9595193208892271
30.768912430735927 0.9445312507886102
30.903277088748577 0.94892695689598
30.843396967610033 0.9520679813303705
30.969583447617495 0.949182495012632
30.902328427441045 0.9482122147912427
30.916525909884047 0.9545268013326663
30.737906961329976 0.947107536902493
30.824858731590417 0.9516620363200863
30.936281250407234 0.9525334411228579
31.588540730134138 0.9586984793002995
30.888941141874888 0.9486565968063272
30.90709626882948 0.9486780614551263
31.051166553930507 0.9529391870155327
31.05594360868516 0.9522516441588835
30.901476728308847 0.9500040640338479
30.94267174150099 0.9456910118428299
31.021255821336872 0.9556030468138111
30.96467277964671 0.9518614754801652
31.044660337020744 0.9536767060926057
31.595961680090173 0.9580813720986844
31.062166385511027 0.955857576171177
30.98351121617189 0.9534650464209009
31.02182595802624 0.9488301402589759
30.8762325792214 0.9498188841503126
31.739443902554257 0.959769256078135
30.738146424121545 0.9476860909884129
30.899313498608024 0.947545559116079
31.711037551178052 0.9610771113578511
31.648734776268697 0.9584561159084636
32.84415593805229 0.9707118499137376
32.716802446294466 0.968657209564861
32.881207306016094 0.970312003037686
32.84632889138389 0.9702641426549379
32.88857836168216 0.9711618241872952
32.79972300440393 0.9701638821696887
32.77280590676626 0.9685456446335745
32.72703093950406 0.9694318571878348
32.80593313522996 0.9695421410148324
