30.198773358755247 0.9222372306270887
29.718348201696465 0.863882523782028
29.87192090627424 0.8931930392874655
29.798708869915338 0.9133061475347926
30.04478616316196 0.9079661186371437
30.57250953015408 0.9016096393471162
29.94420476982015 0.8810888422810719
29.99685508311025 0.8771966215000019
29.775252932211828 0.8619541191414463
29.880828157741767 0.8926893909672973
29.729905813998915 0.8684052749554931
29.738718115287455 0.8629368367893687
29.927444137748417 0.8662824128288935
29.71498048060831 0.8888606552811235
29.90908092149519 0.8547104063845965
29.5567698593675 0.8644267406898551
29.82914108550947 0.8692633721556335
29.537407367090914 0.8527053005048382
30.084142692852982 0.9240811492310842
29.71650385084625 0.868805366855476
30.119481773448857 0.9391220583282995
29.805991900284063 0.8678071862032752
29.949288337391575 0.8948191005326089
30.042501136395924 0.8957300186474318
29.976601183865142 0.9235326469257515
29.723872563246246 0.8844571901194775
29.455705698720607 0.8540766566631445
29.735577770876557 0.8848816179875811
29.636673216084084 0.8632282954649696
29.734498646780622 0.8857568382008252
30.2582699325079 0.9169507800530173
30.08718616629768 0.920632602974173
29.503716026215045 0.8319539881894494
29.63195483097573 0.8601048534243917
29.68633384571786 0.8606652873836473
29.601576845917755 0.8839216029994584
29.424568186860697 0.8307398393848713
30.44526624361781 0.9221853770174664
29.822260137781896 0.8751669192210906
29.635577798331546 0.8674010909330013
29.75111042278077 0.8624962367627994
29.60766255378198 0.8680191767650862
29.924772555900443 0.8709642100234889
30.160161035220312 0.9241484877632296
29.851017598907063 0.8650246122615274
30.09498780161966 0.9143107784439733
29.8274018868458 0.8742341225916705
30.280053931058912 0.9399088348415423
29.531516244784545 0.8430046245318576
30.147710073069923 0.9182518276228402
29.64991620511999 0.8659925198739598
29.560335383405608 0.8557122781254859
29.747398941070017 0.8754645526395518
29.59722746377432 0.8582386660202822
30.00432275623918 0.9123497792191962
29.7421210639289 0.8886150698447666
30.702036866937092 0.9023087721050004
30.223918784005885 0.9219997896061364
30.033975458128012 0.9105186733646522
29.462287945662013 0.8637873364609837
29.699687152844135 0.8683473111033613
29.486038418820144 0.8360492756735834
29.954494560976997 0.8942202595440762
29.797100016893797 0.8622989434026898
30.317602364729822 0.921940379698574
29.566025093828348 0.8746190157868031
29.664522866688436 0.8597680361626838
29.414334060042332 0.8420283964311353
29.768471137056633 0.8879614398232986
29.634111615068257 0.8686773878128811
30.676242811916286 0.9099612867359703
31.322998081749173 0.9275514286619978
29.733834735442343 0.8729796616978162
30.481658559650107 0.9210799134004785
29.77488488871773 0.8719703064650143
30.206561050004623 0.9182102345376241
30.025421641606314 0.8931679019269969
29.61557832248127 0.8547114625186307
29.5931677805736 0.8574611535694745
29.636398931801523 0.8524755738898109
29.88673355707936 0.871381605425899
30.037888607589302 0.9229966562454884
30.449643549106746 0.9244861728446641
29.967168370012523 0.8649996997022824
29.97269723380103 0.876171416364703
29.657224658285628 0.8582551650635446
30.042133683399044 0.922297727944914
30.21750233952392 0.9139852868206201
31.137000863458816 0.9683162793107422
31.180835763740184 0.9653648576575596
31.47836496093881 0.9624300452483758
31.25350546877883 0.963232048535519
34.66881380311537 0.9831722857399794
31.53589318843448 0.9610430064676453
31.265290100209803 0.9652537087546773
31.421675953524165 0.9663861741981326
31.457578207562168 0.9643975365785269
