31.561912195711685 0.9320061782556525
31.376480159320643 0.9322540412103257
31.399110339069857 0.935617883805357
31.9086375456026 0.9457277986368858
31.249876503875313 0.9274418572601775
31.35325887307775 0.9336730524858232
31.39174505424473 0.9355550792568678
31.600615586860712 0.9314439115694348
31.55680892537905 0.9397044043922469
31.267407465713543 0.9259807370632237
31.337313519343255 0.9301382792387335
31.318860714971578 0.9304195973675007
31.340559388528103 0.9321176175535162
31.403800623249857 0.9316110029149436
31.80393923654335 0.9447659412883674
31.59231045831495 0.9397498234746838
31.293628468204883 0.9294911004138864
31.56959002561384 0.9389254435820125
31.564165731493752 0.9302372222808306
31.368343513619656 0.932941337300238
31.531485249591164 0.937571044542788
31.507128276334505 0.9377300679369766
31.502065973506532 0.9371275489104678
31.54062247086766 0.9372968319489369
31.851955213057472 0.9454746825415736
31.822323691393887 0.9450017758866056
31.63285801786065 0.9322810262195561
31.278943367734616 0.9282626793731731
31.582589058394408 0.9313202345002758
31.560314341757554 0.9386890905645014
31.851025530635617 0.9447469416505268
31.318057750459282 0.9286429595648041
31.399979055828247 0.9345424478401828
31.36820267534147 0.9294182346030001
31.338902224486475 0.9326684076683291
31.317743626161022 0.9282785587519905
31.331982337270027 0.9300850101449217
31.43161923672954 0.936084925455422
31.49740606067762 0.9286345054578687
31.516113461456708 0.9303335770410281
31.824964907577463 0.9451222283286458
31.498167533812985 0.927663601477832
31.562121762989207 0.9310669159427846
31.490137243842224 0.9288826754130103
31.354776921655663 0.93110211064278
31.527346486742008 0.9293219445211819
31.50247751937205 0.9284807753672909
31.569433366703006 0.93198639831939
31.27720964273219 0.9284389906537647
31.27318836833198 0.9273274834357935
31.55226292287182 0.9367432285097845
31.501792872589238 0.9288625388180788
31.53060044966503 0.9381692338828257
31.3742471790789 0.9307448751031134
31.55254580972981 0.9402056655279262
31.255929983475394 0.9271754277502338
31.43565030729434 0.9341346172967127
31.306391513902607 0.9287178964835985
31.29924595004865 0.9287994973308448
31.293970140259297 0.9268738955807424
31.312699927164083 0.9295148269176496
31.4228588038996 0.9350883457577899
31.58953083000253 0.9303765387290671
31.536152802331486 0.9377767830842151
31.277551793749744 0.9287227567475299
31.344683367445327 0.9323068616536399
31.81633468952251 0.9452248963543484
31.39307837060112 0.9344302200451554
31.576682472049843 0.9392615502768376
31.54653411373409 0.937388928745781
31.564894603979102 0.9380440458741044
31.34781883476589 0.9324270154692409
31.309100740666366 0.9291602418743549
31.39051831694595 0.9299885534470438
31.38628895784499 0.9352742701127734
31.345154201801627 0.9308415734205862
31.52759622476362 0.9393972426317524
31.268824616535337 0.9275996453128554
31.357123276879307 0.9284978115482301
31.806007405454274 0.9442307055991979
31.28713323558673 0.9277892569150922
31.575156501553153 0.9384953807001266
31.26160312241407 0.9271749235508557
31.274565586078484 0.9275331961628986
31.35871894629898 0.9304211468897783
31.569708547981364 0.9303158451322772
31.282455677249025 0.9283339860172133
31.28224944338625 0.9273216252211895
32.22766944759104 0.9509244346949473
32.2443598645572 0.9519321574825628
32.14770553577986 0.9507920809211504
32.190027166591534 0.9511553466989974
32.164237271869176 0.9507820474570546
32.16540533584897 0.9509358408449508
32.13674258305821 0.9512951177612046
32.24718192800785 0.9512028145238781
32.17505069889489 0.9508694623101838
