30.089322664711226 0.9090383720715706
29.58542725436778 0.8395627104663871
29.824224829865642 0.883247374383737
29.74742256180848 0.9028332045543662
29.962949091664992 0.8950979744620141
30.17133883823462 0.8710645750305657
29.842488459854923 0.8607168145052071
29.905690565211138 0.8604180439865848
29.673994357918314 0.8421445548618479
29.83612515503056 0.880593847165872
29.692202819291104 0.850763959371916
29.67366738960386 0.8420287713627176
29.821499843568105 0.8485129300522498
29.69801131237718 0.8788424347640051
29.8699709682256 0.8575226577408028
29.485363434420442 0.8433874584612712
29.773186245698184 0.8516169929529956
29.462821570104186 0.8311503287337596
30.002973012167864 0.920251595906696
29.626178144629147 0.8475676874675891
30.08287043290533 0.9363867529401074
29.749817003636988 0.8497826676852529
29.910540335324455 0.8859294751563552
30.020671642395737 0.8864236581080136
29.885623704300485 0.9179216032153206
29.66952344287739 0.8737872212841182
29.377313463053653 0.8259414866183404
29.714229071310676 0.8755964449428719
29.561493573513804 0.8463164563051913
29.715252574656045 0.875763621709016
30.14460619419588 0.9048935961581155
29.972357460779993 0.9073839267536097
29.359267390365396 0.7991733824691464
29.57926197340475 0.8419972710518211
29.577222902556514 0.8374322859134815
29.56795652316864 0.8723473677045401
29.406017483451844 0.7974034030650564
30.337589912415808 0.9113474856496947
29.78640869892785 0.8752952310800424
29.549229674101113 0.8458616644608742
29.619746136105142 0.8378822397511088
29.50666286624884 0.8482651508197401
29.7952807921127 0.8479895691702756
30.06886107128721 0.9197496983031276
29.828091656793838 0.8498568769190744
29.979326050042815 0.9004916490796226
29.726919693122866 0.8506779143099774
30.134225035804057 0.9289674338347244
29.503331896827206 0.8347056541563533
30.03972217162805 0.9060899099961198
29.5499372294808 0.8458365329634168
29.48586127403268 0.838057212320328
29.630299675281204 0.8535168041180432
29.536343608021696 0.8376104654903623
29.936414392210665 0.9024172768857087
29.723549854732635 0.8771047896947595
30.61253802417834 0.9010701505171332
30.127525777039338 0.9188623314343041
29.959877183765595 0.899351343345217
29.386195385024475 0.8390807328862212
29.576924655117875 0.8461619698987134
29.40625154614718 0.814526185623519
29.935100081478836 0.8840640204205263
29.663891923877628 0.8366153794313762
30.238739828138264 0.9180213018221609
29.555666257183837 0.865118576142206
29.56976589292653 0.83987883194596
29.374717002597805 0.8233037326855613
29.727904937616543 0.8785896752364591
29.53997121066375 0.8464634007402114
30.35042317959135 0.887528487541266
31.16958020153301 0.9321042872865231
29.6419370526071 0.8519009426315169
30.393752328970997 0.9113285650167269
29.680333646176855 0.8487407094623098
30.084273006924516 0.9065553321264979
30.019911330184513 0.883782267668305
29.490452202389406 0.831679465433791
29.4609407871748 0.8320679343807688
29.516517880410873 0.8276245782253625
29.827579173434493 0.8561860170088162
29.935045994234308 0.9178610424375508
30.339824039434077 0.9135935212171058
29.890607642301337 0.8480910140423821
29.88283342533861 0.859268792542207
29.529312654807423 0.8347285982986636
29.97630304032292 0.918139060230955
30.11569787409995 0.901999393013629
31.137000863458816 0.9683162793107422
31.180835763740184 0.9653648576575596
31.47836496093881 0.9624300452483758
31.25350546877883 0.963232048535519
34.66881380311537 0.9831722857399794
31.53589318843448 0.9610430064676453
31.265290100209803 0.9652537087546773
31.421675953524165 0.9663861741981326
31.457578207562168 0.9643975365785269
