31.717273341711586 0.9554816614498474
31.712310378515657 0.9521360227445496
31.44139130010384 0.9508938474203512
31.828496613443914 0.959575487539218
31.681370776887363 0.9550995147586484
31.387196219363048 0.9502434178795897
31.981051179376067 0.9630835560913493
31.744222389335263 0.955884664097684
31.708486831350054 0.9568298316812754
31.881828910596344 0.9615736812660101
31.55803136523413 0.9530847901880485
31.79082142014 0.9542383569950255
31.612368832978817 0.9524294552888621
31.869068752512494 0.9609477402369981
31.80225547952736 0.9579393654298153
31.751185691083357 0.9562569390490541
31.514617336564502 0.9492362000098391
31.604274436073524 0.9543916328664517
31.500389156621132 0.9514728928849561
31.570750486177396 0.9540718940933395
31.303780634288852 0.9490652870382881
31.965852594878974 0.961820934067788
31.45037507780033 0.9446617877639928
31.49490430893954 0.9544998330070655
32.00802903016216 0.9629431167108695
31.825708467537854 0.9561172680946224
31.773322370564387 0.9575110959370461
31.890164814612483 0.9618962859931935
31.40684214366653 0.9519358767679016
31.7066447988959 0.9586838595297901
31.53022059088308 0.9485728088008921
31.77850773064902 0.9536733198120592
32.07686539822793 0.9628306272535557
31.481392452939964 0.9508251946955583
31.834671620893438 0.9595722688698012
31.72390544860912 0.9554595383066585
31.493653353785696 0.952696377409085
31.503124401801085 0.9538028766107699
31.791608255216772 0.9563853048752461
31.86907550688103 0.9611780706911327
31.67785906544069 0.9559453601285287
31.591138521159586 0.9506004408394685
31.784599433194913 0.9582334032595805
32.07361725094988 0.9638739976079843
31.98962019117708 0.9623237608608504
32.182042461256316 0.9643979227392309
32.18332823524165 0.9660895670243211
31.903477012775312 0.9606730781941549
31.896455382347725 0.9600487274804452
31.343069807575226 0.9485058471210335
31.572238006278802 0.9527687082716947
31.296665410629352 0.9450834930584351
31.560519113584853 0.9534561787391813
31.434082648457093 0.947411856765684
32.13504323801638 0.9640534351983175
31.832478576663902 0.9585570107246904
31.96517614843636 0.9621189185389548
31.398045746336525 0.9509647502908156
31.90345624815269 0.9605359418839282
31.37032747128891 0.9491051412639694
31.694277456423002 0.9541109535666215
31.481178096990252 0.9533745115691458
31.519011606837065 0.9501073409715171
31.61740877137924 0.9481595047385346
31.64715408075836 0.9566520909205545
31.396003356014962 0.9498252111043745
31.60874069291314 0.9533864344305782
31.777420695295756 0.956522874801993
32.10724874296286 0.964961986189205
31.666267832563516 0.9552187649154202
31.639000737314863 0.9548859875145608
31.50738648707691 0.9536798716319185
31.586346976647555 0.9528758102187953
31.56716481008916 0.9502166375818555
31.366503947727203 0.948596217446053
31.775862545726497 0.9556723914673498
31.63696543119967 0.950834629740914
31.6140872270385 0.9548449159898367
31.82802655698235 0.9593220095609254
31.81315224168836 0.9585665479138821
31.645981047065117 0.9526190672957625
31.4124864802489 0.9510229979482957
31.615567686116638 0.9555720809074868
32.177488685813344 0.9650258074962869
31.45634286995393 0.9503286532730734
31.620532243931684 0.9536566983485381
31.960337743574065 0.9618634505395373
31.906298179866855 0.959995384520054
32.84415593805229 0.9707118499137376
32.716802446294466 0.968657209564861
32.881207306016094 0.970312003037686
32.84632889138389 0.9702641426549379
32.88857836168216 0.9711618241872952
32.79972300440393 0.9701638821696887
32.77280590676626 0.9685456446335745
32.72703093950406 0.9694318571878348
32.80593313522996 0.9695421410148324
