30.675576706127234 0.8672499953481756
30.795928628791472 0.8727071212586268
30.825573364227672 0.9024211805037604
30.842072846380255 0.8767531828470614
30.468852207922 0.8632843219168956
30.75478389254055 0.8793342995141925
30.783312479287584 0.8804190104289016
30.802494039270943 0.8725136538080867
30.66526229383923 0.8649202558386904
30.889869632041464 0.902535012687624
30.577821229952356 0.8940464107032717
30.813482153997434 0.876887566291652
30.843294297781377 0.8879388655744178
30.826309630522594 0.8993698361210029
30.493906791717787 0.887026980411982
31.205153789585168 0.9075233076174297
30.594525905299722 0.8925122571723728
30.831409282520895 0.880762501594627
30.773023734741244 0.8608856724816957
30.7707971257747 0.8994646689307084
31.008433920356772 0.9046555656632639
30.50332898570992 0.8778996942151563
30.43588673929726 0.8562822383401882
30.73592409213998 0.8659518784145949
30.744717539497568 0.8789524066342216
31.135781248429023 0.8769127803465845
30.75360588717807 0.871713543193329
30.5952547501734 0.8969071491468539
30.86756618976826 0.8952417349158283
30.794054618780173 0.85850503184541
30.6500003363982 0.8531357762918096
30.630508099448267 0.8658478914672032
30.422794939643186 0.8583332639661408
30.886569743883943 0.8626458179686433
30.499397610029074 0.863111897009814
30.777751980281497 0.9044811964820105
30.865113161232543 0.8640531056437868
30.505966850368587 0.8789179673871131
31.03930585983902 0.858941790152191
30.777315169699353 0.8649303402718154
30.919991413140508 0.9087650878875585
30.557432684942665 0.862032012348707
30.725841869642846 0.8605339301677293
30.484402366523604 0.8656562558215364
30.82984768039654 0.881651486388457
30.863063599331756 0.9003594909638589
30.57460766124562 0.8791199160830103
30.599265836959894 0.866446130497704
30.519409446504543 0.8637468224391602
30.941445752748646 0.9043455996958684
30.611938505215292 0.8779500836449392
30.43759852468748 0.8577269658574719
30.860235083368615 0.8917353296634696
30.831982427383764 0.8707271580526664
30.62084042095607 0.8679909697534965
31.09850801125522 0.8670051185313112
31.09552932223479 0.8685063450650549
31.224293954654414 0.9083863965153856
30.708454259678795 0.8724587942135156
30.56869879780644 0.8954030309992868
30.437745474866368 0.8730530452865523
30.803480064174366 0.8710423595707153
30.82972964578342 0.8782947403414535
30.720313464442786 0.8678088432396146
31.120066481034755 0.8706950861491491
30.737580584396103 0.8597528576502094
30.5138035545141 0.8642053115910707
30.795714972963665 0.9022076014716348
30.704278595855627 0.864838016120799
30.810790019930344 0.8993705812720018
30.960884026939762 0.8673992001932139
30.799673004347177 0.87718256883111
31.0091445017555 0.8668934815016062
30.840594285999032 0.8869686934338995
31.222799293826455 0.9089575134078466
31.160945745577852 0.8761971454484457
31.088723835690836 0.9030955080479681
30.667008810817453 0.883002768092725
30.701056312981233 0.8988396057869779
30.69921969291393 0.901565484091321
30.929684696168856 0.9113947413396346
30.965886690868448 0.8627401095712497
30.49227450091436 0.8596103053967283
30.579664180202993 0.8606541109574634
30.692666263914855 0.8573165838699436
30.662878415681895 0.8817905861173444
30.94389753059829 0.9094446119323829
30.462831560313262 0.8741633281939468
31.207771281457806 0.9435862144414255
31.090626964750363 0.9427321078435887
31.53111843565644 0.9480875419421091
31.293045469130423 0.9439699089934169
31.54821002568614 0.9488943897722555
31.46222815522504 0.9459848183197405
31.381664628470443 0.9457724276921138
31.139519632097414 0.9425084196799703
31.54916681479913 0.9482785112561792
