31.769974530782807 0.9551576709626328
31.8800872646446 0.9585414165998128
31.654732527576456 0.9514430340502655
31.870952277376723 0.9586267230790896
31.679134811875045 0.9542500338603042
31.542708032748614 0.9512791213320875
32.05161890823278 0.9633134729058119
31.770577004339128 0.9549403978672878
31.792257866467054 0.9564694892383655
31.926783959619254 0.960337508748672
31.686303993663962 0.9541132962480995
31.89834368480238 0.9602231348311036
31.81188684789145 0.9586330523414686
31.9235814676361 0.9590988922568442
31.823882559970812 0.9577359913865546
31.71433894442621 0.9545692657616567
31.724388214592715 0.9565272095351148
31.737840336073297 0.9576919077574262
31.714807610760612 0.9556070252820378
31.664680099455573 0.9536795159981837
31.45909168323394 0.9495462968915204
32.00440686320356 0.9603283649504132
31.690117450685555 0.9527880947291306
31.662452064892868 0.9549929359011703
32.08017908435012 0.9629759768309707
31.908222119067695 0.9606718159274706
31.8044529423197 0.9585938485367205
31.939557183725107 0.9606077443856181
31.585120654157773 0.9525170058243093
31.761808616477843 0.9597393146910865
31.77596766108475 0.9561239674591894
31.9587305060718 0.9590024611339586
31.91435667979661 0.9630412216156072
31.697419068670737 0.9544906647205507
31.862161495164543 0.9581959798206044
31.86183275567791 0.9608701463393798
31.64393445135247 0.9542324500909349
31.67649064849676 0.9570120729000617
31.786811506236102 0.9548453166329335
31.955159196354078 0.9585610430628626
31.779249994452673 0.9582919287293457
31.777775514466704 0.9565726637822339
31.79864834377829 0.9575703439526106
31.961312858675125 0.9641685525281077
31.792191839232768 0.9619882558239018
32.00922837090944 0.9648192681905506
32.034424682675706 0.966191347688185
31.969135840574392 0.9592524832767758
31.915275444294945 0.9627987022388834
31.62051342686865 0.9524076798456098
31.754750643619026 0.9553008681064059
31.506635512397224 0.9492146643777971
31.68978009102505 0.9557840167322866
31.645572356471177 0.9523373629244666
31.93837280935118 0.9641019339408958
31.88704312182569 0.9566094077185684
31.993144206627413 0.960861359646904
31.6161733291302 0.9550857881409809
31.94106051042975 0.959903810237705
31.53481017161116 0.9490323719625028
31.753771815147434 0.9549964103184166
31.694707951052123 0.9566541508888555
31.667916118420266 0.9527990536471945
31.807963005341435 0.9559684610942359
31.736050337166528 0.9581515886599349
31.614439777685046 0.9532049354808511
31.729791471616217 0.9557867341429882
31.784589165601368 0.9565003921128888
31.927549267181 0.9651184454649613
31.64517364753165 0.951783742223826
31.62166141694019 0.9540080958016595
31.721630834002035 0.9573228686447431
31.697312266517358 0.9545317658386212
31.759628009684842 0.9563448930095027
31.498125984196573 0.9475568610994494
31.846990580792696 0.9596010757182778
31.8677997930576 0.9577712300760328
31.681437081203242 0.9562425808698244
31.87113303873343 0.9579020939086534
31.84220178116108 0.9596446525642289
31.846070358769293 0.9589223082947976
31.59112236527415 0.9539964678908011
31.58353637603438 0.9534957450889189
32.0429598556487 0.9652912560686073
31.62902098867044 0.9525387942288462
31.648440418406743 0.953130255462
32.051412162193095 0.9616335060496068
31.953112092359966 0.9582659548483486
32.84415593805229 0.9707118499137376
32.716802446294466 0.968657209564861
32.881207306016094 0.970312003037686
32.84632889138389 0.9702641426549379
32.88857836168216 0.9711618241872952
32.79972300440393 0.9701638821696887
32.77280590676626 0.9685456446335745
32.72703093950406 0.9694318571878348
32.80593313522996 0.9695421410148324
