30.17425888835892 0.9310018564183747
30.067256706543752 0.9274907756294501
30.361990523434308 0.9521376236790392
30.194575711077768 0.9398304405465633
30.152981026425643 0.9339427689952357
30.535947173964427 0.9342461506194095
30.093193135416815 0.9366489338038642
30.595122269618162 0.9440221848546886
30.141831025996403 0.9384484749587149
30.081218372118425 0.9350916251321392
30.523062957053845 0.9306543445242895
30.076659108316637 0.9306958522837716
30.362883579978114 0.9529554390008297
30.20828107912411 0.9418532848100929
30.191309877208315 0.9349432434834255
30.50216127906897 0.9322260689066738
30.15524664830686 0.9363856748801789
30.511573994125484 0.940217122522696
30.46657982455773 0.9374112354661485
30.174717252599088 0.9354546973047431
30.399368757524105 0.9510762568107018
30.323741677555226 0.9471944306017975
30.137258943136676 0.937965086929792
30.39212335283024 0.9497574704815712
30.120099423806202 0.9364439476147621
30.137825401531725 0.9415253060044024
30.17953425895264 0.939980457219303
30.064487270770442 0.9291114237746951
30.29341723311456 0.9451964697772246
30.370183398389557 0.9548395985220323
30.77786414498838 0.9467577354115932
30.400463149817814 0.9515051152304015
30.47168952530925 0.9387639557907835
30.367067467653964 0.9508425499375702
30.154483117513887 0.9419270588194877
30.433925657228365 0.927191498116401
30.708443660400448 0.9491418770216782
30.140430383695968 0.9362344380648683
30.45708298296022 0.9305577416815476
30.337085790193857 0.952380677021309
30.025812646799082 0.9252158063092661
30.12516245502132 0.9325399212450991
30.358501939045382 0.9519441407869645
30.16729199568218 0.9381575940139688
30.736670554346986 0.950627066404052
30.13162422468646 0.9411497299125086
30.043783584696186 0.9325443720181193
30.193015839897374 0.9404595469293445
30.18256518182081 0.9346762469399035
30.410259941447787 0.9288828018728922
30.55955926526009 0.9423650869341675
30.139123162165447 0.9365914373758976
30.14352492288348 0.9322124959090882
30.36878461067547 0.9549683121248287
30.01232498993393 0.9254788448208047
30.07280624150389 0.937661510692876
30.055005955830737 0.929977714408165
30.681785765417455 0.9500020749765274
30.39484867383308 0.9518904050641254
30.691151950467162 0.9447814131424
30.206843182977266 0.9337629726620346
30.78983749450842 0.950400903738338
30.054899424260874 0.9297432592102988
30.095558426103146 0.9258304055886692
30.077416678550314 0.9344875326268098
30.774172637094615 0.946286000985008
30.517261611984196 0.9416657311604933
30.11194949251067 0.9337468458733607
30.20461402616575 0.9352110827881029
30.668516264766545 0.9441424636587562
30.172893455411103 0.9395358456160144
30.092192107079878 0.937720032374292
30.38055828209022 0.9493482159510848
30.097238409878244 0.9383982780669967
30.14923011562861 0.9432848731163286
30.17377977226922 0.934511668668257
30.382604770166118 0.9517169369561899
30.189090741516402 0.9412135683664223
30.513465661261264 0.9441495984821335
30.0816148810044 0.9307640313335301
30.053259523701744 0.9285936456366111
30.423005780967536 0.9497789299519457
30.528095494876013 0.9358422389045489
30.087199385913486 0.9378014901062731
30.512966161311507 0.9380043051879439
30.15592677028313 0.9421938339521165
30.540595213340662 0.9366601398495251
30.05925756374409 0.9343983902133474
31.260280791593935 0.9671278932848292
31.310986533658554 0.9685443673515388
31.250016778049932 0.967667205646891
31.210738597122827 0.9672476038892193
31.3519503157789 0.9688673548072819
31.178053557885246 0.9676638683490495
31.261574933543187 0.9667388487659533
31.17824395654178 0.968951610912501
31.307396481686652 0.9680780169037038
