31.980560507256214 0.9687531150465419
31.694318330492493 0.9685531148467226
31.6883933352506 0.9684927490879958
31.63534612939683 0.9679661036972136
32.00850258894447 0.9723749063226752
32.83892949049985 0.9683287708793249
32.85264588713697 0.9684508359763212
33.38016338743269 0.9743680732274735
31.96490718752426 0.9666145050151792
31.63345424132697 0.9661231914035168
31.62965024388309 0.9659282135071627
31.67513461243217 0.9674854150342426
31.61423626934826 0.9657546186153612
32.0521529009524 0.9732076873133115
31.70569496561354 0.9679185278297161
31.653596973931233 0.966385291445566
32.890765115247504 0.9706313061996464
32.03597033996396 0.9744055418684083
33.322921072680785 0.9741599274295428
32.86731002602079 0.9690028336838444
31.625390730113054 0.9650516004644708
32.00393688612057 0.9749587650533434
32.04326814500985 0.9747287491481446
31.90414698043287 0.9681413437949784
32.02325722120535 0.9689414011777693
32.015724652837235 0.9739218801891286
32.77693718011118 0.9692866131769277
32.01411494807031 0.9731610922410643
31.949961699700168 0.9679284926056368
32.93502999296669 0.9695913795705834
32.93799872962107 0.9706358278943481
31.92184043452093 0.9681223083157983
31.920491716280107 0.9680402987889277
31.600626381013473 0.9654612900012727
31.678647676216855 0.9660413310363413
32.92635866162137 0.9700551925263841
32.89819009038486 0.9685441160681549
31.98469830519375 0.9724756492150242
32.92827574793708 0.9698457754754473
33.359591537482174 0.9731213246313801
31.920110350393756 0.968540267485833
31.579432087300965 0.9649307237467959
31.63001556692507 0.9643200243518307
32.044771940565056 0.9743525135724944
32.04919105568171 0.9744404346747287
32.00569337640553 0.9688413608052793
33.415931544386844 0.9748825290141248
31.947969317538522 0.9682476040503762
31.65643754048834 0.9661327288728234
32.8752684483557 0.9701439291649622
31.973056946002618 0.9684874617485534
31.6792893361265 0.9645315003213795
32.90110890007788 0.9703899018686237
31.658248101116314 0.9675618418157202
33.38978898165645 0.974360197405477
31.934407798375297 0.9675231745787899
32.82756886691868 0.9663649592697873
32.06670585161814 0.9744881134972682
31.619721270587327 0.9643916166827649
31.916952041933854 0.9706076456958558
31.663365108385534 0.9663900630074701
31.991995157211512 0.9685843238117161
31.664386269749162 0.9657458814937485
31.652074904299944 0.9669211004974274
31.603158668577148 0.9665079426364304
33.40105179884957 0.9744640946808394
31.691718078664493 0.9681087322797898
31.62058327366551 0.9624899232677211
31.669117669071127 0.9666383995692673
32.871494791546056 0.9695547523090263
31.968944387951478 0.9668361823853674
31.682433708507748 0.966529899386257
33.41411879443112 0.9750556579077876
33.313724506575035 0.9743664778224674
32.001982271418704 0.9726090344473397
31.64854602542107 0.968158707940327
31.981725944071613 0.9677368610001805
31.68763761017974 0.9682420387829724
31.637047068446492 0.964054775087135
31.976953897770084 0.973435781715972
32.88209335579192 0.9702724271039614
31.65890155501026 0.9664258818884097
31.561589053978164 0.9655561739415038
31.970923599807293 0.9689045355294256
32.003991928990786 0.9738983736323958
32.74820134736884 0.9682132525216871
32.078120403036664 0.9741499002272241
31.61997255089375 0.9672323764431143
34.47913154053227 0.9819703966238181
34.487806920249525 0.9822503092547686
34.512128517577985 0.9823566827983076
34.455157079755566 0.9825454291156404
34.44291355322221 0.9819326884790086
34.425528004714735 0.981945318862548
34.327022538331356 0.9811229867653648
34.4365610222802 0.982297657649431
34.39341015943425 0.9813693600266766
