29.35620563823513 0.8950683296341035
29.22345325243282 0.8756688927392206
29.511319805158504 0.8734123183077179
29.307550660492737 0.8893103041243563
29.66787689852728 0.9157496681927506
29.37115353479989 0.8859063913367283
29.27901479544222 0.867274371066766
29.661985830084863 0.909957985512023
29.46011938855782 0.8652007875405672
29.405932825583427 0.863617798944625
29.431277529221333 0.8657105940797077
29.483902238016416 0.8653839934422024
29.350870726701103 0.9041942309011308
29.593680533302944 0.9203585657502552
29.263149903832574 0.8742777757678678
29.423317287561296 0.9069555418262268
29.45777552318844 0.8500280058965429
29.491373510099287 0.8750642156312701
29.430480790379583 0.8769318530110782
29.390639349922807 0.8940392426182519
29.36376410652491 0.8686809166384507
29.581365618842888 0.9086230305482997
29.412888889830178 0.8617449659238
29.36855581623758 0.8652449305022673
29.37931179716926 0.8957457310524412
29.43128696921818 0.8931280112178308
29.279933250844955 0.8913958243967715
29.330051641194235 0.8928705351810597
29.49208674467701 0.9157453875845545
29.34689386755009 0.8745761378301322
29.438897848950102 0.9047296523353536
29.207810899386182 0.8945233605237748
29.429576930761094 0.9085117167218376
29.471153056826722 0.8586053445791509
29.391211390484123 0.8889669178587906
29.413773932357273 0.8746905670549859
29.441022621906676 0.8744651884799881
29.603980797262302 0.911288179089762
29.47439696838505 0.8837051221750405
29.333588875890708 0.8644503006016571
29.416009309352727 0.89532236491524
29.420531177603397 0.8731311133109682
29.27853322813486 0.9037407065667538
29.430803436588924 0.8721501942041606
29.46230366239025 0.9083462815245796
29.284808389093993 0.8762665154342087
29.263424767558313 0.8938951845083125
29.428255665896263 0.9082221057927777
29.35176099995932 0.8938560071132543
29.378864280746694 0.8559732093826392
29.547748615638216 0.9132256005080527
29.374436525605816 0.8995038109736904
29.64830563221974 0.9209352387476833
29.34045031237379 0.9001952466673445
29.35390184503661 0.867138072567978
29.339090058232493 0.8767672510099741
29.331463101651842 0.8843949543022738
29.436092471334536 0.911279581077688
29.455600693195617 0.8677783724933509
29.35526996530553 0.8860964646378058
29.261016270482084 0.8752611934940475
29.36961572417117 0.877821641573098
29.625931319651517 0.9091545310159046
29.39610286472054 0.88652029422676
29.322557393137885 0.8943878472507097
29.538195534044178 0.8776461334343195
29.493646852987556 0.8899966496586752
29.452809290954512 0.8799738057631556
29.330661686713405 0.8877752069216777
29.61028890030321 0.9153358815699338
29.42212672919396 0.8642394693614227
29.414952990158916 0.9082775119542756
29.351388943026567 0.8885748091847229
29.646004952970998 0.9055708377868251
29.56257721248174 0.9073446686255981
29.416390207787494 0.8860780752396697
29.21339386788363 0.8889493344882882
29.466460890299814 0.8709085492358545
29.476170298608192 0.8907947589248757
29.35901367768424 0.8652477265931717
29.608348188909545 0.9068973258653216
29.49709479600257 0.8970245292887736
29.537024983909138 0.8845853938522076
29.421107553680056 0.867343265506928
29.579538054913222 0.9123686927469288
29.313971804151258 0.8837481578011341
29.398913307606342 0.9046305824174463
29.4489378428461 0.8862131507357971
29.976521895342934 0.9370445359892913
30.029095164719738 0.9396640346755932
29.931899925043183 0.9375508058380184
29.956374991667673 0.940650720610065
30.047601453248483 0.9394548744364468
29.981239787578488 0.9431515617853965
29.957364767362293 0.9388629570273687
29.824759697131608 0.9353558898990653
29.77827290063344 0.9356509296219285
