32.2133312123934 0.9586017284554301
32.25260062525718 0.9619270721238309
32.25722243832956 0.9623339477357457
32.30996647578049 0.9621649794785704
32.68005439702806 0.9681178369219944
32.253015656585994 0.9624298679407323
32.264350078466876 0.9629144212620482
32.312282436483024 0.9651789238743232
32.172875572307014 0.9549991418520437
32.095366455603845 0.9573876240711358
32.11685862602654 0.9580651619395907
32.27412231579518 0.9608993581565693
31.978372562688968 0.9569966938252251
32.72368194622447 0.9695352283359221
32.25930389693066 0.961670396109836
32.08206458369038 0.9576110612022355
32.28935790788153 0.9650003177759899
32.71620806294982 0.970409636033046
32.24693618606696 0.9639880100324026
32.22386202918314 0.9630449726840041
32.044691762499 0.9554688335293213
32.66295800074054 0.9710631320875208
32.711617058897666 0.9711156492856523
32.18604078958807 0.958709314666566
32.211765356350284 0.9581085686456902
32.70079280549232 0.9705096302789561
32.20835013805913 0.963401206735854
32.71483694041557 0.9693099972954802
32.21067244270991 0.9580713109851048
32.2716209677166 0.964004550611712
32.30895433192279 0.9655245250944552
32.14378514195652 0.9570156060641253
32.125185655116674 0.9562720059949368
32.059043983560116 0.9571916776997342
32.07081302168406 0.9574340321417159
32.303023382204266 0.9647500755680842
32.27561773435645 0.9634025089400596
32.7096223403992 0.9688595995056135
32.3176279924394 0.9645681741628576
32.31996115676608 0.9652850046612477
32.14128581313187 0.9581779062651967
31.9737318535012 0.9543782058512162
32.04863771637134 0.9557375007422226
32.763260360328495 0.9710224456577354
32.71182822637792 0.9710839518558668
32.21345843558044 0.9586408426358541
32.336416877889775 0.9670888660158973
32.192111584934594 0.9587425344783225
32.09533230064901 0.9573912964913779
32.258019443388946 0.9643042473949183
32.15950532740389 0.9584851557418776
32.08790606648991 0.9562436900665131
32.268385695881825 0.9646770152571017
32.27611285990852 0.960827713982608
32.29095944007109 0.9665329931739313
32.18694147511408 0.9575172389791542
32.273507315376136 0.9612234419840842
32.71325090170175 0.9712473530413928
32.056972371841894 0.9555315864730078
32.49920022582839 0.9654721901505573
32.2783273366766 0.9600492421450229
32.20492921126495 0.9592829181263259
32.094595188329905 0.9569722410328471
32.20412766158614 0.9594362423701315
32.24347185746716 0.9591242031689674
32.298283627095934 0.966105694117529
32.2517293729585 0.9612444768688191
32.05327041216047 0.9528727831930915
32.099493354360604 0.9582885070011034
32.23837301425344 0.9642438636733734
32.20228469501714 0.9577048147130756
32.090730953888425 0.9580326156394001
32.349690098108 0.9657777662253332
32.21304204941392 0.9646833971251628
32.69862235835716 0.9685701381203328
32.1657199100189 0.9611641548807629
32.18718457231851 0.9580994230256121
32.23801011685604 0.9617877863479335
32.22202056127357 0.9574401366276145
32.71844891879973 0.9699164741418879
32.37410029239723 0.9658804735128911
32.22442165889711 0.9597939583328493
32.12365483526833 0.9572840331336806
32.21985327543806 0.9595182981158176
32.69044672100368 0.9700033395429046
32.166402288863424 0.9612303724598865
32.72509452640201 0.970802079176914
32.22935149382451 0.960676016606108
34.47913154053227 0.9819703966238181
34.487806920249525 0.9822503092547686
34.512128517577985 0.9823566827983076
34.455157079755566 0.9825454291156404
34.44291355322221 0.9819326884790086
34.425528004714735 0.981945318862548
34.327022538331356 0.9811229867653648
34.4365610222802 0.982297657649431
34.39341015943425 0.9813693600266766
