30.989257565333162 0.867192963711685
31.122719914018056 0.867242186236341
30.916488212340564 0.9197133202143949
31.163783902448007 0.8731199825992497
30.72102769134595 0.8580763285260755
31.04808624215092 0.8903044320527805
31.124955252643165 0.8851483680007204
31.111882700304673 0.8664838989115174
30.948515901886026 0.8682382798209263
31.216066166876395 0.9001230621421967
30.819202651579232 0.8939824825255329
31.148396478555803 0.8774306693331847
31.200528329312903 0.895269840422607
31.13818799902603 0.8998442562723371
30.76726412426211 0.8897231245193405
31.263059502667957 0.9226776867405384
30.868407508866042 0.893430387153005
31.163579208392843 0.8780180496459926
31.07175255451605 0.8572315805647809
31.060927509198454 0.8995107868154271
31.077136516312393 0.9209850853016248
30.826298474041337 0.8893649570777398
30.682228232932527 0.854517462970656
31.041701312576187 0.8658535709575783
31.03999751439099 0.8889774983797376
31.17375035564956 0.872045854378032
31.03687575878514 0.8658574579109577
30.89058318157402 0.8968100143718069
31.21142152914591 0.9039094795786237
30.790566146072997 0.8500867489770674
30.67626154441116 0.8467125305482562
30.931901758396098 0.8645145700440721
30.688161959786026 0.8588821564152341
30.912095570939783 0.8590761750942045
30.761002909536096 0.8594257923105754
31.07050335414741 0.9045553431465818
30.866621274608672 0.8523040865607111
30.829396029258753 0.8883460093712948
31.077470860943627 0.8503779628358941
31.10693890627273 0.8616574476839084
31.255554051063324 0.9062707417559235
30.80982641493158 0.8565128016765151
30.74549158804124 0.8535548801766267
30.748158145001796 0.865533293939899
31.160412703888902 0.8753568901443034
31.200784864490192 0.8986453948549048
30.89063790895144 0.884986681056402
30.912717670780168 0.8675583957598166
30.792339814478787 0.8606818722430065
31.00672263054635 0.9191253180078176
30.884683141763077 0.8852320794720852
30.713542572458387 0.8578413553414644
31.211499610238434 0.9009449387452954
31.14147171906669 0.8651158745227263
30.86205966966251 0.8608309520775639
31.098952332159723 0.8585937221201478
31.12830472413691 0.8584096322314155
31.286115818042212 0.9219347699112498
30.98105542160336 0.8681540106254229
30.836760158259118 0.8960650693025499
30.77254620829409 0.8839944667223999
31.16963741015692 0.8701241846170712
31.170166122500866 0.8734725692930679
31.00514127714797 0.8669167220849199
31.140161188225267 0.8654384768998566
30.75369809917968 0.8546159599373997
30.778381926420128 0.8619592101809264
30.85789054185686 0.9178043158494124
30.99423201978596 0.8632220737862785
31.106833496930207 0.8999370559394847
30.9502454024282 0.8621132483159089
31.13881708411078 0.883380775457436
31.020307426408724 0.8610149292036219
31.197366026540116 0.8935712063472127
31.268194061121243 0.9245362247722194
31.160047243788046 0.8677740775832956
31.164077323656528 0.9199459733007679
30.997248108979218 0.892713367373274
30.984614145995167 0.8989589434923995
30.99427343539729 0.901179724546963
31.270391990356046 0.9107808433879007
30.98083796664984 0.8587647971805878
30.786622719089166 0.8629478465390793
30.84466413978726 0.8578909671231978
30.701600378227887 0.8498126452190982
30.98304054543782 0.892561538585288
31.245132985039344 0.9086280988069066
30.764754207637296 0.8841414200515663
31.207771281457806 0.9435862144414255
31.090626964750363 0.9427321078435887
31.53111843565644 0.9480875419421091
31.293045469130423 0.9439699089934169
31.54821002568614 0.9488943897722555
31.46222815522504 0.9459848183197405
31.381664628470443 0.9457724276921138
31.139519632097414 0.9425084196799703
31.54916681479913 0.9482785112561792
