32.305091068398674 0.9655957905521964
32.49969378510466 0.966610444419024
32.51486722180836 0.9663220423908844
32.49613664947773 0.9658901482243927
32.93819138977775 0.9712046404184894
32.52716992806553 0.9640292952555074
32.518883715031905 0.9656243092809721
32.976645629106244 0.971139810785765
32.311730442243444 0.9630630352416865
32.278981619176164 0.9629168643572015
32.27015655587196 0.9631329088910914
32.4906670881072 0.9655497505352033
32.188044787830336 0.9629379425488048
33.01897327699183 0.972207911494166
32.52619035274242 0.965718243166794
32.26032190316269 0.9629536780926595
32.55239341216179 0.9676598647421873
33.00975738385219 0.9737061944601453
32.83656316074284 0.9699791356042865
32.54440063520816 0.9653800992231243
32.23083781282922 0.96084453734065
32.95215520280321 0.9740361288851765
33.002237126645454 0.9741009212369007
32.32804158598954 0.9648750915965045
32.40148023320383 0.9651783313600588
33.00445600101177 0.973233605281298
32.48663337882987 0.9661419207660896
33.01253859940759 0.97226338280733
32.3240353060705 0.9640122544927018
32.53094176431122 0.9666330232512739
32.607424941355376 0.9678265842387918
32.29055304745632 0.964011102539944
32.29809462160724 0.963397194213653
32.26040653220935 0.9626162283228172
32.25838992695296 0.9633219623056267
32.59112755457806 0.966943080139126
32.57790380115153 0.9659675855495922
32.94361529835522 0.9716795425773935
32.567121374528966 0.9667966992424177
33.01440750817915 0.9704417515291412
32.22871601833055 0.964637792531539
32.20202543672743 0.9604349151674986
32.2316630312102 0.9617582875997591
33.02240824388158 0.9737594656990542
33.0145086244832 0.9736692102325318
32.36022821769915 0.9646942195253347
33.03273565647292 0.9717496574231254
32.36147139258356 0.9651852764005708
32.306712234421205 0.9631558700103919
32.53331489526969 0.9670909995946814
32.24805779611287 0.965034824458768
32.277300649584554 0.9619851976594741
32.537719166372774 0.9668835196646198
32.51054751371547 0.9648691410579581
33.00077442979281 0.9718227815779213
32.294492415132915 0.9631617651388746
32.53859299183115 0.9633508311591327
32.97198001489546 0.9739447039997227
32.243817540136185 0.9604275437812544
32.798828917647526 0.9688504819882535
32.48581276192853 0.9645102821792241
32.36798581623859 0.9649817946660028
32.31720262190152 0.9629899317233119
32.434990290891704 0.9639972453324113
32.48866145030882 0.9634197718327298
32.94816219551505 0.9708128869625485
32.49581008394973 0.9659885459426699
32.26866671893058 0.9592922633200938
32.30231322718201 0.9633239772818192
32.53640915156841 0.9666131923763426
32.33972394836757 0.9642486534429531
32.29254555380619 0.9635737458091546
33.038880689659756 0.9715041628722553
32.92540108178313 0.9710337980968278
32.95521633668241 0.9714336412889623
32.42061321538318 0.9658779398328264
32.317600282174475 0.9644931120361031
32.48743039764775 0.9659090868694946
32.47144364447134 0.9616928857022802
32.980318571354424 0.9727521140063106
32.56107971143295 0.9673270170263704
32.43817810960787 0.9643465995127607
32.362805355289794 0.9617447284159755
32.35085328161842 0.9653179486229402
32.96946046413759 0.9728323727572074
32.46613178158887 0.9643811360602719
33.02211007512858 0.9736695680543522
32.491838250953435 0.9649943530169587
34.47913154053227 0.9819703966238181
34.487806920249525 0.9822503092547686
34.512128517577985 0.9823566827983076
34.455157079755566 0.9825454291156404
34.44291355322221 0.9819326884790086
34.425528004714735 0.981945318862548
34.327022538331356 0.9811229867653648
34.4365610222802 0.982297657649431
34.39341015943425 0.9813693600266766
