34.432276924469065 0.9689358235787089
34.30946178920457 0.9702852154996867
34.584819901242334 0.9689466131272371
34.76156650242193 0.9729198302960979
34.91974904474696 0.9753710956817402
34.956354463018116 0.9734763139549057
34.709050539486896 0.9724357326132185
34.85618085249574 0.9707925159496055
34.43113817654134 0.9717797834837886
34.37486559121905 0.9681494775724501
34.81289233490399 0.9779960135756429
34.82297746576616 0.9783563428439518
34.3220519086784 0.9640499285820997
34.24588348595062 0.9697119993503548
34.41494838571865 0.9659325101020838
34.76264799656193 0.9717187880322854
35.15146280064652 0.9768494130937296
35.20131665166595 0.9765390223488343
35.0283366569207 0.9744078997934804
34.42011708639995 0.9709363726432504
34.433307477562245 0.9692590432091321
34.09542049035925 0.9619343681614152
34.19078986457139 0.965833599375562
34.087819789412784 0.9654917693208729
34.587325640715115 0.9746727835621118
34.21974786464987 0.9639167453081962
34.8914501416582 0.974784290917038
34.467373789495845 0.9699406886403512
34.761586880672944 0.9721714076971925
34.59404568107075 0.9731002671672148
34.177674607311694 0.9681514012175414
34.26975772426913 0.9665977969026269
34.20968274887776 0.9639748559579644
34.89990587695269 0.9738428661486515
34.530521850674475 0.9676737183479455
34.84667934805028 0.9742756705716932
34.47805187650822 0.9720816088714961
34.92722058415659 0.980668214318973
34.79794695683628 0.9774257470512063
34.470031476990016 0.9712092167937081
34.5965402965593 0.969362377534657
35.18002309485925 0.976632628345606
34.52585456790934 0.9708275832369794
34.56635528367508 0.9708398467646492
34.742274444476834 0.9731769560625531
34.748835000511335 0.9725390269760048
34.83926667742712 0.9710659858931445
35.043848017171456 0.9737348583030846
34.40302090019838 0.9675040167386466
34.89965818117028 0.9796204519191553
35.12060075705734 0.9763738619071637
34.21367215649829 0.9698180055294116
34.2759577218143 0.9697176575757062
34.44786063888576 0.9717199748870458
34.248056792169066 0.9679848878001058
35.07074838681376 0.9771469602436159
34.40041175695366 0.9695643588605483
34.467408805092404 0.9702600526020209
34.76195699264446 0.9733145829760247
34.18004862391667 0.9670854062026112
34.61935618565967 0.9692066907875115
34.52729309122497 0.9733785488355726
34.36483448283758 0.9700815414523208
34.81088197227196 0.9740986875083757
34.863810915636854 0.9787611602598667
35.04643173635591 0.9745163241833925
35.023523170671055 0.9726209201293671
34.415775110253016 0.9685832732219858
34.4513803251622 0.9704475825982619
35.160834966718724 0.9767163976161098
34.95394332532157 0.9808699058920467
34.55525565425417 0.9677574691109134
34.80353673654834 0.9785466428970317
34.54794756110152 0.9737220553898428
34.30163710649878 0.9654036064369604
34.56190361428711 0.9723445515819067
34.491443152293996 0.9673324511790832
34.354659486725396 0.9694737744618266
34.46372388739078 0.9709172078091344
34.656773793271306 0.9717932393580474
34.96921284614465 0.976352471395891
34.31843243469715 0.9645069907355827
34.60477326169491 0.9721777685749402
34.503177143490696 0.9663884036273369
34.27721289586813 0.9670935348331946
34.89265322488745 0.9748272531168635
34.357068792518724 0.9698744171287924
34.271097419279954 0.9681952151212742
36.629387690065904 0.9843048401516147
36.53617641689106 0.9843201415920849
36.834841716134136 0.9840189180811428
36.873205161435195 0.9841179655631028
36.680492906504576 0.9839673833513691
36.737720625608546 0.9844728602835667
36.94098599343016 0.9846929140542362
36.73650022089645 0.9843531639714422
36.69873922286672 0.9835028539081799
