29.952161620018405 0.9028552540557774
29.537836379108512 0.8371666107767485
29.52812341735519 0.8309336556349534
29.371088933897443 0.8285225795224423
29.8264119587082 0.8842453510681542
30.114670901140784 0.8554075018173561
29.720451548670958 0.8477856898618837
29.77638686905489 0.8494688213079762
29.551071459107142 0.8298959968097765
29.53062580462918 0.8261990400149793
29.51218372362728 0.8229668631271213
29.50644253853614 0.8180752307087439
29.69862612873183 0.8402322869184002
29.371814609261545 0.8205401053421741
29.61813605137463 0.7814971682930655
29.355303094757073 0.8158474241257481
29.60624266815845 0.8272509881294278
29.412287516852253 0.8142569314298921
29.473744218013213 0.8393754514750654
29.489990547803554 0.8247694693765257
29.444430953771263 0.8548735992595481
29.591020436354025 0.8322216338242868
29.593891931439614 0.8302050282737575
29.71060176218396 0.836050234874938
29.3120301064671 0.8138022443400736
29.366161198382848 0.8137665867134576
29.29804170930378 0.8162368273730066
29.464251230534458 0.8273070882893727
29.410865462005603 0.8177563167606672
29.43123437521131 0.8218726610791005
30.003339144556765 0.8979792722497356
29.861819579075185 0.8965859102414223
29.36886174052889 0.7818858416954468
29.424255235914867 0.8219829019426905
29.534416516826653 0.8406852925854029
29.387445744193265 0.8267167596381811
29.356596287371556 0.7705617304803675
30.177300313535493 0.9053538423400672
29.590698056542976 0.8195707279340861
29.435374488720033 0.8266543918375232
29.499472508837936 0.83202051629681
29.475353215647683 0.8331112303085454
29.722883906325922 0.8455676966300496
29.576624236855018 0.8452330777360322
29.685493821062494 0.828272895971277
29.84790380348521 0.890544161457305
29.61551018255365 0.8382429489942455
30.00593152383876 0.9191881907220097
29.320035141006755 0.7873799265420225
29.923585186052463 0.8981451598430127
29.42774648356155 0.8225848903087849
29.342852877763814 0.8075901140951056
29.560119857175884 0.8401732895672105
29.42854695658577 0.8135276581158938
29.811826416090295 0.8880311698567493
29.440035487608668 0.8276247806845661
30.166016365551403 0.8420514095185557
29.64789898155789 0.8440806572326758
29.818791731554775 0.8857507830247271
29.323543550944695 0.8174683653596132
29.47318046073825 0.8301925339830268
29.333976930686482 0.807321925969989
29.615744958253725 0.8294788863904126
29.59359813681629 0.8364727348590943
29.757534497138963 0.8479070733019449
29.28883466983414 0.7967411313372782
29.478255159946002 0.8208530830139813
29.28966327281481 0.7931433463404161
29.44707466286875 0.8236363967534392
29.45031437087129 0.8264862848900593
30.160010423913462 0.8577705193344545
30.561754368685104 0.8775430344075655
29.54863247937746 0.8413811703834801
30.222514304264273 0.9058517966605271
29.582086009160427 0.8379297713090297
29.96436900240118 0.9001697233803141
29.705483098213612 0.8330655899994033
29.40564745261897 0.8227077762847175
29.337658016946055 0.8206196188428891
29.429791082069578 0.8187020787245122
29.6606800900895 0.8326543708267886
29.40982707121972 0.8335243013597621
30.163326447949885 0.9071517204251802
29.793629649482195 0.8460024079284231
29.75239323305515 0.8475849655610141
29.430727155082682 0.828279179441763
29.494274454403925 0.8470897871818914
29.967888984951134 0.8925579330334361
31.137000863458816 0.9683162793107422
31.180835763740184 0.9653648576575596
31.47836496093881 0.9624300452483758
31.25350546877883 0.963232048535519
34.66881380311537 0.9831722857399794
31.53589318843448 0.9610430064676453
31.265290100209803 0.9652537087546773
31.421675953524165 0.9663861741981326
31.457578207562168 0.9643975365785269
