33.72052646915531 0.9694598413387483
33.99574837247344 0.9712376662356704
33.972537434912525 0.969923352079423
34.596723827270914 0.9741632048567644
33.77927399149175 0.9758948827675872
34.77969685153941 0.9747795638516945
34.113286630030466 0.9738546954465344
34.731856361715636 0.9725721655071582
34.19146949735086 0.9726737066660557
33.33048102401318 0.9691594143205808
34.84274939842611 0.9767734399643109
35.000038205534686 0.9774404576465808
33.75975650206687 0.9664532520119289
33.97980104298899 0.9703428888248488
33.4271241803186 0.9669010498363066
33.71131523520586 0.9731800248742692
34.958741487923064 0.9781667392916448
35.015148275329445 0.9775578144009607
34.83642205107475 0.9756309308175486
34.144150206599086 0.9717232820906497
33.84370613186099 0.9705269382043643
33.53948779449144 0.9641674502391716
33.97596638491622 0.9677198089628035
33.49270596375143 0.9669697005920075
34.41825319154158 0.9762455222523111
33.633268077613316 0.9655448128361382
34.72044987618949 0.975252468517022
33.81376813011287 0.9712227422419515
33.62669371941309 0.9722535937933434
33.92660755075789 0.9747298811005072
33.49664998300787 0.9681096546867878
33.68661128369031 0.968321419575098
33.56890057094772 0.9655080788189855
34.66173174843813 0.9746327692959998
33.95685682684065 0.9692750576831387
34.15985807452274 0.975990081323732
34.31225868031815 0.9740338449714284
35.3195786871263 0.9811114791252185
34.84897798942473 0.9753728121005443
33.35446328945717 0.9705548342127513
33.996886522057345 0.9715616436102907
34.99548766734832 0.977793174268442
33.4578116321455 0.9713380163471399
33.49991809991463 0.9715602381379255
34.08706669750376 0.9750408162374241
34.144188413277085 0.974135936426663
34.715304797009054 0.9723669451231671
34.82962577762462 0.9745077216058011
33.85676987541103 0.9695700298717506
35.02596697251627 0.978119086339303
34.94141228021656 0.9776131291445325
33.92342057674014 0.9707098211694657
33.90504330623203 0.9701118627065739
34.1720953188517 0.9721734068402129
34.038115481908804 0.9683275839288618
33.86715967557874 0.9781361388956672
33.75266282794857 0.9699396029809457
33.89501594401287 0.9712532601014418
33.66513055685016 0.9736006063543902
33.523894642068356 0.9672158617844194
33.61818635720218 0.9700236110345545
34.33395238841899 0.9750386840090172
34.09036764901994 0.9709852424189938
33.760625624356244 0.9745423748450612
34.7045066953432 0.9768606467328649
34.85805568973633 0.9754608400754996
34.82154758082844 0.9738982166481087
33.78346512275315 0.9709281262173496
33.80852143108765 0.9717126132995187
34.939812738106895 0.9776149426827815
35.378670303911505 0.9814180446228912
33.4914089324688 0.96912801725451
34.82192150527531 0.97780226266835
34.3881748038506 0.9756499333165566
33.651362139755555 0.9672207981137129
33.89124624411641 0.9740351317957792
33.45214114766228 0.9680380919339724
34.11770983590434 0.9709370332356286
33.86796815393825 0.972641847250497
34.001198762854365 0.9729323195761652
33.82440136807173 0.9774474380445672
33.78031221783498 0.9660579623835887
33.5177995960822 0.9728147425441389
33.859191566015376 0.9677687375682557
33.67632866529205 0.9689568249825184
34.73841295653123 0.9758050720358605
34.045961871493446 0.970305450969243
33.66109029520575 0.9695344187671002
36.629387690065904 0.9843048401516147
36.53617641689106 0.9843201415920849
36.834841716134136 0.9840189180811428
36.873205161435195 0.9841179655631028
36.680492906504576 0.9839673833513691
36.737720625608546 0.9844728602835667
36.94098599343016 0.9846929140542362
36.73650022089645 0.9843531639714422
36.69873922286672 0.9835028539081799
