32.98133938460488 0.973967618613603
33.1280173052469 0.9720943936620839
33.14304392873253 0.9721080803976346
33.152011862825546 0.9717130150097397
33.471573869272355 0.9745102678958819
32.77218759403668 0.9700182753031826
32.760155313590346 0.9700267687174244
33.216779479386595 0.9780356334728492
32.92495574771037 0.9724024778421513
32.98725347863658 0.9709344216729273
33.01260451618382 0.9710527921863168
33.17537592754516 0.9718648306159843
32.894487135125054 0.9704901398963178
33.54559002513406 0.9758550485813268
33.18444797612686 0.9720604944156557
33.01666647995468 0.9715785684077618
32.81971621286629 0.9718815792749889
33.51206064856407 0.9765374041683945
33.14665507676053 0.9777890571850599
32.76114847137375 0.970860831649051
32.95568083257026 0.9697888268567914
33.47530563435604 0.976692097228223
33.54433174070883 0.9769895285266649
32.929643519525186 0.9733857675481776
32.961994400406546 0.9737345631393334
33.50624360537921 0.976272381535209
32.76488261996042 0.9711727097660052
33.53247519073022 0.976030551205623
32.98785380807605 0.973410937424284
32.809539931293685 0.971508011129487
32.81421889073263 0.9721315640632457
32.94251596437366 0.9728451571414253
32.96549368799387 0.9724957578455398
32.95404599265222 0.970455472446751
32.99709510108279 0.9709283083975876
32.84813184279767 0.9719839112583495
32.7789605659079 0.9707343570594884
33.474124726556134 0.9748618650092229
32.82161159961075 0.9718413509703336
33.19631487671178 0.9771965516434221
32.9112120596825 0.9735394099274106
32.91173885226656 0.9694739552021624
32.902647234485954 0.9689018420595914
33.561086396130044 0.9766057746869284
33.53259704374071 0.9766796934436798
32.98210253379789 0.9740625891696841
33.22509946122213 0.9781435380298604
32.95778144262097 0.9733956395901543
33.002229673839636 0.9710083866359795
32.80252150971157 0.97175244880819
32.8934950826629 0.9735047633632214
33.003050436128134 0.9697142147703908
32.8185738304815 0.9724606461515224
33.163632000852516 0.9715344808920275
33.194444859124665 0.9778167033057723
32.90665863349881 0.9728057565854316
32.77713364868135 0.9681785588540911
33.55882082976526 0.9768843906646505
32.91992113747584 0.9691388501559605
33.287641817743015 0.9731068508158044
33.13365478348496 0.9703863204004161
32.99626845861714 0.9740699245006952
33.01020359385434 0.9708807101890704
33.1280209155149 0.9706831700923038
33.09995978791913 0.970325558563973
33.219214441602304 0.9780909573210775
33.1390064067491 0.9716945882267713
32.937372427180335 0.9679336451887295
32.97804877632428 0.970952975625102
32.78689792037966 0.9713541916584777
32.98917840911095 0.9729341163414107
32.97045957902301 0.971020434974379
33.20265555172492 0.9780725117648953
33.14759017886501 0.9774377155361468
33.48066676871126 0.9752109678248799
33.08097981641466 0.9715368351252401
32.9841696878599 0.97344143849352
33.180772846672866 0.9726306388027599
33.119297343436614 0.9681930730641428
33.46410580489738 0.9757869838324341
32.8243283051816 0.9719999904401869
33.05951763015957 0.9698933715762809
33.00614020799726 0.9695868189251691
32.99362714729795 0.9739445940134465
33.484148200432 0.976112561426251
32.68083641989005 0.9699278697688637
33.53749430178218 0.9763878068656319
33.1143190159103 0.9712072576891987
34.47913154053227 0.9819703966238181
34.487806920249525 0.9822503092547686
34.512128517577985 0.9823566827983076
34.455157079755566 0.9825454291156404
34.44291355322221 0.9819326884790086
34.425528004714735 0.981945318862548
34.327022538331356 0.9811229867653648
34.4365610222802 0.982297657649431
34.39341015943425 0.9813693600266766
