32.973892959496176 0.9686679768886608
32.66662608469088 0.9661784675355682
32.86476041054349 0.9692241865077871
33.86407161451621 0.976498396660536
33.89043503476337 0.9764856276342689
33.179407690036754 0.9718132018636857
32.47425341566753 0.9636014067399982
32.70417044093705 0.967796835406503
32.709759227677836 0.9674290004954339
32.98959540772338 0.9665857943595437
32.83879353725813 0.9694914236369173
33.95833175455293 0.9771248223443383
32.6994114120222 0.967642362244274
32.97862908557367 0.9670931379378344
32.63702559906085 0.9636692955016157
33.03930867842612 0.9702338805003354
32.96405634889592 0.9693450770355556
32.621377512460114 0.9697955894840042
32.73371442930863 0.9678459434741655
33.94321620519035 0.9776230392287275
32.717055330173956 0.9677859649949989
32.68427271962986 0.9659652567485936
32.766319047505675 0.9665323111257444
33.75804747459121 0.9742548373736131
32.7934565599801 0.967713997297044
32.74256662003899 0.9677816734273393
33.121686355545826 0.9716382359351386
32.538918455985836 0.9647310026595204
32.55610177755177 0.9628880868640176
32.50512312352364 0.9672030981415788
32.8089033681635 0.9691530425152136
33.987163719236264 0.9776889711376137
33.852192320779565 0.976622520855058
32.61822816363149 0.9656111988778091
33.74613065246669 0.9732714256520086
33.75693422884702 0.9738219944612607
32.67633876162722 0.966711662560226
33.956950770261656 0.9776404796440975
33.83578567843179 0.9743333737912038
32.62365674472315 0.9663926395750121
33.050764637219075 0.9714792128157769
33.91159425763257 0.9771372141089312
33.9437318432027 0.9769065347709563
33.059774841866634 0.9697620492926402
32.651717921038305 0.96754228655736
32.71067533593865 0.9707696838029406
32.66047975219128 0.968666659656881
33.81908466953149 0.9748209691901865
32.71332555478604 0.9667398430371819
33.055638646329314 0.970665607837923
32.626246735656714 0.9669254461908843
32.71164248045845 0.9685496024705305
32.48813526014102 0.9646512946544841
33.951470496020406 0.9778749246462666
32.55104024022844 0.9649070121636272
32.61884019094681 0.9684703322514714
33.83075531200192 0.9768596925077303
32.62825419687463 0.9701402894395802
32.61258913126986 0.9629761277934071
32.611988403022586 0.9692827336552324
33.00382662008698 0.9663866402614079
33.04364134358973 0.9707054923345608
33.832168385963776 0.9762610157335727
33.76779350735729 0.9752091548577129
33.11029191826101 0.9720973423245062
32.67973039341615 0.9704247683342051
33.842363774067564 0.9747373638638127
32.83749290786813 0.9699999712500803
32.83251898833686 0.9692893741744194
33.929757784894015 0.9768610037967835
32.821935428522934 0.9688116287124315
32.517735430346086 0.966800299257284
32.68568394984903 0.9657172364791706
32.62102934595766 0.9692176004195264
33.79668289393551 0.9757319067290889
32.55861496850932 0.9622690977341938
32.53382966442485 0.9652867517742411
33.101060244985135 0.971540234386443
32.90838899090724 0.9650564504676719
32.578228248557046 0.9688740166435708
33.92480611884157 0.9774540247273951
32.772655790473294 0.9684901944497456
33.03013782203495 0.9698463536850426
33.881104656879785 0.9770685663835543
33.91962940055426 0.9770911639183792
32.69593492807573 0.9652798409606361
32.64950516190466 0.9665977112613844
32.69310952562728 0.9712265147964566
36.49949947896088 0.9865468632662464
36.57097552210336 0.9868347320930406
36.51844246979173 0.9868257599629404
36.530381846545396 0.9865773404383675
36.503743678529325 0.9866676540654314
36.388207022271835 0.986383614539252
36.5290218065953 0.986664933296087
36.43708427833461 0.9865650251705064
36.50625584291617 0.9867148278172564
