31.873665502252734 0.9575406862770542
31.960656434152522 0.9582400202446795
31.730645834910625 0.9538637356611416
32.00021335823856 0.9606527236294342
31.786617983557743 0.9572931203816655
31.674881412019996 0.9534997474898413
32.15484345649872 0.963393200869215
31.90477823354843 0.9580797466468778
31.818299285612397 0.9581637574639501
32.06792150870691 0.9622755722157522
31.81572917109203 0.9561261351690127
31.964363447084576 0.9592483916584226
31.860034064091213 0.9578347580389032
32.08967091721555 0.961736080979297
31.914192196414835 0.9595431264765681
31.863816697176347 0.9577773707094926
31.80378087836294 0.9559178522141574
31.906266842419097 0.9581638640290786
31.888954476756616 0.9563540853730902
31.87332338301074 0.9564960589497722
31.604323368658115 0.9525025957378036
32.17622819966386 0.9626173902857531
31.698244358059906 0.9520957567268727
31.830359273225785 0.9577688406596853
32.21082260611881 0.9634759363697687
32.000663090331905 0.9600760010329675
31.85984702405325 0.9590970734594618
32.08465036415112 0.9626961462138762
31.669607285028256 0.9547182207188567
31.92278198281408 0.9598778632550372
31.769509445350824 0.9549198962432831
32.00770405504351 0.9592209730314939
32.17733060651545 0.9640883387399882
31.805268541779196 0.9553923877563075
32.000298288596255 0.9601221410339503
31.941206785565008 0.9603035731109196
31.80529449972368 0.9563522175901862
31.808831555409878 0.9571421224203543
31.93479042188402 0.9584111773023563
32.11614323296192 0.9624305597487988
31.946680535075807 0.958731005024668
31.82520093395312 0.9570092392008396
31.87303605071567 0.9601262706009043
32.12837617899868 0.9647852393961521
32.12404304080075 0.9641098265250584
32.22776811454084 0.9655728719761205
32.279225840629316 0.9671848800140544
32.12510397866293 0.9612361841868186
32.04526218426831 0.96210074704713
31.62344572592065 0.9528928983555656
31.890037555488107 0.9568846582737797
31.547539771467633 0.950317196503355
31.754773669793984 0.9559123558646242
31.72977086692024 0.9533871804745525
32.21665705656624 0.9656966383846431
32.047242361290344 0.9598169172735792
32.140777779006214 0.9628731915335734
31.75840445081016 0.955331212507718
32.06102021943066 0.9610269907206838
31.590498033859006 0.9520290673194924
31.845251091854546 0.9569410829792482
31.75418654046528 0.9572922558566889
31.816987009066825 0.9545764612438321
31.8439034501896 0.9552949898344055
31.817197240333186 0.9582496289291216
31.68445386611951 0.9544662523339125
31.813697381352593 0.9562975635151681
31.8800716901729 0.9583807794985153
32.19374934245073 0.9662301857586559
31.76028075931235 0.9568751648293361
31.748283806924768 0.9569560132856247
31.85748932540356 0.9573965879387456
31.89580291063588 0.9568258000432079
31.794387202232706 0.955700090467397
31.617199068772024 0.951369811845631
31.94698653470804 0.9588928866229057
31.92556132180609 0.9571696755377695
31.83686208564357 0.9568733583339623
32.02430816900469 0.9600801503594751
31.899802879978267 0.9600535347903559
31.873300057680176 0.9578400416280711
31.71137526352696 0.9543767182304863
31.691762494940203 0.9570028371035669
32.23858003010028 0.9658378983714356
31.706801931754633 0.9534855358782961
31.74150420568365 0.9560816232870059
32.18922218188815 0.9629266876071639
32.10647571949556 0.9611220275035868
32.84415593805229 0.9707118499137376
32.716802446294466 0.968657209564861
32.881207306016094 0.970312003037686
32.84632889138389 0.9702641426549379
32.88857836168216 0.9711618241872952
32.79972300440393 0.9701638821696887
32.77280590676626 0.9685456446335745
32.72703093950406 0.9694318571878348
32.80593313522996 0.9695421410148324
