29.469584097276275 0.8114964836161264
29.243977454277932 0.7949946136463495
29.396970348548386 0.8258575634578587
29.377711153411298 0.8488492986291959
29.38419807442052 0.8499802871106293
29.38204605601292 0.8093089843001868
29.437225902758346 0.814287737639681
29.439571054155596 0.8155259343083581
29.58433330965501 0.801269829574936
29.367658676525608 0.8054143710118711
29.45945637038416 0.8162456612204083
29.346337269291134 0.8216172926490114
29.293158046964493 0.7970961274345385
29.387420569465014 0.8216062072895116
29.520643774252342 0.7941598023741835
29.33499997917614 0.8043601432663189
29.422467020221497 0.810030038902755
29.291259394351155 0.8129577810816911
29.2559346085576 0.7991876836472086
29.678199265322114 0.8458851359572183
29.355132149499482 0.8157279637628042
29.523822145880267 0.8171032965955036
29.411804176927955 0.8212932734820496
29.466751258695126 0.8569423828830076
29.384008455813557 0.8350012147972937
29.34055540034923 0.7939107677786517
29.38190376887703 0.8280600776280084
29.45500906744989 0.791567316279588
29.31664777104427 0.8173269056600115
29.373736458007546 0.8171482393659697
29.42147448313399 0.8353788425599774
29.38759717707709 0.8126086838599399
29.287783481468455 0.8135536864530575
29.280755132642792 0.7980421108916596
29.431599078627183 0.8089751659959894
29.229966351556126 0.8004924177373255
29.266001325422522 0.7864365593638495
29.342709603744513 0.7936038185881157
29.523559619795137 0.805936070330176
29.583264779155343 0.8129939272489388
29.276699334396874 0.7900254540378937
29.32062744186546 0.7885526345914221
29.316289216624064 0.8022132997576179
29.367183315065553 0.8159763552258351
29.27370469768374 0.7949477680930032
29.41238668490776 0.8345467397230861
29.41010524204085 0.8056462809504028
29.297425020015517 0.8124051311671532
29.531037194072752 0.8035326427101206
29.318018656233132 0.8126216657135145
29.30166253154503 0.8180218312150827
29.21029369259773 0.7874638815025007
29.232884037003537 0.7870958761241837
29.33352991720121 0.8116783656127479
29.496991327652765 0.8058151780567835
29.409657033461922 0.8232975884396345
29.307330469817792 0.7900129877038384
29.39329557620259 0.7881371292530128
29.300470833380338 0.7993334254784867
29.25589260706129 0.7940772263905611
29.221622456061645 0.790051575465047
29.253266932408405 0.7990107178563786
29.533579723862356 0.8196866134158785
29.28005623480646 0.7940819989248991
29.333311984200616 0.82025565778305
29.22326942185358 0.8071931816966401
29.41220734007989 0.7963611156450238
29.259856969625528 0.7998210134426498
29.51543624360596 0.7861167502229277
29.325872283033867 0.846243479289714
29.479315887212543 0.8539352059625638
29.31192945506983 0.8100489918470497
29.503398495102317 0.8218389391067369
29.58107187270466 0.8533871414477462
29.24192920310074 0.7851894348523758
29.292022412630434 0.7937368787560846
29.196550000324095 0.7997667313640853
29.400437617996502 0.7927551819446463
29.41428474134376 0.8379345354349784
29.359124710685705 0.7912963685080591
29.43678491725668 0.8465896743346553
29.285655785639754 0.7979880423210868
29.27927968952552 0.7956677703800343
29.477953310998345 0.7780128358348417
29.39674462171425 0.82093638578935
29.272275293113882 0.7838181387928348
29.49317059316508 0.814292289626587
29.359106710262296 0.8035030748281221
30.963937631480075 0.9669314446165612
30.83397931759455 0.9638134495109197
30.970953344528006 0.9661758999745943
30.852477240134913 0.9642741001095924
30.820228287593984 0.9647333780814978
30.834824002303197 0.9636620851236949
31.112473655604536 0.9622605733800962
31.057741087644906 0.9648157077397602
31.119934605091398 0.956658588266064
