33.09374345364955 0.9217128515660781
33.30844781456016 0.9311787793914356
33.04094010914864 0.9232026435372593
33.12337382682916 0.9237195078670372
33.62507926095701 0.933317332333927
33.11066587275799 0.9189996274763402
33.72210229739651 0.9344108400385378
33.6522515889275 0.935274456049336
33.21966795149221 0.9242724387805854
33.75713765919682 0.9355749322179926
33.25523072111385 0.9246236242944211
33.28892107056102 0.9279471473717491
33.24053954763394 0.9280773245134443
33.047345716883754 0.9212699049092216
32.5857948226884 0.9199484638038607
33.11328085818122 0.9213574129049479
33.180111909295256 0.9227294359755805
32.652646540220346 0.9210036669061645
33.10458681435854 0.9195882710862878
33.15308156233627 0.9272100606652034
33.083488985976956 0.9225246226263966
33.172656271660365 0.9238111204440482
33.671631445320955 0.9362847320626679
33.13637905519644 0.9245286110914611
33.28649961173287 0.9299537249798524
33.166957043395506 0.9204455861623294
32.641855112122684 0.9154010903681375
32.813616482062436 0.9239475268840918
33.25882246114471 0.9246959370093851
33.12323633468274 0.9223469145275652
33.09682541747418 0.9117274342655367
33.17776678163665 0.923091023560893
32.60189625926103 0.9066392677831538
33.29357113412555 0.9252753339809956
32.67171371540663 0.9118737549527558
33.281992702800636 0.9283928058122298
32.67451343849894 0.9216132921465374
32.950097596176434 0.9075589279172012
33.21731058556636 0.9224708571483914
33.072756924677854 0.9141790021176786
33.11934283186445 0.9212632230262222
32.64101068910657 0.9234434467166949
33.38177207306249 0.9320011374796592
32.730981315025886 0.9222653349173862
33.36023418465111 0.9302863289979105
33.22113988046057 0.9244110334741734
33.14533594159124 0.9192482938158265
33.184222589578866 0.9254968848913199
33.152054518686995 0.9216297378037553
33.11661661966171 0.9169460003071468
33.08089722914184 0.9245163710692758
33.67576497631115 0.932330433118218
33.288155440236274 0.9311530516544168
33.109797107296615 0.9262232443162987
33.152115780497546 0.9204323362072164
33.02027702936615 0.9105101088111194
33.2565455502031 0.9260695389101591
32.72133236493627 0.9216693288871627
33.168920947114195 0.9204341536490325
33.67210457051809 0.9346189975372096
33.16149903292828 0.9221801280020042
32.635635730268724 0.9192344996532834
33.03313389893078 0.9092886979380035
33.02622105858135 0.9133577384412653
33.267462045882766 0.9326215569558117
33.07392583171059 0.916920090633312
32.62961032124678 0.9157093046829324
32.47777479295492 0.9044083191882227
33.27361911727798 0.9276513649246544
33.223305578488976 0.9226886330194798
33.13233416976213 0.9224076944510851
33.19554018840315 0.9287109150758398
33.55590450073545 0.9287191467120698
33.07924982960327 0.9185380602028836
33.06524919909659 0.9201815311725707
32.68049525985765 0.9190401441780492
33.212359953007976 0.9227742845628452
33.09510120102636 0.9201334979963501
33.1073427616044 0.9273096007701782
33.069825123489125 0.9221310024695045
33.328894530605055 0.9323059188904429
33.206598307999045 0.9242627510697593
32.998001173371335 0.9212036285339459
32.730377163910084 0.9205386808662722
33.42196969603436 0.9333791091259424
33.39015855385981 0.9310369897740159
33.113702748503286 0.9256802281980652
32.76186766767313 0.9199179456042816
34.52746562147398 0.9501291054962151
34.5184422100671 0.949566751701861
34.505031378105 0.9500845351547317
34.527451295596705 0.9501090836982704
34.56472722864465 0.9494296064595333
34.56988871006048 0.9500216173631458
34.63616613701101 0.9496114310995858
34.39404373107094 0.9502080719395324
34.461858979508484 0.9497742852208979
