30.494619927554165 0.9005688044219171
30.226074127521862 0.8912413757446687
30.35914595066427 0.8974439441792571
30.093434341014603 0.8855115248358691
30.167356585849426 0.8775373834531512
30.17917470904809 0.8843720255434859
30.34196356304207 0.8905952128669736
30.221188614718816 0.8780849696119448
30.404187352934926 0.896106250708772
30.270028515195033 0.8870174181900895
30.167363204684076 0.8893321673165439
30.196773983841865 0.8784155063409104
30.410457382162427 0.8994738596166307
30.13446150924471 0.8941230189542432
30.17250726251141 0.8846423593711177
30.182873933545572 0.8861387983924013
30.239981997684644 0.8898481129990837
30.079033076364414 0.8912809922413691
30.253839555562145 0.8854516654031075
30.343834342195475 0.893816084155257
30.039393735031293 0.8904139366307643
30.213003776672295 0.8848513315273847
30.377920490721046 0.8893917195422724
30.243880209822215 0.8862502157077052
30.143310198958595 0.8781679869980228
30.37398727020414 0.8880988590864873
30.086251708640212 0.882876046784452
30.397214730128518 0.8988179571740383
30.344337584333264 0.8882316744101681
30.081662321286785 0.8902250133963531
30.355027355466575 0.8942233488337853
30.18514214499359 0.8895827083047968
30.10514701012177 0.882226557391932
30.207407964613658 0.8852355162441604
30.06194101996039 0.8906631048812397
30.20391472902698 0.8906257724233159
30.382558962401575 0.8946125954226728
30.34683112139271 0.8970913054719463
30.142266918907733 0.8937605755561973
30.27241847572881 0.8974662144589522
30.19412144669213 0.8848809670078406
30.128906427295487 0.8867995384047446
30.42904973057908 0.8966816215307808
30.443016621858874 0.8990615661741358
30.48020427681143 0.901672362872798
30.58278229036416 0.9042501731359628
30.473454912731654 0.8966187415169655
30.296279018019675 0.8883890232006146
30.23588972735731 0.8923549472755276
30.121231107692502 0.883217481416332
30.057167620983584 0.8898514740777219
30.140287486407683 0.883772984172597
30.239216651136726 0.8881527530234801
30.22906132039898 0.8853858703770667
30.104362992495762 0.8835884100713916
30.108024228730237 0.8904571575295575
30.388742581527517 0.8953139524253197
30.1480972482427 0.8894032752271408
30.134204650765447 0.8955636363411861
30.225774086986846 0.8882050709511451
30.173973835347088 0.8887440304666345
30.203788830673957 0.8849868377018286
30.14204544988945 0.8848880825392431
30.287450125038973 0.8884691700204219
30.136617091585904 0.8832689541309132
30.130568358649278 0.8832803516579898
30.283093967742136 0.887364558671084
30.308119650072047 0.8939403809941187
30.155140132824947 0.8919744494213708
30.149649249181962 0.8874137397943487
30.404232184248656 0.8994899516588855
30.276315266381026 0.8901805820525246
30.308692334874475 0.8925463419193134
30.19184073807008 0.8866740707387705
30.236037196449345 0.8865450740487274
30.46253229813964 0.8975662610535398
30.17913443032731 0.8842950091087287
30.106351545927538 0.8924085961145591
30.383806737102237 0.8957958475089158
30.383895740498264 0.8993920009020274
30.367082762145024 0.898743078279868
30.220893301767408 0.8890491324071195
30.32865848403988 0.8973492488599805
30.194158190275576 0.897128913416446
30.21160097719061 0.8868349503596478
30.316969208452782 0.8973976482778795
30.366352271372467 0.8965402176211595
30.117350696392986 0.892413200970438
30.771147253118446 0.9093158534804557
30.634289865137866 0.9075494044305831
30.66860515071072 0.9072397502669093
30.800091475027294 0.9104171917300149
30.684062050094703 0.907847540200372
30.836297404245194 0.910526289061514
30.705374319045752 0.9079625147217872
30.66305391210793 0.9075138597299676
30.752441258787595 0.9088276838857873
