30.901141608463934 0.8510479519883786
31.01469657857852 0.8564329470503891
30.74278210949889 0.9053620982222667
31.061316968440185 0.8685420062659421
30.619065769850486 0.8511599194466334
30.909642992413083 0.8675149696826969
30.9688367625633 0.8643685623677615
31.009714713128723 0.8632484520901893
30.85235858888816 0.8530775208579251
31.069877905342423 0.8888920993315889
30.69966161832322 0.8785945415763946
31.038612920728035 0.8668624174166155
31.03464710734127 0.8762222096318665
31.037905031898244 0.8832712391277341
30.624468223452723 0.8640321788754874
31.07314859918812 0.9120344012203297
30.74963400972074 0.8731853710444285
31.07993505418948 0.8707915330278994
30.950446024252713 0.8535512726880087
30.970618861995337 0.8818714946843336
30.919270573412703 0.9072386401879261
30.65528718448312 0.8668481908772417
30.574583095318562 0.8445685674264003
30.935188891327165 0.8488704688654265
30.913355578216684 0.8695622755896486
31.130551771986134 0.8785873336320918
30.960602099579173 0.858981005663787
30.76592214306686 0.8826969794011947
31.07322620162631 0.8865056483901717
30.790004235869013 0.8573114079089451
30.652268949614687 0.8522915686520698
30.824347858601094 0.8578192713839542
30.566791431906125 0.839430277983926
30.879932568389673 0.8645146781855619
30.63645391549443 0.8516628260229985
30.96375557745543 0.8910122398237116
30.837436272473443 0.8623959929600092
30.65817821131313 0.8654377510248463
31.031471548084284 0.8627896096720707
30.973741976041026 0.8509448290234802
31.11660208803725 0.8911848205940787
30.712744955177577 0.8498496077139271
30.692488794090593 0.8588437849097168
30.621010933045568 0.8477021042900348
31.039531284155967 0.8672916103414685
31.067569638285445 0.8812508143896689
30.717208785358643 0.8659973933076456
30.791746051618418 0.8537854716933105
30.678106192698287 0.8422997601074707
30.848256959565717 0.9066354043393168
30.76115755708772 0.8624998422618865
30.577362934761624 0.8409474666596091
31.075869167363535 0.8815010899241584
31.00998543735155 0.8604197750148205
30.78780313332831 0.8565345833944747
31.06959218444745 0.8692451858350201
31.076470999448283 0.8685701420985475
31.09295260671726 0.9119425163396923
30.8718034061476 0.8619173954565811
30.70888988654587 0.8787925223691445
30.607064007457492 0.8608686039564921
31.018510655422354 0.8568631976610255
31.054036019237643 0.8678908273852161
30.901249708814326 0.8531815315241736
31.102865506511392 0.8748330470718851
30.732472105102666 0.8598900208998598
30.683957680363598 0.8537707521254143
30.728559496525246 0.9046254961936421
30.885652460983778 0.8559950694215681
30.9884482068221 0.8856731773471355
30.944378171455256 0.867067899952962
30.97717974998425 0.8643321803452423
31.00888878987265 0.867213488906601
31.04781984121319 0.8765485663145203
31.1181898995601 0.9113929998422209
31.102171410009444 0.8767765707540479
30.996714340665832 0.9087563024246827
30.855409008755295 0.8711432674310475
30.868916348659884 0.8804331502210998
30.858028609910843 0.8877788675024706
31.116547845698275 0.8983571105292237
30.97066087685935 0.8618942038432637
30.64336942526884 0.8451246489897217
30.717672493412756 0.8445200912319512
30.679095957564236 0.8559605901092723
30.848919646108605 0.874019469578761
31.13255085278248 0.8978832431093895
30.60646170835877 0.859818216579544
31.207771281457806 0.9435862144414255
31.090626964750363 0.9427321078435887
31.53111843565644 0.9480875419421091
31.293045469130423 0.9439699089934169
31.54821002568614 0.9488943897722555
31.46222815522504 0.9459848183197405
31.381664628470443 0.9457724276921138
31.139519632097414 0.9425084196799703
31.54916681479913 0.9482785112561792
