31.346219978572574 0.9320101991047739
31.550763396529096 0.9318068738403645
31.544900847388476 0.9337373459688889
31.8596643729075 0.9414528043307383
31.43662113376508 0.9275683002760617
31.537086602287925 0.9327425838677117
31.55254486778961 0.933606019271319
31.36282865467664 0.9325939625869897
31.655541706330055 0.9389652874889227
31.429590911131065 0.9261081797604055
31.465450907899037 0.9301934857003745
31.46455607427431 0.9307888101145023
31.531563365588852 0.931540161063911
31.549672900302607 0.931486349600994
31.810819416930798 0.9401771381130035
31.620208219113593 0.9386847228732467
31.466954815973764 0.9297400182709621
31.611974752095215 0.9382165024373053
31.332487314023037 0.9315097119964036
31.572171455909025 0.9320473759861664
31.588562258526828 0.9368484643705856
31.59066622390077 0.9369473847686438
31.628970818360127 0.9351025157526999
31.621997354725 0.936910834508452
31.824701148235643 0.9407072529564598
31.812505831404927 0.9406997717975871
31.383453854108776 0.9330248370259602
31.445444933997663 0.9287293396798944
31.330051014701368 0.9315867359747816
31.64010236508259 0.9385016441981293
31.806597588228378 0.9404596339773892
31.513768018527703 0.9286384138807716
31.531265282490672 0.9317863927399965
31.51914620501531 0.9302394763934307
31.53907969317903 0.931634964902099
31.493667292608286 0.9291875992654477
31.47788223942698 0.9303625546711903
31.58203233692481 0.9334762493445683
31.298201705458148 0.9307315618072795
31.29880375911135 0.9315871299386285
31.807877092268065 0.9405273115250254
31.292821578058152 0.9287091311913938
31.31694294994467 0.9318160917292305
31.295778935434555 0.9307418747824262
31.500612219089437 0.9307866159554419
31.31467497046956 0.9308209298789295
31.308960623091732 0.9306554891369386
31.362435841220297 0.9323623052602961
31.440444497065712 0.9291447551751395
31.431563356553724 0.9285230485060286
31.626740582740457 0.9361224393288299
31.330822485939642 0.930703155233906
31.61561961326982 0.9374406371252422
31.526258732998077 0.9310213262186556
31.617861355586143 0.9391098743479848
31.447923252336132 0.9275439266367046
31.606870212750845 0.9332177353090523
31.490774242458343 0.929893894600373
31.459184180273546 0.930200456933017
31.451171904797143 0.9284292706234466
31.43459230468806 0.9304784786963786
31.561138835233713 0.9331075016030168
31.365549870756276 0.9316181849702956
31.605527474575087 0.9367653009119319
31.450064115701384 0.92833320180813
31.517130161659665 0.9310563292105196
31.804841589135336 0.9412183970238684
31.53967695361486 0.9324193288015011
31.676508740453507 0.9385885509811389
31.636753821794418 0.936360214195663
31.639265627808225 0.9372224395056803
31.519333465438265 0.9318496265711075
31.45992853048879 0.9305088343423396
31.544056554744788 0.9312609678919789
31.537345974653988 0.9328189248300949
31.479338591976944 0.9304003636194846
31.61201326730926 0.9392782450880117
31.459732442373717 0.9284039666402011
31.496146946505014 0.9294288429472976
31.804928107714222 0.9399180743864741
31.45061766823084 0.9286871314017625
31.637795961698348 0.9382373635246382
31.444609341323897 0.9276777397675974
31.476976818337455 0.927963376281313
31.50994052402519 0.9299712221216745
31.32188469218295 0.9322551992193788
31.467985013426127 0.9294496926053606
31.447573848836356 0.928384222504508
32.22766944759104 0.9509244346949473
32.2443598645572 0.9519321574825628
32.14770553577986 0.9507920809211504
32.190027166591534 0.9511553466989974
32.164237271869176 0.9507820474570546
32.16540533584897 0.9509358408449508
32.13674258305821 0.9512951177612046
32.24718192800785 0.9512028145238781
32.17505069889489 0.9508694623101838
