30.208217720581594 0.9456505004973413
30.254069593754625 0.9490374630082147
30.43273303197879 0.9525612751565715
30.216078236719788 0.9447396716909264
30.340381206983484 0.9496329543390756
30.264628132610362 0.9469787325936588
30.183865614806493 0.9459890149131146
30.148418329891985 0.944782488929515
30.19286064120262 0.9447442492592425
30.564130878495188 0.9525972995819971
30.159149237188455 0.9461417543796014
30.32355003270712 0.9421404594200886
30.158275238931015 0.9436199329829404
30.15013321236983 0.9415203218618737
30.162025311020535 0.942736571506545
30.301691854765288 0.9531607626636739
30.115088742038395 0.9414587822258229
30.504224949871595 0.9522791774116637
30.34388782524609 0.9528100899397014
30.131357574479665 0.9454879524273019
30.34129786275185 0.9412210011356371
30.428352369811638 0.9519207178927508
30.25488856342794 0.9436621268676141
30.449580710222754 0.9561649445499593
30.269983879579158 0.9474285476626833
30.26897701263692 0.9461641091872723
30.21982475094454 0.9379144220396738
30.154045314211086 0.9470419649258636
30.22449064718211 0.9453663146822424
30.212619535669532 0.9401994595153723
30.19295431075722 0.943807873323283
30.290506850432482 0.9388121984692819
30.232519012815175 0.9403227350862001
30.098520502653724 0.9367109761755409
30.10114561591372 0.9414540160947447
30.30303834791853 0.9430676837025169
30.19673354156588 0.9433187673224283
30.3430797071397 0.9519513621702937
30.168885576372336 0.94261270501636
30.185482478908273 0.9394679088957669
30.481297887423096 0.950081394511823
30.278063150408503 0.9372842361208154
30.173348018744456 0.9438786113991703
30.1914503321349 0.9440340474978651
30.427922180486746 0.9537246391613647
30.473564385482817 0.9497365978592844
30.17983730184856 0.9439462239496367
30.20046891729597 0.9467674833716581
30.242835715154364 0.9367956990183707
30.17916097762404 0.9418800725444529
30.386347289477904 0.950194074306655
30.37567171321294 0.948807490664108
30.25725855405396 0.9395864649390725
30.14173482231454 0.9431174812386347
30.38451473640039 0.9524933863749632
30.152635268656805 0.9381164185961454
30.39420078930531 0.9410530837129086
30.18046062044139 0.942284919421754
30.471997743053688 0.9562547317227652
30.305883625333934 0.9477316648908127
30.143920578382822 0.9459410417773654
30.106703316305573 0.9410359103156157
30.13363662617116 0.9450120912050566
30.29326451344053 0.942034560166488
30.359106353120488 0.9523452426082222
30.32614694789445 0.952723245215078
30.231980840012078 0.9445784497708702
30.164167253106346 0.9458196990693041
30.238689944572158 0.9410430102910401
30.28651802072929 0.9380719904056776
30.289870588841758 0.9529650431095557
30.177743899262847 0.942128253560387
30.214967488332842 0.9394806783034594
30.22318677953661 0.9367954385351926
30.06978465285348 0.9395708747604273
30.20454427554322 0.9478927938461871
30.38345338042934 0.9523394304787515
30.136687346136526 0.9451590248181538
30.19290586865199 0.9361872328697639
30.113649806728656 0.9424136792097377
30.337991543183904 0.9509989535773941
30.43360168694386 0.9550106817469535
30.382864756370065 0.9530932572824237
30.28903302567506 0.9417153116325528
30.497856102016044 0.9555231991354697
30.187749531091825 0.9398514485921244
30.326208499397815 0.9473964229391152
30.267983459840902 0.9450456482346433
30.972611308181605 0.9640662317039936
30.884245672695663 0.9634471103854504
30.901503214689562 0.9633437492844759
30.956280956185907 0.962131164082716
30.89193242597375 0.9626931420218724
30.874837434160725 0.9627360537901475
30.899671710771663 0.962742204125362
31.002962599462943 0.9625319855764489
30.871611484337606 0.9632623721737908
