30.930539224913748 0.8532940944280171
31.069745297043752 0.8556666119749506
30.799524371154007 0.9132874439379248
31.104874255693073 0.8562145002247381
30.669391114816058 0.842093792698096
31.0184368009918 0.8737702272375766
31.070367073934165 0.8735373855953712
31.05473478346759 0.8517641885166052
30.898282790425196 0.8517675128850638
31.16915446655173 0.8908692668542149
30.779190640096555 0.8823188792389676
31.106769742521156 0.8640936996960897
31.129347922974468 0.8842387736361927
31.08883247477342 0.8895479186631402
30.706915308470606 0.8784889725954608
31.13662310279947 0.9179584236363267
30.827703619274 0.8832563163167348
31.09215532130421 0.8653505351121847
30.997260542252825 0.8428896300122373
31.00999097947711 0.8905508219835684
30.952960049157593 0.9147413756719559
30.747737865813058 0.8726648060416679
30.60921478317901 0.8318674863786767
30.98830179384699 0.8511563347096139
30.996564609992177 0.8731088066905711
30.988953107500524 0.8607282750673033
31.00166028716601 0.8490979024486235
30.834776627482604 0.8874486453461057
31.153530066564898 0.8902913274621223
30.66506162506258 0.832869293431869
30.56293871101966 0.8228704245717469
30.863763916064343 0.8448484471103765
30.602492412174037 0.8396547867732347
30.783948493600647 0.8385559397457649
30.691163280103826 0.8387852366730474
31.02153615697363 0.8935959770623992
30.72126544737411 0.8403489848169177
30.73989099665447 0.8728764422264378
30.91866082990236 0.8369693521439309
31.02956103558268 0.8519129742517676
31.201973057399066 0.9005640109637231
30.74673233487855 0.8386358808341762
30.614158732577703 0.8330878367994208
30.695856290534596 0.8483343681461338
31.102430126324553 0.864870349368211
31.15965600034077 0.8906458729091413
30.81456789931312 0.8711178335351426
30.857167629252086 0.8514455221044703
30.729532252603256 0.8463616343523808
30.890403637483846 0.9136230302300506
30.83396867359285 0.8721448216296868
30.63645493256943 0.8414694535560032
31.185655247261884 0.8855082199097304
31.074349624127574 0.8529850656278645
30.824999471194246 0.8484127072054639
30.951397054054333 0.8453684662630366
30.982098806305224 0.8478982167992004
31.158847809874306 0.9180138805156958
30.92501890501946 0.8538356283708434
30.763411168988355 0.8855636458954299
30.671105460854555 0.8675176493908924
31.081674034325353 0.8561064165231503
31.11879961436064 0.859526230208135
30.951143352842912 0.8501124347741117
30.968144546470423 0.8493251210685038
30.637762833821327 0.8385065020795627
30.729935964892373 0.8463643405112312
30.7495940796224 0.9111264641357432
30.93098709668595 0.846989960513602
31.078089241187392 0.8914722888246246
30.812011705192162 0.8444471936199518
31.088760518713528 0.8707331685687983
30.89838271735494 0.8430861517371826
31.13969378794068 0.8830793368070649
31.17226550697868 0.9179088029348422
31.006815392364572 0.8571388694766023
31.03706787496753 0.91356489115011
30.951200488999447 0.8771832575104498
30.935104456055377 0.8902815732987774
30.934212538529454 0.890826884771025
31.22393239458787 0.9007159042031782
30.859155259421904 0.8399586716976286
30.693802345611978 0.8447449573738133
30.788361072317343 0.8453286816276337
30.569649665138712 0.8331606094860922
30.920591570914382 0.8749159242025352
31.211780017110048 0.8978442124533111
30.69075079738343 0.8663485263373939
31.207771281457806 0.9435862144414255
31.090626964750363 0.9427321078435887
31.53111843565644 0.9480875419421091
31.293045469130423 0.9439699089934169
31.54821002568614 0.9488943897722555
31.46222815522504 0.9459848183197405
31.381664628470443 0.9457724276921138
31.139519632097414 0.9425084196799703
31.54916681479913 0.9482785112561792
