31.520782280245527 0.9594606070516232
31.70110096605026 0.9580446151327661
31.553635143308185 0.9573526311485612
31.820128857619807 0.9619959914671075
31.437964631329905 0.9591583529434884
31.52994946200797 0.9565844406630486
31.895836211505607 0.9643595089212521
31.552202643037294 0.9595735531099793
31.54747453933232 0.9603058088687979
31.81866613982296 0.963314039226379
31.60132107291231 0.9581801492455285
31.68622077765056 0.9591089568108597
31.62041168856706 0.9581577684173318
31.854707082071975 0.9635090015099667
31.581954888428516 0.9615194725409122
31.514743705879155 0.9595143482658872
31.56427056825434 0.9564905116973625
31.683959013727787 0.9593209241916274
31.64270041714781 0.9577414539157123
31.644218242242317 0.9590388004916018
31.417589951182077 0.9560599016294331
31.92921691361994 0.963823353910425
31.47594263502418 0.9520176365987264
31.630362060916553 0.959901037318288
31.94499345461623 0.9643166990356574
31.740287380815634 0.9605622711170758
31.54124029912543 0.9606058867723871
31.837926884278346 0.9634194837377235
31.5094595652395 0.957635481552994
31.699716437683392 0.9614112033554175
31.57463071206169 0.9555758933451505
31.715518202784295 0.9583737930784364
32.24770477459171 0.9647297173724453
31.56860257003407 0.9566866189300154
31.807771867718564 0.961829362579662
31.682800910591347 0.9600637667926631
31.561629956665964 0.9581630053773936
31.61212849668344 0.9589346419676679
31.567432601313406 0.9602626549307147
31.900641008155787 0.9638672853614579
31.71614903211114 0.960235862811029
31.59564423989474 0.9565565321119961
31.568845236999866 0.9619027320966037
32.22627404547132 0.9647265319139516
32.11222871302795 0.9641718703071801
32.35089856265735 0.9662162519664832
32.32202755364719 0.9672831889081157
31.88686983558009 0.9628185043473912
31.726371449760613 0.9626125651220706
31.462831854764055 0.9555754512933031
31.61758374376547 0.9576465910991023
31.388490044620795 0.9520813020763136
31.565209489541864 0.9578734544875214
31.534666644457992 0.9552207892826035
32.2747622459324 0.9660813121368238
31.84217862238224 0.9613118031065513
31.9275585091966 0.9642151652356539
31.532446174021388 0.9573852927177112
31.8452705724228 0.9620767388677071
31.43704395128907 0.9551785536870271
31.495377151054143 0.9588620328794651
31.59362978080462 0.959149420192831
31.616399550973693 0.9571100172315206
31.655426926866085 0.955919392172844
31.62247307176618 0.9598880201981781
31.431476942178378 0.9556219728035987
31.603165339455785 0.9582626155333688
31.543480311142503 0.9601121720558463
32.25767078184424 0.9669667316932093
31.52307569265779 0.959975180254093
31.471772303811683 0.9588354887729391
31.670357297923278 0.9596354141087974
31.68267861429061 0.958705160912105
31.562209557692164 0.9556831709413417
31.499174458367957 0.9551406842848024
31.66547083206424 0.95947302078322
31.68493679802728 0.9573493952016691
31.640860437027435 0.9589173190906818
31.782929777805343 0.9614132025591459
31.55638465668042 0.9613549067574737
31.636851461766824 0.9586138548715235
31.52300490175818 0.9560852330732102
31.47208328311764 0.9596884234624106
32.38215105238902 0.9665560549132189
31.53727307349751 0.9568554418363621
31.453796824291235 0.9585719698216236
31.933391746878282 0.9638179144461743
31.870635371885008 0.9623911721637467
32.84415593805229 0.9707118499137376
32.716802446294466 0.968657209564861
32.881207306016094 0.970312003037686
32.84632889138389 0.9702641426549379
32.88857836168216 0.9711618241872952
32.79972300440393 0.9701638821696887
32.77280590676626 0.9685456446335745
32.72703093950406 0.9694318571878348
32.80593313522996 0.9695421410148324
