29.993177802024704 0.9156138697617618
29.27210628482076 0.7917553874101204
29.72410111142998 0.8894542622499243
29.60512000732603 0.89838274371986
29.866351184864136 0.9001381408689842
28.880189979548305 0.3135005618582583
29.64353231766023 0.8484306846928484
29.719843929416445 0.8484393479158064
29.32379801900961 0.8127974396362212
29.72503459493806 0.8897215969439508
29.441783059431877 0.8303220718179251
29.44322763947452 0.833079932558514
29.501644950552517 0.8302641911766994
29.598185319555697 0.8837686497829824
29.284662360755238 0.7481449391220507
29.32734803105895 0.8073809376089324
29.595947049508222 0.8440756098919344
29.283052835428983 0.7821791687495743
30.018791402853722 0.9288462015601272
29.424861346371326 0.828368797374238
30.078774108149588 0.9432509545404966
29.51796808141792 0.8392142921321812
29.79258185665826 0.8903838026590977
29.91071093700124 0.8927069197362439
29.913514669444922 0.9276395388829098
29.581651207795506 0.8824482785682828
29.1287025067238 0.7487702243890787
29.61138960418921 0.8834087411507381
29.3858541111444 0.828137229895734
29.593362955443663 0.8810045552439757
29.990982438190468 0.906915294754715
29.892717699005324 0.9129739537512286
28.66455674975288 0.37436426201976364
29.377873474821484 0.8277536756590199
29.28487749350158 0.8000791549007923
29.534191225726673 0.885971901944871
28.844812582924217 0.4762736700891483
30.216972257401082 0.9157664092330186
29.314181455186347 0.8094162782612719
29.37399312368225 0.8057324121064208
29.336461302793314 0.8110770646623691
29.400966183260756 0.8384134384179227
29.497842423192626 0.8300967793363853
30.15026915912528 0.9288189028247816
29.64755230548438 0.8453943286749418
29.85076190312357 0.9064497649266982
29.490784999076904 0.8264146979337393
30.112049545591624 0.9403778695061669
29.331011452166237 0.8190604295356797
29.913695291177277 0.9073907907384101
29.301269313527527 0.8175118232889022
29.315723207443334 0.8153909469556678
29.43764706063572 0.8204927093075219
29.321563381786877 0.7957411346712499
29.830533115049086 0.8995570105328906
29.583707324413098 0.8835489606305286
30.377914022229213 0.8995579214676098
30.182632289935547 0.9272973315886169
29.850964548751648 0.900849323120299
29.199205151780994 0.7869510016038611
29.381279055897835 0.8370841083839085
29.125477775078643 0.7471998617157184
29.837762918594144 0.8925704468389288
29.340510685765224 0.8035540233827239
30.285168196617743 0.9271398810688897
29.49318427244787 0.8740125691155836
29.40729655435941 0.8243861577917747
29.229155495555435 0.7875780923509714
29.642458629893454 0.88660593200766
29.40512118977942 0.8312623137262252
29.184446679119812 0.5227107833350929
30.51956042874763 0.9046693674862422
29.429210856621264 0.8254930619294942
30.259892591653653 0.9132388885952883
29.504853922418338 0.8454031733170029
29.967035856143283 0.9088533168601777
29.90722386250297 0.8932786025755414
29.195008738021574 0.7737400187776368
29.19141300508079 0.7782955946608013
29.20726251136747 0.7675363282177018
29.616044476500228 0.8439784281804622
29.974008347798215 0.927402643746912
30.186618264197094 0.9165704744733969
29.527025691125015 0.8305850294865639
29.68475035502118 0.8551443589310909
29.20601320647257 0.7951203364409881
30.032679307408813 0.9269540298139186
29.99472914543414 0.9072060144897479
31.137000863458816 0.9683162793107422
31.180835763740184 0.9653648576575596
31.47836496093881 0.9624300452483758
31.25350546877883 0.963232048535519
34.66881380311537 0.9831722857399794
31.53589318843448 0.9610430064676453
31.265290100209803 0.9652537087546773
31.421675953524165 0.9663861741981326
31.457578207562168 0.9643975365785269
