32.63046540816956 0.9576822632972679
32.80612756759555 0.9597902713382606
32.55188513284198 0.9592565189771701
32.56752434529255 0.9581761489946446
33.03943027383737 0.9681487824842105
32.39743083651374 0.954321289031991
32.43920157109338 0.9581987124692545
32.5187735010419 0.9568700961907697
32.634034044169354 0.9602584879065865
32.31574821439492 0.95529896730924
32.715935117192046 0.9591915120210138
32.63161450771165 0.9581363079115358
32.3932366036365 0.9539304987498279
32.29542481940559 0.9551305760265515
32.40427641300285 0.9566437237750367
32.71249254832033 0.9597980626887148
32.55239420268918 0.9587633995576943
33.06073629995451 0.9687480074602994
33.096954906929305 0.9683029207118908
32.52024965929412 0.956670515174785
32.61662205231204 0.9581060159963378
32.66363840859913 0.957607259895034
32.568184409682935 0.9599095418678408
32.404392927737604 0.9579458021132231
32.393546400659574 0.9558242836478927
32.39063335283809 0.9548585365190739
32.60860720026934 0.9560258353607453
32.5395387179225 0.957924188676455
32.69758699402213 0.9604366519601888
32.4349618215864 0.957200087015077
32.42827939351837 0.9552601996705816
32.35034239327675 0.9537120369502257
32.92810766202233 0.9678986544956253
32.57070857376802 0.956103479138266
32.57896987684432 0.9590364586165341
32.40235838038265 0.9557785359064661
32.62123093377173 0.956926770051162
32.43468098573757 0.9575058779408623
32.40933641324911 0.9570570444845138
32.57157596137311 0.9583502989759564
32.8253871783764 0.9594803337848603
32.77741879366648 0.9618045571422508
32.714610445221425 0.9595840961501706
32.33911426482889 0.9558919856658661
32.302003526990106 0.9544476126648042
32.63283638835037 0.9610708712346548
32.5887174488535 0.9583047825614363
32.36231727262182 0.9550813836918016
32.383229442517994 0.9563537854825318
32.31983377237719 0.9554395824210616
32.32913740943507 0.9558359229931271
32.72961128535266 0.9577390709430644
32.61336911993652 0.9602990616537849
32.73049905811717 0.9590742978414515
32.90338253744903 0.9670831391418658
32.6784114272208 0.95983511391264
32.56930563837611 0.9570349791124793
33.16490664097197 0.9685847274600499
33.00651671033585 0.9685488835028889
32.540962029782946 0.9588527133164808
32.81125676851888 0.9608877486667716
32.61373230737013 0.9572035289134365
32.647990074302186 0.9580235166906317
32.63656051371181 0.9610301331174199
32.50121190952956 0.9568310719205366
32.598425029006535 0.9602310131856753
33.10508641889164 0.9694866531462794
32.482541178992896 0.9574767737569736
32.435898713597965 0.9549887805384077
32.54461369035034 0.9571141594599918
32.37074875566666 0.9580697121883446
32.49916820888865 0.9569986114836558
32.30497084015259 0.9535429033165803
32.438145384382594 0.9584692479684159
32.618495037069046 0.959699481715637
32.30146962586556 0.9529120986149966
32.475529279236504 0.9556781528156919
32.502933378896124 0.9559538111676169
32.61614189904057 0.9588778328138796
32.58035405816222 0.9607649185603891
32.60601129737109 0.9588931124577722
32.55300848596701 0.956917165001513
32.28970354178078 0.955027758007795
32.3299473477176 0.9543972495638645
32.537663622546155 0.9568461723118187
32.40487239011663 0.9552811268166714
32.407483810373826 0.9564262048420376
32.793770774863006 0.9622363234898738
34.223722139736964 0.9763280873762457
34.364415722561745 0.9766411066690457
34.26805757598328 0.9772119471472421
34.30817594233198 0.9780986418095958
34.324194133816434 0.978525096015385
34.39747955225187 0.977233241476625
34.23713237467587 0.9775976658761035
34.28250389817316 0.9778755202656455
34.33421808803511 0.9777901868004251
