32.27190331182491 0.9570884629195789
32.43748746716895 0.9586242227662181
31.02330082540236 0.953108269189937
31.66546986531056 0.9549467501158166
32.19069119129282 0.9622631567202997
31.349422474656706 0.9545600165851787
31.62487574433537 0.9555511789247095
31.38683988052916 0.9555875697452747
31.06993690609887 0.9543207070623142
31.53682036281015 0.9539134702239462
32.35562396948141 0.9586828650845064
32.306481029083265 0.9569634775921219
31.369163957290112 0.9525577022553218
31.437470479217527 0.953593608451028
31.579758771121558 0.9545386833546905
32.368776509630436 0.9594118048954775
31.67046537497407 0.9552876397516055
32.20800361555475 0.963223754021911
32.21918111655811 0.9629446961448517
31.499467245256124 0.9561773658904107
32.236368816922905 0.9562469526292319
31.60097498307629 0.9575200227220166
30.945936184654048 0.9537359295902844
31.550358861089236 0.9539401191117546
31.165332770129503 0.9524725257671017
31.396489783092157 0.9549341895497223
32.209433336094754 0.9550719536961433
31.328122339619245 0.954984558689926
32.31536120317674 0.959055085161034
31.568660556751414 0.9543321214563845
31.63878614622211 0.9541620843408081
31.23619593892688 0.952404562428835
32.108798057876264 0.9624244982630087
31.470535695666584 0.9558824282042766
30.933855550510746 0.9529684839355803
31.21852161539461 0.9522858562021256
31.57662690393275 0.9563018623481385
31.562103826655328 0.9547888738104501
31.281114299815393 0.9541229599317994
31.545321174519266 0.9579487482562292
32.46013138057519 0.9580062813082064
31.127678868148884 0.9560053071048279
32.35074121307728 0.9590858341757031
31.190886248807487 0.9523853140991126
31.07957968265619 0.9492883942680228
31.03651636540949 0.9550019391565826
31.54386979205438 0.9569363156594461
31.2727650139109 0.9532937937156748
31.622931608936366 0.9550213969369236
31.08863466901992 0.951957154843569
31.51210689775775 0.9544304050306065
32.39016878677409 0.9566637326774037
31.039444795720243 0.9550990116868939
32.360773173894934 0.9588918096396518
32.02830290051373 0.9600619751459577
32.3282476652805 0.959280798521842
32.24340449120491 0.9558657373720324
32.29091626835432 0.9640243990285221
32.16165461972797 0.9624457744552809
30.89696586030444 0.9522924541401268
31.114126941847623 0.9557472411218938
31.55313267818983 0.9567201906284218
32.25991319395103 0.9571352165210621
31.083963880207428 0.9557273136103218
31.478450152657942 0.9560752974078734
31.074423873048474 0.9536143241558864
32.208685367382785 0.9634149722271728
30.86201146116391 0.9498812220838984
31.405660611600794 0.9529269516833088
31.48192993368663 0.9560769012129186
31.520455327556963 0.9539875072155011
31.67427559952186 0.955221552213266
31.204021520316928 0.952606904768988
31.558943782950134 0.9543193975480081
31.004881372366583 0.9534236429382873
31.445206614420957 0.9510342050418318
31.338494831776835 0.954714618004607
31.411375444531426 0.9548735387182398
32.249937252730014 0.9582763725466429
31.021604229308668 0.9542101180812684
31.029024116265216 0.9530352426531179
31.496415973224316 0.9555306242700846
31.197126183740195 0.9537427185277805
31.21762652965128 0.9520459146767986
31.47964455599545 0.9559195132915632
31.23418739480863 0.9521448909729262
31.318875591594807 0.9548870879205664
31.096230555164325 0.9566943179122122
34.223722139736964 0.9763280873762457
34.364415722561745 0.9766411066690457
34.26805757598328 0.9772119471472421
34.30817594233198 0.9780986418095958
34.324194133816434 0.978525096015385
34.39747955225187 0.977233241476625
34.23713237467587 0.9775976658761035
34.28250389817316 0.9778755202656455
34.33421808803511 0.9777901868004251
