32.1195768353811 0.9525466735902985
31.96302354697231 0.9547596003865787
33.02237477044611 0.9644516442503932
32.72854092872627 0.9676626367899128
32.074623803505666 0.9519617279031052
32.16189052518268 0.957395326838988
32.06220533352196 0.9545887561026896
31.930700907542796 0.9511176082037138
32.84893372400669 0.9655191743130169
32.116564017109106 0.9569238438270622
32.480204175943975 0.9746713838095874
32.850030784980426 0.96825427888432
32.11836523376717 0.9704468292962499
32.23143578683916 0.9559504995252271
32.146519902050656 0.9569456943580038
32.059001998304176 0.9561030158548139
32.32783626716775 0.9639753566513578
31.96514645488614 0.9708870310696406
31.76328163964844 0.9516880487102737
31.88220828447676 0.9531499440446625
32.23143248288915 0.9629124316694478
32.694513012004634 0.9604930125253244
31.83212260873797 0.9561992141658006
31.976239373638936 0.9572144122830317
32.03705315402423 0.9557852200163469
32.38759972000465 0.9554960163683462
31.722978283408644 0.9557706795549642
32.17919529336675 0.9612065077522562
32.35612565677377 0.9705999989340739
32.22554260114366 0.9535407217995899
32.301163716295335 0.9590736567237522
32.115212790518896 0.96960988836626
32.240251226253534 0.956515414011501
32.18235533902102 0.9562267205991363
31.987476959977563 0.9706853472694478
31.9126827892406 0.9513264327137636
32.37222132335771 0.9638777899940559
31.875785416804273 0.9605197319927126
32.484690309476825 0.9625841334556889
31.583872540074594 0.9455195401454963
32.593241734159946 0.9648733613069871
32.14445040934193 0.9606143559072868
32.19175071364512 0.957532173998699
32.68115032707753 0.9621103196065559
32.429456904149625 0.959267123779844
31.95382419876651 0.9583377509755632
32.41427327972121 0.965687740201394
32.355899739208894 0.961183577266457
31.781467287125118 0.9490059468824332
32.98311329110527 0.9687977502881461
32.24162242566451 0.9702701833062265
31.91748202374432 0.9511697803237938
32.39327318368415 0.960070849537114
31.9276420305259 0.9573479137652867
32.935010567919335 0.970276981730984
31.875265909896985 0.9605757620348794
31.749975351284828 0.9550878038931594
31.933868548461728 0.9575027503053652
32.49130699885009 0.9641924011003968
32.58056052990886 0.9637788673133533
32.226989843588626 0.9551834765992745
32.877054066250224 0.9700899451020967
32.31280158451427 0.9591996266223132
32.020767528528715 0.9539153737772972
31.827788704379557 0.9486192838614744
32.121756565923036 0.9535696572132812
31.993280083491868 0.9546629472265049
31.7276693743824 0.9591967066513084
32.0886356500999 0.960510212586503
32.20814017644404 0.9585526192267182
33.17875517891818 0.9720210528320598
32.36588911105891 0.9583574536712636
32.042000326439435 0.9523494496846738
33.15646439958764 0.9709605249774911
32.5094679641695 0.9627370731317982
31.880665591091805 0.9469214646148298
32.83969673499742 0.9656550014327472
32.59471668459349 0.9646487395466486
32.201452643818 0.9608138532456688
32.81611859943319 0.9651055873696757
32.86037123810159 0.9667878462963715
32.79595795579566 0.9679996704460209
32.578728485799985 0.9646203341900008
32.12016755560137 0.9498092702233519
32.23961930315537 0.9568888565619509
32.08195888612546 0.9697896276519801
32.45159387223828 0.960377697346566
32.19232914078404 0.9555952058832111
34.424292488381425 0.9828467519495642
34.92205191064079 0.9851000051443208
34.26458481643869 0.9822931801430187
34.197246344699835 0.982185217515255
34.6103419046281 0.984187085159139
34.46037879193852 0.982974409852779
34.199029292444735 0.9822578718114189
34.47128560990093 0.9825933666340695
34.734316456270726 0.9833672308389935
