30.032479729699407 0.9392150248861045
30.019649907086716 0.9424627741808859
30.35543298551291 0.9437673171919498
29.998526067639943 0.9244268323037396
30.275467911710642 0.9432489995056936
30.003717176768596 0.9290475456810545
29.973229969357288 0.939490292054286
29.68372298821921 0.9107363272913047
29.762634239214503 0.911126521819043
30.47651849750306 0.9459999210523001
30.000373393046313 0.9367968642518538
30.057499629886845 0.9081093789762896
29.882329830821412 0.9202201163764737
29.96250883940698 0.929660080704424
29.65293862846636 0.8760334412161572
30.13065141533506 0.9542070553635782
29.857270383458978 0.9011872587886872
30.405331660385414 0.9442642400528282
30.15368627562686 0.9535509911776058
29.58744402020203 0.9121653863306177
30.095571222240185 0.918264232215922
30.311811243935022 0.9408135591777151
29.95749720393574 0.921581879800353
30.3228866755965 0.9501507508536001
30.0475002096739 0.92637192860851
29.999453913929703 0.9189075378087643
29.933744641879592 0.9111008473483714
29.96769258046036 0.9383813497415502
29.874548642226827 0.9263145069652264
29.92012333804757 0.910366281362531
29.94064868329074 0.9196417608563884
29.861166120531713 0.8954572275438032
30.043099505996445 0.9323246980420519
29.58576521345297 0.8587177885507048
29.649467672167802 0.8875249493577093
29.970889344647446 0.8895600332325521
29.94302811514047 0.9218177572771281
30.14614672727278 0.9525741589893939
29.878399482835817 0.9057480852147028
29.639345061280746 0.8579269978053614
30.242630887090584 0.9499459447421927
29.98971548512564 0.9110646194381953
29.899069475729938 0.9227418195076899
29.871299397708704 0.9240671053329146
30.334512688098908 0.9491716402398914
30.374432018423914 0.9434688251486262
30.00783744335163 0.9343912503928521
30.000758415494218 0.9398825156093452
29.803163732606073 0.8980418303314379
29.897778643024957 0.9178161746338562
30.19770471981979 0.9506384298814681
30.296125962575495 0.9424711841889511
29.994534374706724 0.9161893655879921
29.686188790944442 0.9069284095965796
30.303396525584493 0.9473280795616992
29.829907364528538 0.8875146146043381
30.156002801245883 0.9126486981255897
29.922683329943844 0.9177779229275989
30.382988279254725 0.9504356907734443
30.017900431993134 0.9270714730757063
29.971314521464812 0.9394438469728025
29.606401123478626 0.9067904019908316
29.607356591180206 0.9164169934481009
30.112421384674384 0.9336506970230141
30.27150034528962 0.94583674501853
30.11490428276254 0.9534051038326111
29.951351315165976 0.9223403580875534
29.99659504416183 0.938017972028054
30.05222587070978 0.9320823200470348
30.009082406449394 0.9136451012299485
30.10036973673293 0.9533085270210925
29.88050382864301 0.9196105659634107
29.75541166482899 0.8868451275979868
29.94500528530835 0.9053405092478739
29.574477289589325 0.8771491838553785
30.01556757188557 0.9413741746458025
30.32366336240412 0.9467654118237933
29.992854181914783 0.9370038211940391
29.68388980903507 0.8864531846553066
29.60091171052847 0.8994117042846685
30.278924359575928 0.9457562775215312
30.348027509563362 0.9487539788072203
30.17322643153271 0.9534359743740298
30.109980448286265 0.9327961636803128
30.43258067130894 0.9499598121069667
29.864268583314498 0.9024590494501878
30.079729773038792 0.9254444235255889
30.00548843216155 0.9022218277574661
30.972611308181605 0.9640662317039936
30.884245672695663 0.9634471103854504
30.901503214689562 0.9633437492844759
30.956280956185907 0.962131164082716
30.89193242597375 0.9626931420218724
30.874837434160725 0.9627360537901475
30.899671710771663 0.962742204125362
31.002962599462943 0.9625319855764489
30.871611484337606 0.9632623721737908
