32.62353098219236 0.9613205784455114
32.72307428742698 0.9622111075198486
32.20470555052517 0.9537685638694214
32.347912157569105 0.9575913355025047
32.969016245146065 0.968724292100093
32.18122516537311 0.9585338891867009
32.3117682119709 0.9583438517303435
32.16293870727048 0.9582393236055693
32.34315821568672 0.9547506462910771
32.20031603220793 0.9568383829792866
32.66127487512187 0.9622811657038879
32.64029670888669 0.9615783019077161
32.15101463648131 0.9577057470893902
32.15924211130714 0.9565640061880343
32.27631463512358 0.9573625478409368
32.6718961362159 0.9629660398113838
32.3448411356485 0.9583300973187255
32.97123344178948 0.9688716862579869
33.02984618128655 0.968766153727392
32.24730793601517 0.9610572758275415
32.51478336393449 0.9610610144757571
32.347001216793686 0.9613579074049143
32.23723589003702 0.953520925277341
32.232009610949554 0.9570425007132827
32.057515487918025 0.955389761619427
32.18493326425123 0.9590417207848154
32.507106260080946 0.9599304101025551
32.14360310168547 0.957934102850795
32.636782571647174 0.9631277100521384
32.290563839442655 0.9568727523637535
32.252323590862 0.956681296098934
32.08391293338613 0.9553354481684982
32.944217844507776 0.9685323624818402
32.251383797578875 0.9596311278122374
32.2964036308507 0.9541677190132987
32.16475637263113 0.956272188265907
32.31730296964665 0.9599162500004697
32.24440515336693 0.9568180845883802
32.06112752654481 0.9569506822228733
32.323572184641726 0.9615555255226711
32.72413918535275 0.9619441036085694
32.44150119602733 0.9570831466675227
32.66252945527477 0.9626017548233632
32.05444565925171 0.9558689833052786
31.983544206401888 0.9527950401618427
32.31617868324437 0.9558676791139568
32.278242728780704 0.9614356564436651
32.05980402214937 0.9567416022435256
32.23224055708443 0.9578050802641656
32.01129303103931 0.9549478023779715
32.1681237195751 0.95666764928241
32.67168933904144 0.9604456326467042
32.33978830884658 0.9552196354886139
32.665080268557894 0.9628581952586592
32.88721876386689 0.9675425684154212
32.63080708761961 0.9629566325794754
32.51193276762741 0.9600896595097697
33.09993288537029 0.9691782705259824
32.92516462696148 0.9689607197387864
32.17095494728618 0.9527738835551065
32.44655617471687 0.9562735487419957
32.31283038633005 0.9603183715657032
32.59915772870562 0.9613813285723324
32.355310444350785 0.956294059885995
32.20391024348451 0.9609994248806378
32.26494713566041 0.954301438689626
33.02303195402543 0.9699016377051634
32.144742238062406 0.9499646646865799
32.16061830483873 0.9588546133266296
32.30790692918627 0.9604136666144726
32.16342910198687 0.956304650782759
32.30886576187171 0.958038120549755
32.04706397116099 0.9552337207519082
32.19060790989961 0.9565460175779518
32.351207240984685 0.9550592965129739
32.15593828306139 0.9538404405947137
32.14313328596933 0.9576282967964206
32.22625131201331 0.9596033556564848
32.58516712308458 0.9621737413211652
32.242966083846895 0.9545689594639719
32.27820376517245 0.9535816891788657
32.29339263658827 0.9607295883698299
32.00685825742897 0.9560861433907436
31.98058995988024 0.9550931693394735
32.26942434991375 0.960116996228117
32.05295471780963 0.9554089813431417
32.13104528996773 0.9578802187070118
32.42623554757331 0.9573530053534052
34.223722139736964 0.9763280873762457
34.364415722561745 0.9766411066690457
34.26805757598328 0.9772119471472421
34.30817594233198 0.9780986418095958
34.324194133816434 0.978525096015385
34.39747955225187 0.977233241476625
34.23713237467587 0.9775976658761035
34.28250389817316 0.9778755202656455
34.33421808803511 0.9777901868004251
