29.803035709797193 0.8737955138780311
29.352588075449262 0.8391684566531504
29.64975352047048 0.8822337566454155
30.03637470048643 0.93673294013254
30.007064856760852 0.9346697486573454
29.317263630609286 0.829229042998185
29.736785311037075 0.8784857501621716
29.431769592315554 0.8357993176237453
29.565881021406465 0.8198277361268657
29.437040706542696 0.8386280292502872
29.759328002630163 0.8789439541777029
29.396396593421645 0.8466627006224793
29.472858541084012 0.8590840111387603
29.64034742716338 0.8812000524006961
29.77130867163218 0.8640012656284446
29.301807449683267 0.8252342761531878
29.356505012832642 0.8290850436319754
29.358080620001115 0.840774947242895
29.53481110032676 0.8734115754201544
30.368642126989652 0.9287557467636731
29.457981765152958 0.8456819956634276
29.837204237077867 0.8765789111730369
29.672881340351516 0.8817843396019766
30.11033746841869 0.9383611145626775
29.60298298089212 0.8824655897451765
29.635943512730876 0.8737805422436461
29.605412176037575 0.8824376801931763
29.60369012801039 0.8516613135722326
29.404342253986954 0.8375042255020151
29.404390502587717 0.8350492191736164
29.64015861945417 0.8800787079956549
29.365749003234875 0.8305208577960397
29.351482758139568 0.8345477406357662
29.36005306523914 0.839252208319568
29.504155044849306 0.8464918609979813
29.464801210336987 0.8721661011219639
29.415245117430313 0.8584905036211662
29.622720045463183 0.8719757640856954
29.829784252445357 0.8626439602437859
29.51803254603682 0.8293559307931341
29.409728153292505 0.850116067809061
29.466236377946604 0.8595777999522982
29.31317735982808 0.8254647391249552
29.663526287314333 0.8837572947545075
29.524506677577385 0.8770412257781109
29.6266768746354 0.8817952913601653
29.344962138861813 0.8242353491089901
29.41512035633618 0.8494454511890712
29.635711479427634 0.8315111751019221
29.274519083504458 0.8278774933711914
29.596855588411657 0.8813082683838159
29.33951350036444 0.8515316369358832
29.439193714416785 0.8543341367613396
29.42467225237419 0.847146213269275
29.566858025470196 0.8410061169814597
29.66097642694088 0.8825568058847929
29.517094955241085 0.8575081462399322
29.580287251146142 0.8547561437853103
29.548172317388698 0.87430289221043
29.538337308709526 0.875212268604487
29.40668043843511 0.8480195380331553
29.536211371902237 0.8714313570970257
29.49465348280226 0.8347976330865379
29.544886495942485 0.872742369917061
29.367339168661047 0.8349999675988828
29.366450251741647 0.8455822408173526
29.69498377687882 0.8719795022545638
29.42633013490027 0.8525769447362621
29.76839326845657 0.860295480465316
29.926843568738505 0.9338812774156549
30.141138815399184 0.937132059166128
29.41054889522798 0.8441415212757905
29.607241233827672 0.8492945463110887
30.224384038590955 0.9340764981607591
29.423601900879895 0.8527834787257976
29.508283520087502 0.8751132566752418
29.481770420823512 0.874456395421017
29.706972963982253 0.8738403436200742
29.604582644683685 0.8831249882933494
29.56442625711982 0.85850436223445
30.036819404406735 0.9341850873388214
29.549760428819035 0.8759689737162137
29.46716169208909 0.8521418681331271
29.644201787500066 0.8435632387060435
29.531404461558616 0.8491221269780209
29.415924264516452 0.8597981582939231
29.432707633647105 0.8336815173453781
29.40744389104858 0.8430813472249761
30.963937631480075 0.9669314446165612
30.83397931759455 0.9638134495109197
30.970953344528006 0.9661758999745943
30.852477240134913 0.9642741001095924
30.820228287593984 0.9647333780814978
30.834824002303197 0.9636620851236949
31.112473655604536 0.9622605733800962
31.057741087644906 0.9648157077397602
31.119934605091398 0.956658588266064
