29.864137256623838 0.8773441485794938
29.521280993363803 0.8639239915756254
29.685751204348257 0.8929222484439154
30.104118255005474 0.9407383717895254
30.070412014873156 0.9389823170408061
29.543542733884195 0.8498004499200472
29.823307736441024 0.8845155760687131
29.65769327456742 0.8677895011340522
29.842362661041278 0.8444484386944743
29.619573512248646 0.8655062674227747
29.819540175616176 0.8857023213865425
29.570779580765798 0.8647231670004535
29.598589143592335 0.8627814813304254
29.731928671734195 0.8883771963084679
29.85145242240336 0.868609532002111
29.53021741053213 0.8491260273118358
29.57089894733763 0.8534065409775076
29.53165287263476 0.8665418914077243
29.588414102440836 0.8811359277108141
30.468305954494014 0.9344974733448782
29.599521866360774 0.8721009148734681
29.8849151128293 0.8820406800453109
29.74651553482811 0.8897036873827798
30.155325171007966 0.9432740863092919
29.65508131748439 0.8893900263385894
29.713722036039027 0.8799645360563431
29.694235819128384 0.8889602927283805
29.76137459198151 0.8594249978987974
29.562014512402477 0.8598786126273286
29.590015401851897 0.8609598285447118
29.697936950288 0.8881659912154026
29.575989801053197 0.8588761982085863
29.535428498140366 0.8576376531888852
29.533762573621857 0.8611264972649113
29.722836107026644 0.8736412682737396
29.620772967330776 0.8805441752188933
29.59269147872797 0.8671241177790153
29.66760165363494 0.8776497763705453
29.88174465723816 0.8669325373413969
29.809283635348628 0.858591350918253
29.562006372251773 0.8640321855193569
29.630726667262685 0.8688558197122519
29.512311500805836 0.8507645490383875
29.717172113764427 0.8892651088878459
29.621040228755508 0.8818405352605938
29.703057592718043 0.8897819607906233
29.592405962614063 0.851795048829085
29.540374596432475 0.8696868971856879
29.835225631416975 0.8539678473389384
29.49247906385923 0.8554765052717436
29.632097682022724 0.8874796802058614
29.501042516636776 0.8643849762675675
29.53824272593282 0.8661064755646273
29.600882863587543 0.8701242534867072
29.79219978089003 0.8650884368035457
29.77000943220276 0.8916078395184716
29.618459468762236 0.8638414302283899
29.742010348563653 0.863297958042484
29.679763640986486 0.8825047526572668
29.622245121871558 0.8840793362117361
29.533541853029867 0.8605102118324262
29.595864409915322 0.8829936951519014
29.78711227111175 0.8636503076378694
29.673112720224765 0.880979364814916
29.560373885533995 0.853228770895821
29.53746560599702 0.8666819171032426
29.77513448761577 0.8793373301488523
29.584330316205172 0.8641136998420944
29.88308631337018 0.8638418776028365
29.992739298190653 0.9385612363878856
30.196806383891502 0.9416464431049613
29.572073490411576 0.8637614489428447
29.78942011877514 0.8724446610134812
30.32103506387571 0.9392874912434991
29.549634910657552 0.8619728312171053
29.645499141114687 0.8820344838761038
29.56553963852729 0.8825400750606364
29.767664827440893 0.8792865706410435
29.693524621376834 0.889913215041379
29.70658151428521 0.8667051821848853
30.1147597425213 0.9377286300967822
29.64910243768263 0.8835690069390513
29.55740486504444 0.862987776317102
29.834286976100902 0.8462518977593325
29.68460984606977 0.8766967776026738
29.572199061752325 0.8650153781754768
29.730199482731777 0.865975347614941
29.584663400048257 0.8662642734917316
30.963937631480075 0.9669314446165612
30.83397931759455 0.9638134495109197
30.970953344528006 0.9661758999745943
30.852477240134913 0.9642741001095924
30.820228287593984 0.9647333780814978
30.834824002303197 0.9636620851236949
31.112473655604536 0.9622605733800962
31.057741087644906 0.9648157077397602
31.119934605091398 0.956658588266064
