34.28966905055709 0.9727954654843658
34.14846112738422 0.9718389618779065
33.979244870778544 0.9742022950133236
34.737540786699306 0.9780059409367102
34.81009483933253 0.978487414805596
34.44528921129779 0.97541595282794
33.81526608625839 0.9711347535778133
34.13690044564075 0.9729522722627113
33.919672180449304 0.9736056038081564
34.29722407795664 0.9714911004344688
34.02274568449603 0.9746568271554952
34.5802837033369 0.9806997136994862
34.160813941846556 0.9732724171987562
34.290880416768374 0.9717469790533203
34.04218367533604 0.9700957471684831
34.404768062765775 0.9743880238886131
34.37013787240764 0.973860973081307
34.023142743444424 0.9756133293646667
33.94975414735471 0.9738007653917872
34.79304300608219 0.9789497210426076
33.9407325263126 0.9732278727136981
33.87448802913759 0.9723008342386583
33.92274802181798 0.9731259445310868
34.44848140884026 0.9797538962050464
34.01886185617299 0.9742639344614683
34.180140046629106 0.9730747485249759
34.42805488127877 0.9750660139127144
33.85232135015467 0.9719625956143673
33.99703535785613 0.968504436847252
33.942290715018764 0.9740934824470912
34.01379100572755 0.9746587764535138
34.84978561899411 0.9792614882794255
34.761719012943075 0.9783993795874701
34.06971706450543 0.9718587414319191
34.38420451344262 0.9793927804658796
34.64853269894748 0.9762065101520293
34.13116118869937 0.9723494803055053
34.83946611200027 0.9792056486360258
34.708008280805586 0.9770127563449785
33.90833510023295 0.9726919478197271
34.447948703310736 0.9753125220666485
34.81147175065455 0.9786424033517075
34.54570461256842 0.9803252945518459
34.407719736410044 0.9738422904811994
34.16546577891326 0.9729229461442463
34.029000251559566 0.9761037481744917
33.967432204905876 0.9747596956249719
34.71922390136519 0.9771351172204199
33.902370997807466 0.9732311272277294
34.406363280172016 0.9745620506240702
34.08318904760128 0.9721303548396305
34.23109107333971 0.9733415755086662
33.82834464943293 0.9710032748904747
34.85367225606498 0.9790859504935582
34.027091462227965 0.97005337632909
34.00797275114231 0.9743880057190107
34.740288649577664 0.9786446687912037
34.03205061454643 0.9761611822285935
34.004763632818864 0.9697780907107721
33.93896765356887 0.974829090931039
34.31128786019899 0.9715892002821436
34.35156359962956 0.9744844915710291
34.69831654666653 0.9777903099275947
34.486404860703516 0.9800322352109051
34.48587612040099 0.9754165939294722
34.022281570820994 0.9757628431285165
34.507651454336354 0.9803018159792143
34.04505435870077 0.9745812258343461
33.96116064692443 0.9742824159050577
34.57241165009913 0.9805501023686072
33.975304841406256 0.9739841023100433
33.84644374171402 0.9724402301234357
33.866688355594775 0.9724120107415594
33.97310755078563 0.9752218837879947
34.4654059981894 0.9801924066525335
33.97018211486953 0.9689225620183584
34.08429579084468 0.9715871895303919
34.48022810843105 0.9757320508249251
34.25757971750615 0.9709929666079268
33.956039823241255 0.9749604911117056
34.82628166702931 0.9789660091370623
33.94214047757482 0.9739978958292764
34.38754027841193 0.9743626783997911
34.758729600049186 0.9787457206041019
34.79940423611677 0.978669480722561
33.84908930618885 0.9725972101008363
34.14406752165575 0.9723477114946255
34.05746770166389 0.976100773498149
36.49949947896088 0.9865468632662464
36.57097552210336 0.9868347320930406
36.51844246979173 0.9868257599629404
36.530381846545396 0.9865773404383675
36.503743678529325 0.9866676540654314
36.388207022271835 0.986383614539252
36.5290218065953 0.986664933296087
36.43708427833461 0.9865650251705064
36.50625584291617 0.9867148278172564
