30.25724434050518 0.9434693617036908
30.293192384630906 0.947700142613646
30.421685710087274 0.9513956422010182
30.23655755193129 0.9437913868593754
30.338856409758197 0.9486361030989815
30.276992145634804 0.9454652556772681
30.24676415187742 0.9451097309127535
30.225417627835487 0.9446467957460303
30.24976794086434 0.9441649741720556
30.526924086267805 0.9517508462116142
30.224105157343754 0.9440933579129916
30.30591802787191 0.9412139440384828
30.17640961859059 0.9411459181999701
30.220003094014007 0.939629130703553
30.220542094978654 0.9419721119950891
30.429960079696574 0.9515195096907011
30.148143829741628 0.9400846862075152
30.472233021677006 0.9506537794170963
30.459179040710932 0.9512693720248206
30.195021753990442 0.9443409488231483
30.315022831036053 0.9390533544704992
30.408906579773006 0.9508304358572015
30.222797706723895 0.9423614176024493
30.4319982078993 0.9554932027574325
30.286296109444756 0.9471271934647474
30.262536159736698 0.9444859952996698
30.198983485620875 0.9345183597616813
30.235345572639577 0.9442591044529982
30.234127210096474 0.943887153018551
30.16386781020391 0.9370216703271661
30.18453900588942 0.9423577962376504
30.372242229038314 0.938519297954275
30.26910481502299 0.9389320916930629
30.17922871973726 0.9361194993256532
30.17688193406864 0.9399976651353852
30.289383946858777 0.942107740330756
30.205409907134822 0.9415905933504027
30.408254182301107 0.9505829678918858
30.190202462014334 0.9413311096665942
30.246611204439667 0.9380765012837883
30.554109663039306 0.9481894918924447
30.297957809533077 0.9362053577244502
30.20681853879522 0.9424345258415003
30.199686587937308 0.943208797055881
30.417262743446486 0.953306155833994
30.438622178503852 0.9483864690673027
30.237322893859275 0.9414743563374465
30.24410786263662 0.9453403199747227
30.309409417255292 0.9358428637825557
30.197279544070348 0.9407379044388946
30.484098913772502 0.9490596300083296
30.337179062633737 0.9476483667538
30.217486177527345 0.9372420271714256
30.1786284607188 0.9424303705796554
30.363898607359225 0.9514784493363553
30.17023467606077 0.9367624760992177
30.36457757364961 0.9409938763915547
30.176372796152453 0.9381041682376929
30.45041888038402 0.956061236419259
30.28227130292581 0.9467012586768934
30.200860134829366 0.9430771239051391
30.153585941253 0.9396189212979015
30.175150285501495 0.9438794885056826
30.347702746440724 0.9402553320772931
30.365510340229925 0.9509208809855083
30.44868693771782 0.9510105971846861
30.214038121250375 0.9422860043475767
30.225753267672545 0.943844371458241
30.302763553127843 0.9386111365350822
30.266077353298144 0.9358116538284345
30.44408679831156 0.9519546756776897
30.18402049238353 0.9403578355135009
30.29552155208096 0.9388101024605584
30.222511992737864 0.9368618048362113
30.11028070363414 0.9389770594324086
30.278484367595585 0.9468427583598428
30.385068548593086 0.951955914899497
30.221196240436573 0.9438666337631993
30.230332680818535 0.9358656412659837
30.182984109170604 0.9408003467081689
30.313427126475176 0.9498220825902612
30.442887975219296 0.9546194671883891
30.478907902816275 0.9516610667143144
30.32632166174558 0.9396841901777426
30.470063359558633 0.9553568930723271
30.189240758997062 0.9366213366339918
30.299329261024024 0.9469540869120131
30.26216267417453 0.9452626745037686
30.972611308181605 0.9640662317039936
30.884245672695663 0.9634471103854504
30.901503214689562 0.9633437492844759
30.956280956185907 0.962131164082716
30.89193242597375 0.9626931420218724
30.874837434160725 0.9627360537901475
30.899671710771663 0.962742204125362
31.002962599462943 0.9625319855764489
30.871611484337606 0.9632623721737908
