31.8904804333333 0.952977316771441
31.978638895367663 0.9584791112061013
33.171504705383455 0.9708958823492184
32.76093406276725 0.9704834124548687
32.00834112679816 0.9565501494899626
32.168071621724785 0.9612340540020016
32.019644013604044 0.9572785639301415
31.889819357187932 0.9558534322289222
32.953821846401176 0.9701937971751241
31.863565745788335 0.9570349731870597
33.106004081339634 0.9742742773528009
32.994724617313956 0.972904801636574
32.69282700480254 0.969907081771657
32.2684878839774 0.9602105727838027
31.823503568090725 0.9564940285152592
32.130307471581155 0.9621376899809166
32.63320684511829 0.9685472130661534
32.541249429043006 0.9708836583069079
31.723540633327907 0.9548335045297258
31.6071611304912 0.9529857492693845
32.584000782708614 0.9682713848876241
32.59525914218611 0.9633479069157552
32.18827667904556 0.9621568281464785
32.23853296346376 0.9613839271284071
32.40765813931188 0.9623793483780825
32.30958745484791 0.9604592975616251
32.062342682219864 0.9620654093520913
32.40457248115395 0.9645928378066628
32.96186148914952 0.9706109624916154
32.19989069954324 0.9592245637151017
32.28939399538793 0.9640594250546334
32.6530486259751 0.9693467877515392
31.997238015428184 0.9570995896007257
32.02333140564775 0.958480175515661
32.560869411312396 0.9704656369179767
31.88709839854058 0.955550029735471
32.30308309574877 0.9666077760698
32.19774389745989 0.965066145963813
32.23672202080956 0.962613926331388
31.75397374623934 0.9552335309910346
32.241587100901754 0.9635961408068006
32.42299662825317 0.9643593451359023
32.222661652308105 0.961843532388858
32.40679153359931 0.9620620041904338
32.589280683825194 0.9662571377514039
32.15885038574959 0.9620855373975749
32.10040868029735 0.9652954536678845
32.311677340805936 0.9639729419813713
31.940933811301512 0.9587447463814862
33.12190806916354 0.9734101640753204
32.87970510150292 0.9699094228795215
31.861429535888423 0.9557549640218244
32.11471494448987 0.9603895533018582
32.26981839989372 0.9622415851939411
33.013679100722754 0.9734254888124271
32.193568835001244 0.9649694954377322
32.1424728959059 0.9617646881534176
32.15140601627702 0.961890218828876
32.218346554234905 0.9640907149770619
32.42030301532314 0.9651717598454673
32.01978701570034 0.9562559695087666
32.92696183422103 0.9729427540169141
32.54065572805199 0.9636484964067802
32.02826996958026 0.9571068866534468
31.821470143018683 0.955934311025282
32.09574609178067 0.9576150566874461
31.746197633217037 0.9552618916487322
32.00550169941249 0.9625868461728917
32.071245357951916 0.963071976379025
31.957977609042207 0.959224392132414
33.22142206100278 0.9745860025547732
32.235756934370656 0.9609416832624273
32.03781567326398 0.955146716245498
33.18138774120817 0.9748316808295474
32.584895918011924 0.9689061025387772
31.989305964949615 0.955201157836356
32.95502248614528 0.9708062193734475
32.62179157378165 0.96873734123703
31.961072077675105 0.960753503026232
32.9181535004284 0.9695137545432253
32.94667820756065 0.9712909994232493
32.79273712694589 0.9715105744482174
32.511005953302565 0.9668752385956336
32.169515397628054 0.9582259216821044
32.04117628467864 0.9572432242784197
32.620797250461685 0.9692468342381639
32.44564629159743 0.965873184785625
32.09959698663998 0.9598962502839643
34.424292488381425 0.9828467519495642
34.92205191064079 0.9851000051443208
34.26458481643869 0.9822931801430187
34.197246344699835 0.982185217515255
34.6103419046281 0.984187085159139
34.46037879193852 0.982974409852779
34.199029292444735 0.9822578718114189
34.47128560990093 0.9825933666340695
34.734316456270726 0.9833672308389935
