33.15535435689383 0.9555080830450599
33.127452786513494 0.9561809711951521
33.37743481604922 0.9584309246981096
33.91691022218593 0.9653078466404231
33.67666865478025 0.9672731087821834
34.02853213744265 0.9677547306081118
33.582484282007 0.9652659744120465
34.02460208057217 0.9636638034398032
33.31500816856973 0.9598116341150168
33.20984237403366 0.956273655822695
33.8489188165743 0.9601114648021923
34.118853759148664 0.9650192516892585
33.0905929838412 0.9500798349514894
33.07792959388208 0.9545437806732812
33.25892152479965 0.9531814901726454
33.76509038148258 0.9661906499059384
34.43206669973067 0.9741363573531807
34.40392526874536 0.9732189989717308
34.301343238056866 0.9703769753689023
33.368046377130106 0.9593559389764308
33.31711419594999 0.9571795356223349
32.85529604624445 0.946703067404735
33.051740509187965 0.9496044401404864
32.883760199095356 0.9504262218278606
33.598581297538445 0.9677504607112346
33.04565741311394 0.9497377831530707
34.14150050972778 0.9701008849777364
33.31891660508337 0.9591035981988267
33.612081226854485 0.9628924423508728
33.41270335074228 0.965054418535498
32.95913727032448 0.9522269495990208
33.10013914250368 0.9542928839334381
32.895624425748636 0.9489955649937072
34.0949265562673 0.967051753602913
33.36320921370828 0.9578456020080472
33.69836568198418 0.9684712629470839
33.51109988304276 0.9643852308841386
34.552538423541094 0.9745159228175807
33.83352883102924 0.9578891410058195
33.30506346977988 0.9588954739310942
33.48653638172961 0.961844465234097
34.445532471856936 0.9736266810810212
33.35650006786707 0.959761946427337
33.344573088100866 0.9595202068888454
33.5819762295865 0.9673621924714887
33.55377851881882 0.9649566675400727
34.00963818435113 0.9648300744392696
34.167417459844984 0.9684561679887097
33.196737117101954 0.9561545703107324
34.12664248276134 0.9650775641981681
34.41335365263194 0.9737259464205629
33.02862953148243 0.9532545953403183
33.009882546401705 0.9505535116457432
33.276871154576874 0.9580339369189494
33.105081480919615 0.9505888015893958
33.929758327673404 0.9726860402670622
33.27386179221944 0.9579083252842286
33.357327321142286 0.9605925853322981
33.77463122857763 0.9683751498845016
32.962463531476146 0.9505322357771625
33.5417145048232 0.9603056311701229
33.61653768659948 0.96711955673732
33.108396572095614 0.954724971728142
33.729778533751976 0.9666445051406963
33.69809757481291 0.9600265647051685
34.257231456324874 0.9702779906383351
34.06675777505762 0.966135369106817
33.25221077094851 0.9592479774813415
33.30564309323171 0.9626548491920678
34.42933105006433 0.9740232635184826
34.61357076087178 0.9752419408672619
33.42048362754997 0.957610041143113
33.861847047217935 0.9635295957454167
33.595711031211536 0.9672525751217453
33.06862882953692 0.9521262020187887
33.39277905639796 0.9649402107681245
33.3823371439105 0.9574379047095668
33.266584174780384 0.9562973863465563
33.19629333025747 0.9599916475787463
33.51721612974193 0.9653707052535714
33.86623420345737 0.9714309206828404
33.15423370145929 0.9527951083017714
33.433559922731725 0.9633345514912182
33.1982494504263 0.954403186996826
32.94155438343915 0.9539045630883515
34.18217656952967 0.9711832117807498
33.09662424601381 0.9530681183507306
33.02839356382494 0.9545671000948845
36.629387690065904 0.9843048401516147
36.53617641689106 0.9843201415920849
36.834841716134136 0.9840189180811428
36.873205161435195 0.9841179655631028
36.680492906504576 0.9839673833513691
36.737720625608546 0.9844728602835667
36.94098599343016 0.9846929140542362
36.73650022089645 0.9843531639714422
36.69873922286672 0.9835028539081799
