29.614396778864183 0.8361927187056006
29.464085260194437 0.8476644810431245
29.514469363421625 0.8554338910930076
29.924384715108463 0.9331343907189368
29.892498527550977 0.9312903451099626
29.535594060128595 0.8535538708379894
29.571800469851155 0.840711802933322
29.682123099805835 0.8688569729085959
29.774919919276645 0.8483012911598997
29.5466298933956 0.8518251184683847
29.610065259809023 0.8439904327727269
29.499239238570535 0.8549581055288563
29.43227173139469 0.8207725307829311
29.514183838112107 0.8405540572735286
29.674049568081607 0.8332896072782224
29.53627413421514 0.8568924212813739
29.605137252153696 0.855715205545085
29.46843830434628 0.8554425188939792
29.45401293940309 0.840378066479655
30.232572764256997 0.925033239588806
29.570780575473673 0.8632228648147235
29.654665513403952 0.8456564076514431
29.559380481070214 0.8466214546769824
30.014087642510514 0.9348887687078405
29.49453717093099 0.8473024730192107
29.501648670748565 0.8368786045248523
29.478505028849064 0.8458709534317592
29.55109700644656 0.8228407012486473
29.55470742563555 0.8595860217479765
29.613875546790084 0.8662894743577769
29.51705172600517 0.8496833025868182
29.61907378676073 0.8630853354320389
29.546255401500424 0.8623236680941893
29.4918943102249 0.8537683229317821
29.650259828095322 0.8634318827092806
29.44447907008996 0.845028792804869
29.41785824631979 0.8211645868502329
29.503515632193405 0.8397270520589645
29.68279670817493 0.8290196276130394
29.7537164697713 0.8591581058457929
29.397119820190568 0.8219481019231218
29.45229296295983 0.8216614563330986
29.50151807419514 0.8497004692669424
29.491378784206127 0.8399263911955954
29.40525715405414 0.8356308019736662
29.51963228259235 0.8487753799959823
29.593994134228737 0.8532854957874366
29.49211136127282 0.8556846428295393
29.74925107249224 0.8476950370916526
29.50601191246079 0.8570647465371205
29.436344555161465 0.8396265781270993
29.37112313425551 0.8219678304032861
29.339314694328866 0.8158610660938352
29.57067991219173 0.8638797178924068
29.715318389835687 0.8572371453258256
29.54266939285901 0.8450247535092515
29.47624874510297 0.8182280322150316
29.524487978469708 0.8276006378839633
29.46875309521704 0.8373478086963193
29.430988559653855 0.8382321211152626
29.39051262173563 0.8249862603424222
29.43728049856663 0.8435340030483689
29.712813180581517 0.8654970570267164
29.479863102514095 0.8419034027395796
29.546289822545656 0.8581168014265481
29.47885112979008 0.8568574878886834
29.560946496130622 0.8377674926827248
29.406167649884498 0.8285819008607678
29.67193497020562 0.8256311029287305
29.843688179083863 0.9315222731765349
30.00749930981298 0.933517955003077
29.4991329795068 0.8529685465106015
29.69168648453472 0.8650744187167113
30.102729495987383 0.9302999161200283
29.399574605179055 0.820783429513391
29.417013655485768 0.8337749950745365
29.412814648851825 0.8424864069696042
29.562721969634342 0.8394388216752534
29.54055753494255 0.8528662138352913
29.50596918539268 0.8237426846969006
29.927826420178967 0.9315451418226589
29.468000549786296 0.8375083556481218
29.36856322197148 0.8236604088068028
29.614327451793343 0.8105500809153408
29.652133618896414 0.8689411464102492
29.399325602775615 0.8208474609239538
29.694075149884583 0.8666628721269396
29.57594936762726 0.8544014142158479
30.963937631480075 0.9669314446165612
30.83397931759455 0.9638134495109197
30.970953344528006 0.9661758999745943
30.852477240134913 0.9642741001095924
30.820228287593984 0.9647333780814978
30.834824002303197 0.9636620851236949
31.112473655604536 0.9622605733800962
31.057741087644906 0.9648157077397602
31.119934605091398 0.956658588266064
