30.430228978298025 0.9344929616186449
30.364346383620532 0.9322641665577616
30.67079201042093 0.9505683606873695
30.51619946984916 0.9435886094286174
30.461617783024728 0.9371147183532761
30.55484423279697 0.941493794144785
30.34109380161986 0.9401093209003036
30.59262126121751 0.949634180859021
30.413236503796455 0.9399664096539403
30.39566479957638 0.9366788772956305
30.55747063708521 0.9383016866112756
30.39954355283609 0.9327299675677946
30.684069248099647 0.9516039835305632
30.55431674723584 0.9462002345827406
30.510017292046932 0.9383011854329903
30.543010438305625 0.9393546397335634
30.383172730645732 0.9396420843292059
30.55064458882976 0.945430383410321
30.51832723074352 0.9442112468949303
30.429942622472915 0.938214729620397
30.66588432357814 0.9495019523827822
30.571883444937733 0.9437048082528986
30.38598316519037 0.9401428620409565
30.653866772588895 0.9457752745984829
30.411902013718187 0.9393555188559471
30.43038659116887 0.9429962063042648
30.44003538237513 0.9437319657896135
30.37807046660334 0.9333230319685561
30.534475842827202 0.9388010739219265
30.607963192143135 0.9532987290948983
30.683909095309858 0.9530884126497859
30.717256190111094 0.9505223658015224
30.484144823143 0.9450738007066051
30.648042658529754 0.9487954317604913
30.37270043787025 0.941959976878427
30.456012038830316 0.9350703614119107
30.63648544493011 0.9550113456444755
30.41582381978809 0.9381309429555639
30.50687619223792 0.9381997953174765
30.58296763985732 0.9493262878254382
30.328457621383464 0.9295722823074597
30.383016342225066 0.9312215888429397
30.682199710148048 0.9502825686210817
30.50988639839081 0.94192397876378
30.638208469763782 0.95661524132402
30.337634536222563 0.939711590257764
30.377879523768804 0.9371152604041324
30.46309834855094 0.9434032740689487
30.493681408057277 0.9367152860125103
30.451105418648385 0.9381795882540285
30.56492967376282 0.9477803094967562
30.430026272307078 0.9368188241540542
30.375459326317717 0.9349406936612121
30.6155644432383 0.9535664029301993
30.259980723528702 0.9283012914666968
30.305272907829476 0.9386812317874879
30.347210056967448 0.9341905724142106
30.62589629937204 0.9564339241786427
30.677278352540046 0.950083205207141
30.641687375075954 0.9521760421280712
30.494601224083866 0.9361578425514644
30.725703528288392 0.9561892053445918
30.359909347379887 0.9297854852105877
30.37970903892138 0.9277076523281514
30.348625232355214 0.936142911352611
30.682863748596738 0.9535119051916342
30.516757964931607 0.9475019687720582
30.3842515324002 0.9339034360420683
30.50926013918893 0.9393323602206831
30.588578832902954 0.9529317282079514
30.416845495942226 0.9410723841540835
30.40932113470804 0.9390020937640626
30.64259885032843 0.9438662677920884
30.436020763118833 0.9420520241630779
30.351380293815073 0.9444944371496777
30.46058014907881 0.9345597388682685
30.66467259976507 0.9489538601954209
30.535332050709894 0.9453047157466126
30.49223490057656 0.9489797048750322
30.39759760630192 0.9346480406878874
30.30363556261832 0.9265925668868548
30.681573283974757 0.9471047598424444
30.51430661182634 0.9424976288390774
30.433634204218375 0.941818858313212
30.5220429828627 0.9442411793948557
30.435335634083074 0.9438196355318629
30.535920341245856 0.9428950563017169
30.297217687962522 0.9381014530760212
31.260280791593935 0.9671278932848292
31.310986533658554 0.9685443673515388
31.250016778049932 0.967667205646891
31.210738597122827 0.9672476038892193
31.3519503157789 0.9688673548072819
31.178053557885246 0.9676638683490495
31.261574933543187 0.9667388487659533
31.17824395654178 0.968951610912501
31.307396481686652 0.9680780169037038
