30.222567700866755 0.8983406337680897
30.00136138574144 0.8870742988074616
30.12220293834261 0.8942259726548645
30.19466918795566 0.8774346132714511
29.923435223311564 0.8697055088243524
29.91565656465547 0.8765647116649299
30.095026409566085 0.8856587469150858
29.94179977461856 0.8675827925691226
30.123721308467218 0.8927481542067031
30.006681474293558 0.8819323133904394
29.95571236810573 0.8832534496399945
29.899514931012796 0.8661913420273919
30.16138981758329 0.8969726621493332
30.286216590084464 0.8923224914718064
29.926415382006372 0.8768088426148282
29.96711388191235 0.8825917795712753
30.020290366471137 0.8860618966084254
30.19729287327263 0.887308770587265
30.01192440675082 0.8808748083797274
30.263726815614405 0.8895538026070157
30.184489282732663 0.8859592451351357
29.9561960646462 0.8790228457311016
30.079672288537118 0.8837923354924233
29.999389138289636 0.8796619367490861
29.889451198154106 0.8670535546417091
30.259106012282636 0.878098635391656
29.85792431874969 0.8749406428671817
30.131244852914975 0.8966327542833594
30.06529689331309 0.8822630837130312
30.243442592420887 0.8892160844367556
30.290905089616352 0.8920304427488358
29.975577970753996 0.8853043221750658
29.891947755447774 0.8750641898102085
29.971398296459647 0.8815030366658054
30.194612688177145 0.8867871742742147
30.00078960534449 0.8864353824906321
30.32471635796519 0.8917781926381233
30.097054482622603 0.8947198727070625
30.298552679300812 0.8907358785175113
30.434536048927367 0.8942778238156568
29.955400439584867 0.8803770778703819
30.27669652460301 0.8834551596034191
30.36718815221179 0.8950361503568786
30.17288842782729 0.8966921078568598
30.195344945525093 0.8986654994313912
30.280583804353228 0.9010631363595314
30.425664324818186 0.8926632436288743
30.027190944693352 0.8829578443038669
30.02213240662673 0.888705820819097
29.908153260292707 0.8784193123925524
30.200711095423078 0.8877949197292917
29.917710520212758 0.8757422945778054
30.031355008652785 0.8840102372053944
30.002031670593084 0.8825408248862727
29.891487868197125 0.87584851308083
30.253129727062195 0.8869544183933892
30.120032146222222 0.8902602624765549
29.946738867999827 0.8831045758213121
30.305030482447435 0.8940950951884001
29.984956648346387 0.8825569874551351
29.968394751050443 0.8844290413437611
29.950844272846506 0.8763047042594815
29.958505289525405 0.8809321266342424
30.02460837520818 0.8834540592971492
29.93630099180696 0.8796250751168407
29.919876045555306 0.8786896019557456
30.011036164420567 0.8838822559358266
30.067072037407264 0.8893921208015789
30.322867751059945 0.8883766967621732
29.948437986264594 0.8819595673798426
30.134898701906586 0.8972550903065695
30.033226091108872 0.8844828031804252
30.215739420273664 0.8879950649025545
29.97230072542171 0.8819709727699436
29.980544282322054 0.8807625857041166
30.180520141401846 0.8948058888671625
29.935056162584864 0.8782116787947778
30.27205629719959 0.8906638573880472
30.138285150774436 0.8940637694732908
30.1378546444868 0.8963503273782348
30.122478062599637 0.8956858922208812
29.98577302929167 0.8838172365672655
30.08663859587194 0.894353592584191
30.379884482832992 0.8949178358729616
29.975003024229537 0.8813778981734365
30.084634189900093 0.8939287235090577
30.316937553061877 0.894707154826689
30.2967499735956 0.8901005059415842
30.771147253118446 0.9093158534804557
30.634289865137866 0.9075494044305831
30.66860515071072 0.9072397502669093
30.800091475027294 0.9104171917300149
30.684062050094703 0.907847540200372
30.836297404245194 0.910526289061514
30.705374319045752 0.9079625147217872
30.66305391210793 0.9075138597299676
30.752441258787595 0.9088276838857873
