31.702636417978898 0.9534194872558993
31.76341150055289 0.9521530743058221
31.718639339039264 0.953530589434657
32.01559680461226 0.9599137422601649
32.038311803939344 0.959495282461246
31.778473994399317 0.9537523468092045
31.701103240392385 0.9523463023965969
31.55300047671564 0.9489720577767492
31.83243169304861 0.9546183338618588
32.095894112627775 0.961724877210652
31.640703108595606 0.9494359122498449
32.04894077707029 0.9617216982606372
32.04471673007139 0.9598204512804419
31.673515869926774 0.9521621822831821
31.76726492841891 0.952903648038997
32.09898626848405 0.9615748809909987
31.6931253551914 0.9518497334349307
31.57878826985393 0.9488648200811459
32.003075103287614 0.9597392262398714
32.049753619184116 0.9601556072659166
31.737562484066615 0.9535488359448856
31.776875791822793 0.9522464003034117
31.559364213582892 0.9490633996609764
31.792496435543825 0.9529400128874379
31.74672950740672 0.9530063523147799
31.600564791207916 0.948899569784418
31.85596043665995 0.9534911350054691
32.077024113981 0.9608735332765416
31.785908253297475 0.952823172124183
32.06698932133592 0.9604864968870362
31.683405324887055 0.9520400149717879
31.69648001388269 0.9520367802019326
31.576787295660885 0.9488655441836548
31.772168596752522 0.9545263483965537
31.804280923968413 0.9525793827271068
31.77564075405721 0.9539864177095182
31.80889050854612 0.9542428113210671
32.0283379336958 0.9604195149918954
32.044119657598145 0.9602335717392441
32.07569150690488 0.9618293663378298
32.08403464696805 0.9617926962021356
31.700830652727117 0.9512601263460697
31.716048940928996 0.9520212605904737
32.06814389164301 0.9614902527677193
31.701662764742593 0.9521134895450767
32.13511971580041 0.9620246001954724
32.132659458113196 0.9615881155397583
31.678249151316106 0.9513262779196363
31.752028494473592 0.9531605128392688
31.720895741049876 0.9535285967736027
31.76573943795326 0.9526583290921193
31.77658121532213 0.9524641677861847
31.746095862247223 0.9529335587924476
31.61583338127982 0.9493625817765196
31.753413032411487 0.9525284921212589
31.845583616986453 0.953281237302672
31.57692053896302 0.9481064897490448
32.048315319610424 0.9597739522409336
32.00723651011518 0.9597037628883638
31.771484668875203 0.9537685859250578
31.81449137381037 0.9530114213623988
31.728132942854096 0.9525170491217545
31.609197464301147 0.9495537401828105
31.81585260326006 0.9538590287792402
31.686957472879897 0.9520772023312642
31.56255257193132 0.9491813253559329
31.77127168580814 0.9543179511089277
31.597137457430172 0.9488663873216
31.582813537551505 0.9484696060234838
31.675095533343978 0.952187655083329
31.57697484783229 0.9488892586786255
31.677213093065205 0.950911727593421
31.79549808375799 0.9525887471915093
32.03370625336404 0.9605502257961251
31.736025444872293 0.9533812306167477
31.676952663147308 0.9519639047917828
31.658333034911024 0.9498622819545877
31.77169634146553 0.9543063718703756
31.77893937932337 0.9524051331766571
32.0504771731192 0.9605640420631645
31.73301649367359 0.9531898059804159
31.740673934142322 0.952288893350991
31.5712584625729 0.9482800221460939
32.02610548354733 0.9601905719051584
31.787366937703567 0.952376159661841
32.00665258546356 0.9591676270018265
32.053487817707094 0.9604227218201513
31.591539586521236 0.9493087177389758
33.17166743791019 0.9709760115798451
33.17498267391509 0.970918467195091
33.163050095712386 0.9710851049455226
33.14158736273344 0.971108999868524
33.25925966049106 0.9719948924913057
33.19647579084651 0.9710880160402521
33.20918435491181 0.9715084179929193
33.21358177842425 0.9710468014113216
33.22554297085149 0.9714527033312892
