30.285413737223422 0.9272782815955004
29.780249731478847 0.8793047108577704
29.98804898147612 0.9045457379065968
29.921034151272007 0.9225852027806424
30.12600132893099 0.9139428872702011
30.50841127739515 0.8985838434442619
30.030387149938115 0.890860330963297
30.108831650812974 0.890241811016284
29.874450926829805 0.8779013986451487
29.992126782455518 0.9042480073265561
29.85927436793095 0.8791342050704724
29.876416111490855 0.8784869441082882
30.047429606999007 0.883744849859751
29.818018355500996 0.900784633595264
30.102309919488714 0.8708165544892849
29.640289409359845 0.8745154526328559
29.96365441567405 0.8828139721363869
29.61743579849525 0.8635724907880509
30.166002447503715 0.9304035004152459
29.799243958709024 0.8783074822634469
30.23631730876509 0.9432410738156047
29.951057939994683 0.8818176978627489
30.06102756793654 0.9058440663548938
30.170356179541535 0.9065402870790814
30.059696824443716 0.928928940768982
29.79920034398844 0.8975126134835134
29.4589543745283 0.8658477094815956
29.860947259426407 0.8991983514996897
29.756226498774385 0.8776504185449634
29.854473408505612 0.8994842258855839
30.34639537446031 0.9233042895838078
30.160417838404353 0.9252982952333003
29.54550691014784 0.8341858568468283
29.751752921290567 0.8779647117832603
29.806803467378554 0.8805321267243144
29.73077676580422 0.9000299241429403
29.534709097056076 0.8331491214329315
30.552639399704322 0.9269939944995054
30.078224019659878 0.8952861036352718
29.719728633427284 0.8784707035260836
29.82434040285976 0.8779513454295961
29.76367961424227 0.8965044448817617
29.992697423390457 0.885870255548294
30.29410312814631 0.9310144396404338
30.037881740103728 0.882568207980577
30.17924519770836 0.9204605258736468
29.89539942769675 0.8831977388196812
30.39527463721951 0.9463197239421843
29.67588229187227 0.8669375032391349
30.23353855006574 0.9238782606753513
29.705754803084773 0.8779171679349392
29.67864078233962 0.8711015848864404
29.8289666909306 0.8854423064618396
29.694919497398608 0.8682106661538884
30.101425703688157 0.9187931168647934
29.857448468526655 0.900934236169834
30.984475851223543 0.9178174543732275
30.336264936716738 0.9290895552533925
30.128244320867967 0.9162077775123199
29.5134400680222 0.8752020609531436
29.807571697378155 0.8831066262459702
29.53244413690246 0.8527790501407599
30.068663839888323 0.9042739979015734
29.86923551877547 0.8783921069252973
30.438883353312537 0.9297647487927833
29.671589017188435 0.8858829644575695
29.792161889180203 0.8756946852024108
29.5383957575512 0.8570267826958525
29.870306660992703 0.9002499258594471
29.757707708233223 0.8814047431177331
30.765316265186605 0.913217246405188
31.65766422623786 0.9412724024693528
29.832133697938637 0.8866631021562372
30.593202259066672 0.9283829757420282
29.931515122176286 0.8867885625180074
30.2852901443715 0.9253896752293183
30.188777877694942 0.9058694551548483
29.69333225983824 0.8716673927995326
29.640414138487774 0.8712181807849143
29.69002333843013 0.865884701448558
30.025781276722057 0.8839119923927659
30.11557450724595 0.9295930762970852
30.523709295866087 0.9296680587870891
30.084295398052106 0.8845018094108421
30.126102384500342 0.8909411962988727
29.714088633473203 0.8742434972193043
30.157028894154784 0.9298661962895952
30.301030650862213 0.9193733519642611
31.137000863458816 0.9683162793107422
31.180835763740184 0.9653648576575596
31.47836496093881 0.9624300452483758
31.25350546877883 0.963232048535519
34.66881380311537 0.9831722857399794
31.53589318843448 0.9610430064676453
31.265290100209803 0.9652537087546773
31.421675953524165 0.9663861741981326
31.457578207562168 0.9643975365785269
