30.55948707182546 0.9535858430564068
30.802437505507797 0.9479677907768771
30.51238146592673 0.9534229079020736
31.777770223380784 0.9602397252445382
31.735864630988605 0.9592939307241036
30.607643151984895 0.9541150167647886
30.87652386189262 0.9511134196062556
30.44936808771894 0.9469016703205253
30.619521142116973 0.955289486307161
31.671030645637657 0.9548739801361199
30.508746061708774 0.9475480873764409
31.59274997668056 0.9546146252555265
31.78472496476891 0.9597068160737646
30.850650797664798 0.9518700513753195
30.794663728375994 0.9482777693964696
31.66212360942213 0.954879609066911
30.868308805678318 0.9512440612150236
30.5032564880233 0.9466478809908732
31.753541940853673 0.9594236178206775
31.783721807197338 0.9598428888379642
30.50593033260952 0.953558287708802
30.7691129750023 0.9480556123304633
30.445060401500825 0.9468370001066182
30.857107169032034 0.9479658164370612
30.53466088071118 0.9529722547846156
30.541804897011176 0.9468041143109647
30.869707488961065 0.9487598632668383
31.8374192619384 0.9601970173955403
30.828642761586448 0.948136652499257
31.79069173209022 0.9599272774902705
30.85748947370391 0.9512965917060572
30.836807820995745 0.9510121860648166
30.492445696591428 0.9466797173232339
30.60781213631197 0.9547220403994433
30.841078820915403 0.9479560602416899
30.612867276460307 0.9546069005293369
30.595261298746728 0.954649155059615
31.716747019022083 0.9595719089696724
31.794949247538288 0.9598313772517076
31.606659110876198 0.9542207912728566
31.624158122666003 0.9546487463243569
30.81623505594176 0.9510928450490465
30.824544341100548 0.9510976314798036
31.596851651134692 0.9543874029692385
30.832715790765462 0.9512999371760504
31.687138832412018 0.9550571590092118
31.68306816264145 0.9548150936275307
30.83543726010503 0.9510220683055502
30.789010467695455 0.9482661375578385
30.557910107100987 0.953621658435989
30.764040085663645 0.9481538544573409
30.793965764477168 0.9477503866885122
30.862752324169186 0.952147801605868
30.560540865326033 0.9467278950144533
30.76382406529617 0.9479996761432349
30.829666642134196 0.9486994442054794
30.466208666630695 0.9462071861551027
31.74277090509264 0.9594544014512617
31.772455938033648 0.9602548281756166
30.535457254520285 0.9540237038638949
30.84664818944763 0.9481719000772019
30.88437031323936 0.9515901988034337
30.567059178437074 0.9471973446880334
30.630331120225485 0.9541954227152785
30.765595225695563 0.9511333841148519
30.518386370717007 0.9471255722873437
30.59796292367276 0.9548473958473407
30.56170813139233 0.9469545713789376
30.468599254443337 0.9466951224281905
30.80741318009202 0.9517119556120655
30.516867297884286 0.9469315673856605
30.800141641411656 0.95033307322862
30.81330523951893 0.9478529247718078
31.78872731572724 0.9594692738318372
30.52037012963623 0.9533872170337755
30.850460876778246 0.9516803718956113
30.551995723721518 0.9476458420380223
30.58899329360471 0.9545916589975455
30.805890849505786 0.9478029787622071
31.788526745889957 0.9597832134285614
30.540485032702623 0.9531762435839856
30.81376687431544 0.9517733927890506
30.514249257877726 0.9465033584821129
31.787925091949518 0.9592750465006823
30.834834648401408 0.9478536380102441
31.75830996531095 0.9591970925832343
31.765594997654937 0.9597943859036602
30.516175232096163 0.9472850267737148
33.17166743791019 0.9709760115798451
33.17498267391509 0.970918467195091
33.163050095712386 0.9710851049455226
33.14158736273344 0.971108999868524
33.25925966049106 0.9719948924913057
33.19647579084651 0.9710880160402521
33.20918435491181 0.9715084179929193
33.21358177842425 0.9710468014113216
33.22554297085149 0.9714527033312892
