32.77048903856132 0.9704945406180276
32.671086473813 0.9688871200812353
32.64852427532699 0.9688020651709055
32.69153017609222 0.9685162961572871
33.17396229664408 0.9725695912571558
32.42057908845753 0.9665191946229624
32.417892722215875 0.9670444299390197
33.38523973309625 0.9761758599645732
32.76987978236404 0.9685942212445926
32.4712958325392 0.966810453078592
32.484441260881304 0.9670436978171233
32.66430756677258 0.9682793701573311
32.38754187735055 0.9666479379734763
33.27248432522442 0.9737987475742659
32.677840989575316 0.9679133573871977
32.44680653208451 0.9661248265208678
32.40712179434203 0.9688803153990779
33.27045951409929 0.975263444422769
33.29511757253834 0.9761709921011009
32.43486564288114 0.9673903951759106
32.39943064142744 0.9648912463465653
33.19543247641555 0.9753930416751339
33.25600544144224 0.9752472892190668
32.75879346020331 0.9704580486537263
32.7689535940844 0.9696294331792753
33.249995339683764 0.9745950842493386
32.36956128349716 0.9680796159026915
33.25546539984346 0.9743180731165476
32.794275571898595 0.9701075456745862
32.440202547932955 0.9684714456356773
32.4596206297512 0.9693106617469586
32.668384764481345 0.9693405942909619
32.67370166220658 0.9691036755542284
32.456447582078496 0.9665045217776447
32.43579404869224 0.9664812656575076
32.48926483637403 0.9685172936240356
32.50560327938107 0.967887628822857
33.203204218217 0.9732874476959144
32.45409095609881 0.9681522519646056
33.33888927465968 0.9753523067988272
32.711105789097914 0.9703234810569445
32.366043981133345 0.9648319848317891
32.41453748237358 0.9656445813667413
33.29556125536806 0.9751599674208664
33.246974388430395 0.974863369660886
32.75052952081359 0.9698938764952634
33.3963064037484 0.9767653876571147
32.79662941936346 0.9704246552349163
32.47053435104626 0.9664820873700078
32.43258606175816 0.968758435164881
32.747717174593866 0.9710102810681785
32.470052626818735 0.9652596188175149
32.4326172070731 0.968389587258737
32.64822524396419 0.967695960069296
33.387917157330456 0.9764517009353817
32.763203515454855 0.9695087365262888
32.43340552706713 0.9647922708293672
33.26210020238025 0.9751620018117392
32.43518996599378 0.9646654499217576
33.04319965097748 0.9713105204606102
32.68162632043023 0.9669257906058987
32.76220449489381 0.9703824105913559
32.46063406446561 0.9663132155328626
32.62026685039883 0.9665890961863614
32.6300702364886 0.9661530466903349
33.38155630333895 0.9762641056456379
32.647259998086746 0.9681097815488917
32.44581290281992 0.9629516596431336
32.47432057747065 0.966906868148453
32.43096758182188 0.9683163371538913
32.74652454537103 0.9691183594333426
32.44857410307394 0.9672250158371958
33.40408666993825 0.9762175306514579
33.307328342373005 0.9759756879506786
33.2342733106709 0.9733157501641198
32.58567015177805 0.968150911189812
32.75092463591036 0.9695368358253712
32.657570810666286 0.968007077348331
32.65118494449265 0.9644049064367238
33.2272375854916 0.9740728222759162
32.470553745249994 0.969066497112428
32.648867378565484 0.9671134524474625
32.54446967971134 0.9657689837798644
32.77843755940368 0.9705455301504144
33.22495917207993 0.9746283476994839
32.366319277270875 0.9664732645101898
33.28060050194522 0.9746036959534724
32.63955219691438 0.9678118005696643
34.47913154053227 0.9819703966238181
34.487806920249525 0.9822503092547686
34.512128517577985 0.9823566827983076
34.455157079755566 0.9825454291156404
34.44291355322221 0.9819326884790086
34.425528004714735 0.981945318862548
34.327022538331356 0.9811229867653648
34.4365610222802 0.982297657649431
34.39341015943425 0.9813693600266766
