30.329321065054945 0.8975570552700421
30.00620465795474 0.8864655465901952
30.179397850774137 0.8928961881365831
30.074495094492036 0.8837729324182859
29.967890292890942 0.8727862841699254
30.039589863209848 0.8813331856464178
30.12466409010059 0.8851540534596756
30.077610283646365 0.8751115537821977
30.237809767896167 0.891472568042016
30.120737032249288 0.8836388123824047
29.971748685436076 0.8841428522617949
30.093445111437465 0.8761906287949435
30.238255865725698 0.8959295267505387
30.08103422708516 0.8918908818708791
30.044834756049312 0.881287384858814
29.975306537596666 0.8806698262324074
30.031101300877086 0.8845451480358435
30.031975737241602 0.8887776309516876
30.047481337777334 0.8809882535126901
30.298693117148645 0.8966971948193855
30.008619849331048 0.8878926605391263
30.062858451908223 0.8805222848289215
30.239720910706147 0.8854139944209988
30.04391579910072 0.880878216478276
29.99040435322458 0.8739321507836905
30.327285318349176 0.8921356992154547
29.911961503443486 0.8782537653489765
30.22426980148682 0.8951627708886628
30.19337424150702 0.8841644562347135
30.0623253018874 0.8878435245768533
30.302055571597066 0.89675539707156
29.993562406332053 0.8843824748086219
29.921840975643605 0.8774372921508603
30.061738311020086 0.8812247622606666
30.025474215397317 0.8880292037460864
29.997825813280663 0.8853748653691146
30.341180746168504 0.8972749365888337
30.192155658964047 0.8930493699223323
30.118432465889555 0.8906618248806056
30.237566671987842 0.8945432837166039
30.066564014767785 0.881259869810436
30.110060409235373 0.8849531980147394
30.382682476588965 0.8990804074097903
30.260285701597223 0.8951963325945289
30.31991653275693 0.8982881116915938
30.396798201114066 0.9003434240440944
30.440008892722933 0.8994875408407401
30.136249520175436 0.8856453621418181
30.016755449991482 0.8875191032639875
29.938194777128228 0.8782727921269116
30.04280008910814 0.8875568155716691
30.027229838571703 0.880033402005367
30.03166912250963 0.8819755236180163
30.055952844966885 0.8802319710742416
29.936516325253216 0.8787622110968978
30.073394060266438 0.8880649129585748
30.145951632503202 0.8896278311060538
29.961835701177172 0.8840676814891635
30.09832865880736 0.8926390083246992
30.009521022999287 0.8831816292728873
29.986734717152718 0.8830399431439981
30.012629360957625 0.8795488603601328
29.96133788112274 0.8793687465478965
30.138576033050622 0.8857036810741203
29.952509808690813 0.8779803079711463
29.937198537475766 0.8766363653014148
30.112257771555697 0.8832181194430354
30.074717390287983 0.8889221711732403
30.1447490066065 0.8896151440103824
29.963821454220398 0.8831097832594559
30.255115396669602 0.8965521860725328
30.060354351381452 0.8842174793796715
30.260969182062887 0.8956204216356513
29.994738796463082 0.8821809549906753
30.096054584640317 0.8830492665419623
30.27204647741472 0.8921745292016555
29.965569537553943 0.8793383366426536
30.06800706143775 0.8896389544242903
30.21635037070389 0.8911027206701939
30.23213721137442 0.8959890637304461
30.22183476848545 0.8960918320995713
29.99120356836617 0.8829169941794169
30.165420211111563 0.8932939343571086
30.16784161337818 0.8940044892058768
30.01889462614418 0.8820126277044581
30.170794031370058 0.8935758035091431
30.320578727022976 0.8985997333656792
30.107612694862482 0.8895350261593635
30.771147253118446 0.9093158534804557
30.634289865137866 0.9075494044305831
30.66860515071072 0.9072397502669093
30.800091475027294 0.9104171917300149
30.684062050094703 0.907847540200372
30.836297404245194 0.910526289061514
30.705374319045752 0.9079625147217872
30.66305391210793 0.9075138597299676
30.752441258787595 0.9088276838857873
