28.937062918414984 0.7537182429915849
29.433422669747443 0.9064987363089948
31.72318564554864 0.9612610195128278
31.16583453333874 0.9624915179687112
29.59803356990693 0.910587288828397
29.500216435049143 0.8705735384249096
29.777066705719815 0.9165954966486664
29.49376959069594 0.9005723133725028
31.63829935200866 0.9654289749264644
29.48111870499485 0.8908064924595865
31.242178916990227 0.9280285023943247
31.10211876284353 0.9607215285937318
30.804604543145338 0.9129150251882389
29.839603839508754 0.9123791522839199
29.25494462847672 0.8757766540073323
29.85355139219722 0.930461942667815
30.677777347994926 0.9586843008983981
30.919623379113695 0.9200594526844004
29.22151616835427 0.9037049836527783
29.0195886535885 0.8749581549250641
30.773366169271373 0.960131717712886
29.963389388556703 0.8857797666108584
30.440890914894688 0.9565186757451597
30.565675832231733 0.9560937484814696
30.526714585226 0.9486963834787556
29.734371186109705 0.9089913245403671
30.48191399258979 0.9602157952735173
30.804233736823846 0.9603934426360107
31.08786300232215 0.9091769461170941
29.8441307439467 0.9211036497244881
29.49009248253873 0.8965129711578967
30.976077331583266 0.9113547357003419
29.32789956709067 0.8901674569319038
29.678510055995506 0.9045911470314675
30.822794101364863 0.9134407111057323
29.695790626684783 0.9225268474131567
29.934478118831912 0.9414698949002465
30.52103760896239 0.9611128263791933
29.307696711486294 0.8719869147981172
29.414288963155958 0.915085900501236
29.15069777185344 0.7969821927951476
30.747582651939986 0.9593931955901557
29.696032854193813 0.9220055852182486
29.286731802090983 0.8302088192638241
31.29684006313869 0.9569296577238364
30.62112494932167 0.9599816209659604
29.56729870316995 0.9192583323789425
29.606327310660824 0.9060781204472649
29.333029459856313 0.8973292603838301
31.41461450427757 0.9608742419119309
31.168941470992294 0.9163009779617793
29.535872905252518 0.9179749428889636
29.45825121255064 0.8726256773346803
30.674222229821947 0.9567028093835946
31.489469393248733 0.9680757392982984
30.691387819000507 0.962610881496105
30.41638429795386 0.9549249804456804
30.615794217471773 0.9596127812993566
29.69750903452621 0.889259634497388
29.66612482432489 0.8665109183248969
29.32338193199882 0.8701807267328255
31.550283230637987 0.9700564279692658
30.93736870659543 0.9573845567707151
29.645018482158072 0.9019397131742328
29.485564748268743 0.9174163543196958
29.64335308153928 0.9029950566042266
29.086608376817935 0.8695839969212962
30.292774671955765 0.9562950313361833
29.66581918887495 0.9327271721519415
29.23156275862928 0.8746794101715267
31.810275304729153 0.9688330224150588
29.971658576479822 0.9045277994791233
29.299461679262677 0.8390662211517472
31.640962335061005 0.9684950662442462
31.194393374205845 0.964654478879111
29.59269707727078 0.8799657515861795
31.566869313760826 0.9658631127163241
31.260358875434218 0.9629674855762204
29.131563174761723 0.8094718569859432
31.62533613170274 0.963358418704149
31.687460116460716 0.9687905571702674
31.265669227652122 0.9635442080754213
30.12555689319842 0.9228489596461575
29.917626050612288 0.9273557730720892
29.33322421133632 0.8646246712883014
30.957859947856313 0.9110638716761315
29.84316982751909 0.9223090573241391
29.800741383507905 0.9157167258560864
34.424292488381425 0.9828467519495642
34.92205191064079 0.9851000051443208
34.26458481643869 0.9822931801430187
34.197246344699835 0.982185217515255
34.6103419046281 0.984187085159139
34.46037879193852 0.982974409852779
34.199029292444735 0.9822578718114189
34.47128560990093 0.9825933666340695
34.734316456270726 0.9833672308389935
