30.407074373494112 0.9149948374456457
30.197647031372018 0.9068938103015924
30.637908830514817 0.9442733788698405
30.277595621415866 0.9217414032228257
30.233875049889214 0.9130003125691362
30.267024463644194 0.9245745456677193
30.25169249924016 0.9222409457200834
30.364588799098605 0.938958973537435
30.389759347277327 0.924791925558347
30.28775680364348 0.9183074324175378
30.301038888810584 0.9189266843422449
30.25336508206835 0.9132677245179311
30.654646498991347 0.9456707755080815
30.34766777339906 0.9293471488364627
30.263874999630367 0.9149689490120981
30.23155391694837 0.920715217263056
30.263574669728108 0.9205028164877528
30.291212716814776 0.9305966852217095
30.222306502956442 0.928577061393341
30.21150183211678 0.9106964362823322
30.663565603976682 0.9421757264058315
30.53427417293114 0.936129842838861
30.403199253318803 0.9252391779239102
30.6582022324977 0.9374410609075172
30.383479047596772 0.9232774193422874
30.445631479235086 0.9307789761073417
30.279629048429577 0.9240485700130248
30.296230114925766 0.9119682284624308
30.516415389679903 0.9320024534082976
30.627932836163147 0.9473197332297769
30.298973065435987 0.9311430024648827
30.674645458290502 0.9436141285841115
30.245848639618345 0.9304553855072827
30.609302969019613 0.94191727671286
30.400624021041548 0.9287185166258665
30.144090837108525 0.9150433695644338
30.26916743255564 0.934593253211755
30.37478679643013 0.9231721298077858
30.165630099245956 0.9158944758882374
30.55455602910382 0.9419915440904987
30.185950051814977 0.9078593384662365
30.34001569130609 0.9124325490057542
30.63804669252514 0.9445687731568121
30.27968244925455 0.9207562517128548
30.29549075784341 0.9361720699799025
30.356701121656155 0.9260230266934271
30.241267702862928 0.9185320245077994
30.295956926041463 0.9218639659680529
30.266686319675607 0.9155119312246343
30.207806949254614 0.9169423867232135
30.324672813312997 0.9357491872297085
30.42923348208657 0.9223016082249942
30.17543450110189 0.9071371109380905
30.61751841815439 0.9478824787510569
30.165954076930767 0.9029198702004034
30.255682531612273 0.9225267563875833
30.28955789221716 0.9129323587289163
30.281876666626427 0.9379448442594169
30.65257289909019 0.9441896848313036
30.245283949162935 0.9263029351667028
30.28312068938336 0.9106163565235643
30.368423629210053 0.9410966434529955
30.238665351024864 0.9095129953261284
30.27005983050827 0.9062082045073236
30.28127962476537 0.9181519716909881
30.298225479084373 0.9274157333934611
30.252812448660563 0.9329860121688702
30.387209356002664 0.9170042297391684
30.304281617199877 0.9159759484592893
30.17026368128207 0.9232655708658025
30.264113971592586 0.9221326028708625
30.379356015480283 0.9259731768250421
30.619412739939094 0.9359340513308713
30.341562990254882 0.9272747198560406
30.396246981208336 0.9312631160224316
30.23204431452325 0.9107071587767832
30.62992894461955 0.9415542256517234
30.346712904065946 0.9286467457326836
30.284772124555204 0.9359295013672732
30.280699298139414 0.9146549453157279
30.261401572232607 0.9090008894799141
30.680868084530765 0.9396319149676304
30.270827359964617 0.9254029109395715
30.33828590610367 0.9259869895247281
30.29361272213412 0.9290476155371546
30.44402087754952 0.9322772583708149
30.271416187199346 0.927694669557211
30.236677446590473 0.9199756781252098
31.260280791593935 0.9671278932848292
31.310986533658554 0.9685443673515388
31.250016778049932 0.967667205646891
31.210738597122827 0.9672476038892193
31.3519503157789 0.9688673548072819
31.178053557885246 0.9676638683490495
31.261574933543187 0.9667388487659533
31.17824395654178 0.968951610912501
31.307396481686652 0.9680780169037038
