31.22762772209313 0.9132006282248305
32.556116019222316 0.9336418497898692
30.900189090445362 0.9077498753949893
30.988230381399575 0.9168532211392737
33.282997627395694 0.9442175834105337
31.234445050577243 0.9060346385308472
33.397673775289014 0.9440813549273622
33.32827115382139 0.9452405393502032
31.729514788141934 0.9280990778159897
33.36164500967368 0.9434428182306888
30.997531320151232 0.9170792365416648
32.47329462919251 0.9302535765269137
32.47859389231122 0.9298444736280064
31.09362884657215 0.9121448678162614
29.459983635151513 0.8938409004381158
31.085884663445107 0.9113695604251691
31.87110060249683 0.9274808650588964
29.583686772394984 0.8951068243943261
31.176036593704893 0.9157307677565127
31.78117107522787 0.930951984215145
31.172433501586397 0.9165039524970451
31.80007142665825 0.9282310645919339
33.296405128241 0.9449589286982382
31.828843584550075 0.9305423836816161
32.40617733069729 0.9318043874746221
31.292121881951598 0.911450470401565
29.65216706507643 0.8845301285714372
29.53509305219773 0.9018966455982311
31.160126988345457 0.9135551636840182
31.146752403101637 0.9119615407811873
30.967745241214203 0.9006229929316046
31.634123170978814 0.9258396533134595
29.346737234418804 0.8655637395058398
32.466582456073624 0.9256264088225874
29.814743143804346 0.869554560611188
32.35476617314883 0.9302362213053569
29.477902875058525 0.9012578580799623
30.696131855915752 0.8846376979895131
31.214050934693468 0.9158692326761253
31.313568169903387 0.8998610964961633
31.67208975825119 0.9291244470531378
29.663623435104746 0.8965426754206246
32.53776013532423 0.9356801371555054
29.654541794021128 0.9016013600843662
32.63231860716838 0.9335725169732931
31.098489345681305 0.9199287825509961
30.964206339617533 0.9172706102522552
31.788389501785417 0.929717370552591
31.344085993125397 0.9065674916092785
31.624696327800965 0.9233375169331065
30.933172426415357 0.9083892165769574
33.40380054291889 0.942289989144358
32.537854680533385 0.9299339164476178
31.720301098805777 0.92936058227712
31.169200458867078 0.9147815311848038
30.906099966514446 0.8985157920639756
32.45793867215632 0.926818344173899
29.619546955341256 0.901436115213026
31.30909866261846 0.9188464244767084
33.33496567032265 0.9447626713206398
31.805985104575715 0.9279512801049502
29.74849350356349 0.893292794879073
30.696682265679954 0.883979169786542
31.01759506027814 0.8926031438700748
32.47193871529967 0.933508766514313
31.201329255694176 0.8988230304732004
29.66720824443751 0.8945741077073546
29.327596326470243 0.8641617798749017
32.490245858503386 0.9287879097094474
31.26926641278859 0.9132655569338723
30.97817131310518 0.9120764338153892
31.786368139976474 0.9312210790408305
33.25969876455833 0.9417340990054708
30.933287588869863 0.9097928237430917
31.03749479926134 0.9146514875564615
29.565909040634146 0.8954187213283119
31.156751747018156 0.9185216103945653
31.858363795349113 0.9288396459643968
31.716226302777454 0.930503709561174
31.794805160473505 0.9270185341969776
32.53324209263068 0.9347064572425249
32.453283418878286 0.9231839184273585
30.82519677986498 0.9055607853962373
29.743903452367526 0.9014412355238097
32.53605355428873 0.9353081863416914
32.414145013214764 0.9320940859108204
31.732284379909732 0.9300955318797623
29.506340415336 0.9047821497375357
34.52746562147398 0.9501291054962151
34.5184422100671 0.949566751701861
34.505031378105 0.9500845351547317
34.527451295596705 0.9501090836982704
34.56472722864465 0.9494296064595333
34.56988871006048 0.9500216173631458
34.63616613701101 0.9496114310995858
34.39404373107094 0.9502080719395324
34.461858979508484 0.9497742852208979
