30.175162632373617 0.9255000684388921
29.97206855460111 0.9204025197451977
30.513086026174253 0.9504530519895886
30.126553659093567 0.9356642370561962
30.059787665449083 0.9288722112971048
30.326861472519067 0.9303636702986257
30.01874111547278 0.9327706570758266
30.387401189679558 0.9428902872084178
30.16737575767405 0.934193429665211
30.06780719205706 0.9296333541812892
30.313059859831345 0.92583401878682
30.056537274457995 0.9252232836181497
30.525040179758726 0.9512989200249583
30.185190729752186 0.939977560108712
30.132099391568367 0.9305049375972142
30.292230390132318 0.9285074468599196
30.052318778270678 0.9324755505648014
30.34000357922739 0.9363469605237759
30.271660951504302 0.9343999576477878
30.049890498683848 0.9281347482441848
30.53726665379271 0.9477663271960308
30.43918293408438 0.9440150603448408
30.162443401531895 0.9332979958322631
30.53372981031426 0.9458843626406603
30.135005401719212 0.9334365795699583
30.19488876317956 0.9384593348204471
30.09995578143417 0.9356272545499086
30.057945166969986 0.9241421284939202
30.414649442954417 0.9406934842241967
30.490017611920692 0.9528995776709347
30.584520817790054 0.9430143104738925
30.57901372643087 0.9496183384331016
30.23711855755916 0.9349014302180253
30.481904668164486 0.9480169934344058
30.155031116479186 0.9379356885679422
30.179794956970575 0.9213785283544628
30.534259023230913 0.9450334280246467
30.160825519011173 0.9319604856946909
30.22725598453686 0.9238830559403679
30.445481098692166 0.949247500826923
29.954330053873896 0.919655895128837
30.138146858162283 0.9245838371135222
30.504078199345233 0.9501981562229904
30.08976677055879 0.9342940021699115
30.535435641700012 0.9464809740826653
30.099638712069194 0.9356479719062786
30.00774834249961 0.9296528956220217
30.11564577542152 0.935178612736326
30.14441389301147 0.9290047700033017
30.18703185091507 0.9249355826189307
30.367898705733197 0.9404168195572701
30.213524378287303 0.9315409444870166
30.024667344049153 0.9248124341451477
30.479057728764953 0.9526564403492336
29.934412790881503 0.9191438908243497
30.009386110130993 0.9334548398957796
30.061929213575812 0.9249644519135193
30.47996635853201 0.9476322102880154
30.540350233105478 0.9497765305961826
30.500361515279657 0.9393231814142511
30.13732671477987 0.926993803796172
30.634832746488936 0.9488235042889326
30.0102262475372 0.924570624935636
30.057858592999892 0.9193992588651133
30.028007126209204 0.9292825236467828
30.55842828938996 0.9414853979944947
30.27113754205064 0.9392286544450414
30.173338191080212 0.9281832346883103
30.138416646194827 0.9301479611582245
30.445387417652945 0.9386720729690408
30.055418984972675 0.9351141594633218
30.140877024740856 0.9344118858949086
30.49586142745342 0.943663715488689
30.108742029913046 0.9360500558953295
30.14806952680731 0.9397029345013009
30.07240540009557 0.9276637879077488
30.526814499846893 0.9485814702956704
30.191472823705205 0.9390724324494651
30.275904322010664 0.9417311979553916
30.077712231600028 0.9260587239357868
30.04011003360191 0.921441014413248
30.545335876053752 0.9462619763710544
30.29428313772994 0.9328890257786258
30.093454311194805 0.9352278542120627
30.28893679137497 0.9347857849971951
30.20582574791125 0.9392641743789811
30.325042483424692 0.9335167164204466
29.97348184660787 0.9297053210698412
31.260280791593935 0.9671278932848292
31.310986533658554 0.9685443673515388
31.250016778049932 0.967667205646891
31.210738597122827 0.9672476038892193
31.3519503157789 0.9688673548072819
31.178053557885246 0.9676638683490495
31.261574933543187 0.9667388487659533
31.17824395654178 0.968951610912501
31.307396481686652 0.9680780169037038
