29.77671686546109 0.8732343345715872
28.93933093471084 0.6562277680511502
29.483930318311312 0.881059863203018
29.96936371923467 0.9433636688357715
29.949676672034627 0.9406923700584572
28.864773352391943 0.5899974637614749
29.620096837166415 0.8737891572196572
28.9002155127549 0.5848781740670943
28.99598383806399 0.5197452762290905
29.025274530374553 0.6596408251308588
29.650898925671953 0.8760654318724957
29.060755408633227 0.6988481571723555
29.157333018733457 0.8053263985986796
29.57408943866277 0.8818496339079508
29.673309687981583 0.8582690585704027
28.915750310552596 0.6116893035278373
28.872848775986522 0.5642473518688783
29.022249622690612 0.699246820636173
29.348275469041525 0.8771557404098035
30.300553582622747 0.9370379478183788
28.9688259299172 0.6630190271929449
29.721632644606622 0.8707075263090298
29.519567597614103 0.8796493825434929
30.011783473680808 0.944945839880461
29.521238312495747 0.8879678737602182
29.43046364746059 0.8711011278937703
29.501097724846584 0.8820979282788396
29.400153370987653 0.788689107904009
28.922841070507232 0.6197040884987768
28.827622401021276 0.5900645313889428
29.5522687808255 0.8847998497292339
28.820839789641965 0.5731914380720156
28.9548701494879 0.6500319779552971
29.017091304676836 0.687885403266598
29.06850550179226 0.6477365096735161
29.39092469273637 0.8746404768423868
29.14322610582908 0.8047554366731784
29.440978598621047 0.8713214534390229
29.770836592598123 0.8554383609042832
28.985365266831383 0.531165770167104
29.145603150601623 0.8041186997752405
29.199670330955186 0.8001634726153628
28.81839054900513 0.5694863097975641
29.523993367094555 0.885019562294339
29.370621745975043 0.8778361392214995
29.5560023046886 0.8882280889808194
28.837964608478273 0.5721555303483313
28.997677989449215 0.6898712434675905
29.241997259698408 0.6124469312152439
28.89347168619223 0.6275755755307261
29.490526415403767 0.8833091844974357
29.11518644585349 0.8035297158109483
29.116355241485508 0.8010182702012281
28.958165491139127 0.6695425684508164
29.216290902953563 0.6280964303216422
29.547934833502016 0.8810492776649361
29.221737558118907 0.8059062369250077
29.2688670543139 0.7945520670884545
29.421361075749605 0.8706728757910602
29.340903888009187 0.8735021639966873
29.12641371188173 0.8187747460851219
29.33837643004452 0.874928051200828
28.91912704162316 0.5419404617053417
29.404647071611343 0.8719860152913458
28.962239723529777 0.6306143947120051
29.04939485029601 0.7161756156450685
29.539785531472788 0.8690118669833967
29.184612492235523 0.8179044471725786
29.717765159768916 0.8585796750840171
29.88448483841882 0.9406534100377396
30.089117104588375 0.9444479632762324
29.03021668021232 0.6742943306275544
29.12166213162486 0.6352693053309983
30.135870650517404 0.940872705480055
29.12987584470561 0.8060354316464772
29.382769944951864 0.8727156862447386
29.368409982819692 0.8785032101057122
29.526865575891378 0.8658125021013916
29.54069345968927 0.8818616393849277
29.303089297536392 0.7998762955689711
29.94983687833219 0.9411000786218661
29.41769173485512 0.8781988819439037
29.133044308431 0.8137361535171472
29.416293828111183 0.7816961323736955
29.060537298794614 0.6670511636161116
29.10992986004322 0.8001410907154687
28.92247144382408 0.5606697166615573
29.019241713685293 0.6540105858110425
30.963937631480075 0.9669314446165612
30.83397931759455 0.9638134495109197
30.970953344528006 0.9661758999745943
30.852477240134913 0.9642741001095924
30.820228287593984 0.9647333780814978
30.834824002303197 0.9636620851236949
31.112473655604536 0.9622605733800962
31.057741087644906 0.9648157077397602
31.119934605091398 0.956658588266064
