30.140989769736176 0.9129706351901081
29.726952070434475 0.8733609007697996
29.83911454392814 0.8867966424628826
29.721119801510273 0.8972786509850653
29.946000064176616 0.8929553556681822
30.574493104997128 0.9054870939841372
29.913518329167083 0.882288222740239
29.994640093769934 0.880319433650628
29.816034366007784 0.8721226629107641
29.825305599628884 0.881065161034963
29.781954481672255 0.8707581128478749
29.70533042559444 0.858672940717884
29.960738483110664 0.8769031470791809
29.65666741777582 0.878130579689735
29.76562734046788 0.8201792019568211
29.5495234519873 0.8631023486882332
29.834856698766302 0.8684263132306166
29.523530888518373 0.8478106795048905
29.932780560116157 0.9174477172427078
29.712776591876782 0.8707962884609476
29.990121693743678 0.9325524104685804
29.79777073659018 0.8655001066392554
29.902672406951805 0.8875912487795765
30.02410176205094 0.8892819527201469
29.795457400786248 0.9145113123211809
29.64865317859902 0.8727162121162093
29.479360106037866 0.856406199566489
29.69473178219705 0.8757140264766393
29.606689567116963 0.8570364107700005
29.68278425567845 0.8745243130972262
30.158949684953257 0.908178969398627
30.017982023206425 0.9093282524734229
29.56472960738202 0.8395254952813184
29.62844354483302 0.8595029397735559
29.746573746266193 0.873877500163994
29.556801785918367 0.8696627099630224
29.52635848480029 0.8246078067706597
30.38023371400865 0.9156922854411781
29.692138171799765 0.8405734158201857
29.603915645565998 0.869493232638452
29.77796031355713 0.8720102423104591
29.58696754691001 0.8600895738913146
29.944183523044366 0.8798350101010318
30.013042123905183 0.9174345572767181
29.878639299434887 0.8660419061986622
29.977434346930316 0.9030108711438513
29.797414823051753 0.8732535083536102
30.158111255727786 0.927715510951446
29.494549486158146 0.8283332278459388
30.06318822224933 0.909813518781888
29.61046938698082 0.8678584450138734
29.52897945422074 0.8521614675046039
29.727451165265467 0.876679409084137
29.591245097066754 0.8577910652331255
29.937431665647534 0.9014393025269329
29.6992514827633 0.8799068770063985
30.365494812385943 0.865276078328759
30.07408672543553 0.9167554885117221
29.948559950853667 0.8987377915593356
29.45633520388965 0.8576662602818802
29.611952110939814 0.8628532179407422
29.48568589220384 0.8400494665701587
29.94916743760662 0.8854491972763614
29.828372408489933 0.8706946990726825
30.176023798980495 0.9166450849092092
29.542317773441006 0.8655408364948717
29.603611550422077 0.8492488461698428
29.43266909057066 0.833952502979382
29.736947981589466 0.8784031594536261
29.57516188719393 0.8607644548546156
30.546158864512098 0.9058192291914763
30.837912198571207 0.8993261355569782
29.725292064749983 0.8777937047057645
30.434146504757578 0.9172170303173834
29.746935461870187 0.8682603125878868
30.116902407409306 0.9126085852187009
30.02200151588344 0.8854556505848316
29.622702126674014 0.8650724742938208
29.584277432264926 0.8638843481652019
29.6256708085857 0.8593549186193609
29.914317298812072 0.8738956833524726
29.85634734829375 0.9158197504938902
30.375894167895822 0.9200106751867673
30.011728422942486 0.8766250328449755
29.960622487167097 0.8766127774641541
29.670901469020826 0.8693887194958254
29.925579427519917 0.9163373377764963
30.136169302190638 0.902974721791592
31.137000863458816 0.9683162793107422
31.180835763740184 0.9653648576575596
31.47836496093881 0.9624300452483758
31.25350546877883 0.963232048535519
34.66881380311537 0.9831722857399794
31.53589318843448 0.9610430064676453
31.265290100209803 0.9652537087546773
31.421675953524165 0.9663861741981326
31.457578207562168 0.9643975365785269
