32.03488042771577 0.9509995219568316
31.62402023030461 0.9551229554121515
33.03629906124874 0.9691993918910453
32.49361956950343 0.9692080345320743
31.6394174586642 0.9531905362775991
31.939785790408138 0.9595528125484136
31.786224337323652 0.9552585264685501
31.506463710626026 0.9527866962006135
32.840662633908885 0.9695320084395008
31.957131100506327 0.9560022062063471
33.33793290680196 0.9775621844017652
32.79032275874461 0.9711440602753576
32.969535302759155 0.9741980512275757
32.01900702968444 0.9581954542394189
32.00020047959984 0.955023455723718
31.79886699363895 0.9578204071145736
32.35598549583046 0.9673436145777647
32.83753807087733 0.9744170516640616
31.40968739670494 0.9514935720575427
31.614412706386123 0.9509131865868986
32.36286816681058 0.9675144827550121
32.44137058169596 0.9606430012816466
31.869383179505192 0.9608149895090751
31.934969745398444 0.9607493883712237
32.14456411585806 0.9617016028802013
32.23064291091627 0.9588993831162306
31.80710461694573 0.9620501972753114
32.31045057921682 0.9645939782872548
33.32402568717801 0.9748910923001322
31.811827520771594 0.9559774128370998
32.05571182845278 0.9610553884225169
33.03366774239137 0.9743694439671773
31.944571099601635 0.9551500166161256
31.83974193501793 0.9555285556377962
32.872844794112474 0.974708331797734
31.623322217403764 0.9534020884180687
32.06066407765028 0.9637536546956851
31.975761012813496 0.963555920537315
32.455498516231955 0.9621320247877608
31.25872557178291 0.9508682384046399
32.46671693120852 0.9622803369553086
32.29010948280779 0.9649751403700049
31.892124397141956 0.9591919916573677
32.7081226007447 0.960236567385221
32.43426515121165 0.9646020916062639
31.96474319514259 0.9622374893496243
32.3321161876273 0.9637623024868512
32.092374646667764 0.9620529043335523
31.648692402915344 0.9560674002290744
32.90681045184659 0.9709973420525715
33.197283202195315 0.9744629039479514
31.613320122218877 0.952772368727183
32.247672348166546 0.9571118279325131
32.110061968810626 0.9625654962095672
32.77093626871871 0.9718648736123461
31.93933785619166 0.963632635940943
31.8900501115559 0.9614772085583515
32.0237128456663 0.9621233326557694
32.38117286449895 0.9624279498542385
32.270380279227645 0.9626934825324153
32.251823793213305 0.9547998815902667
32.759192229673076 0.9714164536172577
32.41080911752729 0.9637571514017856
31.845975962206595 0.9554062197036192
31.46865634350401 0.9525938315482119
31.931420311628003 0.9551835772323618
31.573077700917487 0.9534430778608758
31.73970417335645 0.9614115563964761
31.82603314628015 0.9595887966792239
32.05402380234116 0.957993986586863
33.007645096390554 0.9732255398361536
32.054331115937686 0.9573658705152631
31.87596840897158 0.953323188583728
33.023806871268356 0.9737780477337556
32.38773938274651 0.9678622892770263
31.805369712079887 0.9522799189870388
32.73385331446512 0.9698664382863068
32.454226590713596 0.9671158550969126
32.181458870163 0.9601220911268592
32.79010356499596 0.9679197780352559
32.815087177898164 0.9707866421749937
32.62422452953329 0.9697172243510318
32.23350822578975 0.9639411387393532
32.004899888634874 0.9563799269396887
32.17163670089645 0.9562934300108471
32.96349362570802 0.9740445533077488
32.233273172362274 0.9643053074848206
31.91608276594549 0.955994133151359
34.424292488381425 0.9828467519495642
34.92205191064079 0.9851000051443208
34.26458481643869 0.9822931801430187
34.197246344699835 0.982185217515255
34.6103419046281 0.984187085159139
34.46037879193852 0.982974409852779
34.199029292444735 0.9822578718114189
34.47128560990093 0.9825933666340695
34.734316456270726 0.9833672308389935
