31.417760707955015 0.9363934493377859
30.828315340867853 0.9349270261812851
31.71203220066703 0.9455927455632267
32.02687588890321 0.9476061235381393
32.127376805192824 0.9465789007102877
31.163331751042605 0.9139869451726587
31.690765021327607 0.95207541020392
32.25270502496002 0.9537475036757413
29.776815326894216 0.8974373323568047
32.18462020071722 0.9094362559182577
32.65168678176274 0.9209278486010177
29.238188468769316 0.8989895349851565
31.14697603858865 0.9028745042810301
28.755188857375668 0.7908515073544963
29.11571419230107 0.8980127005812223
30.824659314037007 0.8296831836306805
31.285586087420967 0.9405693017294743
31.451160555580362 0.9547951943533383
29.874520906191986 0.867369332284121
30.607152149635798 0.9213592907068047
30.950596360031998 0.930455300446052
28.63215876039859 0.7697292502019775
31.239752131264677 0.9467692439295731
30.933679381882875 0.8324610433434052
29.736033013146983 0.892231992465483
32.1477804363594 0.9097340033695094
29.293302868221083 0.8099410982648345
29.622230828664314 0.8435222095410039
32.246684195278625 0.90843638541528
29.090632896947852 0.8128355082297521
32.52486299373315 0.9592447432660738
31.526137645560468 0.9492898320476661
31.507585670954118 0.9492512514815858
30.590617566029348 0.8478123439738477
29.805644762224862 0.861642323403954
30.975452962783258 0.841835299450602
29.57536860192292 0.8859387203096261
32.59813821513565 0.9161237204908744
31.15858226982285 0.9067397452141687
29.673929777178856 0.9274044537220506
30.954894610592177 0.9304921606151232
32.85305887510405 0.9246310474845543
29.315134200977035 0.9106479184468997
29.736084057811198 0.8290159814056342
31.467650311004412 0.9354221003329595
29.616361706939387 0.9248379705723803
31.01891882097827 0.9434603312101256
29.255503881211936 0.8384874389731188
31.517873608896195 0.9486943115746187
31.522106550098318 0.9493166670914344
29.342912151928715 0.8463680865700568
32.539197838739994 0.9159683345059022
33.18101130212396 0.9600712846320119
32.18412159739101 0.9213280269118402
29.30808358311002 0.8500698029425721
32.62235590131799 0.962068714283734
29.225221435116953 0.9129558732154592
31.17321948048758 0.9224453354346285
31.49307168014479 0.9462592980565903
31.714604233344055 0.9386237571021504
29.45029656898926 0.810537481258678
29.12768218144492 0.8977263335278051
32.37762488752955 0.908760148330275
29.34762212519765 0.855951029601603
31.109639050811133 0.9347015304830628
31.18387731038846 0.9454001492057639
29.375498820861992 0.8314895163328858
29.06011685356081 0.8300270322176948
29.20988412799081 0.8398199808947115
32.96479603884763 0.9247322815744665
30.45075580167692 0.920107971324468
31.960453283451592 0.9549431733963668
29.64804337058559 0.8801387492990084
31.100445425010832 0.9022547243538824
31.38542267279768 0.9483147126380365
30.03112607378201 0.8762404547027035
32.5633940813822 0.9150146216010404
31.545730570249113 0.9515890056007433
31.338775190377653 0.9482230814886567
28.91175208623916 0.810447344661815
32.3482673857602 0.9607643295391253
30.99743184875735 0.9391001218508493
30.561270526041962 0.8197386522437016
29.264478047742184 0.9132664062084865
31.968693162385797 0.9509493066215441
32.390214860368744 0.910890062306932
31.050027856433214 0.9379262358871261
32.20896218844312 0.9542360414626747
31.131620588672927 0.9032468557025559
30.80507054067107 0.9374822189966321
30.547591311039373 0.9209441186586057
32.5215920925568 0.9568226793044204
28.779865268478954 0.7602491128371425
29.166324620502458 0.8648606118282895
32.61788626854397 0.9165493726634993
32.52595187747361 0.9141249768785158
30.54339145396897 0.9271574731049546
30.809721889479327 0.9165962599661208
29.491656953584883 0.8185371558337395
29.547850727739494 0.8239316866474717
30.93190638526158 0.9448013947497329
30.933287588869863 0.930662425887672
31.15623526919093 0.9384112889048531
32.22569071325583 0.9498944735076211
31.179842366993267 0.9448264868602495
28.747897418878942 0.7929434114829071
32.813314259712655 0.9525990991248863
30.04220885682958 0.9258117384204932
30.877896431617128 0.9331192616688162
30.645654961044336 0.9229342147930002
29.502842822549095 0.811526075282464
32.4245372988283 0.9110912069029848
32.252243545599136 0.9554091975875749
33.013564377793955 0.9243525116160352
30.59332435905262 0.9242364570887873
31.61311698473048 0.9520008192777438
32.3971211436681 0.9109364348589224
31.812417161686213 0.9489677151949999
32.0913806784984 0.9457780879659057
32.40100572582441 0.9113756910041486
30.897972491452933 0.9399178984576726
29.597646211930993 0.854705214729786
29.283015039330138 0.8074618196292592
29.138557498421513 0.8352025701086185
30.859974605476275 0.8257594788673246
29.807991686950434 0.8597653326589463
29.187315902236346 0.8207471646959827
29.270522012612666 0.9133020465565898
33.045855794636374 0.9258200791434882
29.675972175140902 0.8535879500149949
29.39523937534746 0.8398325495456437
31.170680234069454 0.9067122333842157
29.69902567285379 0.897417798384912
31.167125540390984 0.9381643289835223
29.774962665281898 0.9276430153648959
31.183982587364977 0.9144407195709565
32.41663367672497 0.9141691914869343
31.383294406180788 0.9417222104543569
29.188593543050082 0.8289791901659638
33.12081583349749 0.9558797600036059
31.45348561710177 0.946768601353676
31.688690737623432 0.9550897504512863
31.136849641123945 0.9410836295852334
29.370007771421353 0.8283192761935549
30.94215991595176 0.9284037192705668
31.072358876424126 0.9245283592262529
31.469777203259778 0.9479512458120721
31.53733001764388 0.9374133845346575
30.908357262567666 0.8274252996999746
33.19660645200865 0.9587563662825584
31.35902643897093 0.9224168715387807
31.43176367352044 0.9465798233064268
32.072328510351966 0.9450417492492897
31.63259799538391 0.9360811110209993
28.688643682567715 0.7867219959971282
30.858891099446776 0.915173284667906
31.283161785222653 0.9371626923989258
30.816326222183342 0.9420547645701542
32.07382824299362 0.9461004161231376
29.68055705802376 0.8917468477325207
32.395446820151705 0.9147312042470692
29.344346682386053 0.8261285065760543
29.348431590624013 0.8238856390875027
32.06708652531216 0.9186541104999836
29.533226867287233 0.821892166683249
29.14011704679785 0.8611834383387572
31.67501673030174 0.9440477684686915
29.195677658242435 0.8969987779366133
32.83679441832562 0.9489573854138759
31.706663992874034 0.9392953720519635
32.31313038542965 0.9107419686063205
30.977877258707917 0.9332476250896792
29.511916012204903 0.8452704209558131
33.25192101075489 0.9596825327281674
30.557303100850177 0.924732507822068
28.874595887241878 0.8037104493785701
31.514961903918017 0.9576808263818624
29.58017241119184 0.8405903060888323
32.68045740007416 0.9148260112807081
31.138434884078183 0.9419938199398181
29.898216886730836 0.9065848855709924
30.942091713476827 0.8358060923673359
31.300334292846014 0.9467480168203768
29.618359102207 0.8990774502848655
32.576653553462435 0.952456561077463
28.76421829544576 0.7792420932866405
30.93152999225697 0.9293835711253366
32.8026307909648 0.9679983414226087
32.38077086047686 0.9134420220036247
31.124135286260692 0.9017838997714732
31.074830014607834 0.9372862396466396
31.219556761041787 0.910735978783801
31.02604039968903 0.9347980735774124
29.428973627786057 0.9110668638560461
31.96739614356993 0.9158274390225272
29.936805689621792 0.9166493105642208
29.124027579225217 0.8985591130929381
30.76933109378947 0.8197285602014726
29.485865761091187 0.8103222711470811
30.993460381129523 0.8649289374618314
31.545902364944492 0.9381251870938313
30.89230944807492 0.9414230919989529
31.192835554575403 0.9414944385997971
32.314842497549485 0.9100563105476378
31.230263754122035 0.911439337429071
31.12788728696913 0.9028592913293507
31.15776825846844 0.9393723482265139
32.669314924391 0.9152250088470596
29.82923060796494 0.8650151756990861
31.427520212235613 0.9420808567848865
29.247734076481116 0.8225553302136552
29.780487320659084 0.8400259503010663
31.214384950622822 0.9406382529797206
29.48440322555291 0.8170456678906055
30.63663902706726 0.8527834359075558
29.263287240849422 0.8959801782999324
32.22972834682718 0.9102483893197291
31.476786129984788 0.9483251676502077
30.945668058459525 0.8351408751987268
29.34626340163217 0.8212235384320956
31.205723368569444 0.9420553890714041
28.862238378116196 0.8036804768810069
31.10808922449905 0.9385967404814147
31.519432551590803 0.9495146084354403
31.962588047654606 0.9573596826939964
32.549241537967376 0.9157934624270525
32.237852392790835 0.9068832562118785
30.661384936458774 0.9277674896034901
30.951979419999965 0.8364421837735417
31.111628242641434 0.9449713064196387
32.36395729652291 0.9123073185964314
29.363381157360294 0.7519915029431427
29.490857850580344 0.8196353852704807
32.822745106458335 0.9666609421737762
30.91208229538993 0.9363857179229547
31.496733991737926 0.9525929783955049
30.919128373680408 0.8590400122589765
28.8716398835155 0.8095811169998269
31.142684647987075 0.9345105116326654
32.73041710859432 0.9648085053189609
31.5121756447885 0.9478878578804448
31.38919153158952 0.9516014324340766
29.610854477068905 0.8415875632116024
29.772483883787917 0.9069621653372282
30.552137119761174 0.8435354795839883
30.910298593119386 0.9143996394027055
31.175957708088674 0.9396961449140169
32.218494787145005 0.9495636301799344
31.23807544883543 0.9122599533871317
29.19908315779476 0.8180811903630344
29.716129438124455 0.8367655161767149
32.137526401972835 0.9548588054266881
32.403340970286195 0.9093837225746767
28.91086008501759 0.7943477775925024
30.965410246487274 0.8617644015535573
32.01476239047558 0.9162669542772829
30.669213824960618 0.8506426570978026
29.605928783233043 0.8947028928265554
29.412590590751655 0.8265415175937834
31.699659272842666 0.944060055630292
29.627708571107082 0.839442750471618
29.17260170212245 0.8234379834040071
30.56987802447245 0.9214393043362815
29.069218315103296 0.7983574764959998
29.292735368207666 0.9113600766357662
29.8464833019726 0.8998629574654344
29.839611035443312 0.8479233929012178
29.644857397415958 0.8900037793869969
31.087050572774004 0.9338667664570701
29.292450433160152 0.8097269981109553
30.908202426705145 0.9329836524620349
29.463333329021573 0.9076968591637768
32.473573315342485 0.9151965967784381
31.144304319082604 0.9208242389830111
29.33914324557825 0.8351076976569543
31.34490066926694 0.922318635066116
31.420366113967614 0.9337348712064135
29.401391875235234 0.8506728820305954
31.38859405105134 0.9498488530364599
29.700931491830175 0.8347426928622006
30.05378466920028 0.9274657902539563
29.20181423262325 0.7913204385339181
29.775849166303196 0.9012035898399448
31.77038981593387 0.9479462450719239
31.119110471159672 0.9016150867889571
31.71833857399421 0.9452935484721942
31.1880612220291 0.9376699021725943
30.723733745239148 0.9356442100800406
30.973504552589986 0.8458236983651053
29.081381092401635 0.829253437017065
29.07433408189459 0.8959290482571616
29.082724660606907 0.8643132958602842
31.054740103017522 0.9400458493634648
29.317955403958432 0.8262258727839841
29.51303328673792 0.8202562617433797
31.343879205830618 0.9220280599987284
31.22760616248025 0.943341801394306
31.929593258268852 0.9151644307397163
29.73069544205795 0.9285910757747599
30.649045995263844 0.9313580387079347
31.182882929399497 0.9133595515415099
29.09691953235326 0.8279876361100181
28.685635803536222 0.7718866575264673
31.366173065012546 0.9469059807704057
32.23082166243251 0.9498656546667146
31.250293532662887 0.9492395593816149
28.996282214558526 0.7765690835255524
29.16314954185436 0.8317563687387973
30.73840854690046 0.9329873981971754
31.013924346530505 0.9243069159089464
29.110384858203197 0.819635584774252
31.86521405996846 0.9410174696026989
29.645621186362334 0.8540988924412345
28.847762335538313 0.7822134376308201
32.04307866925307 0.942555997739447
31.975137007666568 0.9148954940039348
30.653194645384204 0.9328641381663432
32.60235764699905 0.916857210322612
29.720804711089016 0.8920274777201883
30.894063921290783 0.8232691355557561
31.196692822258004 0.9371311799550833
29.540682791023322 0.9108950584220359
29.184323642963122 0.8299696821986855
32.426906738514965 0.9126260661698364
30.850892818593387 0.8624348544244615
31.069608478742317 0.9417913862403842
30.323133648358855 0.9179868911718088
29.851406157999854 0.903414957236778
30.92188174299809 0.9426034371621661
31.67403923931172 0.9367860297040285
30.884970683894977 0.9273656072120822
30.76771564927158 0.8512059352280507
29.256300982446323 0.9108675035913524
29.59934924347769 0.8247499048065764
29.437156260338256 0.9037667266545746
30.633876141585333 0.9323964006141164
32.66648202870693 0.9147743967408626
31.23003637156114 0.9414511847409112
29.68474136884752 0.9276992524381422
32.137650345964005 0.9058281332966116
29.256920187567047 0.9092325755580597
29.551247322905656 0.9327342594877416
30.587015153202437 0.8226862517971134
31.44994329422542 0.9473612807323079
32.43057823710983 0.9134741467834273
32.26511842558317 0.9098265525932803
29.682553176485076 0.8950883148524571
31.152164353116166 0.9029888413806061
29.34611925940921 0.9180664594802409
29.299896227904505 0.9165776548993191
30.80401650078564 0.9168415403404151
29.398398567280037 0.8668298950423174
31.30666832416057 0.9191482371328322
31.12555908814143 0.9337685854188831
32.260077264275694 0.9564470596598544
31.29225081156143 0.9201504509947873
28.897626548794697 0.8062278009495508
30.982242532230888 0.9453268929273501
29.36158976794818 0.8194595245256727
31.074297313150065 0.9238093323983189
31.959493533517925 0.9149735020626072
30.500804362492083 0.8109099037670032
30.841623654109746 0.9143345337544624
29.51291530373492 0.842791028712301
29.271034256822656 0.8223054030336469
31.170506556464055 0.9378944813888658
31.157029787706744 0.9386145313115776
29.419959297489772 0.8580943772768124
30.841853975974686 0.9335766905104602
28.78042477754073 0.7793672613660368
29.22586433859498 0.8927482266743161
31.125322039973998 0.9362923648267598
31.96724587474085 0.9589978429808923
29.4937736950423 0.8180439528769432
31.983355584797877 0.9178144830849667
29.869170738701296 0.9101749781072458
31.244311949033477 0.9089377315029644
29.119953896176757 0.8945745431269888
29.406334103184083 0.8322785374222815
31.876372304371397 0.9450694582809607
31.610077425381 0.9365499916403814
31.335182411430253 0.9459809862098543
32.68587592563103 0.9233003509501774
31.608355210153576 0.9341697121269251
30.979371668656132 0.9309609627749443
28.782119166488314 0.775590066654168
31.600149876466293 0.9356186802077109
31.891057430072344 0.9486586566843345
29.04943031406262 0.8987717885921814
29.525742374952916 0.8346027993246858
32.400980150471156 0.9128774707539365
29.251972529161687 0.8166116804774687
30.952577178185116 0.9312541043406212
31.393368026116242 0.94670198683214
30.64497263885218 0.9246374400698966
31.164696099697945 0.9365368036800455
30.873702681362648 0.8294691312785119
32.36510500041658 0.9554332940919654
30.838628716183045 0.8296629943004247
31.96123282683295 0.9432055337241496
32.4456794590627 0.9481490787896946
29.161443560812664 0.8016120564822888
29.27870583476502 0.8182335676572605
31.62269004922232 0.9360609064486206
31.516810334741834 0.9377341242308758
29.23852717940492 0.8184846166240349
30.84276205362892 0.9162288417750178
29.179517586874724 0.7952042963291897
32.97645648518879 0.9264498806699202
29.33512905489952 0.9074511062230687
28.759068388535795 0.7744551604209207
30.951922000168928 0.8520861176374656
31.098407331231414 0.9319992922551343
30.873038619215283 0.9423726655661074
30.88365105463467 0.8299912826402842
29.142945224051957 0.8985688930505936
32.387417061616524 0.9116803722454264
29.8357899792977 0.908810816861417
32.47664159758367 0.9135531163135636
29.34957829228963 0.9064092694263579
31.786807198274417 0.9479415774196267
29.236921947196628 0.8179649447736236
29.308486782709874 0.8901743634204796
31.8849305865149 0.9578629241182209
31.307438916798564 0.9194100018265722
30.68658568182115 0.8583849209539954
29.642826744627776 0.8892527118752113
30.8794106047651 0.9152348502237805
30.821518699788463 0.9162242570408468
31.971424594747152 0.9588345876638029
31.32150300730447 0.9410381811069716
32.700908963986386 0.9183101127518657
31.20355125310183 0.9363779561494047
32.10989097487625 0.9453610297043029
30.953701547426313 0.930226381718838
32.31695588114944 0.9099187046855062
29.084036098129367 0.8571921944470938
31.13877084154156 0.9206441336386216
30.85485468941536 0.9135245284399757
31.133085616830016 0.9206530272051451
30.017900873022597 0.9235294548286886
28.83772060364926 0.787376519203953
29.44372917311992 0.8094246624247838
31.432951718583823 0.9328262371550193
29.240714692068387 0.8365892906540913
30.861691156063028 0.933597230598683
30.440294940909546 0.921748580294609
32.6871714745186 0.9636364673167022
29.115883672347415 0.8322272315013229
29.93106766958313 0.9169815387884426
30.95607322245111 0.8428643955560179
31.195092536721095 0.939231475356179
31.199939745483114 0.915671576043932
30.857017550342828 0.9159558413528607
28.779952158460063 0.7686295232137115
29.275410753759136 0.8281959614649039
30.683619395716907 0.9350729650996352
29.25367432122624 0.9064120635134104
32.547107212355634 0.9145419378091086
29.250538985520535 0.9070474854418572
31.212375433762958 0.9382292079488597
32.61665013309377 0.9185877468642821
31.31701075781068 0.9405771863567206
29.848716878632505 0.836584519346252
30.829716353798226 0.9172243102337101
29.434890115181474 0.9145286024605827
29.759702210371657 0.9064935865276019
32.162802114917795 0.946654910135744
29.050074181752585 0.8337418949223503
32.06476836149429 0.950306278788599
32.60567156308546 0.9098354510360616
31.707674236361562 0.9385999514135772
32.77407357754604 0.9179973957177376
29.43332012903827 0.8140146424505655
32.30750343078547 0.9568616807193002
29.312809905828384 0.908544066018565
30.019570490527844 0.9191340807417987
31.485784136046075 0.9453637029688188
29.55315435761171 0.9114468791182555
31.98087964574355 0.9576994568510062
32.38332372410487 0.9100716822945212
29.762249175410012 0.9055995343933911
29.830018442919215 0.9097719323561927
31.12773438857858 0.9021807469989257
33.113241729705805 0.9561589656972319
31.313454058280943 0.9480627917661592
28.798670489640458 0.7759089138915318
29.242792254501634 0.8244760625736336
30.937254798392182 0.9320669805081833
32.43680463218327 0.9123282714192075
32.207929859855 0.9557773686415203
28.87108729611682 0.8194621290223841
29.271160888300813 0.8291751120939237
32.46729518298146 0.9141954277471359
31.978880305938283 0.9576461102409887
30.671082137107835 0.8269844009469826
31.167178981531094 0.9143622987799893
30.49861447134703 0.8259227488936476
28.737352277176033 0.7802580249259234
32.52164429141516 0.9129719127399385
29.308888895949643 0.8323689677496264
32.14998265852203 0.9548678392102126
31.333352357445968 0.9405027273722599
29.72680111585772 0.9015846832740081
31.179767446369745 0.9374232867501116
29.646095839375953 0.8891555959160026
31.05962451865554 0.9251335591287646
31.168568394632928 0.9441482334724418
31.058561502935035 0.924978965793343
32.511036491561235 0.9140987727107933
32.40227132134211 0.9123385019166345
29.8893959637582 0.9122682528521939
32.27385984565079 0.9080521292943976
29.99400976547767 0.9296829345851846
30.894619760205273 0.9145136706420879
31.469104467890222 0.9354208940913243
32.552593420178276 0.913641292904661
30.912254609763423 0.9390024536256739
31.36578626500007 0.9494896857525644
31.904736010951456 0.9462186044999821
30.958664994643954 0.9381324530527826
32.40153558941251 0.9143665320003362
31.165200374049377 0.9377367669930795
30.909735869932483 0.9291381415871273
29.059676995027264 0.8312342842249206
31.185378541730383 0.9384511634688633
29.118500882461387 0.8419752705251206
31.350838771614093 0.9497511693238284
28.801422743757694 0.7606313384843676
29.130165768588505 0.8185065508630219
32.07502252371734 0.9514734220848623
30.052445918153865 0.9138870039215241
32.706158970787676 0.9225570118797177
29.026124886656607 0.8606729977038231
30.04899756747944 0.9246306498779976
32.42428553546858 0.9485900594094872
30.83335668736599 0.914970113088339
30.920544337038052 0.9285355116154509
31.111509103709558 0.9394241725081829
32.41235618604576 0.9131411085786503
31.344765078838233 0.921709594715071
31.271221503542797 0.9443257125713901
32.54364871300751 0.9053859213056187
29.15617610933202 0.8976366101012948
32.530328627799264 0.9154117549927893
30.752099686730197 0.8215942996504021
30.542552815735156 0.9226870034484969
31.066248091241544 0.9416449846303052
29.186703263448774 0.8167423730443453
29.811766482257845 0.8645213978441316
31.34318918807424 0.9428019706895
29.83434870125457 0.9110972210286957
29.567438051702677 0.8215952290817631
29.131712056572688 0.8156070594702143
30.00474572280192 0.9241872650851563
29.809057495617065 0.8913169753674964
31.13749422727198 0.9205899916252025
29.7443272679525 0.8369733688704197
31.169614124143685 0.9039467462793933
30.814123132072243 0.9381469591174546
29.6681735234168 0.8862374805549778
28.764903692748728 0.8088551606612218
30.94628870568467 0.9289440231749789
32.612877702733705 0.9120229188603499
30.510242537158415 0.8164641906947243
31.160774465092036 0.9390120696345912
29.757567311180377 0.9117289248348299
31.270970779054682 0.9387945394674259
31.908517582424047 0.9429228778713055
31.256956779059742 0.9374575708504372
32.621385544312034 0.9092524467247812
31.150232068328563 0.9053020956793296
30.915734872493474 0.941278908959828
31.521198720834953 0.9482638937991863
32.14701852726856 0.949724184888892
29.010798072776964 0.8488266406003951
31.504165389473236 0.939096540055933
31.089739505532698 0.9388618451086345
32.22405149626393 0.9227776163418273
29.784322488291654 0.9000765093431228
29.311217839394857 0.9088773172882033
31.166774166905444 0.9392525043125936
28.639773484700083 0.7691728755373971
30.59450097462209 0.9308928439163374
31.06268750335968 0.9410491783143935
29.032481508946617 0.7942105237825939
29.150077094614435 0.7877137444084285
29.860690765696262 0.850254567172104
32.49086622196624 0.9606526232688024
31.376037872946686 0.9507414907174873
31.1997938423022 0.9388155530443597
31.102395875248913 0.9343741617101541
31.127990645913748 0.9338996625256788
31.147439361022236 0.9438762811012784
32.262541651448196 0.9551863075805704
31.198298617242443 0.939083779066858
29.36624850071816 0.8056397172844565
31.99018620295491 0.9159547722285521
29.293851403853033 0.8158564723729049
30.7718738246325 0.834884489731122
32.443751153180415 0.9624822786183197
30.56449074333741 0.8158136340388576
29.167112045492757 0.8278833451874964
31.207506213266385 0.9423711044661742
32.214419676024235 0.9220189438314466
31.358890406812602 0.9487694672742483
29.01850026636147 0.8001143433111971
29.276069867410005 0.8230005451755044
29.688277434064755 0.9053155919543092
30.625303556623923 0.9333363175206155
31.503419007353205 0.936939828661748
30.970385728076387 0.9362604150577178
32.66470383812609 0.9164985721883144
31.21626870046875 0.9108120630054001
32.30934488385932 0.9571629305438386
31.128394424263448 0.9032805077891124
31.320069457968103 0.9509897650322383
30.87855102088735 0.8670106688125279
31.076668814739698 0.9242018600870129
32.6134072010787 0.9170131583664657
32.346279688239704 0.9539052496702595
29.268877261298275 0.8887765456677088
28.903331098022033 0.801697327519122
31.133691724348644 0.9023863197980437
31.356950385351944 0.9466743470887644
29.124279596325927 0.8072016762657788
32.375135324190396 0.9134930809006834
30.85651384746268 0.93245186609018
29.13354113005535 0.7940911830292616
28.778971099122423 0.7762209219683642
31.03389444670058 0.9392135199480431
32.100737817399 0.8970052377636735
29.04458258092362 0.8225226279520259
30.701907800065893 0.833790648390214
29.23131143000547 0.8152469763306074
29.36670155210684 0.8477107270337865
29.58597083639639 0.8397557405618209
29.07482778148063 0.8032231234861922
31.211048558909003 0.9108868516543474
29.131202678957816 0.8987420585444676
31.439280401997706 0.9465081500362154
29.20846880020022 0.8360249378256749
30.825100116085235 0.9391580662560441
31.017163148499932 0.9397585719949371
31.93343596279568 0.954928090903878
33.43620336136794 0.9665678993608338
30.0195107084652 0.9167933974795681
31.260044200258402 0.9511618640768742
29.23774807387804 0.7925752248594828
29.944222981424986 0.8949003885452338
30.66072059406455 0.9238567326584044
29.436204913957653 0.8140883982786916
28.767559389329612 0.776737061802505
29.25896071008986 0.7888865472865334
32.37261912361058 0.9084519806714916
30.860692898406374 0.9419267554693992
32.21640169478173 0.9045552057181031
29.788282565145025 0.9038657296875859
30.73967565334335 0.9350316670652018
31.394231961998116 0.9494227629249372
31.17314496174284 0.9061292773237491
29.80970442109509 0.9002936223681037
33.085559841116535 0.9536419952190025
30.57917884011447 0.8209749560988704
32.00390483616307 0.9500978726641864
30.912326951325767 0.8369102544105459
29.35536840784462 0.8380919413717316
30.946913538279045 0.8200768122380682
31.03768275964331 0.86927137510142
29.284228402450974 0.8282091517602084
29.064865987828124 0.8978226317262593
31.243937020910163 0.9383884910214015
31.157200920567764 0.9136139611728609
30.657997801130513 0.8146212388010354
31.05085744537732 0.9261443556738255
29.942922778040323 0.9233308414120208
31.16562227496951 0.9145085088408281
31.144863971837843 0.9209440506574923
29.511254066468563 0.8211308489976309
31.003354365375916 0.9426464811796581
31.638844116800367 0.9466207176918257
29.386126556122164 0.8397420013311359
30.994692859740308 0.9326033503694197
32.8460176175003 0.9546655813296693
29.57890159882487 0.8868845368331036
29.73177671826201 0.8358457056888482
28.932659766832245 0.8082070828640014
31.155529725614308 0.9125262095553517
29.123777192101908 0.861313668161058
30.633461186973744 0.927824470337345
29.4889976880362 0.9306007979087287
32.35667841100244 0.9578096053422136
28.87877207809518 0.8061108207456749
28.761505032018345 0.7677845090628577
31.170232827053653 0.9438590557792816
29.72455556442703 0.8975580217587402
31.102761045256617 0.933711120107748
31.059064251999004 0.9262792983360082
30.66460273246544 0.9257083760326196
32.83352419637741 0.9675753254003128
32.19297859890474 0.951345387879109
31.15738152034735 0.9339885686857434
31.186739156323657 0.9143936983561242
29.057867977083784 0.8292455520708664
32.333317140540956 0.9081243774057404
31.74663264892251 0.9506663114574462
31.182395915746916 0.9337936898409307
32.03686394921777 0.9162916028660603
30.593057757539267 0.829945691638405
32.12260570796179 0.9468010112186436
30.018436536368213 0.925599933269969
30.969570544248942 0.9410548873809327
31.151753205418977 0.9136598148373297
31.762292978360684 0.9491033558150195
33.00875094458413 0.9567052001622202
29.35493470947518 0.8622573069172675
29.73748688423879 0.9233287277638528
31.132796847468263 0.9377537459954838
31.08543829384747 0.9444554112230874
30.598281999200495 0.8211135928470153
31.907539597186485 0.9475514693638438
28.900072654292508 0.8195258539740307
31.10894897386457 0.9422952993531016
30.961372031934072 0.9352062807350472
28.884580315629957 0.8053669891309301
29.485007841769484 0.8480537433738278
29.60601221624558 0.8428386141468763
32.439284752375826 0.9127730699045846
32.98211038851767 0.9567429222005239
32.26946286450068 0.9561795695279843
31.06062415333877 0.9240979453427954
32.5060823151168 0.951573385431068
31.75856972307185 0.9468145918047807
32.72908471926132 0.9226581275763356
31.22743310676252 0.9120705649566494
31.514517737725384 0.9382422091217721
31.222955867080714 0.9439404507332225
31.07385578860493 0.940974051525768
29.085235676684995 0.8220480358964912
29.3192315137736 0.8200917801347031
32.61900274384403 0.9183335764588415
30.990598095510535 0.8418976123399647
29.070057642356495 0.8325434347449079
29.19510160703759 0.8169503854110456
32.401380593806245 0.9620194774744111
29.86517158844221 0.8491766442753085
30.81433425176006 0.9164877143977974
28.816002714840412 0.7862651140254747
31.117189141402875 0.9366291250148454
31.163224102884108 0.9423226456188007
32.18060503769304 0.950047758698435
29.704713838779348 0.8972772093160396
29.471606296361873 0.8503647858540085
28.863846823191828 0.7923898850264144
32.74279499093524 0.9196553021952236
31.162656338882012 0.944780220470754
29.478311637240274 0.8261017651909717
29.66449196786988 0.8844342709296373
32.160525846791344 0.9478458300104562
30.03716979584322 0.9197912830628562
31.156315803589184 0.9145409991651321
30.981080746179206 0.8611743011300049
29.035341553861798 0.8043640811174083
32.68688281657284 0.916023477045071
29.24354717312687 0.8959627681874184
32.372339256525024 0.9599573050167481
30.97109450498508 0.9311419692885682
32.54847021657791 0.9573713954879036
32.3785236671769 0.9112816631481395
32.14718738878417 0.9529557844172024
29.513036035132263 0.8476148275118194
29.723882455073714 0.9082324052974701
29.066832923494587 0.796751092535422
30.90519802570245 0.9320228399063483
29.022934892067784 0.790963607615721
29.78117155824907 0.8628594802337977
29.77727115731966 0.839739568707953
31.67108130419227 0.9514039177724134
30.660921573766977 0.8248961832649035
29.85595898421608 0.8437309199726717
32.71574509140241 0.9217413090708712
30.797228990708238 0.9169414820329147
29.74495364663475 0.9139008557178625
32.7333769197993 0.9227894731537868
32.05673398649409 0.9196031137941748
32.02747059522381 0.918006522521986
31.129157662188636 0.9373226749061135
31.114707131714226 0.9414848775994822
30.88834183884125 0.941300918608389
31.427114488028415 0.9485467741028023
30.684756198324695 0.9314753134629004
31.141684228531403 0.9135082418191555
31.6455187868503 0.9575896272197081
32.003671087647916 0.9585013793305394
31.510983768954706 0.9470717726865764
31.62816561624624 0.9352958683626845
28.725147437579874 0.7965338795993832
31.174706094503133 0.9150499830091334
29.50794545816666 0.8203064404785678
29.776917754186158 0.8342336326765745
28.723054653577638 0.7728750367962383
29.17459226667491 0.7926902521426672
29.91704579748474 0.8526437779451894
29.14706634446615 0.8952055206532545
32.33485714585865 0.9108251856270639
29.62812744653876 0.8944997116573182
29.133698534713574 0.8245682930904692
31.134911893414518 0.9374950259760729
31.108501928307824 0.9025045406593952
31.12282940686297 0.9019354362873907
32.25112933595648 0.907294881167125
29.722829926121186 0.8917507442480559
31.3249340163533 0.9185572310722498
32.01334854851634 0.9577346470233102
29.716487392465936 0.8987892289995766
29.729763217440663 0.8928591955057411
28.99274275475073 0.8130674753443022
32.17598933943946 0.9223089914041459
30.820184254798345 0.9319272865284219
30.81476076073165 0.915448323577312
29.77341969676571 0.9003671719409369
32.700596897324516 0.9628786160070494
28.778107612056402 0.7667940795513205
29.91830853439593 0.9132903546829644
29.257310706005732 0.8228878502391658
31.642565140362787 0.9449056492601743
31.08867276215218 0.9247775228804687
29.808788497144683 0.9059237666278737
29.21228127934489 0.8176311376660836
30.75133438082268 0.8272972687474018
31.14632975776017 0.9131258032669671
29.822874667434412 0.8648207026842054
29.60139131899578 0.8865491409872702
30.661834793342265 0.8165687071384811
29.87359611752991 0.867079691572889
31.361932178322892 0.9480853770519442
30.69680395819148 0.8534301374091012
31.33705954776168 0.941004296727423
29.919644073419192 0.8698415021454192
31.494764263359105 0.9493833903214407
29.976058643410404 0.9302369661058122
29.19431036825733 0.8105610385893083
31.092074838349404 0.9333277797394828
29.45301142481889 0.8522190068698704
32.04534624165169 0.9520473664446649
29.528219356014326 0.8833631565190587
31.781158830031224 0.9476757121335875
30.921016698920138 0.9387169619245451
29.322511736148105 0.8995706746482721
31.324993010522043 0.9203930533575885
32.4211773071266 0.9114632475944394
29.244238189971643 0.8217985887387945
30.415931607728737 0.9194400307039977
32.32670512326007 0.9125302098003159
31.443239905136664 0.9370271388075635
30.676853840845112 0.8226003779029624
29.940067295570504 0.8508283377203819
30.878313905697688 0.9354099496856019
30.603013166055998 0.9258966068122296
28.771410106920477 0.7675544353598432
29.584560618306174 0.8964823858689116
29.688270688957026 0.8979473588020815
29.55122712197218 0.8232750224895602
29.188587166663723 0.8977401427613868
32.1145612777735 0.9535458749728392
32.22803074827577 0.9215008522999782
31.485534935758125 0.9482787143886754
32.34603732074828 0.9103276353161917
29.315061612397123 0.8147130652001028
29.047976537044278 0.858858248303021
31.55913088056165 0.9595092541035419
29.62496571394373 0.8441219601879151
31.124149226102652 0.9414341946670449
31.237804728245706 0.9115425802220635
31.331057295765184 0.9218777129291955
30.96967267408747 0.9377960823232678
32.357615571390596 0.9050186323819288
29.088996467592114 0.7930085399018133
31.29783009077964 0.940597282695984
31.225379397885412 0.9439034241278682
31.17329371278643 0.9399427117842586
31.54419913905068 0.9389323553921757
32.33940328931797 0.9104418330051072
29.441479293276444 0.8162692434665996
31.111795609994868 0.902182565457796
29.719334797178796 0.8353984673871007
32.43283869130999 0.9126804783346157
31.37885094279038 0.9487161215328354
30.405325874209105 0.9157994406652643
29.10099593832619 0.7906707384104416
29.66227595754843 0.8847993046346643
30.889448080988263 0.9139315618124193
29.65386728114792 0.9082522041726059
29.15411136612629 0.8001052838156042
32.15426170545699 0.9118077972027195
29.65987201989445 0.9232763410915172
29.267524952052423 0.8279408214890084
32.01251177371387 0.9181268480910805
28.78245331200196 0.7847412593392494
30.93756301145399 0.9377802862905024
32.56767824556887 0.915543370970847
29.123078158948786 0.8693789984142202
31.11391549269994 0.9425365267786152
29.396282501254284 0.9046022764161056
29.494616145374692 0.8171743348814344
30.829310170347554 0.917383200497084
29.11547019564672 0.8046224782043535
28.77313773644454 0.7939551145713141
30.525829090094607 0.9229102626660745
31.233043447745562 0.938261343618712
31.18095480215212 0.937154867458521
32.11747686917508 0.9446163284233227
31.389007682668918 0.9497270751247401
30.919383739503807 0.9383573117013188
28.749171960959757 0.7888877903076184
29.22095081286961 0.907775151730041
29.628383669856717 0.8378102854348031
29.539420912248136 0.8222437715659261
32.455711893004874 0.9136121871024786
33.186340678820436 0.9587163452247446
31.511048455281525 0.9484496725580536
28.80286962177031 0.7989396368437428
29.05747837035228 0.809735361210711
32.82697428814819 0.9672752030875283
31.412468543352187 0.9463738743833779
29.635422111486456 0.9276389696243306
32.983781584976846 0.9213676770810483
32.64662052468509 0.9187434021924654
29.188127362794702 0.8963701964362161
29.433658406911867 0.8158198775085315
29.478794255935238 0.9092782780618758
29.102830873443622 0.8011927648751879
29.992044579509862 0.8408374396188019
29.513054684996977 0.8495429640734284
31.48634658974799 0.947573464378889
32.01179172488745 0.9520679725757771
29.736848972992647 0.8345292509213962
32.388024811037695 0.9136641623903339
28.82204249149695 0.8124374381740577
30.767479529641392 0.9329112441193285
29.235736645178108 0.9057086309689042
31.29603405599472 0.9401927046856836
29.161390152206252 0.833420349714107
29.64882048065372 0.9343650834962005
32.43364358938035 0.9128594880848993
29.168649603385234 0.812623446848125
31.19999793442847 0.9057933274143345
30.8642823946564 0.9163503302913744
29.263050378910936 0.9158264871876269
30.482639150663 0.920312274177525
31.174146324308044 0.9109651157078021
32.05641345640832 0.9443686375369864
29.16369963317774 0.8968713707749968
30.992791002479755 0.9331083455493712
29.015083045889046 0.7762192997490287
31.695684913660887 0.9503797677811648
30.530922906278715 0.808332280780682
31.101463840165785 0.9404692590306571
32.28749664562833 0.9576134635085933
31.337516109676933 0.9502807166182116
30.883090427791466 0.9146838495653441
32.208532356453205 0.9017601397033566
29.63303823538967 0.8815676441676198
30.79361801096196 0.9363619124583676
31.544896459400327 0.9390931776794573
32.409651950698844 0.9117230736877878
31.19328934302928 0.9111219042589666
32.60522382668826 0.9182639069501755
31.472392435262073 0.948288718217563
29.19656989468706 0.9046115360614021
29.23095672445726 0.9076383261518363
28.847185832166538 0.7915104526331722
29.99199920415034 0.9207777897449293
30.0457297168 0.9264977846329734
32.04600926171988 0.9442708221306902
32.15735565463539 0.9483285659108439
29.695799430998377 0.8469590939359615
29.14458010986177 0.829319279669606
29.995541222932076 0.9108706911109642
31.35834932327928 0.9456333523714613
28.802513899434416 0.7619406256514832
30.937741245434204 0.9433183552461593
29.391582102313514 0.8406318937627136
31.36544491102491 0.9483228361234489
29.071813397767468 0.8246395173692833
32.50840081256876 0.9132807942872284
29.56772212982077 0.8388710023797279
29.116271208129206 0.8306253380534893
32.012114213818364 0.9587815759786916
28.655764180523867 0.77749431997713
29.701608844114045 0.886346365951543
32.11317494950308 0.9432124100823245
32.60979819208457 0.9096474632482562
31.194114665855786 0.9379237748627656
30.985124387112855 0.8420535944644966
31.154918843833215 0.9376099825401195
29.789662603908017 0.8410961622208966
30.10194613945022 0.9204470746661289
31.455733623462798 0.9355156225742249
30.951127770385224 0.8295113480097829
31.651175472798943 0.9600707888671693
31.278985525737248 0.9368499356832647
33.31691009893382 0.9636570507545795
32.152780810101675 0.9477479136834471
30.531027881174275 0.9313174250959058
32.72608340027646 0.9159181186754738
29.19331719090978 0.7927752195527592
32.27017989071673 0.9087211386971549
31.00721775237975 0.9327857890766016
29.263676107944313 0.8304458184110479
29.48921771820441 0.8208585350234551
29.14119796332144 0.8056558539743172
31.204620221268478 0.938671809342062
32.168312217713115 0.9543889354992919
29.57792945417099 0.8855834126376355
29.435493469306806 0.8312032276581619
31.529548109897895 0.9490919276525889
32.20866126506481 0.9560869493495628
30.980330430616863 0.9302473043063949
29.41129327606367 0.8428449861058275
30.726945903303392 0.8288071921284829
33.24028483443333 0.9613555170317177
29.621878546170723 0.8829629249481871
29.63240660339072 0.8519711108094983
32.98979736483864 0.9242607077571229
29.316064455059752 0.8888901849582853
31.360501144857096 0.9455070088253131
31.46265347326699 0.9534470048761684
29.145041278050037 0.7981425632175536
30.83251415004193 0.9155378476486384
31.18611348038504 0.9090852233052211
29.580161445730027 0.8393100461833278
32.21509987577089 0.9551792331219846
30.826924609473757 0.9406386477270613
32.20543823745072 0.9207375482099317
31.837213748763066 0.9444019139505478
29.645763475616377 0.8944375480010649
33.13054161501073 0.9561219805601269
30.414835243985014 0.9148819676633521
29.405823653845466 0.8364165405476057
30.029685941004374 0.9113049958361282
30.60399883343228 0.9217676802854222
32.248711588153 0.950023148298298
30.951108634110163 0.840966157632737
31.83763786085052 0.9529631375261234
29.55497481467806 0.9284802619363542
30.522844229443933 0.9263770443364145
32.33295373833241 0.9546649116093451
29.434290315022196 0.9082565784444462
30.959833947243286 0.845281971310282
30.979659770340938 0.8610215604938116
31.164066126201572 0.9108763359423934
28.77277450805947 0.7747243502908953
30.814398092983957 0.9328156551198444
30.616536511802074 0.9286749996483257
30.807906458791447 0.8351669278905413
31.421858753245843 0.9335520926379024
30.61939298469349 0.8550249369692913
31.083636081484563 0.9240620894943928
29.57965507092767 0.8331291494744791
32.33298568043065 0.9112872288671697
31.177624687404858 0.9063968579813702
32.20334486145874 0.9487494665160494
32.709548160772336 0.9221144227016758
29.85282232674221 0.913923425926535
30.533273661159814 0.8197243095656662
31.191494987828552 0.915060271740754
32.04910375573756 0.94711143150138
31.016987453749852 0.9312295992374203
29.143985190470765 0.7994248387863228
33.19978570945311 0.9601965731190858
29.17757510048469 0.898999277290566
29.090968664695176 0.8545756123957271
33.0684102643487 0.9579578897664166
30.943779630233365 0.8283446477935407
31.515567063972227 0.9513618697288029
31.41450044396442 0.9452045765956644
29.46569980936598 0.8171045617059896
29.759239078491433 0.9005554916596867
32.189274170521315 0.9220415482695536
28.770320946191454 0.785966403893803
31.49989374452592 0.9486369104771787
32.600980825594505 0.9154357836366411
30.879908095741317 0.9131750137994155
28.789771636216017 0.7646434790766397
31.030735029772156 0.9405769176241388
31.68142770150684 0.9421118092582339
30.96573006463992 0.8366592434379122
31.524856135751207 0.9458379107432674
29.727069208202366 0.8933232085962198
30.524901397915794 0.9243425779508889
28.892587005083694 0.8104977841269656
31.4102580080502 0.9464342975138511
29.271818428693486 0.8307450770293836
31.47603271518719 0.9476810900745906
32.60266913142782 0.9166192762005846
31.723739857212493 0.9476564759513819
30.959714243869495 0.9293288196312037
31.025790087742074 0.938976330644472
31.43637687833671 0.9464974970809451
31.006536835967488 0.933856989400022
31.564271197912195 0.9529545649261434
32.1940084710985 0.9550924309611022
31.285436687901687 0.9404154246453292
31.184783352770612 0.9381116625373472
29.1970953943884 0.7868113184812858
29.942424520499237 0.9099786337216635
32.03798209719445 0.9176467661329181
31.391400443715032 0.9440415682906045
31.30127029618716 0.9193358472536862
29.2956014323978 0.8534047623163966
31.0334244134625 0.9260267568815123
32.49860287546804 0.9502160870044758
32.756609168241674 0.9641687695128109
32.130646414876246 0.9004952831760151
30.980217866940887 0.935189217972731
30.832505903720843 0.9139167804972689
29.170731250565648 0.8977359047539181
32.03786236963033 0.9180103883375205
30.939314054921812 0.9291974218709456
31.81630332726626 0.9500801134102108
30.46057087034551 0.9208574251287305
31.2555780956881 0.9372765523831607
30.797846462573744 0.9367107805724352
32.44425387228163 0.9124453017242369
31.1299817110168 0.9035583513575511
31.142617222414838 0.9029336153444777
29.54121684920395 0.8247187405903276
28.882095891863962 0.8241766914481886
30.844585981025414 0.8203030754303612
32.399873301887126 0.9104655263373092
30.867154574038985 0.9126577777400784
32.64068151754068 0.9597854774402125
32.18699307308415 0.9490295423015176
30.98703170988977 0.9429472074689026
31.52307007924037 0.9452115852197781
30.972733840220638 0.8467760835095043
29.463958311724348 0.8174940893233897
32.151737959933335 0.9516727611164421
32.36446524678322 0.9112163551537554
32.469236299951575 0.9487553231645302
29.356828080299078 0.8371565602377795
31.703939947087637 0.939753818872329
30.87834078885536 0.913811524505688
30.57035255951377 0.9236408973827601
31.7095323313525 0.9378051608786855
32.1329404471022 0.9034981204812962
31.432765091532133 0.9438802016861801
31.488454815880136 0.9467964129011639
32.717980780815694 0.9226140278470268
30.586885186199382 0.831646125281129
30.030338718434464 0.8817565715305673
32.5288002929048 0.9514365988052887
32.11774829463256 0.9536536927737931
31.034292914241686 0.9256976595440594
30.863417226413304 0.9151716014776738
31.67793921278549 0.9376940110538463
32.33393578342411 0.9087623665510037
30.622746838235688 0.8252268653169795
32.162363097164565 0.9468432067446813
29.442503647602543 0.8578903998871066
29.161288587143144 0.8274994803561722
31.06333716516189 0.940759336780725
32.01411913832571 0.9520774329726572
30.217559830542086 0.8729455351076948
31.602161011095195 0.9360544621842463
32.17419776293369 0.9482108979640133
32.80201617201268 0.9680056613985163
30.67781148918279 0.9241984760235146
29.454950180495892 0.8145453876283373
29.654139426170467 0.8957550098241421
31.74433953975717 0.9618420295968622
33.407306056323804 0.9665914039853717
32.64819170524415 0.9214252457458195
29.452399630866687 0.8523801336887168
31.54294925709264 0.9473721376711992
28.90061359782021 0.8101656732900463
29.763957688519326 0.9073611868743837
32.929469345033084 0.952760158105025
31.186500765470537 0.9430541080734711
31.000253299389136 0.9333892653081238
31.07538838062025 0.9251909605995644
31.141241797822655 0.9209359351052548
29.986685018525993 0.9170470783175044
31.177641968136566 0.9060419307599961
29.309899681240495 0.8914623486378409
32.46058530274094 0.9500661449233914
29.54553598496712 0.8233323152841557
32.31526164880782 0.9042977680582163
29.9954600522244 0.8959572163295346
29.469129902686568 0.8471026035289573
31.416575593472512 0.9346719182655415
31.15671219216033 0.9350631662539308
29.251480272784907 0.8921267526181347
29.67806467783727 0.8995399388477286
30.545024899231382 0.8478375059094357
29.72944295974817 0.912260909684787
31.0671619288718 0.9431359111734002
29.756007879909742 0.8937957611746356
31.167551363859513 0.9396814939045339
31.39687841871922 0.949297066069784
29.649544045102758 0.8455592768641295
33.06532971006765 0.9591017948527428
31.01127694379908 0.9434871660862398
30.81790656444101 0.8216795451883033
29.64788278112499 0.8885169569103806
31.375599248944045 0.9221903968476519
32.63468576567449 0.9117952964463087
31.3233271803876 0.9196681866070527
30.92982288935694 0.8619275862179755
30.933841935987957 0.9370644997198203
31.130545788948737 0.9442937024122666
28.77845321835213 0.760560068155762
30.855140530736588 0.9159909328374815
30.804197265781053 0.8413065491006728
31.365929130354793 0.9463822827991356
29.315112818168522 0.835108130667471
31.444150875089893 0.9347716709119049
31.73038414376386 0.958732497542251
30.937220463012622 0.8323285043481502
32.47994722123929 0.8987158593857364
31.800089376033803 0.949315142408997
29.46227222899065 0.9087091187661437
31.026443988554597 0.9378176882831687
31.26536269026677 0.9494806458336056
31.177203058857298 0.9379359617572735
31.339992180389764 0.938584693584022
31.676999513531385 0.9422297089838509
30.871259873374388 0.9296029941987445
29.78637378464388 0.8359828282711866
30.015070606661467 0.9249121545876982
29.579525496311966 0.8386953091030741
30.891362100667696 0.9400778288242795
31.603760994923846 0.9530543313983176
32.61319916185697 0.9144725277384641
31.159748071323882 0.9403145436475622
29.08981291338014 0.8961290261077609
29.523848320640298 0.8579548818291299
32.45673253560638 0.9119744193824184
32.25581677155417 0.9110908415155842
32.39141446894883 0.9146172537999628
29.762747352996595 0.9009559968637172
29.32617239455306 0.9082776927983978
32.91415725080307 0.917564600248271
29.24839657582629 0.8922105153222948
32.15625505866518 0.9488556440744594
32.32149680729786 0.9558822197439695
32.028362457091404 0.9517998837957827
29.817588761638987 0.8651960047982853
31.950116532857468 0.9509134099859129
31.90300251487563 0.9450841110547894
29.521874438569885 0.832952694862167
29.257803068393965 0.8316051738584856
32.27271339299381 0.956603112789152
31.344001301914037 0.9198208840328432
32.21199157376767 0.9079871061980005
31.06657654530413 0.938720196832239
29.171765733745517 0.9035105015999519
32.66747712696764 0.9167186802960681
31.03563348252134 0.9400287981461731
30.505467718665663 0.9194458807546384
29.08921369663231 0.8612856293847906
30.95429489192233 0.9299064142132011
31.137940557224063 0.9025064738920349
32.13357211068571 0.9553710406130839
31.033132165924258 0.9248807210187541
32.19597209138859 0.9045924847439132
31.382353239100603 0.9528119313816934
30.876487853566882 0.8381064169526391
29.218551257552466 0.8982965141723235
28.889046170760416 0.8057594155136845
29.042298575565894 0.7980819250579908
31.18849112441893 0.9111337300224762
32.03614230860404 0.9204094960594694
31.261813957479312 0.9122097326372699
32.53830970814184 0.9139021606277475
31.373064237194257 0.9450732129014762
32.41892521263791 0.9146410982399416
31.96237100447529 0.9558321347078356
29.62403939358608 0.8384333836457394
29.819225868170136 0.8451244396640991
32.35025938902968 0.9108472326326656
32.65193388007993 0.913326155105746
30.964089805985676 0.8359344009439263
30.517105514731334 0.9184068207483638
30.88813247953084 0.9133612838865278
29.003486418157465 0.7762014051713229
29.600695763775143 0.9281319605471204
31.41969885691904 0.9472197526707686
30.663964509606107 0.9342053280723235
29.824060755240502 0.9144614966931575
29.22379375439938 0.8965856523040664
31.46403581390341 0.947321855474082
30.924353471079474 0.9293484619588115
32.28893194915122 0.9075599535602418
29.289227322916286 0.902291473253235
29.674769809232284 0.8915656897873364
32.95988306919347 0.9506718342859193
29.477275298434975 0.818425173310645
29.509268049826694 0.8196521984462494
32.13731624415863 0.9458908873848384
31.506285081271574 0.9460169108550085
30.811585995562886 0.9155662004051467
31.59241629356711 0.937509232386142
32.05194718621962 0.950794280806606
31.155604515826237 0.9059908242529957
31.593218697400395 0.9537099810155396
31.43528385838307 0.9475557851635272
28.75737801834747 0.7936567435185147
30.69110379984107 0.9309236504186846
31.602254700471107 0.9547417171236867
30.93340493247873 0.9313637790374429
29.1176399537882 0.8543875262273984
29.834748879096004 0.8616652618990559
29.22816755563041 0.8312512406960172
31.315755294358315 0.9395743274123959
29.072299538741287 0.7957519793108608
31.189064875096264 0.9110785240013695
30.516584076787808 0.9230446892464306
32.38927178178567 0.9607699263536035
31.47378219645857 0.9561267167987477
31.167623775242504 0.9373645055770266
29.293827699111702 0.8333984338898885
32.40505234543588 0.9114972318331515
31.33586219714227 0.9231149507961763
30.984089640940798 0.9305825462968488
33.26904489883609 0.9638682053798501
29.09346270845812 0.8115430248806371
31.06509841695901 0.9245838943124546
29.172595712197857 0.7916672416400865
31.094233710017974 0.9350885632007762
31.030660410310666 0.9335254587362796
30.841887299015205 0.9129457881628695
29.084275845047838 0.8554416279388208
29.467979372366848 0.8161869444423494
30.968687440956586 0.8653977945564784
31.108692703693528 0.9017503197946362
30.611185114976504 0.9317679824560907
29.2480705773188 0.9103339099581581
32.33415529879999 0.9060921631633468
29.684221632032237 0.893751243696753
32.72370867200711 0.9237240593234745
29.463260355538885 0.831627764196246
28.82513498416596 0.8146413809318904
31.212738936421694 0.9108552509807772
29.75717418204343 0.83863832019599
31.348980538316095 0.9514656226428483
30.777133681649357 0.9385757351728208
31.180941543475033 0.937585663517773
30.02433893975511 0.9207726985332613
31.13041501890458 0.9203775179004917
29.858038879136025 0.9065141038483021
29.335610154858138 0.8417577467883722
31.032727955078023 0.9387674007361707
31.521057201364954 0.9485995371310454
31.468332059642613 0.943904900132106
32.33848622974483 0.9122397566698615
29.69391264461944 0.8985901069729664
29.315599021727405 0.8198967479809792
29.828337999599427 0.8606002842221889
31.126142799707633 0.9020021492504818
31.98800555317912 0.9566262828169756
32.36761192560637 0.9083074424277435
29.146203162834418 0.7884130448120364
31.395173587496114 0.9507454721589722
31.365007656231455 0.9211250650427653
29.376849029649815 0.8505187756909085
29.929051462477723 0.8978846458550341
29.130329162614647 0.8111459601668506
31.12893465753679 0.9351732510510006
30.652857472246183 0.9261234238727898
29.524993473204326 0.9251644746972734
29.56206236091383 0.8468373457070293
32.3916475742063 0.9129210524971277
32.3508581870415 0.9078314508955307
28.671493729770923 0.7706138902192426
32.683520223819016 0.920021650243427
32.13972199159715 0.9477695064880615
28.896657724578866 0.8039575329079258
31.042803485980603 0.935001493831664
33.01466689820735 0.9566980778031469
31.459216139841505 0.9471407279645291
30.969780846481715 0.8535067128399467
31.11127282116343 0.9024063160294488
31.126210254613905 0.9028731587956422
30.87858005629005 0.8529224805000992
29.800032244466188 0.8647292602140539
30.90203513865303 0.9372684350091407
29.606075995446698 0.9318164152069693
28.914439280888267 0.8171356275945896
30.612943650371832 0.9281765836759196
29.80195941807819 0.8638195216032251
29.848270877250165 0.9083441703575315
31.219787085425793 0.9116833336318145
32.628774711894565 0.917355349862126
29.10693411019662 0.8091544043725115
30.445650703013193 0.9197268208357267
32.67116203050124 0.9216511267325129
30.757457731534483 0.8256274625650867
32.138350246822455 0.9494684415640406
29.134391722761464 0.7813079349303268
31.51625388581687 0.9407987752658235
31.7214689200741 0.9469902055669921
32.53727326008907 0.9080398274631744
30.90602177646741 0.9346328196331581
29.599157203576446 0.8380273569487899
32.097230798543116 0.9098764752015089
28.758220398789614 0.7686477909879575
29.64208892847772 0.9162537662840389
29.350785056746723 0.8921950410841735
29.095267003068276 0.8577479789427017
31.238112247111594 0.9404221466075672
30.829162380036372 0.9162260087038362
31.434923246605297 0.9449791770134637
31.30361222520118 0.9405591458570469
31.068898609857705 0.9412412947223597
32.59517731017433 0.9137462147560872
28.925389728909124 0.8273134462371428
31.967802413607167 0.9575891617067142
31.17219445642021 0.9135507246588958
28.916063586162032 0.8117102426121952
32.20142530040608 0.9558818189715803
29.689505218160814 0.9331469434166882
31.31629763858928 0.9466098459696954
31.218680651226194 0.9445866499726316
32.833019033388986 0.9212039196470598
28.87961713031311 0.8057981387458177
32.248434064627915 0.9557319271037349
29.206412527855733 0.8960926916649166
31.170157496986953 0.9427876923727158
29.27060147241635 0.8345281145208926
29.772712295257232 0.8624046384020393
29.823496664200455 0.9125396446272259
30.7764524468541 0.855567009598028
30.769228587081585 0.8628452642270636
31.05238110201026 0.8730341688837955
31.5807057875532 0.93459263754171
31.940870634797495 0.9487559667415129
29.088647677461505 0.8585903911317765
30.995966015127525 0.9376538892007737
32.58404497767535 0.916176933412666
32.77393340021261 0.9229279892215917
30.826512842874976 0.8373282338421802
29.645981877438203 0.8545399913224463
29.050047712303744 0.7876018341564107
29.827395766366614 0.8422962565603578
32.48975960538134 0.9126584961272174
29.870448618883376 0.9078151609967242
30.946947131039213 0.9394929277239976
31.181244773778158 0.9373630823694333
30.57254009764955 0.8111495482623976
32.003845962400916 0.9577441807528116
29.302742895739335 0.8365639116187434
30.664688979074874 0.8125537602151929
29.500216239313836 0.8212736200520464
28.733672883298745 0.7834306723923565
30.54599898586483 0.8249887349057073
29.780939151763025 0.8617677168020762
32.365084178548386 0.9114598550235713
28.9409088228928 0.8488068349850078
29.86549072921557 0.8519210319214708
30.47527418382935 0.9204295886176125
28.82966052650337 0.8115781057816536
29.765924267062765 0.8377384465259428
29.591564319152827 0.8957864261552044
32.53343216911398 0.9139976540052939
32.64453713288236 0.9644278980586879
29.394760221415602 0.8504569313877779
29.788675801183146 0.8865848899249974
29.399535398784536 0.9178766377821269
32.069568260967486 0.9447674280480837
29.10146321513207 0.8279862256585547
31.51433161851719 0.9361010529675334
31.174899512596483 0.9393210126894538
30.855795710448128 0.913765403418002
32.62497485870462 0.9167031208807608
30.523406304829127 0.9174508702136198
32.60299983318471 0.919406910877353
29.397636129464484 0.9152000503271257
29.13236895960572 0.8165289270511475
31.138086109517825 0.9024010519580745
32.01837118776856 0.916485866188566
30.73633750551339 0.8287893681033577
31.02672883194215 0.8744329404460163
32.40637377444852 0.9123278117295277
30.522440243989053 0.8188325685754142
32.18563174602608 0.9207553804283211
31.118589358208215 0.9010033964011263
31.040618395369542 0.9360888449009558
32.22378360615645 0.9505688712224842
30.9378927773232 0.9434483423645242
30.897491558355163 0.9410116518658419
31.489856226535977 0.9479237457701797
32.729043963484706 0.9170675813843261
31.93802658414683 0.9464914413953344
31.394443280113663 0.9498195318247894
30.972611308181605 0.9640662317039936
34.47913154053227 0.9819703966238181
33.17166743791019 0.9709760115798451
34.035409546939476 0.9401802990828568
36.49949947896088 0.9865468632662464
30.963937631480075 0.9669314446165612
31.207771281457806 0.9435862144414255
32.84415593805229 0.9707118499137376
31.090626964750363 0.9427321078435887
33.17498267391509 0.970918467195091
31.53111843565644 0.9480875419421091
30.83397931759455 0.9638134495109197
29.976521895342934 0.9370445359892913
32.716802446294466 0.968657209564861
34.487806920249525 0.9822503092547686
31.137000863458816 0.9683162793107422
31.260280791593935 0.9671278932848292
36.57097552210336 0.9868347320930406
36.51844246979173 0.9868257599629404
36.629387690065904 0.9843048401516147
30.029095164719738 0.9396640346755932
31.310986533658554 0.9685443673515388
31.293045469130423 0.9439699089934169
34.52746562147398 0.9501291054962151
33.163050095712386 0.9710851049455226
36.530381846545396 0.9865773404383675
31.54821002568614 0.9488943897722555
34.013279708955196 0.9423027037112369
34.512128517577985 0.9823566827983076
34.223722139736964 0.9763280873762457
31.180835763740184 0.9653648576575596
31.250016778049932 0.967667205646891
31.210738597122827 0.9672476038892193
33.14158736273344 0.971108999868524
34.364415722561745 0.9766411066690457
29.931899925043183 0.9375508058380184
34.26805757598328 0.9772119471472421
34.424292488381425 0.9828467519495642
29.956374991667673 0.940650720610065
31.47836496093881 0.9624300452483758
30.771147253118446 0.9093158534804557
32.22766944759104 0.9509244346949473
32.2443598645572 0.9519321574825628
30.047601453248483 0.9394548744364468
31.25350546877883 0.963232048535519
30.884245672695663 0.9634471103854504
36.503743678529325 0.9866676540654314
34.02008532799448 0.9430077917924526
30.634289865137866 0.9075494044305831
36.53617641689106 0.9843201415920849
34.5184422100671 0.949566751701861
34.92205191064079 0.9851000051443208
36.834841716134136 0.9840189180811428
30.901503214689562 0.9633437492844759
36.388207022271835 0.986383614539252
30.956280956185907 0.962131164082716
34.455157079755566 0.9825454291156404
36.5290218065953 0.986664933296087
30.66860515071072 0.9072397502669093
30.89193242597375 0.9626931420218724
34.66881380311537 0.9831722857399794
32.14770553577986 0.9507920809211504
30.800091475027294 0.9104171917300149
32.190027166591534 0.9511553466989974
34.505031378105 0.9500845351547317
33.25925966049106 0.9719948924913057
36.873205161435195 0.9841179655631028
31.46222815522504 0.9459848183197405
30.684062050094703 0.907847540200372
34.527451295596705 0.9501090836982704
31.3519503157789 0.9688673548072819
34.30817594233198 0.9780986418095958
31.53589318843448 0.9610430064676453
32.881207306016094 0.970312003037686
36.680492906504576 0.9839673833513691
29.981239787578488 0.9431515617853965
34.324194133816434 0.978525096015385
34.26458481643869 0.9822931801430187
31.265290100209803 0.9652537087546773
30.874837434160725 0.9627360537901475
34.02636936133557 0.9419460912484233
32.164237271869176 0.9507820474570546
34.39747955225187 0.977233241476625
34.44291355322221 0.9819326884790086
34.197246344699835 0.982185217515255
30.836297404245194 0.910526289061514
30.970953344528006 0.9661758999745943
32.84632889138389 0.9702641426549379
31.421675953524165 0.9663861741981326
30.852477240134913 0.9642741001095924
30.899671710771663 0.962742204125362
33.19647579084651 0.9710880160402521
29.957364767362293 0.9388629570273687
31.002962599462943 0.9625319855764489
32.16540533584897 0.9509358408449508
34.077614070085666 0.9428041351326277
32.13674258305821 0.9512951177612046
32.88857836168216 0.9711618241872952
34.04131203630104 0.9418559172450326
30.820228287593984 0.9647333780814978
34.56472722864465 0.9494296064595333
32.79972300440393 0.9701638821696887
33.20918435491181 0.9715084179929193
34.06912739929298 0.9425588675976676
30.705374319045752 0.9079625147217872
29.824759697131608 0.9353558898990653
32.77280590676626 0.9685456446335745
34.23713237467587 0.9775976658761035
31.178053557885246 0.9676638683490495
33.21358177842425 0.9710468014113216
34.56988871006048 0.9500216173631458
30.834824002303197 0.9636620851236949
34.6103419046281 0.984187085159139
34.05666843741338 0.9410185533882902
31.261574933543187 0.9667388487659533
34.63616613701101 0.9496114310995858
34.46037879193852 0.982974409852779
36.43708427833461 0.9865650251705064
31.17824395654178 0.968951610912501
32.24718192800785 0.9512028145238781
34.069347673602444 0.9420279965352003
32.72703093950406 0.9694318571878348
31.307396481686652 0.9680780169037038
36.737720625608546 0.9844728602835667
31.457578207562168 0.9643975365785269
31.381664628470443 0.9457724276921138
36.94098599343016 0.9846929140542362
36.50625584291617 0.9867148278172564
31.112473655604536 0.9622605733800962
34.425528004714735 0.981945318862548
34.327022538331356 0.9811229867653648
34.199029292444735 0.9822578718114189
33.22554297085149 0.9714527033312892
30.66305391210793 0.9075138597299676
29.77827290063344 0.9356509296219285
32.80593313522996 0.9695421410148324
31.139519632097414 0.9425084196799703
30.871611484337606 0.9632623721737908
34.47128560990093 0.9825933666340695
32.17505069889489 0.9508694623101838
34.39404373107094 0.9502080719395324
31.057741087644906 0.9648157077397602
34.4365610222802 0.982297657649431
34.461858979508484 0.9497742852208979
34.28250389817316 0.9778755202656455
34.33421808803511 0.9777901868004251
34.39341015943425 0.9813693600266766
31.119934605091398 0.956658588266064
34.734316456270726 0.9833672308389935
31.54916681479913 0.9482785112561792
36.73650022089645 0.9843531639714422
36.69873922286672 0.9835028539081799
30.752441258787595 0.9088276838857873
