(30.662498794614645, 0.9192367327480179)
(30.590944405722453, 0.9146786903304618)
(29.462234004731016, 0.9340618871276785)
(29.14185522145108, 0.933190223061859)
(30.495664742728703, 0.9294848576431092)
(30.621621081657267, 0.9150007597293399)
(32.08792346992995, 0.9460271977163678)
(30.922550600454684, 0.8490857908206083)
(30.84059295346929, 0.9165372628086922)
(29.27640950054986, 0.9352461833130936)
(29.215483512565367, 0.8909791521479048)
(29.083920320046502, 0.8292001248513121)
(31.924999222389133, 0.9544924155277096)
(29.478212120845896, 0.9422605545474135)
(29.469073739004873, 0.9038132882731401)
(28.63712785618138, 0.8660385670764816)
(30.80469863731225, 0.9231282138888054)
(29.11564736953416, 0.8356332303516146)
(29.398851543194617, 0.8186272140670121)
(28.55685571733416, 0.8018132485183106)
(30.927100096970065, 0.8317709735554176)
(30.66016066150532, 0.9203854127091071)
(29.756741635739722, 0.9233386716176045)
(31.047105419481817, 0.9452203961513378)
(31.906048849040204, 0.9105967507119892)
(29.05057977919523, 0.8368260128397448)
(30.840977271991697, 0.9077529317437657)
(29.788693162956605, 0.8435608654589296)
(29.205922298764534, 0.8154983070485954)
(30.538862244001407, 0.960422669266563)
(29.74130038869741, 0.8601977093482759)
(30.344544650818207, 0.9343685747083221)
(29.81916204041528, 0.9113905612095081)
(29.934731003506982, 0.9233345645630364)
(29.784311830936552, 0.8604297581442506)
(29.271921311853795, 0.8904990205715396)
(29.54415821071948, 0.9391910283039526)
(31.488592183022742, 0.9495772968909719)
(31.82979530429627, 0.949801478862227)
(28.976730890197455, 0.8208880599759185)
(32.97834306321006, 0.9608647295417363)
(29.6370444767472, 0.9499797697953429)
(29.188253603620677, 0.8375396348060823)
(29.43413685969451, 0.9341184592558455)
(29.143567407043804, 0.8782267959610587)
(28.55581590097846, 0.8543096254111514)
(29.526645205537015, 0.929348020488381)
(32.571797103454486, 0.9241260456405925)
(28.553602277413646, 0.8090148760159346)
(28.99969914544021, 0.8894817282877735)
(29.57456390374199, 0.8394501161122079)
(29.44693448288403, 0.9513916986116545)
(28.80655307701657, 0.8127927955768787)
(29.80064594397449, 0.8595102398671742)
(28.517185445104303, 0.7876905884757976)
(29.31811907345752, 0.9136189256183284)
(28.89240576811451, 0.810704868860835)
(30.589300895290222, 0.9171149989089094)
(28.60474498824514, 0.8540240187601797)
(29.3634962851343, 0.8157562295644907)
(31.895247027702727, 0.9531309138416463)
(29.61247050101641, 0.9215932643671644)
(28.503624126014728, 0.7790190754655785)
(32.02771753785318, 0.9449065152378984)
(29.135184715875834, 0.8303925431458725)
(30.249237627380605, 0.9099223736722333)
(29.493092817490414, 0.9220952009786035)
(30.84215335934104, 0.9163052366882036)
(31.55933339529551, 0.9362649076012848)
(31.005024470305884, 0.8630013546068823)
(31.861335816249223, 0.909171138914132)
(29.586779048857096, 0.9229390419595132)
(29.096699598756043, 0.9319893344289047)
(31.571365678095926, 0.9158021277369262)
(29.558879499296864, 0.8428963363402944)
(29.96002753978795, 0.9263320183677299)
(29.029855892604427, 0.8422597884658869)
(29.285716333599204, 0.904729857116835)
(29.199420110601487, 0.9384373862921699)
(29.169827799074703, 0.9288495012354125)
(28.54009954459276, 0.8150873151047168)
(29.876295302419397, 0.9530446346270176)
(29.176667317382673, 0.8884522618321828)
(29.849353405960215, 0.9112594724617685)
(31.820999176403546, 0.9459619507623583)
(29.996588899969904, 0.9284268213593875)
(29.7658961757306, 0.9135138547146033)
(28.90972872566426, 0.8181037797775492)
(29.419066461878238, 0.8473703409990202)
(30.275866412245364, 0.903257837001631)
(28.80844429809043, 0.8290671015250243)
(29.617963089273374, 0.9534946151488399)
(29.717476857685682, 0.8484873236422167)
(30.821362153203232, 0.9155001971110895)
(29.556241023255026, 0.924314047323412)
(29.842615109479542, 0.9160176336240832)
(30.60235365592941, 0.9187795515351286)
(30.429308148508913, 0.9141180128053533)
(30.171932835541305, 0.9412401374646233)
(30.780665524601524, 0.913201401994863)
(29.516743042468207, 0.9137676941655305)
(29.962516024174626, 0.92790181928592)
(30.3538993216203, 0.9325125643196213)
(29.09592947302245, 0.9318821189852556)
(28.527796376568666, 0.7790737253925994)
(29.400783483323018, 0.9336548325389051)
(28.84709101875317, 0.8271947699265028)
(29.498302761091008, 0.943682274646757)
(30.467623540031965, 0.9055487862241751)
(30.77359001271823, 0.9180164258481854)
(29.370169615199618, 0.9123985238092855)
(28.474929527303384, 0.7864538200329715)
(30.79239595338365, 0.915434822627647)
(30.648542385590748, 0.9356133689527143)
(31.567733807409372, 0.918666957073609)
(28.463921334026242, 0.7884500972115275)
(29.48855648987643, 0.9313717234953738)
(28.830676424859437, 0.8204774166723828)
(30.283582249641277, 0.9051778149046635)
(30.836153369473603, 0.9081076321380848)
(29.57478034711888, 0.9400635810705729)
(29.552152698464017, 0.9508408218288055)
(29.681100843560895, 0.8616261225773215)
(30.081217477105454, 0.9381001136862416)
(29.53507943758602, 0.9398006779377821)
(30.332182434156344, 0.9316619627966531)
(30.08788103487089, 0.9271389267825307)
(29.466323967457985, 0.9405193162700279)
(30.831416994873134, 0.9489939991061677)
(30.987521559351897, 0.858081180744569)
(29.40874427262047, 0.8952254077817746)
(29.401032186698806, 0.9357851731965643)
(30.631347896873006, 0.9530358561766749)
(29.391927644921356, 0.9012714991948241)
(29.268929410083704, 0.9099105942849842)
(31.851053445118414, 0.9164198661694293)
(28.994784613173444, 0.8854735032875826)
(29.318436669944738, 0.9135346449128129)
(30.21944544975286, 0.9233979135703686)
(29.42573497903239, 0.8960062026372568)
(28.803908451089463, 0.8137746510098682)
(30.534343713216757, 0.9283468084640722)
(30.20645856542213, 0.9086663722467755)
(31.159883743339112, 0.9412001765931605)
(31.8024776368653, 0.9196840076618207)
(30.664512904731744, 0.8144729164154467)
(30.9921708496794, 0.8563678065727933)
(30.17996754354762, 0.9244821151253213)
(30.150930084670566, 0.942171774118053)
(30.302106188327933, 0.9082655664173017)
(29.55735250628598, 0.8411977192697118)
(31.879670158946006, 0.921338850507409)
(29.417209137345502, 0.82012725395142)
(30.625526237822413, 0.9320375148796478)
(28.861329961183678, 0.8376617756180628)
(32.779372019746326, 0.9543588950751338)
(30.40055755256801, 0.911012093131838)
(30.4984967294575, 0.9564247313895516)
(29.43560049676856, 0.9540539580684697)
(29.86815526686769, 0.8543217820841422)
(30.639204448246183, 0.820892479286317)
(29.45285440239033, 0.9137236013006068)
(30.793579519866014, 0.8176763393172942)
(28.519631232890347, 0.7913019718248533)
(29.401010376756137, 0.8161029166836681)
(29.37957793045886, 0.8180694949988796)
(29.5219108307888, 0.8365055406010375)
(29.63351817568575, 0.9245300915269831)
(29.494725421787656, 0.9472980324467183)
(29.95732627670185, 0.9233440367115776)
(30.242725171824766, 0.905082826224134)
(28.776969709145558, 0.812042369183155)
(30.82864674819211, 0.9241168389594097)
(29.143851033794146, 0.8522444016198166)
(30.540958605415174, 0.9605215571193624)
(28.803298394256423, 0.8277529902075361)
(29.229719161447253, 0.8508594332575832)
(30.71226340190875, 0.824579816008029)
(31.17418431157138, 0.940351431833345)
(31.623798717945526, 0.949714240282846)
(29.680381592043005, 0.847265001136673)
(29.896233452159542, 0.9384164237043765)
(29.80061049553911, 0.8531946682343222)
(29.536620330064434, 0.8364892765379797)
(32.5307010615303, 0.9214930055715855)
(29.459378032717844, 0.9376825088042398)
(30.890366974738402, 0.8568670838326962)
(31.127482986353755, 0.8586451584313942)
(28.49851162651168, 0.7752338812908807)
(28.908072629989032, 0.817390743796903)
(29.06657412120594, 0.8456583667220582)
(29.40280949116434, 0.932697373790968)
(31.150359143315917, 0.8577596857425445)
(29.34286835692628, 0.8894493569734369)
(29.205289107116275, 0.9296945602523965)
(29.562902873215226, 0.9165090774408479)
(30.329852008244448, 0.9128340409777024)
(29.37506234694851, 0.8200892760162574)
(31.89628579824062, 0.9528405112193439)
(29.64471028126993, 0.9318266484756249)
(29.548621593261966, 0.9189733553149566)
(29.771160334120907, 0.9135387873094997)
(32.87099667724262, 0.9551312240844647)
(29.825517608857854, 0.9217971113859201)
(30.056598013362674, 0.9263664361617532)
(30.186732432204693, 0.898667865338028)
(29.481660495388166, 0.8717513300872038)
(31.778581819019056, 0.9458160614858758)
(31.00803310954598, 0.9406560873624907)
(32.03116078510116, 0.9455527457473802)
(28.986317568239038, 0.8301258489303811)
(30.8268170150785, 0.9159030687656774)
(29.127810450054724, 0.8389691882157128)
(29.337477018215374, 0.9240828050712991)
(29.775107796321812, 0.9140186431468008)
(29.187588011506563, 0.904026389112723)
(31.86091241747595, 0.9514917403927398)
(29.588756289378317, 0.916449656840381)
(30.819956405476002, 0.9229900603598252)
(31.842421292241042, 0.9510735990621088)
(29.353791323974455, 0.9147086711987342)
(30.614015302806674, 0.950779731245367)
(28.815166104388894, 0.8230815190527384)
(29.734328631191932, 0.8559742652451942)
(29.958261022065507, 0.9425729919855556)
(28.56022478132106, 0.8286868341399911)
(29.374646834112376, 0.9453968835752887)
(29.83274751328375, 0.9119304291913376)
(29.464571153834513, 0.9294653716827685)
(30.19002671507399, 0.9400904466158948)
(29.431862462473774, 0.9004682513609726)
(29.242712564005213, 0.8223292823509121)
(29.811876256433486, 0.9131636576458206)
(29.60597832139093, 0.949331578524649)
(28.582551587749258, 0.8025235800483701)
(29.042716770749056, 0.8324833419821892)
(30.843945825680223, 0.9088550977344569)
(31.773689739928997, 0.9142811890218043)
(29.374628388926336, 0.8179547837467961)
(31.404292172681842, 0.9296352581176771)
(28.924770425752726, 0.8177600422640465)
(30.262009883280424, 0.9106623550627093)
(29.62554952415546, 0.9256956894604751)
(29.447840608864183, 0.9039632816219654)
(29.126982699135535, 0.8793908377190108)
(29.739772433969307, 0.9129241109178874)
(29.167521947274693, 0.8438977279915312)
(31.392210730349255, 0.9287906039860168)
(29.039183461028895, 0.8283804521781404)
(30.811893360081292, 0.9164091902725132)
(30.800180718786233, 0.9075654600410493)
(30.6573564601689, 0.9172193808077587)
(29.445649291686337, 0.8230086062073998)
(29.57073939475814, 0.838550289915343)
(28.751377858443927, 0.8063374288266656)
(31.089795954280586, 0.828088639546792)
(29.148706934575813, 0.9283473329565525)
(30.05659667843256, 0.9182354205044365)
(32.87883232234391, 0.95143972499643)
(29.454346247891515, 0.9078570144860035)
(30.18422394942842, 0.923866241014898)
(30.45715837371507, 0.907143490574764)
(31.58423339985937, 0.9173453342367025)
(30.318813887757088, 0.906230385096061)
(30.07579887085, 0.9388071629507506)
(28.922175011219263, 0.8269025633749174)
(29.778073409888428, 0.8525332035854211)
(30.26353430062542, 0.9073237509948892)
(32.590962053768855, 0.9240031868343718)
(29.581683916108787, 0.9262881844467471)
(29.16754732946196, 0.9284295943999875)
(30.83894199671082, 0.9480551253681907)
(29.23558783757228, 0.8907432054804308)
(29.87570027073438, 0.9509493325310757)
(30.20246562269763, 0.9450391935884614)
(29.57894026590404, 0.9467318815581276)
(29.16193259693177, 0.9309954681922828)
(30.832687060380675, 0.9490574705548568)
(30.845571471219454, 0.9417296633810267)
(30.624332566715914, 0.9334060858939857)
(31.390092140875865, 0.9299084675586806)
(28.524609185804106, 0.7878936235170604)
(28.841734140587057, 0.820037220842795)
(29.27821983815759, 0.8880099753539363)
(28.897296371303653, 0.824131928962236)
(29.524739340576428, 0.9404190186599498)
(30.572966561705503, 0.915399918295883)
(29.120338567192302, 0.9317943863593366)
(29.02463941619054, 0.8860055452041261)
(30.089755560867168, 0.9255758886386546)
(29.43392885541281, 0.9439190094788499)
(29.072870172013378, 0.8419868567874943)
(29.426382284677345, 0.9408184480318592)
(29.55717421358173, 0.9547935921636672)
(30.611422241836593, 0.9178262567913786)
(29.400712318516256, 0.8201147256113851)
(29.03517694647583, 0.827122405608994)
(29.67986584471616, 0.8434799992917972)
(31.455502721724578, 0.9575556821649086)
(29.55528305598065, 0.8405592243862271)
(29.813649851388327, 0.918292378853768)
(29.55695745600363, 0.9378822847432104)
(28.504994868262305, 0.7814423371296794)
(29.46278663995343, 0.9362725297502844)
(29.497016754428987, 0.9295854579947394)
(30.605469170385575, 0.9159809078400161)
(29.405587316010575, 0.8221109149207384)
(30.60082107278838, 0.951767955715483)
(29.595325190161592, 0.9187603223289551)
(29.038327904454093, 0.8914625145730353)
(29.59335295651789, 0.8430608310544508)
(29.387038389242043, 0.8745804550302522)
(31.350747054947455, 0.9279325149397016)
(30.937050152642573, 0.8264925758652327)
(30.226182165696933, 0.9110896820537463)
(29.589452332460446, 0.929461993425237)
(31.381137602647424, 0.9298118634700148)
(28.863519541873718, 0.8186004473460508)
(29.787920735777927, 0.9146023816070532)
(29.785645039174216, 0.8622546991037046)
(29.860071287348458, 0.910017206991782)
(30.319287293533293, 0.899787069739023)
(30.925503983388978, 0.9377250454933264)
(30.379077547445057, 0.8977451225724122)
(29.39940974945619, 0.9440768655688611)
(30.427926542756175, 0.9140144466185628)
(31.82052926275018, 0.9204332647782477)
(31.36958688039355, 0.9296170419313328)
(31.161863373159697, 0.9429510332769232)
(28.913679940543556, 0.8140383684975631)
(28.8665784539501, 0.8281232540229583)
(29.577878042984686, 0.8521259566344542)
(28.58334820814042, 0.8577260984634678)
(29.575725098414665, 0.9230888460019996)
(30.059977368969744, 0.9258978094420622)
(29.6934008132392, 0.9288628551986141)
(30.326348650690775, 0.8982050984740713)
(29.404362931893075, 0.8226228385653561)
(28.57270076113624, 0.8094356092647911)
(30.604026847218314, 0.9336889825027722)
(30.477942617978822, 0.9578046473196757)
(28.475535969101927, 0.775333728185062)
(31.35068021689742, 0.9289846825126379)
(29.80100505923012, 0.9511831653661151)
(28.537221154573675, 0.8048426026635516)
(28.419029545252524, 0.7817719920064653)
(31.09351895749252, 0.8361422584757462)
(29.548915923843676, 0.9431804099121383)
(30.747004626884383, 0.8460914521831377)
(29.16042510848574, 0.8483118814328795)
(28.46629749885482, 0.7916026906025047)
(31.443777277743656, 0.9477955993058046)
(30.315761506213555, 0.8964922103890609)
(30.717008292291837, 0.858811797929979)
(29.183678670203015, 0.9053059869834549)
(30.925688789401175, 0.9455827621548835)
(29.194429491832402, 0.8863871864365594)
(30.289575498410937, 0.8970036219129475)
(30.446850045667944, 0.905788141147842)
(31.717496738342895, 0.9514304486723544)
(31.474149749818437, 0.9360899520340319)
(29.086055152269875, 0.8360437253086151)
(28.891456482242248, 0.8034271046020334)
(30.282024299523506, 0.8950645228194609)
(30.8114581319765, 0.9241023144526782)
(29.248176593411856, 0.9371580121928615)
(31.14121609309845, 0.9548710489714632)
(30.494050738276577, 0.906916622568848)
(31.908936786381766, 0.9191722467102038)
(28.95924162551113, 0.8327897117882043)
(28.613285398772167, 0.856969416708379)
(28.88246124906236, 0.8013862035243671)
(31.10857761382501, 0.9200571004608392)
(31.492901343187544, 0.949976174352096)
(29.429899317233694, 0.9499942054086292)
(31.202801191010305, 0.9442933392047658)
(30.57566939301051, 0.9320661687193931)
(29.14024676419671, 0.8389078723166257)
(31.08828648505878, 0.9490587299164648)
(29.104509513449806, 0.8399152571597235)
(31.82675280917053, 0.9510378084883346)
(30.054900981070848, 0.938398567026681)
(30.879271317503463, 0.9392120883801229)
(31.702101791632526, 0.9457499759877684)
(30.589120557072707, 0.9188151067611317)
(30.08302242183669, 0.9267500304978376)
(29.19377061340107, 0.8308288361952142)
(29.5412117118165, 0.8543024265825638)
(30.05902314628667, 0.9210920434186647)
(30.811685006391876, 0.9225816978801659)
(29.559592597302107, 0.9430579936948815)
(29.164580975080337, 0.9301792443477293)
(30.847581828157157, 0.8504854854605436)
(28.807132888284844, 0.815942553294248)
(30.415287819938285, 0.9044190513047063)
(30.922026748414915, 0.8543912387712613)
(28.7435820314737, 0.8159919614041447)
(29.66729225281965, 0.9216431175014345)
(29.073963223003236, 0.8939624267151991)
(29.39253059670175, 0.9366289133163106)
(29.720470287179822, 0.9297034343435492)
(30.20905965827987, 0.8954922253982885)
(30.851568732127728, 0.8215660168896435)
(29.488756975696493, 0.9499066079401816)
(30.06355389553269, 0.9283460006433204)
(29.075291896070784, 0.8395168317104688)
(29.926182196701102, 0.9417936316338766)
(30.82973177250483, 0.9494522817443439)
(31.042972130900687, 0.8237851530107065)
(29.031260041466215, 0.8274989468505777)
(29.55170048226554, 0.8316173587256819)
(28.984218331228185, 0.8884904373919084)
(30.571913005954944, 0.9340264675253032)
(28.541202936426238, 0.7865221823962703)
(31.074293094550303, 0.9432422006379083)
(28.816632619659632, 0.8185171795422512)
(30.155798840948652, 0.9418442196580269)
(29.997025598113364, 0.9284507197458292)
(29.69712212354124, 0.9236300092858193)
(31.16952069386455, 0.9436555066589912)
(30.987111372134777, 0.8288557549774312)
(29.26464323681392, 0.8866676966921284)
(30.42085330842788, 0.9073095126558032)
(29.038649268418443, 0.8345482300547068)
(28.57718284779874, 0.8625065358913113)
(28.923670231710194, 0.8217318958022704)
(29.30280181202153, 0.8653304110608866)
(31.360301985264435, 0.9294417579435386)
(29.39692676954969, 0.9170395590158588)
(32.5844467345308, 0.925344693098873)
(31.378527262558453, 0.9288688101040058)
(30.630299381529266, 0.9164809792297877)
(30.456003013771912, 0.9267115964037571)
(31.293973394408088, 0.9526143114251457)
(31.021049123597308, 0.943217747140031)
(30.270991447501906, 0.9096164361366228)
(29.250277501707934, 0.8405328032345075)
(31.481517241391085, 0.935800487493769)
(29.227458135337763, 0.8893114428671839)
(30.841917956438305, 0.9495263536808393)
(30.846918278126353, 0.949132056981184)
(30.17840490088595, 0.9228015871052364)
(33.02949279718313, 0.9562815761535676)
(29.667811594945594, 0.9286652703176371)
(29.035272614966487, 0.8836796355714387)
(29.71931976911144, 0.930393226697478)
(31.891805264019805, 0.9210081798877068)
(30.892989950636736, 0.8209954120272372)
(30.638059919368757, 0.9169949457737706)
(29.14669283135719, 0.8288319305207543)
(30.603805770361422, 0.9131270012212863)
(30.828357330132114, 0.9181653373370304)
(30.219829833158613, 0.9074564829465684)
(30.44792287154349, 0.9055809715289891)
(28.548975419106046, 0.8563963425883736)
(29.531516639086732, 0.9404847999496372)
(29.28286050697832, 0.9317323340311705)
(30.425364464064305, 0.9575281047382552)
(30.732605203054014, 0.8494115177207495)
(29.712892525685646, 0.9113858553285676)
(28.563768900097696, 0.7751968084243869)
(29.019786316593084, 0.8268436558512027)
(29.705651577857303, 0.8549963223634469)
(30.05969459797234, 0.9221351213940456)
(32.911796816233, 0.9596544181323262)
(28.621951846017467, 0.8665890837305216)
(32.92809904240719, 0.9562872997148807)
(29.01784792543517, 0.8456393424107189)
(29.387650580360987, 0.9321280516693217)
(33.11369060396589, 0.9576087516383578)
(30.344884394372098, 0.9325947659914525)
(30.52967084819397, 0.9347700278748776)
(30.794431149175416, 0.8115920048152868)
(29.113483978185528, 0.8429145442981901)
(29.584938428011988, 0.8415110232787456)
(29.50242116995771, 0.9420623372583317)
(29.408164169252103, 0.8226083581337857)
(28.462398878432715, 0.7848839318099641)
(31.190080024859906, 0.9458665034783561)
(29.066964899113795, 0.8945415446639959)
(31.161461636161224, 0.8650153714092735)
(30.548466803089024, 0.9321042857144399)
(31.987579341686754, 0.9482586833555835)
(29.764538228556624, 0.9138982243423805)
(31.82746824285031, 0.9165549595570973)
(30.231012158029507, 0.9026589925651548)
(29.256566715372085, 0.8382648823411089)
(29.46272201991514, 0.9059690794447927)
(29.475322466122392, 0.9068850515263295)
(31.621225980705834, 0.9446923172615188)
(29.277072670382267, 0.9364509609325049)
(30.555239764237268, 0.9592384413996189)
(29.607997030677353, 0.9254642929815894)
(30.120457954144864, 0.9428843384530725)
(30.06789842593463, 0.9212450349779139)
(29.23803386480636, 0.8898682578592404)
(30.82279622469267, 0.9152761941964982)
(30.21288407249814, 0.9432424887726647)
(29.13212258684563, 0.8977706260161366)
(30.65142943480666, 0.9171160077772226)
(29.29085462000597, 0.8911214625476674)
(30.23028289372394, 0.9060586601824112)
(29.260234972538107, 0.8932828252169032)
(29.308836452428505, 0.8947867739339617)
(30.4530311309013, 0.9065910461417658)
(30.36255054223249, 0.9025044314492623)
(32.57600611035536, 0.927707118941002)
(30.185922546132808, 0.9031965580351518)
(29.051773328502136, 0.837301142472633)
(30.1018888097762, 0.9391372462304105)
(30.558870853527814, 0.9540235599069564)
(31.032366955003642, 0.8208437988537443)
(29.011387615904567, 0.8341325219853792)
(29.11908963150993, 0.9328014098561596)
(30.075249605950447, 0.9379929427920412)
(29.55914575647384, 0.9108393399555531)
(29.237001715733086, 0.8408557515438364)
(29.39230510050215, 0.9413036363640147)
(29.366652012137887, 0.8176429632858297)
(31.0670487766396, 0.8345603062576554)
(29.195401757222257, 0.9016668409930368)
(30.181599672682754, 0.9228591970860651)
(28.558117628334823, 0.8071614062579299)
(30.305678629559154, 0.8953235871475292)
(29.247818476272307, 0.9098291767747336)
(29.96698572859549, 0.9227934304859863)
(31.531370577851785, 0.9358922399143873)
(29.95696074116177, 0.9233196406851378)
(31.16191474078407, 0.867495360210753)
(29.265138100043238, 0.8864047323480986)
(30.829425003701626, 0.9082828179269138)
(30.578079873271477, 0.9532803792330303)
(29.444011456163786, 0.9334689770296366)
(28.712318976931922, 0.8077719988733107)
(31.429941923181612, 0.9300515167650146)
(31.07645721180512, 0.9461929197068303)
(28.93973434192011, 0.8289301994004848)
(30.276649479881492, 0.9044236034986679)
(29.93116688335428, 0.9419574086193586)
(29.75722277611061, 0.8494717522279205)
(29.79574673609116, 0.8543559881064029)
(29.610165033364282, 0.919849700784649)
(29.417384464022675, 0.8591633749450374)
(31.17408704181853, 0.9528641831414791)
(31.52232761280732, 0.9187322296410617)
(28.444238606648618, 0.7797180908217789)
(28.873704537159234, 0.8317556783474157)
(31.491986902791787, 0.9500392322466849)
(29.437950365906467, 0.8218779772036057)
(30.65887462402907, 0.9198665076113911)
(30.308034307876227, 0.8975092438283434)
(29.971777922157735, 0.9212300030844787)
(28.819621021037687, 0.8185575320653241)
(30.077661033753984, 0.9385224560697628)
(29.09285835447738, 0.9294976363606645)
(29.971770503866445, 0.9226454808948061)
(30.381226911257958, 0.9098767223132183)
(31.808108528649328, 0.9475436358386766)
(31.16840830928847, 0.9219876091966067)
(29.581905700926157, 0.9369472848475724)
(29.294697579870007, 0.9132021336565892)
(29.36213789598777, 0.8978402036475418)
(28.90995186428837, 0.8370573445491326)
(30.995136902790094, 0.9408668150705004)
(29.776481151183766, 0.8586551283075657)
(29.426499479634693, 0.9349197288811414)
(29.373246363767542, 0.9009803588848528)
(29.31833906098717, 0.8921078903569721)
(28.901944336254136, 0.8195189363512851)
(29.14560206827322, 0.930935083574986)
(29.549005394792957, 0.937453619352574)
(29.023283179410704, 0.8939532176613882)
(29.975783686024002, 0.9227205730691134)
(30.231153208034343, 0.9039368275799721)
(31.22150908903383, 0.9437603534011852)
(29.181833092350537, 0.8808807513985615)
(29.59269587758243, 0.9425752523407172)
(29.156375386119663, 0.8840500361421039)
(29.729370946290004, 0.849712550733946)
(28.52485185369375, 0.7776622119016436)
(30.294491591570374, 0.9043813240530846)
(31.0884896360038, 0.8438356748600762)
(30.84461959178816, 0.9481379116739165)
(29.065949941496104, 0.8843330467989227)
(30.840815758122876, 0.9160245331684137)
(29.842848933874897, 0.9464472855663109)
(29.355970849068704, 0.8177389623732172)
(31.86866080813049, 0.9473508455612284)
(28.862602237521156, 0.8290884429843178)
(29.380446879723465, 0.9343676468182257)
(29.955841710892585, 0.9286384867127685)
(30.18927402045531, 0.9422264796761284)
(29.57120314798544, 0.946911013230359)
(29.648117288285047, 0.9186129920810774)
(31.765058500069124, 0.9177547356452652)
(29.544544979627503, 0.8411948935117818)
(30.29210354961598, 0.930054462168186)
(29.475976037705472, 0.9395012164496983)
(29.44457511108308, 0.9056386766962519)
(31.065739738247203, 0.8336220269899709)
(30.821965286565142, 0.9081183613585242)
(30.184654035834836, 0.9210270580695306)
(31.924107470763865, 0.9191067439431684)
(29.541673508189568, 0.9393043339781818)
(29.140621164751845, 0.8422950426488478)
(29.470447917156367, 0.9112101876164795)
(30.070652404912593, 0.9201393280523121)
(30.789358642591843, 0.9462810869149644)
(30.802037563361495, 0.9154866098980631)
(28.901771405877817, 0.8366900677791155)
(32.62405093139463, 0.9256150537246433)
(29.564297731997875, 0.9401285117160673)
(30.637056319868492, 0.9539272513455698)
(29.40404128672096, 0.8191991024375651)
(29.81877445967102, 0.9522758943373371)
(29.818288979332692, 0.9367881231863571)
(29.59532158891891, 0.9206529488026362)
(30.223497507992917, 0.9041946278143803)
(29.991044677854592, 0.9232918616935384)
(30.84096314595159, 0.9154681686463367)
(28.90885336753464, 0.8338969338627112)
(29.166579285386554, 0.8858151357928976)
(30.378292325409003, 0.9513109703126136)
(28.838823103572864, 0.810587415573377)
(29.04472375188659, 0.8152408398542673)
(31.093290148537008, 0.8295020471843029)
(30.534844932923942, 0.8365672890540715)
(32.95408111139163, 0.9528103646661)
(29.114019755498795, 0.9307427069455254)
(31.814971307760075, 0.9077047465265955)
(31.158794471152675, 0.9432710090224489)
(31.54937137542778, 0.9149428028315806)
(30.321082118951797, 0.8999129683215129)
(29.109974051639902, 0.8374660338121517)
(29.169078875053458, 0.8841020596406377)
(29.19779968925262, 0.8823527337079062)
(29.488884260689197, 0.9337430789273007)
(29.580240397673055, 0.942429792290397)
(29.558697969671254, 0.9516689560544294)
(29.75465385077943, 0.9142837112998269)
(29.95935761431635, 0.9263843286093347)
(31.1669637843885, 0.9421358734900064)
(30.225957301256393, 0.8941985190322925)
(29.578890237944364, 0.9229427450976595)
(29.04629015863882, 0.8620382487404905)
(31.503910785483132, 0.9364446685246605)
(29.95019074245231, 0.922803868905906)
(30.650248009698714, 0.9195759147006025)
(30.870146179213577, 0.9424864865724838)
(29.762216949695983, 0.9307805228893362)
(30.797151417117377, 0.854085876249163)
(29.245787980505472, 0.8908170927805987)
(29.569541346137925, 0.9257091865569447)
(28.429045907864563, 0.7863368341742372)
(30.295110901849455, 0.9059627679383858)
(29.770305617088823, 0.9540405938084784)
(29.47930536826312, 0.94251971239639)
(29.834039450136768, 0.9229718728491291)
(30.804474506247715, 0.9177173253637896)
(30.075456968750885, 0.9386054390498995)
(29.538042904375914, 0.9469759175903562)
(30.84170442531752, 0.9196583595400503)
(30.76459628936591, 0.9158799695731956)
(30.219703241597173, 0.94428207708366)
(29.774377394343517, 0.9132281749103532)
(29.747395625888934, 0.9138467600383088)
(29.38617765337469, 0.9031286576246613)
(29.088327221175962, 0.9302941235680537)
(30.37026877489393, 0.9339082972717222)
(29.04467669438906, 0.8314366698548976)
(31.11020020899548, 0.9204590770245211)
(30.454617523889134, 0.9059115209040438)
(30.813173617703672, 0.8272972794169873)
(30.498829025968845, 0.9617700782706621)
(29.128645725854298, 0.9279489320313151)
(31.663672075819793, 0.9462440089626346)
(29.571927625250854, 0.9408136312340918)
(31.508169913489944, 0.9364320354764016)
(29.1008548902467, 0.8956333278127178)
(31.01689502950686, 0.9436898098672472)
(32.50582186954198, 0.9216495146247454)
(29.520703755398504, 0.9123995156313611)
(30.957079687780343, 0.8169302924292464)
(29.510985823681075, 0.920083474191982)
(28.875039766473314, 0.8168238587532551)
(29.297892806597297, 0.9156495474992281)
(29.242857741999508, 0.8906056623216855)
(29.335716068077996, 0.9319738504343147)
(29.54077940267642, 0.9313169205340188)
(30.794445124671338, 0.9142996807392266)
(29.59169365375269, 0.9201535072236585)
(29.78813113693256, 0.8546026085633189)
(29.23259619225896, 0.936248386731738)
(30.34325201382864, 0.9307747465810996)
(29.36757704126454, 0.8166138683783601)
(28.961654047527627, 0.8315795825515809)
(29.974325763682742, 0.942725275570715)
(30.29562827578473, 0.8997084959765538)
(29.548316991021487, 0.9199716153429677)
(29.4702033710514, 0.9502551751577302)
(31.592730645810096, 0.9175825218101501)
(30.586960350394218, 0.9526414168249981)
(29.07525018584787, 0.8933923234093551)
(29.835800975188945, 0.9116644616009519)
(30.028326082032677, 0.9250013219220613)
(29.413080349165863, 0.8545833230281616)
(29.70917945415203, 0.8474747887022626)
(29.98576580594554, 0.9238360992364562)
(29.197764088404465, 0.8865722853857667)
(30.400782971516378, 0.9123371393472154)
(30.19378709436799, 0.9076899373654888)
(28.51596579828489, 0.7842632762324402)
(29.81515267328545, 0.9141301305879438)
(30.324295365736962, 0.8968966350448184)
(30.30083341550709, 0.8951625215436231)
(29.803459038952447, 0.8608718374134166)
(29.037937055142955, 0.8855914001681195)
(30.954207348678526, 0.9375952414657108)
(29.893479850466488, 0.9388658249426497)
(30.685240368119878, 0.8167327154060267)
(29.46037907725328, 0.9292115727876962)
(29.11924597536259, 0.9305104994538467)
(29.085827405806313, 0.8349405128990056)
(30.192295223047502, 0.8938083390214427)
(29.24920955462303, 0.8857264054892031)
(29.12478457203166, 0.9308059229079156)
(29.28514051009064, 0.9357080315452124)
(29.43001930349526, 0.9439395798048941)
(30.89878595937889, 0.9101683763196051)
(29.17182235526802, 0.8471691882104453)
(29.249424231546005, 0.9051407705631115)
(30.565008460842815, 0.9540951045872165)
(33.08480599809563, 0.9594722396261564)
(30.78905128857241, 0.8445867409917766)
(30.359528586494477, 0.9012801149324935)
(30.971816582272087, 0.8235008222033992)
(28.92474882374823, 0.8079047715483031)
(29.44179870212954, 0.9392549581342904)
(30.06472376659648, 0.9383960236973893)
(29.233808802923274, 0.9358433634529478)
(30.301029944753083, 0.8953595965981935)
(30.69784802411002, 0.8157065392605758)
(29.302788345372278, 0.910184193928589)
(29.259939197738326, 0.8531368398807996)
(29.01513293470579, 0.8226755439384067)
(29.57977089397179, 0.9397472321216184)
(29.697129701667897, 0.9291757606494343)
(30.203540727235513, 0.9072264076011282)
(31.830394419114384, 0.9461577304718505)
(31.5885457956287, 0.9174569938435366)
(29.34108691655068, 0.8448318879642454)
(29.68629339333614, 0.9115952619311438)
(29.3368599823625, 0.9159477297141287)
(30.685955793722066, 0.8224211485688053)
(30.827243157644748, 0.9180429036434072)
(29.55365586830862, 0.951875263960223)
(28.59903540735064, 0.8280583362067683)
(31.08768414193785, 0.8375634260766227)
(30.32216168822613, 0.8984780191506995)
(28.801613555389704, 0.8225173011947539)
(29.38555842568444, 0.9159307767413911)
(28.913202684417175, 0.8408430397327059)
(31.113624021959843, 0.8683892921221092)
(30.865915403775574, 0.9193770427112098)
(29.34625508923769, 0.9011595949425575)
(29.391665526381395, 0.8160020325709242)
(30.88308020099359, 0.8241834132374722)
(30.752441781089598, 0.9146830467662929)
(29.00504308388832, 0.8289691974782242)
(29.726062297764017, 0.9300539904076538)
(30.316654318451892, 0.8981250671272469)
(29.953330106450053, 0.9249774593067346)
(28.600082601721375, 0.8663863152076123)
(28.875211466179284, 0.8314512744605596)
(29.43181814659038, 0.9438598948294729)
(29.677170796514684, 0.9506649736698634)
(28.89437238068766, 0.8173789868091363)
(29.955357401729003, 0.9266649387379428)
(30.91528613062436, 0.9222004805384858)
(28.904161831982577, 0.7959571140230538)
(29.14107668690903, 0.8454582908002857)
(30.280261000282938, 0.9081566394532279)
(30.094339374090424, 0.9384096114562339)
(28.546524211756367, 0.7845827681847862)
(29.351959052413676, 0.914966551073408)
(30.2606604249226, 0.902039381924963)
(29.35324122073404, 0.8496054222703814)
(29.812160798966797, 0.9181314586824216)
(30.800376110933524, 0.9371194642907604)
(29.48881027095264, 0.9399116033239162)
(29.83439605265201, 0.9508280997235291)
(29.659608246669706, 0.8431477630217571)
(29.432691830944393, 0.9133668451881142)
(29.08037573249095, 0.8805023453307164)
(29.77159848608011, 0.9140073256934188)
(29.400005707609843, 0.8963657230749021)
(29.43704282853794, 0.8479246447688034)
(29.969065417967222, 0.9265804869738007)
(29.510091735301852, 0.9209092190350496)
(29.966539618907934, 0.9245539455139815)
(31.103828140392107, 0.8377108100368189)
(29.944824440901527, 0.9260420265205157)
(28.588883420616803, 0.857309285353888)
(29.133959029469278, 0.9046916376605797)
(31.056002980556116, 0.8340557905840842)
(31.481266741467472, 0.949768693841665)
(31.74786110586482, 0.9529227588017304)
(30.117218709173216, 0.9385306867214327)
(29.75746554692307, 0.9203931222452576)
(30.604481402459378, 0.9183937942148378)
(29.869258106791694, 0.911195548829838)
(31.04711995271215, 0.9466848897569881)
(29.471624963611735, 0.9227078570641958)
(29.393440146878046, 0.8209325765325445)
(29.60416402911864, 0.842892210050826)
(29.36960698708716, 0.9166679434242919)
(29.10371459760235, 0.9312960616783627)
(30.663781300161894, 0.9343949659264881)
(29.347152352911344, 0.8120947573046223)
(31.47719960724467, 0.9356189597100715)
(29.22732413244116, 0.8988142279654128)
(30.992504512343707, 0.8221267877287037)
(28.919784242415957, 0.817548982682127)
(29.139539851351095, 0.9279016925390596)
(29.747597234941047, 0.9139752434314733)
(32.09116527762179, 0.9463820995611097)
(30.053043214237526, 0.9205964523910781)
(29.312100207701004, 0.9363229163070528)
(29.08218810786561, 0.8789872884736395)
(30.670032185643684, 0.9203127820317931)
(30.657071592071887, 0.916335610155508)
(28.522525645768848, 0.8058481983211871)
(28.79486159345461, 0.8085494678932343)
(29.791152751536217, 0.9427901397499304)
(29.42301750221594, 0.8218105913384492)
(29.734657719640083, 0.9285884099676281)
(29.340819546524976, 0.8152290828362433)
(30.55929997401099, 0.9364516629870779)
(30.263019102488983, 0.8954558584338377)
(30.80755864519716, 0.9079240864577824)
(29.546809336507845, 0.9196493165143357)
(28.998893186106894, 0.8815533485360517)
(29.54246126393047, 0.9435009674088224)
(29.78928329534828, 0.9182295935444333)
(28.914514024941774, 0.8137507990856331)
(30.416031181028607, 0.9554039832914225)
(33.20088422241562, 0.9612840068332679)
(29.110877841588092, 0.9293992426097295)
(32.863907190870464, 0.9495642644220628)
(30.80957000128073, 0.9148631754052543)
(32.64232681785278, 0.9221597208093449)
(30.65003655550479, 0.9198347408162401)
(30.89115690974154, 0.9419832739456029)
(30.349351557221354, 0.9335051658747645)
(29.358992835628392, 0.8704803625904663)
(32.59943581940314, 0.9295395279032275)
(29.611660506057135, 0.918649839257472)
(28.872187967926447, 0.8354186560995874)
(29.45078730845676, 0.8936921673803374)
(31.059921637855833, 0.8552898115528123)
(29.437566993121816, 0.8583900707971249)
(29.134196330764127, 0.8478047975269521)
(30.28724482437926, 0.8981590721782062)
(30.59824419281893, 0.9160948554526365)
(31.175158280332283, 0.8685474368425145)
(29.008561824425215, 0.8400283652314869)
(29.36767880080247, 0.8197327829780418)
(29.3310299012876, 0.9277579191854025)
(29.81781892600692, 0.8618768427215792)
(29.97809089765137, 0.9297006918010866)
(29.08436317455064, 0.8959505488229745)
(31.22126878199866, 0.9446423762548847)
(29.990084226309687, 0.8945459927412718)
(28.508343551715583, 0.8101985071872574)
(30.811344831571663, 0.8582206612996787)
(28.81530954053719, 0.8118101224919413)
(29.869426881348197, 0.9496784538723025)
(30.34641226121813, 0.9305583595670791)
(30.546112792958688, 0.9342846776797511)
(30.997382666521, 0.8263613193177104)
(29.363338672758275, 0.8925846199995542)
(30.064503764877763, 0.9200119242556867)
(29.789449408753885, 0.9192386320831328)
(30.754362971701017, 0.944910048900632)
(29.666656636542573, 0.9257721609378676)
(28.97732294138725, 0.8902155372886241)
(30.861659823136872, 0.9494677556559259)
(30.955932823064035, 0.9406363342687275)
(29.189927688959322, 0.8245769118331744)
(30.24110496665349, 0.9071982045274982)
(29.512059483063116, 0.8603684877461477)
(28.838161401973853, 0.8222551590297622)
(29.333165634295845, 0.9423655220706002)
(29.89432422275021, 0.9197703457022475)
(28.969292883135314, 0.8869675171985232)
(29.681268379954567, 0.9249308237541645)
(29.846149869474985, 0.9096920262847172)
(29.75729026877262, 0.9128763224519603)
(30.35322416650201, 0.9008807143816961)
(28.935045090881882, 0.80445874556425)
(33.15217795077395, 0.9574611589146523)
(29.39576195794296, 0.9062485432626184)
(29.606349374143388, 0.924202140854537)
(32.00458420654225, 0.9448195614811357)
(33.212445078478304, 0.9600031014331679)
(29.01995594946509, 0.8258572569814752)
(29.820244289994413, 0.9106958744949822)
(29.31073381245629, 0.8939231731079434)
(29.798334850126764, 0.948271750568308)
(29.98190719252685, 0.924581577907564)
(29.829986977459306, 0.9111610814284881)
(30.605283615444794, 0.9147672766679825)
(30.682730110407928, 0.857838033292359)
(29.935402766131666, 0.9177816999290347)
(30.799901640112992, 0.9235504747768538)
(30.638056358291514, 0.8426739688004411)
(28.82622289662025, 0.8390791583562714)
(28.854282839108464, 0.8286425840547007)
(30.369548508129085, 0.9337236607187056)
(29.973805117760058, 0.9238281521029376)
(29.44878270850684, 0.9436091629337572)
(29.506111871922734, 0.9201391623846129)
(29.156105406244773, 0.8492395637075355)
(30.087142922750807, 0.922084426904025)
(30.25836688806723, 0.9116878568752439)
(31.149577004241735, 0.9208005297035229)
(31.05550758636995, 0.9519941325229039)
(29.822357950748156, 0.9382032178336418)
(31.555573633134696, 0.9161334197149958)
(30.63550813884754, 0.9542058812849331)
(30.097383266496745, 0.9207744180719708)
(30.67888951327832, 0.9175872467787194)
(30.62995128673174, 0.8412615996276972)
(30.076988139998043, 0.921263005816829)
(29.316011924818568, 0.8891056335660548)
(33.32286396136493, 0.9653285070564508)
(30.21334953037728, 0.9226807696506837)
(30.846219071230557, 0.9479502846644834)
(29.545047474728477, 0.925907945782465)
(29.352090335713523, 0.9087492001049701)
(30.662383942757437, 0.8407337206199433)
(29.596663658742813, 0.9332166897306207)
(29.173678752244854, 0.9008397976409603)
(28.90547044507462, 0.7931081844520438)
(29.12483142842447, 0.8482932898895746)
(29.759003895386357, 0.9468993459586886)
(29.111087040923117, 0.8406797541820192)
(30.711514913820185, 0.8202044000193894)
(29.421130425799205, 0.896058706645859)
(29.400205781217572, 0.9441395433412805)
(29.52454820956771, 0.9349208731517527)
(31.84039341869259, 0.9467279203200134)
(29.570156739429606, 0.9208626260884084)
(30.745106241140988, 0.9351935559466934)
(29.87309337965895, 0.9413643800280826)
(29.539608156000234, 0.9141149081523009)
(30.656127700841758, 0.9548022420118638)
(32.98518791336109, 0.957756750020751)
(31.578012530281665, 0.9163594572966901)
(29.047492405545114, 0.9292511107682544)
(28.54674532009351, 0.853157255615139)
(29.575518565875676, 0.9170240759128656)
(30.215052405668196, 0.9067857515571315)
(29.58913026880944, 0.9466576565426721)
(30.78820124009017, 0.9163889678676748)
(30.422791308711183, 0.9046578481787905)
(29.398350767596657, 0.8175490030627641)
(30.789829065415315, 0.9463326774421752)
(30.17524723225649, 0.9427105092695558)
(28.955475457937375, 0.8135285833615579)
(29.933449425874397, 0.926412744440011)
(31.789005476666947, 0.948037734614829)
(28.907979039721994, 0.8461740416752709)
(29.794312190878394, 0.8609817405618545)
(30.411856620254163, 0.9159001537400749)
(30.203427497352543, 0.9077620113171959)
(31.73024414547487, 0.9069758091880785)
(29.817456733239066, 0.9194335889405333)
(31.1276372994713, 0.9205543938351509)
(31.684741611976477, 0.951617849221579)
(28.830605458585058, 0.8312110512949105)
(28.831235639407396, 0.8254594643605672)
(29.354958750110384, 0.8828981198209753)
(29.666219386555447, 0.930163768726789)
(29.281990759974754, 0.8405089779598224)
(30.802168319786336, 0.9149128348293417)
(29.111696800836555, 0.9313705673434064)
(31.861741050229494, 0.9520156454228939)
(30.326560543412505, 0.8952184473077872)
(30.200805394453134, 0.9254741674969966)
(28.94688215029562, 0.8318601573625899)
(31.457673744327096, 0.9478778533251779)
(29.084117020127348, 0.8381966102783714)
(30.840150842673335, 0.9092960669302649)
(30.600942882768692, 0.8162514350146683)
(29.120469667989685, 0.8806848706199721)
(29.14893042043912, 0.8428492389402379)
(31.789535324740026, 0.918415198208095)
(30.490051291879897, 0.9061659790540316)
(29.957664875735688, 0.9427752978966166)
(30.783121798356063, 0.9158750318114076)
(30.303740130738134, 0.9003534984581318)
(29.383422691425835, 0.8193619318999036)
(29.200107246602553, 0.839229537648797)
(29.54866751306163, 0.8356337181525245)
(28.920450106388955, 0.8309456718846707)
(30.761898947462953, 0.8134122532589261)
(30.18431812027395, 0.9405531637469483)
(29.353486648624212, 0.9117951177156265)
(30.987476624319612, 0.8631953297888032)
(29.329147553616224, 0.915692667750138)
(29.860778388716426, 0.9423452009294366)
(30.795127605494134, 0.8476780768842395)
(30.29905070135041, 0.898262461778785)
(31.363103975873994, 0.9294768275184935)
(30.84907852434805, 0.9494939477980694)
(29.1238549092841, 0.850957949493895)
(29.03613196725036, 0.8934745258011065)
(29.545930788854257, 0.9432610093989354)
(30.167540547561565, 0.9431015431976613)
(30.817179408343502, 0.9243100937685038)
(31.706319164838895, 0.9520262358507088)
(30.67507334572282, 0.9207930021300392)
(29.687524090728488, 0.8475398631284864)
(30.179482990946774, 0.9238278975507243)
(29.036551328174006, 0.831566822654181)
(28.922108702186165, 0.8227711207236269)
(29.540298736502848, 0.9411279071010908)
(30.499835184670395, 0.961468432804368)
(30.304197528097248, 0.8957201905388799)
(30.179637941189092, 0.9250854083746483)
(31.565813189006796, 0.9147002499558683)
(29.422989813016322, 0.8951579866070216)
(28.570718072453065, 0.8070218301349766)
(31.197113743522035, 0.9420693731053565)
(30.89620483139568, 0.8489274858380675)
(29.473195827892486, 0.9508227078033771)
(31.031613575431937, 0.8170707849201911)
(31.33432655842828, 0.9286596182988485)
(30.920967831515277, 0.8609140519038995)
(29.433682694542227, 0.913556190393897)
(30.319968776475783, 0.8951883091874112)
(30.590318424852036, 0.9540074187841894)
(30.084036115866148, 0.918153896576346)
(30.884307050313335, 0.9104616729867537)
(29.824882034074776, 0.9105158110270811)
(29.841553950632637, 0.911313535210819)
(31.154571607879532, 0.9430069523831835)
(31.83622018112073, 0.951811349524312)
(28.55319950666763, 0.8075203816480524)
(29.774749564986493, 0.9511675528110379)
(30.313604398031558, 0.9070613069744511)
(29.56662210139044, 0.9220941573968431)
(29.34704729413977, 0.8133332448583054)
(28.52085940816707, 0.7853781263906712)
(30.525265957554225, 0.9620093337674616)
(29.036045778117412, 0.9305316860541467)
(30.30974996084252, 0.8952666111413319)
(28.993278993656922, 0.8320896305742596)
(30.068413966815598, 0.9390681978925922)
(28.501680026381685, 0.7797178212495874)
(29.45305266592953, 0.9161715206713544)
(29.991877328719863, 0.9236125803827128)
(29.805742831689553, 0.9135383383663227)
(28.537110762777576, 0.780780402415625)
(28.518565315237403, 0.806523343179589)
(29.268523185749377, 0.8870138389430934)
(30.611086021020103, 0.8117270049490817)
(29.101105744749184, 0.9304263367672905)
(29.709519171700094, 0.9287693688049192)
(29.285480667062288, 0.880586707367497)
(29.918190002519168, 0.9265584309127652)
(30.219875342340615, 0.9072647717046353)
(30.783850376135497, 0.9136319398763216)
(31.008039757108484, 0.8619867365434085)
(29.538917882778147, 0.9405267269958815)
(30.62483261588962, 0.9160851817610416)
(29.62781338696322, 0.9227485211906203)
(31.35816017013342, 0.928450294484342)
(29.253114934204774, 0.8647942769819306)
(29.761039939425068, 0.8622316962213763)
(30.080621439432527, 0.9377669992207806)
(30.818567817527686, 0.9092449652491784)
(29.810215640249798, 0.9099164183476233)
(29.428855595863773, 0.9107672832637008)
(29.174429196343333, 0.8449259187949043)
(30.06508198979634, 0.9222642316702989)
(29.432881274448214, 0.9269602622369285)
(31.53925811143521, 0.9159738702097845)
(29.217083039385475, 0.9060789530834911)
(29.78057292275798, 0.915753116832065)
(29.986065694358967, 0.9243571632082621)
(31.20232410420208, 0.9447733190154385)
(30.083263734777947, 0.919824303265863)
(30.34257399677696, 0.9330198605500218)
(30.090017202613172, 0.9263106942824686)
(29.407828829342456, 0.9406371615189899)
(29.389982464686945, 0.9030029882129651)
(30.834371833375602, 0.9484306005901408)
(30.064897858935225, 0.9382827560179843)
(31.225808642079667, 0.9432928276991706)
(28.987175635533724, 0.816903714062343)
(31.495770708975662, 0.9478564731037078)
(30.63946117550982, 0.9202499666430272)
(31.403192028634706, 0.9304655203138705)
(30.88322257095099, 0.9175262289776998)
(30.31453643197515, 0.8947181687130694)
(28.5484760742129, 0.8179442239688527)
(30.047570369443804, 0.9177474296589366)
(29.597199842227468, 0.8375166528902382)
(30.694955218433932, 0.809141049076931)
(29.030193669007524, 0.9303406814926728)
(31.91447816944773, 0.9537327921672843)
(29.32954386859082, 0.9326164953112192)
(30.787321873085354, 0.914622416642434)
(30.058846172827806, 0.9258160215104859)
(32.05261861310959, 0.9449661092592133)
(30.683164449557733, 0.9177490161618135)
(30.421958453122105, 0.9557836139638018)
(29.367641779799122, 0.8085233397251019)
(29.124489442235202, 0.930131887538238)
(32.583364982379365, 0.924197128052324)
(29.468817416406026, 0.9363861489368801)
(29.378239243542403, 0.8218848525170467)
(29.641447688460723, 0.9232906635263175)
(30.201630943383513, 0.9251883902063721)
(29.442474868136056, 0.9376178428171752)
(31.85545743544353, 0.9459186185162977)
(31.478833227379724, 0.9362568802161465)
(30.84502854357108, 0.9181894774820005)
(29.140997940145624, 0.8868255958495922)
(29.068670845626915, 0.8854114531023762)
(30.82587773624101, 0.9179909000297346)
(29.097034230448443, 0.930699754336235)
(30.635727784738506, 0.8163740009227727)
(30.60274773524789, 0.9550068610883984)
(31.084687492575526, 0.8565204979819327)
(30.260959620522993, 0.9010204335309808)
(29.746414443508577, 0.8501676104869804)
(29.101178057812227, 0.8966207745995934)
(29.962464424743583, 0.923712219987928)
(29.59696346501469, 0.9422662711419096)
(29.00718473834537, 0.816700503414333)
(30.572820226193652, 0.9328786202088752)
(29.73794997637431, 0.8579927242484562)
(30.999657236851416, 0.9441581256140701)
(29.827283066670986, 0.8631711599991932)
(29.51313203371182, 0.8339130878463795)
(29.383960814248855, 0.9007983315696153)
(30.319567863397012, 0.8971712276534268)
(30.598209915317454, 0.9133419289073852)
(31.550649156171005, 0.9178321513520041)
(29.607866607708175, 0.9225999490082908)
(28.53908522384003, 0.8036035742547556)
(29.260368698252158, 0.8910642964492671)
(32.12522183684371, 0.9479066458489536)
(29.021913690814976, 0.8924908196716045)
(29.08051220750934, 0.8938089855349708)
(30.410435417042603, 0.9133897814272545)
(30.818594598543076, 0.9238198296303728)
(30.679995542669435, 0.9329275318484382)
(29.10997315706871, 0.9301269423252676)
(29.728623026106263, 0.8478472713863007)
(29.76322312851206, 0.8605171620762693)
(29.053555260854026, 0.8922018922007068)
(29.83033416602584, 0.9117761176010128)
(29.416388863833077, 0.8987467005571875)
(30.382403315544643, 0.9074252368988013)
(29.98185733042085, 0.9233832444795202)
(29.17855614109595, 0.9364926657296517)
(30.31896750853887, 0.9003232017044853)
(30.834525922148263, 0.9492112885455386)
(31.549944635761378, 0.9159558405453535)
(29.485364214688662, 0.8294658857641479)
(29.071803998277606, 0.8895473267879593)
(29.614283444748676, 0.9410783387509639)
(30.84954878459294, 0.9097245506996079)
(29.176204413786735, 0.902943208842269)
(30.950134709067445, 0.8210423205006577)
(31.11415135140534, 0.9202160681278633)
(28.943116522816656, 0.8091332106959019)
(29.52666568631399, 0.9428478653398551)
(29.68777035381228, 0.8467972485286938)
(29.42449797771038, 0.9423390157076325)
(29.24980335991308, 0.9047113571269033)
(31.073610016682064, 0.82459283452749)
(30.50348779439535, 0.9567267246076134)
(30.188962519673264, 0.9250354564296942)
(31.561791054075123, 0.9170765644901079)
(30.633133926795125, 0.808398268478732)
(31.798172868174483, 0.9507997053021562)
(30.23056518252801, 0.9440795812593056)
(30.48295820949036, 0.9606477838883024)
(29.25736530735328, 0.9376874364661438)
(31.84648828136886, 0.9474653785854565)
(31.80178326665029, 0.9515417435654387)
(28.58167859496966, 0.809860642939155)
(29.54569679003392, 0.939971117610625)
(29.52019895632576, 0.916187153511026)
(29.1483137862272, 0.8880827392113544)
(29.905067643210316, 0.9415741785429169)
(29.970318508246304, 0.9272622445753141)
(30.187987790444794, 0.9242283389802324)
(28.482347442034467, 0.7893911153776524)
(29.93448460841707, 0.9258896431731447)
(32.57930394918635, 0.9236383082297651)
(29.482506642130023, 0.935269955300691)
(28.890530707259664, 0.8342540404347618)
(30.169967243344477, 0.9057224954107984)
(29.332790458611772, 0.9126219197326982)
(31.811615549593473, 0.9211411275732087)
(31.24042181670149, 0.9449407981719204)
(28.9232513466948, 0.8361130598476467)
(29.968538861570213, 0.9240551276165662)
(29.107486245928385, 0.8407836728309249)
(28.919623272108424, 0.8048807835687696)
(29.379161414324393, 0.8548840969165209)
(29.5210611028709, 0.9409504357156898)
(29.38976568764618, 0.8906697507156366)
(30.073217840288443, 0.9189009959604301)
(30.234025000012657, 0.9021163672447874)
(32.768425559883916, 0.9544447348701807)
(28.553219809574415, 0.852899867547153)
(31.47656860737845, 0.9498129696313206)
(30.954034729515072, 0.9423952763954333)
(28.87486281948615, 0.8268255731354462)
(29.83019499160685, 0.9107832730316332)
(29.445271423488947, 0.9109969769414924)
(31.837729394031275, 0.9507051466218208)
(29.050432593971024, 0.8932814482093849)
(30.74762595474833, 0.8529013736118478)
(29.00003092112963, 0.8900194042369629)
(30.99985407220447, 0.8639146290063945)
(31.081102465654208, 0.8690416846699788)
(30.631457359301102, 0.9536090241685606)
(29.3756566849744, 0.9392377909269086)
(29.104528454554654, 0.8402593097334129)
(28.982872050534667, 0.8396112992017993)
(30.35362057513443, 0.9330038906531477)
(29.53276419327647, 0.9370596240003162)
(28.555065409703708, 0.857870899391082)
(29.380345010986613, 0.897755806252366)
(29.56253988220165, 0.8597618088572293)
(28.60956337482174, 0.825082285927477)
(29.286577323773262, 0.8833636780063345)
(31.873078642302836, 0.953462103770876)
(28.496793519902162, 0.7796191481621819)
(29.10870036891759, 0.8419035400701418)
(29.670811487058167, 0.845847255823146)
(31.74463850095396, 0.9518683909574466)
(29.482332955164235, 0.9441564326750819)
(29.75238680250336, 0.912957986957392)
(28.52236968231214, 0.804203762503518)
(29.249722801604, 0.9025084572690507)
(29.073278015870088, 0.8245873975339354)
(30.978094840541807, 0.821930182182343)
(31.170306433266436, 0.948222062114042)
(30.4676822381362, 0.9128709877435336)
(29.068185287850703, 0.896459348323975)
(28.596226902868217, 0.85761177814786)
(29.954050601665664, 0.9277152127841177)
(28.981077716449114, 0.8129036342542707)
(30.196044242503184, 0.9407626705873662)
(29.278731503147256, 0.9302171438729286)
(31.10084919705686, 0.8722064706442993)
(31.403887702334963, 0.9294653876649127)
(30.85233721062979, 0.9099991817868932)
(30.82050177838855, 0.9162163049615369)
(30.03644512367027, 0.9242748867425234)
(29.110359450049707, 0.8990128333948079)
(29.688460986775294, 0.9429722334041267)
(31.836626095093486, 0.9511353111725092)
(29.193937147706492, 0.8860806722222024)
(30.286895952831692, 0.9001482745798729)
(29.763441694963674, 0.9220488272863661)
(29.548320949328147, 0.926054238941978)
(30.051366681090883, 0.937720314614153)
(29.69726611020903, 0.8494770230435785)
(28.895843241316626, 0.8216389181346228)
(31.837982880600556, 0.9458498305448959)
(28.993052229144865, 0.8920158216609697)
(29.538431103685117, 0.9482282131254359)
(30.08568320152118, 0.9380337264507996)
(29.415062007762227, 0.8227982549213037)
(29.329906530362596, 0.8901127124128589)
(30.35971562275787, 0.9083784388569558)
(30.36480161043989, 0.9337918902272374)
(29.323638645832666, 0.9276525635158658)
(30.360580770269866, 0.9343713277956717)
(30.291482789187572, 0.9066470256930363)
(29.618437142534326, 0.8545611828752901)
(30.03405026914026, 0.9248611918583187)
(28.487311651422935, 0.8095469094148107)
(31.381693003954553, 0.9294134765290812)
(29.534742045626242, 0.9408746361290581)
(29.830124244560455, 0.8622309951060323)
(30.449418989524126, 0.9042494299923286)
(30.422742170396596, 0.9048204918118663)
(30.04445778712496, 0.9259218138462758)
(29.24405772156049, 0.9374801436525987)
(29.400266417199745, 0.930509575136836)
(29.30279339536085, 0.866942457572681)
(29.197208935501013, 0.8859730614465307)
(29.23746322297617, 0.8656227383070813)
(29.437071186210268, 0.9423240930872873)
(30.050133976457722, 0.9255740192498572)
(30.837528950131244, 0.9201161936249399)
(31.12496094344352, 0.9196663751023891)
(30.684405253963845, 0.8399753050603039)
(29.544497521465857, 0.9185197724731845)
(29.114598404769612, 0.9284825282002898)
(29.73275253378725, 0.9312227705834589)
(29.43550851084484, 0.9029615998743489)
(29.042872679426562, 0.8910570215550624)
(29.562754734268562, 0.9258295261214805)
(32.959929088918315, 0.9553773998892807)
(30.341969503011455, 0.8952044553342801)
(29.512244373155756, 0.916788040037571)
(30.313779080145146, 0.9020393788161987)
(29.086200880687052, 0.8287043522007705)
(28.86283260180297, 0.8292846781965543)
(28.60348522063532, 0.8606820244753557)
(29.415918697305337, 0.8986586082812039)
(29.28293572444826, 0.8489527433128007)
(30.446886313419405, 0.9060872488571328)
(29.604260659972507, 0.9309271963835671)
(30.199450904922756, 0.9241885224039131)
(31.852889805007436, 0.9462835445940292)
(29.68890191290305, 0.8476182225813393)
(30.017100698737238, 0.9255636189112725)
(30.266232855765395, 0.894275332663507)
(29.58189752340715, 0.9192815478554061)
(31.18753350212868, 0.9439532502923565)
(30.597351049777274, 0.9181140020937518)
(29.554432521671163, 0.9286106458769048)
(29.102369343307075, 0.926698628103418)
(30.296483335459726, 0.8984681626468699)
(31.339443580898113, 0.9515745798999675)
(29.39708025366699, 0.8187335085009758)
(29.5688922345336, 0.9437254632027405)
(30.473847509018515, 0.9064142285524616)
(30.610722274578844, 0.9174802919065462)
(28.919240734698125, 0.8168104789659046)
(29.148442846155017, 0.8358792529277433)
(30.85728079378442, 0.9168352497583683)
(29.251529810143158, 0.9365154325281259)
(29.296377353407216, 0.8684265727028815)
(30.491720129041493, 0.9621681404687147)
(29.39105276908502, 0.816595952457724)
(29.194060456520475, 0.9366146530911044)
(32.644318715296826, 0.927257201723894)
(29.691279842527205, 0.9408799347264181)
(30.74172432085927, 0.8177946837943416)
(30.587036018673572, 0.9548419523368519)
(31.126309304223106, 0.9404862437094256)
(30.275927489252368, 0.9065907658464138)
(29.30772873101439, 0.8931983377958755)
(30.410528588534454, 0.9162599205231327)
(32.58407324676377, 0.9232279230443194)
(29.838797547066726, 0.9379071488668735)
(29.341471112887298, 0.8914005948044796)
(29.881749145121187, 0.9161583555318332)
(29.513839818795304, 0.9443252358069646)
(28.54164650643455, 0.8572477325891157)
(30.248022569832415, 0.8977022948565588)
(30.341611456171883, 0.9339734322402194)
(29.17261531561816, 0.83286164669174)
(31.94554336809918, 0.9544539155478706)
(31.863123243186333, 0.9490496687669101)
(30.298831677532874, 0.9106391052113465)
(30.864978083847937, 0.9158022774742506)
(30.187536966167027, 0.9233592272010063)
(33.298091488835354, 0.9648873415462788)
(29.934788115514657, 0.9408206107470369)
(30.09982454651503, 0.9390612366825132)
(30.354769268643178, 0.9162188904820897)
(29.15991995351151, 0.8467828550825843)
(30.493665661164442, 0.9312419306650892)
(30.969773708118858, 0.853909555771422)
(28.85529607792085, 0.8543042168148348)
(29.34085728300447, 0.9236402687423909)
(33.0710747499227, 0.9575816387385567)
(30.818935341720636, 0.9487004191211275)
(30.253547601556136, 0.9449977561887709)
(28.559520654693216, 0.8053486036910737)
(29.74406742496257, 0.9137041892068978)
(29.108398818402918, 0.8403567317791214)
(30.793999249416473, 0.9175376052002002)
(29.59796370278797, 0.9387655303098763)
(30.389545549691984, 0.9156463082143557)
(30.380472223640496, 0.9053396246626668)
(29.84400299081846, 0.9119417567426201)
(31.006040407479432, 0.9460488372341066)
(29.65606297586892, 0.9196979454129633)
(30.825638698830407, 0.9078889944446884)
(29.683300145555624, 0.9222687955117521)
(28.807694753366366, 0.8122511287841494)
(30.681075393576748, 0.9551554964766906)
(32.00620327839107, 0.9440601150595326)
(30.2068565415643, 0.9218945679511308)
(29.175730660882802, 0.8838534394216111)
(30.306945752630632, 0.8978027950161823)
(31.093451725956168, 0.8285703223102976)
(30.08309920177268, 0.9207793097534949)
(33.087738990996016, 0.9592753909286297)
(29.43834245601751, 0.9065571669303468)
(29.73439804136951, 0.9187872206129454)
(29.292638894981792, 0.9117904118395235)
(30.397780994526414, 0.9105013450845699)
(29.67396400281391, 0.9319928762320328)
(30.4023058192219, 0.9045939008615483)
(29.627798672276924, 0.9218072552205423)
(31.837982880600556, 0.9519408409360294)
(31.539605265503695, 0.9163783481145434)
(31.082668613545682, 0.8414374564248153)
(29.504507898328765, 0.9403794564433053)
(29.785339236637064, 0.9482691116168576)
(30.5732652618213, 0.8389818532980937)
(30.539695942475397, 0.9538692364980937)
(28.931743370122057, 0.8200430429001208)
(29.835515091064316, 0.8559055921627812)
(30.859634374740835, 0.8270691460958215)
(29.266779951674135, 0.9363466540207778)
(29.33031063184803, 0.9362998741779831)
(30.147301349880355, 0.8971084005083223)
(29.565801932646878, 0.9446072197924723)
(30.17271612233623, 0.8945142566357241)
(30.827773503176495, 0.9173881997297524)
(29.733300416303507, 0.8516886852875194)
(30.851286598905368, 0.9187447109960156)
(30.57909603155535, 0.9180017792698483)
(29.933190344405322, 0.9174091550797456)
(29.36716072530082, 0.8102945663241274)
(29.350392093489397, 0.9064400419366683)
(29.032754809023373, 0.8921323742346678)
(29.09670726859673, 0.8309931828159262)
(29.188370375097527, 0.8278004471225106)
(30.084992939489403, 0.926962035701203)
(29.48612914003877, 0.9114844573030356)
(29.295443464022192, 0.8928319268985975)
(29.08774974743837, 0.8268612743099413)
(30.757193149348087, 0.9157605566701066)
(29.679701626322995, 0.8414049842348884)
(29.44571191854312, 0.9331464497779803)
(28.948821700619174, 0.8335798194313506)
(28.51928859912478, 0.7807696433605821)
(29.912858983120557, 0.9401784562270767)
(32.59620012152851, 0.924701333828152)
(29.322945590885055, 0.9331999385814446)
(31.082686647679232, 0.8348835958242367)
(29.487819632719557, 0.9133711395386495)
(29.332766917041585, 0.8405182172905994)
(31.149248221635048, 0.9208250833998322)
(29.105384464288463, 0.9293980640384525)
(29.710481780606173, 0.8456057387544976)
(30.175570556182212, 0.9443153913360495)
(30.535872639044396, 0.9590979440542545)
(30.84503467947487, 0.9078920993448301)
(29.80227814386092, 0.8606274009494108)
(32.57283785319726, 0.9280748329434029)
(31.85106118048877, 0.9524854948433004)
(30.976538448861714, 0.857163158094565)
(28.93365538239778, 0.8153308456320801)
(30.070449065766734, 0.9278734318296803)
(29.041044935965804, 0.8250970367066724)
(29.139469418581648, 0.8815194805542054)
(32.79077579421886, 0.9493663893113343)
(30.85796974314951, 0.8474017027989011)
(29.061362388312784, 0.8929818307143605)
(28.505539519137763, 0.8058996047562402)
(30.809382662178223, 0.9179350295179786)
(30.810400688242567, 0.8173115073536443)
(28.87302225264675, 0.8006975682353907)
(29.88273231700044, 0.9487154052759112)
(29.248011660086203, 0.9015913439139679)
(29.98365732143187, 0.9240957172677664)
(32.55024845080613, 0.9246210866684574)
(29.14322556496096, 0.837095788228722)
(32.86488401176267, 0.9555129882222942)
(30.823572901473707, 0.9188201713450128)
(30.357111199785095, 0.9040866982229575)
(30.492287783096103, 0.9055688694134416)
(29.36481601535318, 0.9377824377306885)
(29.4689649117927, 0.9152580920239531)
(29.25706454574232, 0.9046488244575006)
(30.361925598390012, 0.9329901367974937)
(29.85140297468746, 0.9103889236331376)
(30.802215604392018, 0.9075379053055789)
(29.585603716433127, 0.9215799341787965)
(29.927219535516617, 0.9417364629971885)
(29.749015393250406, 0.9133320306500016)
(31.059601815099796, 0.9519442357351029)
(29.475688944566443, 0.8522749494974566)
(31.600251141212453, 0.9163603981187295)
(32.921147724040665, 0.9549765829820414)
(30.892271151060456, 0.8171155702082373)
(32.14770553577986, 0.9507920809211483)
(31.17824395654178, 0.9689516109125018)
(31.139519632097414, 0.9425084196799663)
(30.970953344528006, 0.9661758999745937)
(30.972611308181605, 0.9640662317039942)
(31.310986533658554, 0.9685443673515395)
(34.734316456270726, 0.9833672308389975)
(30.820228287593984, 0.9647333780814972)
(34.324194133816434, 0.9785250960153831)
(34.013279708955196, 0.9423027037112368)
(34.364415722561745, 0.9766411066690451)
(34.487806920249525, 0.982250309254767)
(30.852477240134913, 0.9642741001095918)
(30.83397931759455, 0.9638134495109192)
(34.069347673602444, 0.9420279965352067)
(32.16540533584897, 0.950935840844946)
(34.035409546939476, 0.9401802990828552)
(31.53111843565644, 0.9480875419420923)
(36.5290218065953, 0.9866649332960852)
(30.901503214689562, 0.9633437492844759)
(33.19647579084651, 0.971088016040252)
(30.66860515071072, 0.9072397502669075)
(30.836297404245194, 0.9105262890615126)
(32.164237271869176, 0.9507820474570516)
(30.684062050094703, 0.9078475402003718)
(29.956374991667673, 0.9406507206100645)
(36.834841716134136, 0.9840189180811413)
(30.634289865137866, 0.9075494044305825)
(34.455157079755566, 0.9825454291156408)
(29.931899925043183, 0.9375508058380165)
(30.771147253118446, 0.9093158534804564)
(36.53617641689106, 0.9843201415920882)
(30.752441258787595, 0.9088276838857867)
(30.66305391210793, 0.907513859729967)
(31.307396481686652, 0.9680780169037029)
(36.43708427833461, 0.9865650251705057)
(34.44291355322221, 0.9819326884790109)
(34.505031378105, 0.950084535154727)
(31.210738597122827, 0.9672476038892196)
(31.265290100209803, 0.9652537087546783)
(36.50625584291617, 0.9867148278172588)
(30.800091475027294, 0.9104171917300167)
(34.30817594233198, 0.9780986418095929)
(31.47836496093881, 0.9624300452483678)
(34.461858979508484, 0.9497742852209031)
(31.178053557885246, 0.9676638683490512)
(34.02008532799448, 0.9430077917924515)
(33.20918435491181, 0.9715084179929278)
(29.957364767362293, 0.9388629570273684)
(34.04131203630104, 0.9418559172450035)
(36.530381846545396, 0.9865773404383726)
(34.39747955225187, 0.9772332414766256)
(31.260280791593935, 0.9671278932848282)
(32.79972300440393, 0.9701638821696894)
(34.23713237467587, 0.9775976658760952)
(31.293045469130423, 0.9439699089934216)
(32.84632889138389, 0.970264142654943)
(31.25350546877883, 0.9632320485355174)
(32.13674258305821, 0.9512951177611997)
(32.716802446294466, 0.9686572095648629)
(31.54821002568614, 0.948894389772245)
(32.80593313522996, 0.969542141014833)
(31.137000863458816, 0.9683162793107405)
(36.51844246979173, 0.9868257599629402)
(34.56472722864465, 0.9494296064595364)
(34.424292488381425, 0.982846751949557)
(29.981239787578488, 0.9431515617853944)
(36.388207022271835, 0.9863836145392505)
(34.56988871006048, 0.9500216173631386)
(34.26805757598328, 0.9772119471472427)
(34.39341015943425, 0.9813693600266788)
(34.46037879193852, 0.982974409852784)
(30.705374319045752, 0.907962514721788)
(36.49949947896088, 0.9865468632662466)
(30.871611484337606, 0.9632623721737908)
(34.197246344699835, 0.9821852175152543)
(32.88857836168216, 0.9711618241872927)
(32.881207306016094, 0.9703120030376844)
(34.512128517577985, 0.9823566827983067)
(30.029095164719738, 0.9396640346755935)
(34.6103419046281, 0.9841870851591384)
(34.06912739929298, 0.9425588675976748)
(36.69873922286672, 0.9835028539081807)
(34.28250389817316, 0.9778755202656515)
(30.899671710771663, 0.9627422041253617)
(31.46222815522504, 0.9459848183197606)
(30.874837434160725, 0.9627360537901477)
(36.94098599343016, 0.9846929140542358)
(34.33421808803511, 0.9777901868004252)
(34.47128560990093, 0.9825933666340742)
(29.976521895342934, 0.9370445359892908)
(34.39404373107094, 0.950208071939534)
(34.52746562147398, 0.9501291054962197)
(34.26458481643869, 0.9822931801430205)
(36.503743678529325, 0.986667654065434)
(31.119934605091398, 0.9566585882660641)
(31.53589318843448, 0.9610430064676402)
(34.63616613701101, 0.9496114310995839)
(30.047601453248483, 0.9394548744364475)
(33.17498267391509, 0.9709184671950779)
(31.112473655604536, 0.9622605733800957)
(36.57097552210336, 0.9868347320930425)
(31.261574933543187, 0.9667388487659523)
(30.884245672695663, 0.9634471103854504)
(31.057741087644906, 0.9648157077397603)
(36.737720625608546, 0.9844728602835666)
(32.24718192800785, 0.9512028145238796)
(33.25925966049106, 0.9719948924913029)
(31.421675953524165, 0.9663861741981246)
(31.54916681479913, 0.9482785112561884)
(32.22766944759104, 0.950924434694961)
(29.824759697131608, 0.9353558898990653)
(31.381664628470443, 0.9457724276921077)
(34.199029292444735, 0.982257871811419)
(34.327022538331356, 0.9811229867653616)
(32.190027166591534, 0.9511553466989966)
(30.834824002303197, 0.9636620851236956)
(31.457578207562168, 0.964397536578537)
(31.3519503157789, 0.9688673548072827)
(32.84415593805229, 0.9707118499137384)
(34.66881380311537, 0.9831722857399837)
(36.73650022089645, 0.9843531639714419)
(34.077614070085666, 0.9428041351325973)
(33.17166743791019, 0.9709760115798566)
(33.22554297085149, 0.9714527033312916)
(33.21358177842425, 0.9710468014113174)
(33.14158736273344, 0.9711089998685252)
(30.963937631480075, 0.9669314446165606)
(32.17505069889489, 0.9508694623101802)
(32.72703093950406, 0.9694318571878332)
(34.05666843741338, 0.941018553388289)
(29.77827290063344, 0.9356509296219281)
(31.250016778049932, 0.9676672056468928)
(36.629387690065904, 0.9843048401516175)
(31.002962599462943, 0.962531985576449)
(34.527451295596705, 0.9501090836982794)
(31.090626964750363, 0.9427321078436093)
(36.873205161435195, 0.9841179655631017)
(36.680492906504576, 0.983967383351372)
(34.4365610222802, 0.9822976576494287)
(31.207771281457806, 0.9435862144414314)
(30.89193242597375, 0.9626931420218726)
(34.5184422100671, 0.9495667517018807)
(30.956280956185907, 0.9621311640827159)
(33.163050095712386, 0.9710851049455196)
(31.180835763740184, 0.9653648576575525)
(34.425528004714735, 0.9819453188625479)
(34.92205191064079, 0.9851000051443269)
(34.02636936133557, 0.9419460912484229)
(32.2443598645572, 0.9519321574825659)
(34.223722139736964, 0.9763280873762349)
(32.77280590676626, 0.9685456446335771)
(34.47913154053227, 0.9819703966238174)
