30.89349331602165 0.9368317776363734
31.000264358836315 0.9304552713157428
32.963838638072865 0.9592861661585235
32.37960837394134 0.9458267274571578
32.99228675476805 0.9528823710482568
31.1642338039324 0.9331509213761768
32.70046766003085 0.9620135047013154
32.5884005865502 0.9507374170943103
30.197735058275086 0.9065864423206296
32.532758871453204 0.9118300053541701
33.18203013858482 0.9224358440303637
30.132979912028894 0.928465061406528
31.498702443105348 0.9260461791492457
29.36748496612548 0.8685094506384623
30.147424712526693 0.9290062447128278
30.86446327384481 0.8461112593496478
32.3011331265234 0.9453858840146642
32.21312429988236 0.9634715595864054
30.78532973872388 0.9329964847984272
31.42068287615491 0.9432385292256736
31.12765381300791 0.9347166253083549
29.099913020763132 0.8310426917778679
31.994395059853396 0.9493396419169826
30.976713064785315 0.8495337293785219
30.156295783300667 0.9179278839344513
32.54457502401119 0.913102763754717
29.570855577103735 0.8337810663077767
30.131533000404872 0.903529460532362
32.607942965754816 0.9112019410782776
29.309820997885648 0.8217956877588641
33.89850329926035 0.9705657816187232
32.17388293637964 0.9516104477268388
31.903642112078114 0.9491462370717408
30.808638942162556 0.8938674645780696
30.925008850746853 0.9432978382915327
30.99844324744017 0.8538253711446293
30.073439847362565 0.9005262872632174
33.33840703809384 0.9263487900749514
31.50643699342053 0.9293057771213424
30.454962818511625 0.9488229902763159
31.90893133306239 0.9598949930989665
33.63826096139988 0.931077822867183
30.095696491678197 0.9325455630694269
30.393390708895517 0.9036697571599611
32.9353917463903 0.9536628152452596
30.527284600475895 0.9549905151534775
31.15612292476712 0.9401363470303034
29.42009899377895 0.8499981111856081
31.94958805841474 0.9503794915575244
31.899130861567304 0.9489822660908784
29.51613929653091 0.8553602770551584
32.74214872826319 0.918915129282019
33.652490910874484 0.9677005183883223
33.53304535355181 0.933949961854404
29.849765788021017 0.9225909531061056
33.96155047456581 0.9691519586035096
30.15933057342691 0.9358887356325795
32.15057752928812 0.9520341925555891
31.584834372268293 0.9499965049234107
33.71080943400816 0.9596459902931462
29.869832862163598 0.8697755496360545
30.14483891953162 0.930572035090786
32.48586570027549 0.9113614210260401
29.83822117147203 0.9204196228255231
31.426948853627543 0.9574571628719728
31.31851261653504 0.9417014712884257
29.633817105592723 0.8584454791209929
29.35973411640468 0.8305380954736861
29.57460074016954 0.875182578849003
33.81576305246132 0.9349014693939205
30.965340032275673 0.9380167741203087
32.9357958407349 0.9676665700386397
29.858156843359637 0.8908704578525417
31.222398282498716 0.9187178662257584
32.221182157021175 0.9596017644639752
29.956046276004212 0.8850365836875962
32.749044540507654 0.9174223707306696
33.130544324285744 0.9633405669117905
32.21826274082857 0.9591715683566806
29.40681760095928 0.8392626579657387
32.808837536589024 0.9590276927186663
31.08330746202887 0.9357050048188219
30.571852882063695 0.8377554795144239
30.197256562783167 0.9425292271313623
33.53933250827906 0.9731626208353298
32.7326574815834 0.9187995632942251
31.442829036011638 0.9366772483845301
34.386191315198516 0.9763638215333967
31.471351330634253 0.9253254161997571
32.08302520163001 0.9669011334463713
31.383011762876535 0.9435688109443127
33.663738118056564 0.9622886342460494
29.367792333847266 0.8448426060663642
29.794154059590294 0.9173637609516837
33.43838402872815 0.931940269941119
32.68673034116469 0.9145329138824796
31.070369040834663 0.9423905178104375
32.18059233851952 0.9458329083247569
30.137309261780683 0.8944028351093166
30.045741479227885 0.8867466731827012
32.34616132979669 0.9730875249427764
31.8855448143697 0.9598600133569511
32.90533838074379 0.969896268340972
33.090962113760526 0.9534764640783372
31.204418230163434 0.9403146855150833
29.31007803545603 0.8533008713278866
33.34968016566128 0.9635201141826084
30.73692009751495 0.950564746653603
30.93654988752315 0.9310407236806335
31.472898592263235 0.945102304221519
30.02867556780227 0.8782046186488635
32.6933896149911 0.9182788252961736
34.49931757222973 0.9771823074511793
33.86956361462187 0.9415411818097817
31.505871000086294 0.9466588807660664
32.463719162887024 0.9592042453094496
33.24520761191768 0.9199522872311694
33.156875968686954 0.964228123093573
33.18611610874963 0.9652870684033115
32.693153620130815 0.9181911354503572
31.08145007410893 0.9373217419981884
29.67248460144321 0.8518377982117303
29.53247489915227 0.8378891315219048
29.434416399210956 0.8369834500255641
30.940004962737355 0.8603086690773163
30.86705563118784 0.9396967460528546
29.6302780948454 0.8260284990464173
30.249366943470534 0.9427359004770405
33.979263536805206 0.9395977156081117
29.73057882563775 0.8485990303159925
29.543958907675187 0.853324809317803
31.51612280218227 0.929065190839602
30.332270148758454 0.9212808163976257
32.92821670163091 0.9703122741003868
30.565839939256705 0.9503012980235456
31.14635263331577 0.9329537435906361
33.04057343714458 0.9266407140317173
30.818227103183364 0.9419482477024418
29.357733782052616 0.8233901349153522
34.958171261008346 0.9727377118235538
31.67556676662075 0.9507792572426162
32.895771581007615 0.964508243162552
31.119073530886997 0.9371693058116263
29.6412814789694 0.8557669676730006
31.934091028074548 0.9607754529836804
32.15737045143207 0.9515241406393976
32.02622103563875 0.9496803214094814
32.943891256712405 0.9554531301130744
31.000394585945124 0.8589064906828581
35.180369109958875 0.9733825128675326
31.776363353973615 0.9408486899166081
32.0380667160267 0.9494686108957847
32.4084660312036 0.9454028355888412
33.60043498216163 0.9579107918580272
29.125735263288362 0.8436838355920858
31.935709061629414 0.940892733466557
32.26771523870948 0.9430416520707654
32.12587172632074 0.9684103510457375
32.900657056304645 0.9513421125904354
30.31191530121303 0.9143549846406974
33.03982117087715 0.9269593662432176
29.54192942420159 0.8383203053052805
29.535519270320137 0.8376676747235122
32.24125668109708 0.9233278904231771
30.19580002711683 0.896988722865149
29.77514908448654 0.9091207109008859
32.99725536883775 0.9599201363081049
30.048972470324614 0.9229289178789799
33.23465254503999 0.9553743986793031
33.73421375033098 0.9599983088238081
32.86186379763391 0.9212928062701767
31.45319806183975 0.9409696885696368
29.68706164434762 0.860500453890125
33.636099869569264 0.967173862881323
30.99456832596745 0.9359775284384654
29.281731656700867 0.8423053920553687
32.3778261190295 0.9634954787733601
30.209092610994347 0.9111083389029485
33.37726753347373 0.9235990362765562
31.143034077785504 0.9380015907327223
30.49941337771889 0.9298720310209583
30.96654864307268 0.8497259412947867
32.5851993820837 0.9640759885469584
30.147094844563718 0.9098775313800223
35.30428211140243 0.9806579660389746
29.322654345374644 0.8210596993212691
31.989731651467164 0.9614927929287302
34.26307306016962 0.9749380659059288
33.00072183974036 0.9253817397560321
31.216983309784187 0.9182676529993243
31.4192713302989 0.9575037252511448
31.293129764004483 0.9226763923573764
31.430746916203375 0.9593780039274981
30.072378604217636 0.9221776801120908
32.14731124873946 0.9211329771074025
30.608486118287146 0.9456236270420394
29.961619761727746 0.9184657990107535
30.818642592657092 0.8435507156680084
30.111864088663744 0.8832477255662625
31.119584186967153 0.8932811301968077
32.982240429831755 0.9556928039908785
32.154417144014424 0.9683839381023809
31.280328015152104 0.9345171512347894
33.00383232138633 0.92207872365655
31.296889795985415 0.9228382015417831
31.501678051195352 0.925518774995096
31.770052765092572 0.940102549858684
33.42926691720051 0.9325292328054131
30.803520492802363 0.9362549837916507
30.771535179968488 0.9376205794237298
29.48331629828548 0.8494583230048852
30.52344767684805 0.9181388181111134
31.759256229962915 0.9392263910320557
30.099278076614667 0.8919139876712469
30.739553274357814 0.8889489328870095
30.062119233437635 0.9207194399039935
32.491253994135235 0.9128255831222819
31.89901116069672 0.9484668103197283
30.990262372471335 0.8575748488694626
29.527954200122245 0.8392244537286077
31.22425436206842 0.9373353527937994
29.264894647728646 0.8423848310085659
31.686310145883894 0.9359472300296682
32.099416433030555 0.9515934481579252
32.985621998006664 0.967580760262167
32.202320066194574 0.9213508822828287
32.61606970013248 0.9038190621336231
31.445791409047924 0.9445381458566418
31.05064821515076 0.8680556179386795
31.248690650691117 0.9423411217091114
32.996605576640064 0.9225321705734302
29.64340871272647 0.821199501616562
29.99960345053751 0.8896651840579788
34.15493725756389 0.9731743104580192
31.127846001025897 0.93301562413199
33.126084888800634 0.9636742678174645
31.07050841205206 0.8939029302719594
29.3301608068833 0.8424624980571361
32.92193393695685 0.9699457567135551
34.078683443451226 0.9726142761158981
31.972148010321515 0.9501053578681178
33.224508339302474 0.9642407956705261
30.081328460120197 0.9015557878431073
30.19681511586112 0.9224880305706219
30.652725519863377 0.8796783476274107
31.96071162104371 0.9410355950506538
31.78738715462783 0.9388329922197923
33.131683724236034 0.9519245825862251
31.342688350532978 0.9237704183825458
29.344100071036962 0.8288513919591224
30.478433447211756 0.9171915710162978
32.52248780205288 0.9551784852396782
33.2448863305972 0.9184415882324626
29.42327652015367 0.8787297635050789
31.160797703756845 0.9015688691805807
32.154443832400595 0.9226191298406063
30.790405969230076 0.8876641292838625
30.094996331252702 0.9112414405429532
29.626857036039866 0.8406326271180589
32.9643622923289 0.9583163741234103
30.070062502119313 0.8919976423890943
29.274022407043955 0.8327549780707744
31.396122080387585 0.9429335642833784
29.26921391964484 0.8092184770983194
30.167555840014995 0.9404033231243413
30.467458455867092 0.9231669054501191
30.850489190757738 0.9258483871430501
30.118820425098892 0.9074146499542217
32.88278424186532 0.9699823347745802
29.470548811016624 0.8405388266438757
31.2608585278254 0.9542046214905215
30.37632546072606 0.9491104664199869
33.02372580466041 0.9268463936728842
32.083123474750685 0.9512040578883522
29.389402762985473 0.8285815024320133
31.76607681380242 0.9402490854534551
32.8391786084152 0.9505728620280012
29.794510124909127 0.8931003455863957
32.247029028464276 0.961376292076797
30.446683802065813 0.9153307757380632
30.792194858221364 0.9550344058240929
29.623157367372816 0.823787163275895
30.42617495927265 0.928293841346033
33.06809912840194 0.9627896415364507
31.23849718745226 0.9191680168110795
33.02253112883703 0.9613789977841158
32.927387121257425 0.9702287768275948
31.128451947224338 0.9461004721713493
30.991366190600942 0.8629990580587452
29.327143009942375 0.8283681646910116
29.92611397077564 0.9185560619369072
29.639815188359925 0.9187800339546061
31.507794497558116 0.93732936941757
29.495056200067324 0.8373893023829582
30.098422782539558 0.8926439735271597
31.733681295734222 0.9397293364920124
31.995650445927307 0.9469816421280962
32.157197223801305 0.9212208398782559
30.520165152866202 0.9505240164043164
31.122281970241296 0.945733225644422
31.162872757861663 0.9326993074379321
29.388082789671746 0.8322950491615038
29.17942032374906 0.8331718470209902
32.00914745119893 0.95117266445781
33.40185249502785 0.9706223662026342
32.494131214720305 0.9660066854636579
29.483382200372716 0.8744864003038616
29.275895320808985 0.8255583320510145
30.79195081552498 0.9253117787500652
32.139708333108146 0.9513503546060086
29.334180390745427 0.8285582122157903
32.1831764781266 0.9387456699795111
30.152893219542488 0.9112165180074843
29.256213456985265 0.8239004113862193
32.937013531801725 0.9488118581705213
32.13711471775542 0.9206411371693556
31.132185734564196 0.9437659928591875
32.773396442260356 0.9195910807438155
30.32888707135968 0.9153918483360111
30.893994041723552 0.8340087677511101
30.477693301896828 0.9337757276386911
30.41587118815 0.949847953585958
29.364273050613946 0.8309206379313948
32.76568089951086 0.9208448244726338
31.017930682055017 0.8975185267184381
31.619983393264622 0.9386858874917082
30.852423793226148 0.9339690446286023
30.48065537621841 0.9264556276499352
32.12016755560137 0.9665768220881052
33.613963395801896 0.958621407045159
31.182664357606747 0.9496511382532052
30.97211269888239 0.8970138480790566
30.242433964001762 0.9427945060485661
30.225316779031036 0.8944390992380108
30.12569885450099 0.9213744076484691
31.19290058504192 0.948632876297923
32.16747977613825 0.9167100454495661
31.87551449431579 0.9405139689119547
30.44076694945824 0.9475279393246392
32.63643316800413 0.9148657789883823
30.10653654253593 0.9297578235150333
30.451627581973526 0.9548200278929891
30.683676460124325 0.8561804434379503
31.625171063490658 0.9420677241586066
33.18781279218586 0.9221737513359469
32.485356584678016 0.9093389407805631
30.33908197286558 0.9157509208563098
31.50299216176114 0.925473346629649
30.027936176643397 0.929735291519322
30.053807570724143 0.9269693601972518
32.16237140737662 0.9452599425195822
29.823051769306637 0.9133134488965394
31.85765874862421 0.9438607398683617
32.93789419562404 0.9705911927670517
34.51147003717313 0.977555186803261
31.837755211431062 0.9438159243566276
29.407724400200838 0.8460838366457567
32.29219969365999 0.9709193432120785
29.547033304575656 0.8384169444260318
32.12957228868791 0.9511120653053835
32.136237594109794 0.920337531823793
30.526548974986618 0.8292294054542066
31.929913467974636 0.9409442585962122
29.582820882530708 0.841824289943101
29.45354623430439 0.8374423750664454
32.929523234909354 0.9706059225917015
32.9114640706561 0.9697705211395368
29.92496853982393 0.9229075696979899
31.53257462588406 0.9409612555055371
29.35841611877899 0.8288006449136129
29.964016594739775 0.9114042284382398
31.52949314160181 0.9599564417246048
32.967298098002516 0.9682052054898157
30.011168046132916 0.8884014222924461
32.17177936495328 0.9228635685505684
30.497542842261783 0.9354165460067674
31.593898257971755 0.9291362303356463
30.02035192438056 0.923180043392487
29.69905640853957 0.8610914831069149
32.2166673006187 0.9464188771595089
33.578027071970595 0.9556557671464136
31.58205256859626 0.9510287476656958
33.272736268246184 0.9260424992751946
33.58627149550334 0.9561939689256609
31.742694144794235 0.9459904649711709
29.409862153118844 0.8483042238095275
33.62105736592507 0.9570569699313437
33.415674531406815 0.9708247469286926
30.069672848646533 0.9249841448488401
29.81664296258036 0.8643553002425307
33.150338177921256 0.9179783257953136
29.431891171700467 0.8500918347745547
31.896672894703602 0.9602333575984822
32.227855046015826 0.9608438773877415
31.48831992804924 0.9479747449872336
31.728407249616872 0.9388157773913818
30.898827555127134 0.8368342492688976
33.12541733792366 0.9536959871269358
30.927012556464824 0.8608743966768121
32.344167437293144 0.9444640722018038
34.9423606381457 0.9775997370642807
29.44247274348502 0.82752900863447
29.444738598221754 0.8402990019115949
33.63829699716861 0.9579038499389431
32.983928265454104 0.9558569765332945
29.65701847502231 0.8858538559827364
32.180112699781844 0.9452301344883266
29.44741130666373 0.8124401914845701
33.934263018433136 0.9416775088765541
30.04042300805787 0.9235543228979486
29.289101468703684 0.8291699844832379
30.857370417905997 0.8707194315509943
31.762623825281754 0.9423172694534763
32.19403285619134 0.9692603952750916
30.897085466544205 0.8445909755067513
30.000507367321912 0.9223433304943454
33.162997323183696 0.9199063744567507
30.453724664657965 0.9347908202038694
32.777633601376756 0.9198820674460203
30.25134530840073 0.930593762210044
33.12146149902698 0.9636621554103427
29.480113258780385 0.8451268366104149
30.094344760420864 0.9162941443141499
32.8897153873841 0.9673820312122183
31.850820381507738 0.9439628052628112
30.807425081599426 0.8945041378938285
30.3211367413127 0.9153358327684601
31.928674883963634 0.941661886630504
32.192684966313706 0.9444739962551922
32.97932067479341 0.9695401871491197
32.295747091163 0.9461338406136343
33.43272625114589 0.9318952939714278
31.559953891306236 0.9377136775339743
33.18132149652786 0.9643256705873606
31.88870953211549 0.9598565797263992
32.543653052164046 0.911725711195896
29.713979864096114 0.9123931176341561
32.11205691945886 0.9519811609614706
31.918438340121238 0.9406436811746984
32.069277549842006 0.9509491732786665
30.742375116971715 0.9465235642914591
29.221384367867106 0.8393559763086147
29.97161254090656 0.8809335849034725
32.81472145164994 0.9493555388670444
29.241175118849895 0.8219099777623778
31.571037102425763 0.9424830006989722
31.012359777137316 0.9400323108397427
33.97061877738302 0.9723791037120603
29.322002589895778 0.8416929945778927
30.58671475180756 0.9385208944339898
31.05382775549499 0.8779711719929938
31.954073532475334 0.9471294912812539
31.206231849762098 0.9339005743417638
32.21730101541529 0.945488685059524
29.31881267264235 0.8207721878743653
29.541024794083057 0.8531915829410199
31.313364316350764 0.9537288890679915
30.154173874533146 0.9341557436992828
32.730524178632315 0.9172849073806658
30.15045239844219 0.9387149136582136
32.966974118579266 0.9707367431483839
33.46231767920789 0.9337676168606088
32.31740968527778 0.9456760521241456
30.66231999537826 0.908782480167767
32.17875171398458 0.9447664130029395
30.0571478169651 0.9216717142814319
30.223749760016236 0.9153599317785779
33.26956192132188 0.9679405090347527
29.39267666949798 0.8406195400040376
32.46216337064608 0.9484601529901483
32.0746677105098 0.9043909064966282
33.708391692428414 0.9596593705484124
32.31634040082872 0.9216835311578911
29.938115320686258 0.8874162749701275
34.57396011454319 0.9780966572238624
30.064874453029084 0.9290618636533688
30.769102226643362 0.9453174183807024
32.83978077276291 0.9662035382263333
30.41016653435973 0.9497321071427299
32.99331651037473 0.9692151482744876
32.67050075096452 0.9175714939390633
30.224470990303665 0.9203098369512923
30.29462931289961 0.929702585091512
31.259942346667096 0.9189225682350217
33.54519307726144 0.963120276729535
32.13955126357198 0.9563436534486734
29.411497897685493 0.8495282691776952
29.44677419986681 0.8332532420133673
31.29466687955705 0.9539061254488017
32.73913878318397 0.9194602634087883
34.408598417851245 0.9769569767960004
29.352733378534953 0.8791526615573616
29.541117659181847 0.851875413990224
32.64451815716657 0.9146218737561999
33.0133687843861 0.96742474021814
30.533144051033737 0.8416825230545126
31.165721940327266 0.9321294979466479
30.409926871099337 0.8365508853826426
29.242980418420657 0.8559031556397831
32.69596842898269 0.9136880552268234
29.43149022310703 0.8475213474910791
32.42121527378441 0.9488414633904758
32.27779151450521 0.9446259299750603
30.36652454811451 0.9188453387412655
32.95121618240992 0.970307161947381
30.13121316464854 0.8998585581432808
32.12683061627725 0.9513737741736777
31.17697152616469 0.9381135246082101
32.13151379976349 0.9511843386414248
32.6670838492234 0.9142660578563967
32.553273358203946 0.9148489335963425
30.58291113002728 0.9428828118476258
32.54133971339471 0.909801877242011
30.7642946107211 0.953063920317319
31.944607182029962 0.941403434499262
32.891818943454 0.9540833924552372
32.67948618556411 0.91344564507482
31.05384287107567 0.9387633910610751
32.24060217087343 0.9612032700814975
32.24738825881674 0.9456459287999033
31.43770164734029 0.9379642795133353
33.26068179296639 0.9273249852764434
31.475991685292204 0.9581220404213854
31.947562147493556 0.9614482057216109
29.374308177769286 0.8353867530045245
31.24523419936885 0.9380599877185314
29.381143840223622 0.8384851678697313
32.26446437860277 0.9626537752165499
29.37212152338754 0.8468531585082036
29.30624952550061 0.8195397176252327
32.50429079668032 0.9550644274654897
31.068601999376774 0.9568745822456354
33.2911156887436 0.9256184712047042
29.531978194341395 0.9107845051487914
30.750431383642912 0.9489216554198274
34.9286119143072 0.9777152558116902
32.179436143668994 0.9449314918216386
31.96636267547524 0.9613297566441866
32.67662265224358 0.9696383009247188
33.033423111187915 0.9253448782942256
31.768468877436664 0.9403828408997852
31.940460696552336 0.9473938869684226
32.136617228260036 0.9073015940041674
29.97597456007437 0.9198666258351522
32.72032649483337 0.9174344752505534
30.792668487769447 0.840303081074203
31.00237833630088 0.9379589714979281
31.390514989646448 0.9424432899586125
29.465954394444882 0.8256653993301334
30.97643395765097 0.9444627803231991
32.607984602546935 0.9643262897644587
30.479123693055445 0.9346926881814871
30.14535391123909 0.8905429850463201
29.364036686754 0.8375066444627466
30.73981418010073 0.9518596031688943
30.07461618285138 0.9045156537698912
32.114394752075526 0.952092037590915
30.529382325540382 0.9182664718241609
31.257773168253596 0.9194170938175862
32.0522635118746 0.9654581600029175
30.01274278976898 0.9142222477216561
29.202187582490918 0.853380512265593
31.989526441746136 0.9615720981404764
33.44575697353127 0.9291316356334881
30.520457272449843 0.8307687106099726
32.904036101746385 0.9703467204356095
30.2483213610779 0.9221821264903762
32.266729177249445 0.945380235280105
32.266555603267705 0.9399533795737003
32.23847854330115 0.9440629713106178
32.10673682693917 0.9010453017202763
31.518895394636125 0.9283140817329757
31.06681911194263 0.9358074070134941
31.9921782481412 0.94950281364667
34.27235999918756 0.9738275452525121
29.59889448912446 0.9329906348607627
30.91546751979067 0.9423436747750682
31.438969927378494 0.9603248842943337
33.556327829799656 0.9351471867441249
30.336701566837938 0.9217008853537676
30.208901811331764 0.9346714596416952
31.76754798644774 0.9403731173852679
29.15919300270366 0.8455061557492378
31.20267083421972 0.948212903744795
31.1093365261782 0.9331909768608321
29.337061692351575 0.8108877172367364
29.46000399789194 0.8280845356926227
30.956859050181183 0.9305965272393669
33.819902769555426 0.9695891696883889
32.57172921124062 0.9667048614908409
32.944236013026796 0.9707807256345479
32.90394438252865 0.9703638261264205
32.884417643562614 0.9702635529596154
31.187993088283758 0.9387082775153209
32.729933679058696 0.9570684040620695
31.78809082851881 0.9394872072877709
29.5972084489225 0.8227966382754264
32.13101300554921 0.9218691067914372
29.297926995851267 0.7979142779054214
30.652670392008808 0.84833547454128
32.76220366523802 0.9590471422150656
30.62566776552067 0.8349370372275015
29.584141333915742 0.834102603710704
31.173194736669924 0.9382122755286897
33.53015964275478 0.933779921392631
32.30991451730567 0.9622373933567643
29.527205310811024 0.8828565726200222
29.447988747309296 0.8360645291397143
30.44989954170891 0.941116510596776
31.212459048293617 0.9503068249187822
32.92198299929514 0.9550689829062142
30.977268032553958 0.9314033404892066
33.09946704932674 0.9207123636193306
31.297598847018126 0.9213028150333158
34.555684450180934 0.9779072560735378
31.463271688724376 0.9250371240439427
33.05535682682717 0.9636266814813426
31.01374268114039 0.9039489183036135
32.10948868375898 0.95025490096408
32.23954427299224 0.9202939580297897
33.16785007225336 0.9560755213112448
30.048971804030444 0.9061981803832804
29.388886668420827 0.8308726730330852
31.26024086957136 0.9186994290971741
32.272199014703354 0.9607440292819291
29.27069504376881 0.8101841051020503
33.014523132667776 0.926690685642465
31.017636421693055 0.9309072136241889
29.351495430900925 0.8098690583900761
29.38245808642335 0.8484441133734053
31.538878433663143 0.9410233437189547
32.5542112148427 0.9076433089873226
29.320452222069054 0.8306657738482093
30.599305921163243 0.8512525176544277
29.42746833543928 0.8390899052926177
29.53051956327981 0.8585754636552709
30.190902308235337 0.909811378035033
29.39772464032723 0.8355575914792014
31.28025193064215 0.9230399946707337
29.927222558931067 0.9184000652449014
31.660961977999357 0.9523533211726907
29.46127249393215 0.848749720872297
31.07319920931662 0.9322615805411392
31.553709261833124 0.9375222084340599
32.99492768842282 0.9679611896785254
36.018409483755185 0.9807924736544322
31.062930694389493 0.9579436204366262
31.419880355303967 0.9460482283736013
29.283621864728673 0.7723429148957914
30.392352901472705 0.9196948837702776
31.512387803120102 0.9448757089735695
29.899709349229887 0.8800966336394419
29.353971868397917 0.8287649638464382
29.536458479082974 0.8440241898899873
32.675057417581726 0.9121029152913199
32.1633253808746 0.9687505058666379
32.43279985384761 0.8903780225429783
30.19772310673709 0.9211868772841125
31.243934681366706 0.9495680315541842
32.255327645672914 0.9612855103385416
31.53079132874964 0.930061632785718
30.39997118094288 0.9247530137542812
34.94202827816216 0.9719923530957405
30.67939537057008 0.8598994145865683
33.523550586140075 0.972081800829257
30.765626397043796 0.8442724491754805
29.405458618805838 0.8348542842231046
30.94574560038259 0.8396345067342307
31.187001516830538 0.9072177843348451
29.428237954204203 0.846626733114835
29.98118381069832 0.9209728947334264
32.23574701266118 0.9426195237025902
31.117885642410496 0.9329798889914936
30.681297613146413 0.8330980810006103
32.1067525224223 0.9509027954150305
30.721125696070786 0.9499688260864888
31.12421693454293 0.9338539169558877
32.07117919568474 0.9512345051369372
30.164468541326418 0.8978029002814937
31.70908050906248 0.9493988030512821
30.960222663559477 0.9396724502592803
29.516831853051826 0.8527145622825577
31.343906737000673 0.9571283561019139
33.383001351654826 0.9630813226534058
30.03557598662685 0.8978898800048006
30.362616909007297 0.9093122959503073
29.375533626552695 0.8365437883479576
31.12908902224452 0.9320130567269619
29.749645143488635 0.9133116468328064
31.493496003069286 0.9467829108832091
30.719713915631974 0.9645867057329203
32.63326966483423 0.9560486915997388
29.32774681544676 0.8669249507822686
29.27850551499395 0.8194284103566135
31.167804521621157 0.9398699177710401
30.170704036310298 0.9116977012009285
32.90111832291288 0.9701139261642051
32.11465311978515 0.9505090302789769
30.895502233143088 0.929385723579408
34.23787931542627 0.9746335621065566
34.278046155507944 0.9733950927585081
32.95327301873845 0.9703544637848004
31.1602118978291 0.9328384298563293
29.36615588438432 0.8290751182325905
33.160746898712745 0.9125901542740036
31.20726059011738 0.9563522418427587
32.9609242762181 0.9705062795432512
32.1379557303118 0.9222217673379998
30.477947766249333 0.8426952458609771
33.30175315446987 0.9681520324327
30.680401097432465 0.9492423520865938
31.019857469625176 0.9337253411772714
31.141189817315404 0.9327525045448268
33.083068680498286 0.9635774016962969
33.382302213605925 0.9645442267798571
29.427558033856478 0.8539987762862216
30.595745920576384 0.9543897262480708
31.93749614792821 0.9430449418460795
31.178944269099695 0.9377435468838623
30.600927246513834 0.8395655669466002
31.306662686905362 0.9484038081511288
29.320638146841013 0.861575001799672
32.95483514888137 0.9753824242862057
32.5909740174713 0.9704544324309329
29.36478698721877 0.8413737202517679
29.699474845313155 0.861895646152039
30.083767893763355 0.9012511180991047
32.697954432224236 0.9191508800170938
33.473315481813344 0.9631735359482132
34.45939943417363 0.977560225103884
32.120017631716664 0.9509974481479294
35.151625321984746 0.9798769862524808
33.10021671565607 0.961575791780688
33.27877233846387 0.9261285988477843
31.292438890058275 0.9233615669728163
32.94197115766671 0.9554962291298446
32.06988021352696 0.9545685068164933
31.556627898998126 0.9382482814294374
29.263459427941584 0.829980129638175
29.56517444022047 0.8166618665513916
32.26049485860632 0.9221670041927839
30.994133452219543 0.8589290617168116
29.326833803738992 0.8337989055499375
29.400765309403965 0.8375608093850923
32.78714699192835 0.9615590520484625
30.948880381454398 0.9286590024897483
32.1721925378109 0.9449826782047159
29.368746850232807 0.8739788244008023
31.708602370816486 0.9388056999603641
32.89243272604686 0.9739203206511351
33.436011030597726 0.9715206432782356
30.34639014195713 0.9245672977017731
29.905109540990612 0.8924339485825137
29.235288764439886 0.8452327542333499
33.18797339160498 0.9230809576377534
32.920118589784664 0.9750318629776997
29.666679618806132 0.8366903420831386
29.906925284885997 0.8998610589362707
33.340543402322034 0.9696077752608246
31.06701929577289 0.9574031462629021
31.117587371778676 0.932853797972409
31.120427170824808 0.8939285337705786
29.286641984113373 0.8160558417576373
32.28948477353404 0.9196755373600396
30.07446873252922 0.9210773613947485
32.72849318050045 0.9583508683375473
31.917824565726768 0.9597288144669864
33.78552965288398 0.9638298772563832
32.978768615513786 0.9220366574733517
34.344684442573524 0.9750317891314868
29.58102680546926 0.8484501261794417
30.20222863844846 0.9209783686316259
29.25094999967326 0.8050486961196973
31.674904018599488 0.9406291815771751
29.552145765315366 0.8779796656589306
30.97351856680823 0.9441531089319113
30.583139936588854 0.9195295851416815
31.12518801246246 0.9547057279401235
30.748446702865277 0.8580520984996853
30.541206605005407 0.9129998220228721
33.116060781485444 0.9172029729540689
32.17585161113894 0.945651546717895
30.433544660968227 0.9454416426016677
33.289643743363854 0.9259046449657007
32.200786242757125 0.9238461030877874
32.20972116306543 0.9214157540003052
31.729568422804547 0.9370608319727631
31.228483200675644 0.9318975254475572
32.124161586490956 0.9668744011958529
32.162498230411835 0.9508090876030683
30.996705500335064 0.932565981744647
31.096337403495195 0.9323202997757704
32.56539727231565 0.965442615650982
33.000831841327155 0.9690658080737596
32.771992180614184 0.9651404022889098
33.614106231730105 0.9580209737826406
29.146352366959555 0.8542740282618777
31.167255121925756 0.9336154777479131
30.17758672884314 0.8973231129938823
30.373349430437084 0.9012545297879829
29.25164866513899 0.8483655401291937
29.43896655433273 0.8237564307172609
31.07370000021152 0.9332077013730122
30.10166377001884 0.9245117384127566
32.78240206997451 0.9180894604256776
30.097477594334183 0.913708604920479
29.34940927371241 0.8304187270562459
31.635489182351783 0.9649759360702572
31.233848934808655 0.9189681475802592
31.237823710261175 0.9178407112058797
32.69559870767506 0.9189030652952381
30.00061696574531 0.908734240546088
31.87093943853849 0.9433389022870731
32.98439846216186 0.969295269081713
30.364474157580176 0.9173473971688337
30.35312816672875 0.9186138492892669
29.56195356091291 0.8944019626382861
33.54995337736587 0.9353044919297526
31.04914334124328 0.9284257934126292
32.165835259590516 0.9448179442778548
30.354137818926958 0.9232556980333043
33.9206416100225 0.9672989396570831
29.373134779054002 0.8494789094314893
30.555881175696197 0.9425321170218587
29.403940394601896 0.8342185598161098
31.026649830536684 0.9462944426295816
32.14871752297269 0.9515819459774941
30.22865482291389 0.9189241836551995
29.54828334556053 0.8217597318711889
30.783258561761443 0.8437521185038773
31.134230335827866 0.9328870661772408
30.7736477467801 0.9349769395028614
30.283126080611606 0.9155273838810806
30.673404105048494 0.8362203936969782
30.884643565825293 0.938382017247153
31.75440855482849 0.953925626381803
30.887278441221717 0.8953793847042274
32.306030232747304 0.944862044508938
30.880477456694393 0.9367714853575569
32.0810545322687 0.9509340482183393
30.778578967533377 0.9537946182022181
29.36073842016747 0.8234162297769072
31.72317748149763 0.9422315392204944
29.505529003467355 0.8478703519605078
33.589643916715545 0.9746833142802241
30.027887772464567 0.8997647686585502
33.0781156251133 0.9630539942972774
30.971833887232787 0.9326386508253123
30.200778714519853 0.9262400166564506
31.87075598244345 0.9444161381851772
33.27495399729453 0.91967155724976
29.421254206416286 0.8287916767192329
30.941264093603593 0.933851393027017
32.514864478768175 0.90900774698665
32.88600257489999 0.9527985276280893
30.761119352611868 0.8594774297385203
30.959577287534575 0.9255180967570241
30.991771260967038 0.9353541039381129
31.040238880045518 0.937439965102789
29.33463180468697 0.8127036343450709
30.124832917525627 0.9099318009682397
30.111091699545597 0.9076387888353384
30.206706144672808 0.8984424309184946
29.96556583370527 0.917016640165315
32.55317491872519 0.951663338372458
33.604502781520665 0.9355349804871176
31.675053224975507 0.9514219009964707
32.931938187654225 0.9208975254080083
29.462720661546275 0.838557547316146
29.731202192250525 0.9400988477369948
32.43744473871946 0.9635438166048965
30.129092160961527 0.9040687316320998
31.53969855419476 0.938669746360112
31.315559068065934 0.9229816291436039
31.757666399263442 0.9402701823571193
30.98238763966686 0.9322532230708566
33.17281950330631 0.921723130775841
29.354102644779708 0.807829024607964
32.269607667590336 0.9453249040522838
31.189968534510353 0.9390707582032153
31.79353481160892 0.9402183823483872
32.9635170891564 0.9565168708215732
32.94262277179612 0.9219591347865501
29.974768743884592 0.8904825328247173
31.20353010241512 0.9180917582724779
30.468619314045952 0.9167267580146878
32.71400200303602 0.9197873732759094
32.25964086567596 0.9614048848252659
30.849950989629686 0.9307306533539256
29.398291114329776 0.8143560942408091
29.99112401280408 0.9103861631074999
31.953502565650066 0.9408065037420233
30.48199766793379 0.9472522857872022
29.43018744391434 0.8292582872698447
32.65729828584504 0.9163874564269063
30.53633229143079 0.9537463080183803
29.532212441060516 0.8542542688130994
32.20584477146237 0.9222964518637331
29.38835918966547 0.8586060292012913
30.993475288055258 0.9332867630740479
32.75715358445068 0.9172559754620665
29.774248132450943 0.9283215023019638
31.165870437336324 0.9430316004297525
30.075106602891033 0.9239464891346644
30.09470857762 0.8915569125444135
32.166060543607465 0.94525212118263
29.403900191564254 0.8318187558681565
29.354209009950736 0.8670246294694914
31.02057936733713 0.9404196823185635
32.23368525880114 0.943020126233805
31.781383220466395 0.9385679329919175
33.17750522498641 0.963798096961592
32.25442632174289 0.9605955023067162
31.610929878732534 0.9454825759708081
29.17355293436478 0.848609614562617
30.17158373805049 0.9410904546656552
30.195968885773187 0.9080986738277138
30.194647139174155 0.8992978959879525
32.79708896765519 0.9204208435720079
35.35173185091914 0.9754049781777202
31.899965798886768 0.9484628346047692
29.243048122531015 0.858591443035209
29.273388311986075 0.8185070589452217
34.239764134765196 0.9749462840832148
32.06911628782816 0.9474564938999573
30.60333917361877 0.9599464868235779
33.742466107894245 0.9308936644131603
33.424947225116874 0.9331339039715447
29.9449094411716 0.913749320943337
29.982164603820426 0.8894918563886712
30.109008421074638 0.9182591089361262
29.3474877643795 0.8310631584840983
30.30323709637444 0.8717753046830086
29.94847401103589 0.8922037458049552
31.66779262843018 0.9513490707247283
33.594138191952766 0.9738041555403238
30.439458479169925 0.9124771347125313
33.14296513398907 0.9248121811521854
29.217956023718283 0.8451302114244401
31.57470298067331 0.9409491434842241
30.002352020242395 0.9249852141577712
32.242118474553706 0.9435338945620487
29.50891794744544 0.8355015167145224
30.455244488057744 0.9555562876779351
32.603608518205284 0.9164127845227216
29.447855499837146 0.8366852386523287
31.528497586292865 0.9255017836566801
32.23041535289583 0.9457346774666983
30.053327108723774 0.9295491978070863
30.93209881279727 0.931186766228744
31.263958420232193 0.9208812291328804
32.91662556880627 0.9507241280932422
30.09589517911114 0.9283340110895448
31.704304745244908 0.9429784771799128
29.51746851306309 0.881383444267749
31.092891597773548 0.9484412529241251
30.558865858195606 0.830776872544007
32.768727167151 0.9720493166410558
34.50144690827919 0.9780080472285332
31.50472526025503 0.9493449865253006
31.92547647194904 0.9411072685838795
32.42413049334399 0.905762456038513
29.838936150991884 0.8900091274860311
32.01384119347747 0.9635542446063187
30.956475835336335 0.9386474316021187
32.724964969345315 0.9191395940226533
31.257397076265484 0.9205115044717136
33.43464509740903 0.93385094217553
32.061562076868135 0.9513625526946093
30.19060629394002 0.9372647838398279
30.24496468754593 0.9420579267619202
29.302120302358446 0.8402885363898429
31.068255979417142 0.9588901637551908
30.804135688556077 0.9554755072948173
32.85286021240043 0.9491296436701547
33.05629910761096 0.9508429900031765
30.152896176740235 0.8994912589479274
29.21707350355075 0.8128955450610978
31.013280924699053 0.9557229264352763
32.24165296709725 0.9580832739519025
29.377465113884735 0.8408537165318528
32.134148224909424 0.9668246864436267
29.45978893338777 0.8401783560649512
33.02216556731949 0.9626402690286752
29.34670813793335 0.8408591297199693
32.693731789484715 0.9137854453908987
30.19016116313844 0.9103109235243055
29.307888083170933 0.8254908386557437
32.99836864853861 0.96914221286542
29.123656401182107 0.8284043938574015
30.38173114826915 0.9138977105989181
32.952778873073 0.9482395225352248
33.2691134275838 0.9184364460972761
32.90275263740663 0.9697374504136792
31.073488260686908 0.8741728290001752
32.91814189059259 0.9704252908751237
30.530944496652804 0.918966706513487
31.17843234708914 0.9627767482925983
32.818192682909924 0.9507763497797063
30.975744103775522 0.8487854000510233
32.53652453988817 0.9647031386426114
32.156126974630595 0.947751074213872
33.87664508885205 0.9718885214923887
33.35889472979349 0.9685297182282882
31.068725022856263 0.945092487383676
32.36315991174652 0.9229948532763816
29.530297036483063 0.8288645730041732
32.58937874918435 0.9089544778566465
31.098465589612342 0.9281887562247416
29.36891453411388 0.8259958200607407
30.01686391598922 0.8898822797102394
29.278653382455705 0.8186755873500596
31.722639341103232 0.9376448254295071
32.55903140195522 0.9549136154871476
30.112324252726875 0.9068426942409749
29.7116642779504 0.859986035876177
32.06275934494787 0.9510044011653783
32.60477493626583 0.9556164021546519
31.9450364140997 0.9598841214993408
29.588233531293888 0.8569577395409115
30.75036429941095 0.8457680831180255
33.56412595530714 0.9644196094471956
30.139288244078884 0.8970700887263533
30.061913843047755 0.8953939355496646
33.78498311041815 0.936364383347624
30.11813886767673 0.9113678729399355
31.927314800400943 0.9475493985366925
33.28763900867124 0.964526549025882
29.42266274770432 0.8399595331891927
32.21037797674367 0.9455084621202289
31.227600335576224 0.919039422319361
30.20406548962635 0.9105416084826784
34.43609137599734 0.9770994993177816
32.182162237784155 0.9697252696252803
33.53251382668046 0.9337724573612016
32.235032341730694 0.946085211722079
30.138019904887045 0.9033624675880073
33.623460850083646 0.9648810019063785
30.91970778534151 0.9342553977565263
29.45310765468625 0.8345850713123538
31.069981859594176 0.9541232705060445
31.361238084727496 0.9400375756083627
33.423422942790204 0.9711321174687604
30.810194258678955 0.8564712720421771
32.776678704281046 0.9648842712156483
30.624806242689715 0.9617823579443744
31.032809574223073 0.9407981086833805
33.08385483225159 0.9533587517303912
30.407332451897556 0.9485445838614873
30.83538189299734 0.8566470159045372
31.14532192319539 0.901016820325085
31.249976364566308 0.9208250100540749
29.311129574944257 0.8325227515043878
30.84518327770523 0.9260550398332359
31.08196956680154 0.9408661944470914
30.828938577665063 0.8518306116088046
32.866119367720785 0.9530690147566772
30.780842954474338 0.8922874869897828
32.166912967868704 0.9515715285093865
30.166905844120976 0.9028744547241295
33.17389479690181 0.9124282129547973
31.538146403447428 0.928891035153953
33.332917201917795 0.9691184903870588
33.25521445672129 0.9246043725801
30.519132246871038 0.9372240853557889
30.59676496147269 0.8535000866707838
31.183852794198632 0.9332431290918115
33.02439376814859 0.9515315725506741
31.291877044512937 0.9497449850056353
29.303874976360373 0.8115563770254919
33.78596336568701 0.968285977508794
29.995615813568612 0.9193817490658899
29.75548058244414 0.9236823728082969
35.0935823760181 0.9741830989348369
30.977421499983826 0.8466015215423661
33.11512929321002 0.963957929392683
31.542234081602302 0.9496009734048171
29.971222894414534 0.8884602844390592
30.216376915643956 0.9110658975265
33.533265314735424 0.9339896537693881
29.328141685690635 0.8483133263012506
31.81107100440618 0.9527878033023404
32.199732167175966 0.914275547981166
31.951612849639663 0.941596070864836
29.356537394244107 0.8470330362314908
31.608645591264228 0.9410715044980845
32.94619866059419 0.9570677674514765
31.002392720624357 0.8590839235864424
31.916818873682423 0.9479631277963695
30.38741199408113 0.9147085171211358
31.125644178214404 0.9438761419490003
29.36147336363514 0.8510458453943647
32.075169485780954 0.95124285797026
29.547579621427545 0.8534426403365002
31.711030712530018 0.951865038057576
33.42762217199808 0.931900612439
33.046495725368324 0.9616616415342014
31.987578994626034 0.9612430483589927
31.490598423981446 0.9371629330833038
31.609002153664143 0.9496331184971079
31.23123755256479 0.927517512256716
33.19950034345049 0.9654175084848317
34.36409118112484 0.9760824875313773
32.29803273994079 0.9464061222931618
31.81747322603146 0.9403461847685732
29.63122571818068 0.818973999330794
30.98437667840148 0.9543377745515359
32.209929009375806 0.9219887792905922
31.5768614946257 0.9487468556653736
31.836708221031817 0.9440660983562283
29.75036351849837 0.9184239856681528
32.11542617057433 0.9513291815120563
34.967725730932045 0.9784717307156444
34.287788976478375 0.9746941540335283
32.54197017915042 0.9082993493340131
31.496017398108023 0.9399017233527401
31.916629372056814 0.9411999684998084
30.079551059125208 0.9279699732441384
32.20872371225524 0.9215775902694722
31.93701345923913 0.9609262245436505
33.140864015394925 0.9647152403914842
30.97783985003444 0.9376965263639372
30.641023747947337 0.9358589630714509
31.45112957543688 0.9406265496108955
32.7436350696778 0.9188011946857658
31.216091156163216 0.9197380961872634
31.476736453649497 0.9249565864936109
30.252686055870946 0.9005248217017813
29.328625022625843 0.881303261165613
30.88230707097965 0.838728560008179
32.702621435222966 0.917630079402661
31.93450413678237 0.9409510051113958
33.80543573778614 0.9658003192174179
33.40746150550717 0.9710056495924203
31.199095369778696 0.9408363730190034
31.875567933368725 0.9479141632626965
30.817760222112327 0.8619262058826977
30.01244920244973 0.8916549392223361
32.36566684996693 0.9486680012243183
32.97787352160867 0.9225030845379901
34.98995653873087 0.978131295028556
29.431429342271322 0.8419191003427978
33.74143896766914 0.9603803393851169
31.922345371677224 0.940745890645846
31.038566338208092 0.9384697883341284
33.668920536817 0.9594226836261281
32.515910878386684 0.8948707587984754
30.811786402173844 0.9418667682729598
31.868297810375132 0.9472980697806975
33.242917900425 0.9246122799826295
30.517821233349935 0.8489314386345232
30.076322726016404 0.882761713618146
35.1371266308583 0.9795009083291389
32.29847338644305 0.944479630247324
32.11107736166325 0.950851056238552
31.92766188419292 0.9404522314509379
33.68834787449577 0.9595138387556765
32.951338802527786 0.9198962510974487
30.652475663568577 0.8439229166197036
33.19505069331185 0.9658184233070558
29.984896903167048 0.9214722754790307
29.331915174702353 0.8251188588618008
31.537868520909672 0.9364435240376956
33.58080803469575 0.9736651949299813
30.766117047824103 0.9036416794906843
33.58718131966755 0.9573020532474675
33.367575198519035 0.9702138750385957
34.10200205128036 0.9726723126026081
31.47933797451333 0.944751427382414
29.88305830898314 0.8816467690242006
30.330355054466263 0.919182721243129
32.664544838521124 0.9642713019895136
36.19222134702446 0.9821588559868951
33.09513434396719 0.9249171105301058
29.525065719663722 0.8498698404674715
31.906539690175588 0.9489033620891174
29.371462492402863 0.8525840121611429
30.17849414038087 0.9222875436016978
33.26929244655729 0.9564438305218633
31.340277120711338 0.9378358291267032
31.117207603487547 0.9285602645037898
32.1173041527158 0.9508707263947981
32.092735531887406 0.9515713138408443
30.718848046778945 0.9462292485229511
31.50890157056522 0.9277750133312084
30.120560235542992 0.920905166852459
34.911864317563584 0.9773024528227573
30.212865160001737 0.8980504690459985
32.40441546701434 0.8945889087922284
30.381948638032547 0.9151135940115781
29.566323388613327 0.8492178958895346
32.793907833156005 0.9509916091961339
31.764535915560387 0.9362758662450623
29.97231381813091 0.9045341871033349
30.220923340508588 0.921287588196741
30.7408881727715 0.8942305781977676
30.23785314617307 0.9250068001501652
31.12181194076576 0.939219101005019
30.083617893632983 0.9110097356102267
31.794356993942372 0.9410770357412703
32.23782923099788 0.9615920919422261
30.18640231605287 0.9053188672186409
35.20784496790769 0.9755874207746744
31.22221030299802 0.9394292727070235
30.874247862861516 0.8409440655148651
30.340061765012145 0.9197614957575525
31.795194604946513 0.9402583355404349
32.21130491787924 0.9121158027361114
31.868854644474315 0.9437799169716488
31.06845482518054 0.8930386252650163
30.97465716702779 0.9309042674542358
31.267261924425913 0.9458731094512407
29.348416847668023 0.8397320228151794
32.207674280487254 0.9456135471945509
30.688993678891585 0.857492614725688
31.631410981060554 0.9494355990279826
29.439106863364017 0.8293704932874507
32.863374703667006 0.953285438921879
32.66136687886343 0.9657493660150482
30.9837797609482 0.8555466771656681
32.11239765595083 0.9050780983346175
33.15206677097998 0.9639759906856286
30.351039565542802 0.948324381291563
31.149556114789085 0.9381480568625158
32.005083175963634 0.9540975569032201
32.93740395610972 0.9701895151380499
32.27023322797561 0.9439615350316357
32.90374723562658 0.9582949574789301
31.097314424428287 0.9290001595760832
30.473614592029932 0.9120115134953167
30.759724857609566 0.9507907038693685
30.00553966576121 0.8929879636129179
31.114418730193915 0.9349944471431944
32.401069092273865 0.9609083300866048
33.39403496456965 0.9294555772315573
31.785296692711505 0.9396735524542739
30.004590293191292 0.9185195752400721
30.027548295302104 0.917122911570661
32.57345940416768 0.9113828188122007
32.78001051669443 0.9187744311832698
33.22558358585962 0.9230142700535945
30.440571285724545 0.9276416761065168
30.225790048528737 0.9356236946069094
33.73313564658156 0.9356155075332517
29.994619037485716 0.9122528984343199
33.32929488115115 0.9698720218178737
33.28658854321968 0.958811101545605
33.54063251945408 0.9738016751825358
30.76459078982809 0.9352156703804145
33.5345075118562 0.9734137848581051
32.198979308542796 0.9398183778907124
29.82980135700288 0.8637512720282879
29.426065354549735 0.8416049728183062
34.47188636948344 0.9776485607597778
31.896491067221593 0.9444042268007804
32.637860781999635 0.908605462465231
31.460842700708383 0.9356804423113838
30.104089238331543 0.9352511579083103
33.44845934766208 0.9320740716013959
32.730193093669286 0.9729119807283133
31.378536312004144 0.9419688509193034
29.779301800705895 0.9390087462612527
31.898880921735827 0.959875018394611
31.476528189484508 0.9251941312767704
32.52529191534378 0.9549713416472759
32.126571523116766 0.9517915656856092
32.55646297656866 0.904627425861152
32.16483518304639 0.9597886718126148
30.758120042007477 0.8528269833455729
30.097601121981427 0.9274588120909004
29.270495650101786 0.8376104740929968
29.329667700912832 0.8114751445744662
31.2587182357758 0.9208346216601446
32.53066055240648 0.9390046637537928
31.295452509520377 0.9208091353768736
32.69852915319486 0.9140174852343351
30.816637632935688 0.9470325693070231
33.02993750994421 0.9262461160122223
32.95707505225214 0.9677903640358223
30.187635336343792 0.9078738169107801
30.782016276954472 0.922742392255112
32.670287928109296 0.9162585335318916
32.20633857535391 0.9161346496485573
31.043420858798175 0.8701292706451014
31.33355774848313 0.9424531739329055
31.95764808529214 0.9409735962950575
29.47938562459569 0.8767733683438015
30.615250927303457 0.9621580510673977
31.96724587474085 0.9500988291896756
31.158653384789066 0.9495355090696284
30.512247041600133 0.9392801340454243
30.0931632941671 0.9258562153090344
31.71156090252188 0.9545755373593402
31.938127120435723 0.9615984610400429
32.74479674416172 0.9146842684223272
30.19700699383566 0.9331092967578503
30.131068080609932 0.9083386908863392
33.29996160905479 0.9556843100768639
29.957188408999894 0.8864523587828839
30.136845762987342 0.893795418509044
32.97682127012018 0.9477825914295421
31.63190723637652 0.9491912365085107
32.14942497362648 0.9448080448962336
33.61205499326616 0.9566547032022334
32.42418652278002 0.9506104068981217
31.524580350120893 0.9290926839869034
32.44991386167755 0.959135215660264
31.815165764478643 0.9454474662313191
29.27755147241418 0.8554189435260339
31.18636339363377 0.9480251504731668
32.582016454230576 0.9637812370630376
31.309996174967356 0.9551993395129288
29.76014668888741 0.9221085630574938
30.847502549148178 0.938923525578346
29.38052247358292 0.841001355797662
32.28152546183902 0.9444849467989309
29.40832130886203 0.8274968061352169
31.294667471315215 0.9232448477129426
31.02633356113379 0.9393109995445248
32.57902913303966 0.953016832056283
32.30112118910988 0.9624660648513915
32.96708413841153 0.9705396776490556
29.437706871067117 0.841483657625176
32.70005625298933 0.9189057542324586
31.72139122964699 0.9401802822447325
31.928146273326547 0.9601750294729233
33.960799827837114 0.9737168299793394
29.360728942730233 0.8399191235733168
32.14236895476495 0.9513332906805948
29.5068577205327 0.8270993462745755
31.466174479382225 0.9606512495723907
31.391171726977003 0.9558707553591832
31.90320197467825 0.9404663254667183
29.678773552123936 0.9191256620915509
29.98458987405664 0.8877742923106565
31.158096253144514 0.9022306031448585
31.223602882967256 0.9185239954421272
31.189733720934196 0.9495203515455929
30.183347639842015 0.9384125080224404
33.107924436971366 0.9186369215319846
30.083207994326983 0.9066029030156953
33.26540603754259 0.9268989754476038
29.665676851029893 0.8448082710173329
29.266774943388924 0.8683218859397325
31.292373239091575 0.9213759099980238
30.464433268810254 0.9145053869626353
31.393269050742365 0.9400260103393883
32.15458232611931 0.9687815799504613
32.95272252669989 0.9706835718022376
30.725718322556766 0.9410174570727405
32.095969904100976 0.9510934299469073
30.458005328727474 0.9333066708900746
29.725105711975203 0.8865551190633364
31.526165732551963 0.9376238452173494
31.93018061285222 0.9489339351151205
31.901771921177804 0.945203496091853
33.122832899247435 0.9238392855765836
30.210131095248833 0.9197068402013087
29.42807489451988 0.8478453810956198
30.852540308333275 0.9404129903577131
31.26145425200816 0.9189105854498457
32.93952815097053 0.9678728631927223
32.95308315612103 0.9203020466338154
29.398419981708834 0.8120057148281234
32.25714119487031 0.9615218057343373
31.760109822960317 0.9397521828912196
29.842133309955962 0.9219571789216756
30.37021616172359 0.9185947389497896
29.428617038689147 0.8398158251200545
31.340136292675457 0.9328299175367483
31.56511533636592 0.9497625843149895
30.56595001451637 0.9578838923865223
29.767113841624937 0.8599377833498839
33.031334592462166 0.9248699733134658
33.058029299882506 0.9140137043955013
29.17637590763853 0.8497537995636663
33.07535631031578 0.9190332968809362
32.429140692941516 0.9421019757701925
29.403927950764764 0.8385244462476099
31.408542450259837 0.9588142272490731
33.55949115478185 0.9668284827756398
31.871165475212283 0.9475025100155783
30.840773381716392 0.8666312696381048
31.21780384604837 0.918871931223801
31.21849428624028 0.9188613966220112
31.045431628527076 0.8957938315338093
30.72880441831981 0.9343371098876684
30.947723387349093 0.9339795604156024
30.43646219690636 0.9518090561306733
29.40743316155006 0.8743558361645158
31.086747925204 0.9449641125822411
30.658121225417364 0.9304218399743164
30.50791112413348 0.9314515668124681
31.30311385557967 0.9223634713786775
33.45653909443098 0.9325320270172459
29.255022878826445 0.8202883995020637
31.31454061765817 0.9428489973630416
33.24062754293873 0.9245916686290944
30.88741044247927 0.8666236783615037
32.45764590479887 0.9474931935991154
29.55139863484615 0.8036526106748796
30.957611070732828 0.9397473049924623
33.046632138020954 0.9625559733942542
33.30370426711243 0.9260018519020393
31.016093824286322 0.9395309451796389
30.20862806993488 0.9096563567837337
32.558306231845364 0.9173933305011209
29.31164007186851 0.817111643054462
30.51592420618128 0.9527571819952135
30.099515800547223 0.9128334755279295
29.708116930058015 0.9105077508094294
32.482779616217876 0.9630101142498513
32.192774109177606 0.9453609663869867
31.79261987281146 0.9466924511374094
32.305358420154796 0.9461361592235199
31.4955110187227 0.9359687616997071
32.21856652637014 0.9173568419067106
29.405549587417028 0.8732339049350256
32.93792875203887 0.9686666474985733
31.162088936078586 0.9330947371799793
29.456326678125492 0.8465505948476194
34.43405174868539 0.9768676993912054
30.513535363496274 0.9535200657901715
32.16193351699052 0.9596532481137969
31.39125583040898 0.9408757110120889
33.207067046885285 0.9193403831887181
29.338682310220427 0.841242903820521
34.422049261077916 0.9765092246441957
29.96400418040539 0.9108884486923192
32.93712538650614 0.9746439018625289
29.385461584017307 0.8307976354583653
30.936425647602917 0.9437343171471109
30.30286857119222 0.931650454647621
30.924595830476804 0.8948718660928775
30.89523909171558 0.8990887483929979
31.1834628611738 0.9091665248529479
33.6170624253023 0.9582480367330799
32.371051645254155 0.946576150316497
29.769338820962595 0.9284793236489451
30.99863477650151 0.9313663143257933
32.76710637813708 0.9183135427171794
33.193118001747656 0.9240254919393219
30.73926712929495 0.8503744953456784
29.74114707246955 0.8567988645063078
29.311278932188245 0.8081447280985719
30.612905210354448 0.9201884087317347
32.68635814426937 0.9129280878726226
30.49754259599728 0.9340679583195978
31.02441418591519 0.9337215254180277
32.93112342224601 0.9702020603457503
30.614841796479606 0.8368680135340051
33.01664228773752 0.9694696890645574
29.43286450749756 0.8497652868179394
30.698170139066804 0.8350935333711833
30.039025436893986 0.8935659783950276
29.205392255093706 0.8406803413592512
30.458829017295198 0.8431067413079629
30.920008512824722 0.9438719537044079
33.12552017015672 0.9185913558326522
29.509181355179397 0.9304705916777521
30.97286489288662 0.9323189467338171
30.959748209708934 0.9363749996209526
29.26714223295694 0.874878397662451
30.47076696130556 0.9145076733121201
30.105490357666703 0.9082025311317268
32.68222169093754 0.914200384894338
33.96508567055364 0.9715127260753598
29.811755967635676 0.8926659860112072
30.057739528790485 0.9018694472451471
30.0934962713108 0.9287849569472754
32.97183547877189 0.9496804571506501
29.48739904580879 0.8335126219476288
32.91041962983533 0.9548253481902211
32.90778624727589 0.9701198455680333
31.92447174303446 0.9407030115543527
33.44732068743201 0.9322689976309658
31.34308297218105 0.942016690152448
33.30612217538369 0.9406230574991489
30.060900399289423 0.9275623350471996
29.35965528298881 0.8243681136607176
31.245717778996745 0.9190049431346645
32.152452752115344 0.9229116273775514
30.850732271195525 0.8619187108167626
31.17379553338848 0.9032871067246825
32.69843962906708 0.9195569645176941
30.622046310652664 0.8552675848524407
33.552419332058754 0.9341115711884699
31.246471779160846 0.9179025806087631
31.2834447917683 0.9361886766643002
33.453746076730894 0.9721257434669989
32.27653459562415 0.9710271830318249
32.079877381142325 0.9644166333309061
31.889699573357614 0.9491093832442838
32.28858488877758 0.9219371979152984
32.3381570085708 0.9475215852697844
31.77332600446168 0.9529891370867032
30.972611308181605 0.9640662317039936
34.47913154053227 0.9819703966238181
33.17166743791019 0.9709760115798451
34.035409546939476 0.9401802990828568
36.49949947896088 0.9865468632662464
30.963937631480075 0.9669314446165612
31.207771281457806 0.9435862144414255
32.84415593805229 0.9707118499137376
31.090626964750363 0.9427321078435887
33.17498267391509 0.970918467195091
31.53111843565644 0.9480875419421091
30.83397931759455 0.9638134495109197
29.976521895342934 0.9370445359892913
32.716802446294466 0.968657209564861
34.487806920249525 0.9822503092547686
31.137000863458816 0.9683162793107422
31.260280791593935 0.9671278932848292
36.57097552210336 0.9868347320930406
36.51844246979173 0.9868257599629404
36.629387690065904 0.9843048401516147
30.029095164719738 0.9396640346755932
31.310986533658554 0.9685443673515388
31.293045469130423 0.9439699089934169
34.52746562147398 0.9501291054962151
33.163050095712386 0.9710851049455226
36.530381846545396 0.9865773404383675
31.54821002568614 0.9488943897722555
34.013279708955196 0.9423027037112369
34.512128517577985 0.9823566827983076
34.223722139736964 0.9763280873762457
31.180835763740184 0.9653648576575596
31.250016778049932 0.967667205646891
31.210738597122827 0.9672476038892193
33.14158736273344 0.971108999868524
34.364415722561745 0.9766411066690457
29.931899925043183 0.9375508058380184
34.26805757598328 0.9772119471472421
34.424292488381425 0.9828467519495642
29.956374991667673 0.940650720610065
31.47836496093881 0.9624300452483758
30.771147253118446 0.9093158534804557
32.22766944759104 0.9509244346949473
32.2443598645572 0.9519321574825628
30.047601453248483 0.9394548744364468
31.25350546877883 0.963232048535519
30.884245672695663 0.9634471103854504
36.503743678529325 0.9866676540654314
34.02008532799448 0.9430077917924526
30.634289865137866 0.9075494044305831
36.53617641689106 0.9843201415920849
34.5184422100671 0.949566751701861
34.92205191064079 0.9851000051443208
36.834841716134136 0.9840189180811428
30.901503214689562 0.9633437492844759
36.388207022271835 0.986383614539252
30.956280956185907 0.962131164082716
34.455157079755566 0.9825454291156404
36.5290218065953 0.986664933296087
30.66860515071072 0.9072397502669093
30.89193242597375 0.9626931420218724
34.66881380311537 0.9831722857399794
32.14770553577986 0.9507920809211504
30.800091475027294 0.9104171917300149
32.190027166591534 0.9511553466989974
34.505031378105 0.9500845351547317
33.25925966049106 0.9719948924913057
36.873205161435195 0.9841179655631028
31.46222815522504 0.9459848183197405
30.684062050094703 0.907847540200372
34.527451295596705 0.9501090836982704
31.3519503157789 0.9688673548072819
34.30817594233198 0.9780986418095958
31.53589318843448 0.9610430064676453
32.881207306016094 0.970312003037686
36.680492906504576 0.9839673833513691
29.981239787578488 0.9431515617853965
34.324194133816434 0.978525096015385
34.26458481643869 0.9822931801430187
31.265290100209803 0.9652537087546773
30.874837434160725 0.9627360537901475
34.02636936133557 0.9419460912484233
32.164237271869176 0.9507820474570546
34.39747955225187 0.977233241476625
34.44291355322221 0.9819326884790086
34.197246344699835 0.982185217515255
30.836297404245194 0.910526289061514
30.970953344528006 0.9661758999745943
32.84632889138389 0.9702641426549379
31.421675953524165 0.9663861741981326
30.852477240134913 0.9642741001095924
30.899671710771663 0.962742204125362
33.19647579084651 0.9710880160402521
29.957364767362293 0.9388629570273687
31.002962599462943 0.9625319855764489
32.16540533584897 0.9509358408449508
34.077614070085666 0.9428041351326277
32.13674258305821 0.9512951177612046
32.88857836168216 0.9711618241872952
34.04131203630104 0.9418559172450326
30.820228287593984 0.9647333780814978
34.56472722864465 0.9494296064595333
32.79972300440393 0.9701638821696887
33.20918435491181 0.9715084179929193
34.06912739929298 0.9425588675976676
30.705374319045752 0.9079625147217872
29.824759697131608 0.9353558898990653
32.77280590676626 0.9685456446335745
34.23713237467587 0.9775976658761035
31.178053557885246 0.9676638683490495
33.21358177842425 0.9710468014113216
34.56988871006048 0.9500216173631458
30.834824002303197 0.9636620851236949
34.6103419046281 0.984187085159139
34.05666843741338 0.9410185533882902
31.261574933543187 0.9667388487659533
34.63616613701101 0.9496114310995858
34.46037879193852 0.982974409852779
36.43708427833461 0.9865650251705064
31.17824395654178 0.968951610912501
32.24718192800785 0.9512028145238781
34.069347673602444 0.9420279965352003
32.72703093950406 0.9694318571878348
31.307396481686652 0.9680780169037038
36.737720625608546 0.9844728602835667
31.457578207562168 0.9643975365785269
31.381664628470443 0.9457724276921138
36.94098599343016 0.9846929140542362
36.50625584291617 0.9867148278172564
31.112473655604536 0.9622605733800962
34.425528004714735 0.981945318862548
34.327022538331356 0.9811229867653648
34.199029292444735 0.9822578718114189
33.22554297085149 0.9714527033312892
30.66305391210793 0.9075138597299676
29.77827290063344 0.9356509296219285
32.80593313522996 0.9695421410148324
31.139519632097414 0.9425084196799703
30.871611484337606 0.9632623721737908
34.47128560990093 0.9825933666340695
32.17505069889489 0.9508694623101838
34.39404373107094 0.9502080719395324
31.057741087644906 0.9648157077397602
34.4365610222802 0.982297657649431
34.461858979508484 0.9497742852208979
34.28250389817316 0.9778755202656455
34.33421808803511 0.9777901868004251
34.39341015943425 0.9813693600266766
31.119934605091398 0.956658588266064
34.734316456270726 0.9833672308389935
31.54916681479913 0.9482785112561792
36.73650022089645 0.9843531639714422
36.69873922286672 0.9835028539081799
30.752441258787595 0.9088276838857873
