31.82355269480206 0.9565566995148658
31.610556929690077 0.944512905263897
33.631379552462015 0.9656855173660841
33.208092934372615 0.9506656966434328
33.53344763334937 0.9581877192596935
31.36379085210773 0.9321936995108357
33.115651712030406 0.968234837131411
33.614735169471146 0.9562326343501115
30.663033445687123 0.9195640878977672
32.99779708259676 0.9166500455029907
33.44680440533738 0.9300279285492521
30.208480376566182 0.9374781143279171
31.351979097399777 0.927358644189078
29.59461040201853 0.8893040466005746
30.1552580283205 0.9389480831193445
30.782353373305988 0.8781769834676332
32.712531098515434 0.9493142165879606
32.727653144565274 0.9689949634829766
31.37794089867458 0.9442748278874263
31.580723800877987 0.9475071507327553
31.73812082735519 0.9491705424861748
29.37840672337377 0.8610770587780511
32.53520622386599 0.9546995391339264
30.891615569335073 0.880376022303308
30.20231468754462 0.928686842800208
33.13855807507446 0.9209628065041046
29.95107162026163 0.8895359698159233
30.559855046048582 0.9174460415392206
33.20023765378389 0.9203479683696458
29.577018689507597 0.8854550605339101
35.11780129085491 0.9746889839650761
32.68898581090889 0.9549385418538507
32.64657851583093 0.9507326165573174
30.796583905546516 0.9118525922571269
31.638000577057145 0.9524955347268333
30.932943199601887 0.8838889294072582
30.427348095593626 0.9129513779685842
33.29914004642709 0.9305373651264462
31.33146279777001 0.9304481453735306
30.680160431170947 0.9571794192196837
32.01672486324044 0.9600437892687663
33.769043441960925 0.9383853683793713
30.25005196431771 0.9381868973271622
30.360251488078216 0.9187684617022831
33.35569770187146 0.9620396277277374
30.78352447370957 0.9607707014916711
31.91709238520266 0.951528125361784
29.752580138091467 0.8995544469695884
32.70367887360049 0.9514056278502203
32.688967863659215 0.951081107484337
29.56274857846994 0.8774603341168561
32.740625332962836 0.9211892350372183
33.27227858259812 0.9694154342234141
33.584170700513475 0.9367664239127634
30.055035980857955 0.9365810861652647
35.1661040319491 0.9731210148349416
30.27940093124636 0.9411819060379994
32.071974271035735 0.9547326258201756
32.12687003706171 0.9535635894853073
33.75798017093817 0.9671620422391862
30.18720976951268 0.8876545940216746
30.16667261790646 0.9400584626967593
33.014197809261276 0.9165242753241784
29.985853800253054 0.9352186036822083
31.560527606634142 0.9624637271001135
32.08702604059581 0.9436766211025233
29.703666970231104 0.8880204314603953
29.541108570169623 0.8880759665321438
29.728599713698816 0.9098934163128134
33.91779675903166 0.9395206694378077
31.277690901612395 0.9415764164782608
33.64572725639357 0.9693386870702119
29.928460392052006 0.9101395739196096
31.11250004194597 0.9183374479128357
32.356325516724105 0.9632821064793834
30.427464893546826 0.9254237107822519
32.73092777404156 0.9198175739689404
33.31250667389883 0.9689898614937684
32.371181299068425 0.963846865901741
29.703269049949505 0.8754293347085333
33.82132660989009 0.9613234529604964
31.69975931180774 0.9492788882204682
30.536319619280462 0.8726562282195235
30.222442185219972 0.9515807049228318
33.850893709626895 0.9772429508958912
32.748868362056086 0.9244424534086176
32.00884715459129 0.9436792716483678
34.86757877532113 0.979674788641012
31.32411682099096 0.9272342293674756
32.425430485669466 0.9687951995926163
31.520999846769627 0.9475366543403386
34.913640809764274 0.9708330472146297
29.530855247504956 0.8756458585193316
30.087390962828998 0.9314365477490559
33.38433102940982 0.9341084200802645
32.715108175746444 0.9177624737450214
31.39797181335019 0.9472714734400303
31.703893130291437 0.9448635775909024
30.41314762164276 0.904832063356679
30.405372163835445 0.901094220261215
32.71905757362926 0.9726959085615262
31.986701713777173 0.9602921148267922
32.774055691165614 0.9692499689357722
33.710671639198424 0.9581254482603041
31.99974731506073 0.9431124845435178
29.594863855272997 0.8754940437071317
33.062690528477965 0.9667182117266903
31.218547491029014 0.9558354932958024
31.679854786583995 0.9507282811706185
31.62021906207284 0.9483812928599209
30.31680361078983 0.8948367614124246
32.764030121467094 0.9254568572807009
34.96575541552466 0.9806380283897472
33.98033806656781 0.945700554151892
31.65520927217942 0.9499288168220814
32.913695885975784 0.9666548272714757
33.31799668420103 0.9267839403852312
33.830002001964814 0.9692746598085079
33.59746494123313 0.9738364012311194
32.74000539388476 0.9249711377492347
31.89498847803947 0.9411947048184304
29.741055002572146 0.8691219991692852
29.893086651888943 0.8953615361516593
29.6614452451077 0.8891729301564842
30.809009066513894 0.8876850117373802
31.55961359817767 0.9493938754165561
29.79171349416083 0.8696368965066207
30.25245050490748 0.9508926558546341
34.07786678687828 0.943525948441896
29.785283011446396 0.8669617914237854
29.66086207386143 0.8747597676266823
31.345804713657472 0.9303458349927666
30.609372205003147 0.9280261326815838
32.78752959698846 0.9694088310922324
30.81556196908243 0.9570687382477848
31.39992176245544 0.9323548318238085
32.989275005855184 0.932241870586565
31.793048612296726 0.9577303025196288
29.653296886443684 0.8872633738265792
34.948000928987 0.9779586501348252
32.2275326380202 0.9543154514281489
33.1061985034129 0.9728849162817381
31.944253243542732 0.9419893476379574
29.71558083778288 0.8854209519753418
32.06908587504931 0.9611673680241303
31.919210377662495 0.948726282945935
32.57561665762006 0.9546068670973556
33.40106237130672 0.9630450218274526
30.83882078430249 0.888831515362173
35.07184473538549 0.9778812237675213
31.710738614617163 0.942517773110576
32.57204088892323 0.9547221146458478
33.46719239469119 0.9553822620916081
33.682563816965505 0.9662167702078508
29.39322186037918 0.8755069396315185
31.51578561471684 0.938221409919365
32.67376385101721 0.9478046991820964
32.54183256499515 0.9705902587603328
33.47497176072694 0.9568875779182848
30.598647729922405 0.9251610666334988
32.980554558564556 0.932761420108246
29.614166094809576 0.8632054336199119
29.579794816500037 0.8641782317436044
32.95112476118269 0.924477581524458
30.5050382103151 0.9086404351215276
30.06038886705904 0.9278785932787887
33.693387558415886 0.9670141678175833
30.158201217968458 0.9339439089367174
33.019566563440065 0.9633151693979235
33.80917071891811 0.9669411799576225
33.36630260412187 0.9277340578203618
32.004012134776424 0.9482490314694313
29.752742364077527 0.8775386122730195
33.41770742298737 0.9694403322814679
31.281407497150493 0.9399302624582164
29.614499063433048 0.8805649126866585
32.89247162466329 0.9689502720344602
30.674388951264802 0.9220323114089112
33.606616964132726 0.9307283582828021
31.88619201706022 0.9429646571700663
30.527222611720923 0.9412218423814888
30.88419183339433 0.8805932794852581
32.76441899607936 0.9723124142001701
30.439534293582987 0.9135300167288901
35.64229930960062 0.98564211422264
29.5919401397831 0.8593876742279267
32.11957969755066 0.9618389767873992
35.50593720879573 0.9767434459512453
32.949696067135356 0.931584491456521
31.131178327099164 0.9177015145676429
31.60304780642757 0.9623340775048818
31.158042063504688 0.9203699591652258
31.632741597508428 0.9646667962319423
30.273236235819397 0.9307083020566301
32.992176969402536 0.9286699653567912
30.669760833563345 0.9503145064836084
30.070974731473473 0.9283213422956378
30.745183672786652 0.8747734119140347
30.36310609684721 0.8972263856326576
31.028813152137875 0.9187773991833075
33.418556551472925 0.9630807265156456
32.56392392151589 0.9708007375901189
31.91415124716382 0.9493782432731533
32.91407176144196 0.9271330603860466
31.14986259889057 0.9202884503531237
31.322188694543453 0.9274060778832706
32.39621050005006 0.9419632189885386
33.65209170884731 0.9364834834903651
31.457418165150766 0.9477940744840321
31.753346935434003 0.9558442949239686
29.598244579433345 0.8816503544113291
30.564393209266992 0.9316452108649471
32.4084534127116 0.9426094244974091
30.37742148685188 0.9024653175826045
30.67375236628517 0.9143618198071284
30.204254926012624 0.9320073627824772
33.01490387992805 0.9164807917838055
32.68880430236989 0.9502982660169766
30.929883554290978 0.8857224199179319
29.87660074668815 0.8947726918311943
31.97148372218642 0.9428886255255183
29.60580082898651 0.8819943465940766
32.33677718493702 0.9418615310937468
32.621114879086534 0.9557742038821659
33.720247680551395 0.9696953026239037
33.159524390150004 0.927469590607798
33.19150762426369 0.915962136350963
31.617005628688787 0.9483323311888836
30.904225686884928 0.8946595521487027
32.094888310678044 0.9447564216363877
32.906457503804276 0.9272470927425057
29.92323693520591 0.8787062695264608
30.335944848281585 0.9029061858894682
35.415912083383546 0.9756293091765574
31.607818072178162 0.9437822400854363
33.34573921291476 0.9691490630263043
30.96648993291502 0.9185587611511062
29.686269898438926 0.8842637206301016
32.61498645951636 0.971457415667335
35.33169144698625 0.9755460717046751
32.73654287485028 0.9509837775759556
33.4287063474697 0.9696777321706631
30.554680540733827 0.9158699704012534
30.67600802105977 0.9294779192938708
30.600660177885594 0.9070820758736985
31.567014539187962 0.9381690585744752
32.386812821526526 0.9419629146186265
33.78046325325435 0.9588073355089413
31.204785994301698 0.9212948174136637
29.439239842682134 0.8586651258588397
30.492734973587936 0.9286929247015981
33.54568939198141 0.9588777139378154
33.41284357329841 0.9281452770834459
29.51138024638429 0.8994283880764072
31.136310704720984 0.9170004606534276
33.0272350824705 0.9294870681870405
30.729644477736006 0.912676293541939
30.477775670228652 0.9196046273208243
29.668631521110953 0.8633632654735731
33.61161762197523 0.9657880592576942
30.450451280211183 0.9071458837786011
29.574029711105048 0.8818131687917581
31.56609821974267 0.9474693994068867
29.623320065583563 0.8742803042655024
30.184187748040905 0.9491843247452437
30.505707778310665 0.9366174746007161
30.92819558994034 0.931136290414822
30.497138002277104 0.9186133410818619
32.561480537603266 0.9713911162287052
29.802970860338935 0.8976004593830659
31.51502229161737 0.9617933595134184
30.57310388101947 0.9591973271171479
32.963270729270526 0.9329494617449715
32.020678000342464 0.953796358776148
29.464455062437 0.8582312335791363
31.71080048433001 0.9420263240060144
33.26883232674324 0.9609435099804498
29.944815116993567 0.9187689362033116
32.383543088782496 0.9642213918718563
30.440847891195233 0.926797073944785
31.268016439836046 0.9579067643232977
29.921196108000103 0.874140450441613
30.714579538642152 0.9325574471475508
33.71951588096128 0.968142427848172
31.101712608582396 0.918607736566526
33.699075396787855 0.9676626588291968
32.84782086275505 0.9699093127193629
31.508865513208377 0.9486961637227989
30.93780065838647 0.8891955236385711
29.48081392888264 0.8859961494725845
30.039797968216284 0.9271090627487097
29.948323403436675 0.9307768206346
32.077925502726956 0.9434657200313066
29.55804690614724 0.8657640206304609
30.410181498667633 0.9058220343358412
31.69537307939801 0.9416933501916057
32.22960578345041 0.9545135561395007
33.00270974833551 0.9288849451450515
30.79816684367984 0.9571264794530076
31.516005421857752 0.9490056099892523
31.370471389378057 0.9321602672350293
29.59020623859585 0.8913399708172645
29.456615013256325 0.8611933094738473
32.5087799794191 0.9564144430114199
33.79591126017273 0.9768694920959488
32.58370974420573 0.9733138527877452
29.57541938594856 0.8981716132221149
29.53932591085762 0.8829208993173007
31.380599776251824 0.9424596978052091
31.87146180717797 0.9486410134892183
29.576745955543537 0.884550081756962
33.04079060584813 0.948620878512992
30.35747648802776 0.9279379190298399
29.578346943511598 0.8670734329905981
33.62918034945442 0.9564854188332279
32.99714458202629 0.9279890477653663
31.48941462044006 0.9473887233066289
32.75817175133304 0.9219200948921001
30.634109682161327 0.9257969296521407
30.838004886385853 0.8721291235118923
31.49173208289885 0.9530981936824482
30.60370911586494 0.958497905408537
29.67875234131761 0.8887277970094178
32.737071583349945 0.9258732687903543
30.922134826762296 0.919608599428967
32.21474623174673 0.9448698891811632
31.158886523872876 0.9399776128622369
30.468757042843908 0.9375960139679218
32.533375105941836 0.9690039627030367
33.699329666567394 0.9662780477555207
31.37324560471979 0.9581482403863043
30.95874824609083 0.9130598727835861
30.258780138798976 0.9521323042163733
30.562373246001968 0.9077150765121544
30.316847312840785 0.9306802827608063
31.545138118777242 0.9513865716110962
33.148764894393764 0.9252729858238228
32.15648381532469 0.9514421633524149
30.726670971900422 0.9554849112551805
33.20274186453667 0.9222066237921647
30.263286493893133 0.9370546083820251
30.686044265751594 0.9605220332463349
30.563588761772632 0.8850495315851644
32.27600752510154 0.9516367443305747
33.31953958374468 0.9277976056142215
32.979563585665176 0.9137356670834494
30.55199447686334 0.9212032713638715
31.33595808057873 0.9277591067689197
30.221939465538643 0.9366189865678174
30.21319452597943 0.9355284499638339
31.715204615273827 0.945005697237015
29.996897217468952 0.9340587141307668
31.789422254112512 0.9452034517531634
32.60165998694545 0.9715996725834593
34.97179185740553 0.9805578995015979
31.766110783693087 0.9453301625095606
29.698745578327653 0.8745548102789112
32.675172076575855 0.9713474773928835
29.945808334107262 0.8915567146340316
31.90452183974535 0.9489124206573766
32.99717611000114 0.9283500480269721
30.48695481112217 0.8635295400466245
31.552307819333887 0.9379675490589539
29.651107655780137 0.8643275986074543
29.81293902231982 0.9001405058809658
32.82011094682908 0.9698547563281195
32.813809579574944 0.9690404007878045
30.114586120198243 0.93688098279786
31.867778185463283 0.9530685617039717
29.609790041219846 0.8639427532715891
30.114124138239802 0.9207378699219001
31.661845085766526 0.9646306972779518
33.69713900835604 0.9701475414804027
30.339740684195835 0.9006614875055485
32.8938679309738 0.9248898929003692
30.56192032713075 0.9451645485483224
31.419610242174794 0.9307152398214252
30.140767685307665 0.9345712673055792
29.778949484556357 0.8868921684196899
32.95330943169585 0.9504406901024932
33.62557719918067 0.9640302966080765
32.13846630904813 0.9545144719888765
33.246699818507686 0.9302398920686015
33.62194416903914 0.9650299090632759
31.980228226195457 0.9563883627870592
29.603668679394957 0.8772082244390669
33.637434758470704 0.9659753327651758
33.76692922323662 0.9760846253654303
30.105204157830094 0.9323992739324363
29.87373754304067 0.8862077584840835
33.26367551474677 0.9269237205200345
29.70970382981012 0.9003130592524398
31.999329345759868 0.9600422366087723
32.33832519044099 0.9640629377525599
31.631020923257594 0.9492697594546048
32.31834814686709 0.9419195110242726
30.813910963152452 0.8751779129167432
33.86422826442948 0.9582253329444336
30.796679145220235 0.8883550131532394
33.16054501786937 0.9503659392443338
35.27395542130374 0.983520936927608
29.752482432013604 0.8845551587978009
29.743575525749154 0.8990925823584947
33.687369898011454 0.9662084113012287
33.41503182443454 0.9633352585227132
29.792541867975558 0.9129443062267262
31.69875025811695 0.9444929827764178
29.799415905624716 0.8681561901222054
34.03220455050193 0.9461438328379927
30.249635123821665 0.931984978824368
29.54378847919168 0.862528058057152
31.170716178149938 0.894482692365147
32.069411585765586 0.9556073445563452
32.54646652706847 0.970663542847095
30.807599905277606 0.8769474298155961
30.0967360531174 0.9300892596495002
33.32008293559363 0.9284778723854029
30.468291277785923 0.9426025425490087
32.71872571885521 0.9249118427646924
30.250337169538565 0.9404032406896664
33.78642022867584 0.96909880987124
29.593058398493067 0.8798198648761067
30.220806883778376 0.926654392363611
33.64459871675859 0.970380224890938
31.80135765396848 0.9458823846336207
30.7136996804758 0.917268569728656
30.57887044897494 0.9233519743167184
31.526423829299702 0.9382743805321698
31.733851849740372 0.9443049461137817
33.74787767818888 0.971613263905208
32.72559140326575 0.9489464259289894
33.680234515078176 0.9343633241101266
32.04159162435133 0.9490668333093629
33.572377500256 0.9739719028725955
31.988748746719487 0.9599509470622866
33.04450582795982 0.9164505692944639
29.98789590023865 0.9297956027830779
32.053178802061325 0.9548077662902746
31.563096100423884 0.9385736714081307
32.00179110634096 0.953727826973225
31.217542524902004 0.9520194238526752
29.56446360361805 0.8744237200894255
30.284569764199283 0.8959137255070653
33.24066413098499 0.9595672789993908
29.388337252515363 0.873188243647163
31.91085473445486 0.9556571545504545
31.30262947495497 0.9433962078424519
35.13931538229839 0.9751830394743064
29.48858557633965 0.8833322744891347
31.080207375193716 0.9480315826983021
30.90938224194708 0.9005306448396971
32.202016685662784 0.9556449301068481
31.42022144661564 0.932895590713834
31.75887098251828 0.9443189924187607
29.546251840718213 0.858643432477278
29.6376753694739 0.885539373092012
31.62467142715951 0.9529319001423796
30.193445190624132 0.9454419038251407
32.718804573138314 0.9190476903881316
30.1854886670445 0.9485296530688893
32.87856515402421 0.9698304374216631
33.41305752984019 0.9361709041104176
32.76498058084711 0.9492317333812793
30.749066671401188 0.9187918718816875
31.740708033797095 0.9444557745172737
30.257963930720237 0.9298770291899473
30.634593067188824 0.9230909879801071
33.64327636015341 0.9753829682697344
29.61473820571511 0.8919399814983765
33.24835724169779 0.9528067482774678
33.00043435870937 0.9140764203860001
33.76346805944186 0.9671549284866461
33.1749466350504 0.92421402125132
30.248268577004932 0.8988869286095031
35.04749107038529 0.9807150062542893
30.23641052895631 0.9359841515072703
31.246754160604844 0.953302714446926
32.99849786352496 0.973360636412787
30.594242610571666 0.9579334082430547
33.694462008657396 0.9703826160220426
32.76369688736438 0.9248045105589405
30.6403263741701 0.9298161088768397
30.719885503075925 0.9324386936829845
31.121529606317747 0.9186078705574706
33.34057752444842 0.9675662955332842
32.29760108392795 0.9622327849870342
29.615759833169104 0.8791517166588684
29.491685084064606 0.8635365606178026
31.44157401339532 0.9607647894697139
32.713350986349546 0.9239638771845355
34.880973842456775 0.9800392076005415
29.683528201887597 0.8953824286286214
29.613287879408556 0.884562709303983
33.11395959093298 0.9182398056100756
33.749603015762936 0.969921122252228
30.829426066987615 0.8732116441290277
31.396567022789824 0.9306995247671798
30.678058443210144 0.8700742883083286
29.46809750094249 0.8797436957154415
32.69950504500307 0.9164546908375606
29.701005905211524 0.8972970690111409
33.23222509263137 0.9507877671356735
32.710603597893204 0.9488094575132007
30.601379711868585 0.9233902335307397
32.84456220064792 0.969296941455773
30.450777971673464 0.9105044408411486
31.90488447286636 0.9491138891416651
31.957566742272792 0.9427006826026487
31.883292731318488 0.9482057839444701
32.70998424039408 0.9176165552353527
33.00440029602437 0.9167584694629756
31.086625518290827 0.9511171972291468
33.05385883044967 0.9081630367272162
31.21331677083894 0.9555477413447816
31.568530718001867 0.9379322599448959
33.32933600543437 0.9620600286317738
32.699011552403675 0.9166538180763544
31.762346689842282 0.9417580238783014
32.37132422603315 0.9635353413729139
32.95995817710913 0.9512078839045015
32.004351118266925 0.9441935950740735
33.377544748107304 0.9311976121436396
31.587262831310383 0.9620874912443341
32.08349955849431 0.9614623746362738
29.60611851543447 0.8910337064689616
31.892425558094416 0.9523829875777499
29.474250066676188 0.8861002727520421
32.4329263652743 0.964922427031766
29.562100084178248 0.876965164433945
29.53358327426983 0.881865939920266
33.42336690964168 0.9575510676463201
31.174462894989063 0.9617775648876732
33.278106128700664 0.9295613264181348
29.836630187887533 0.922349178593843
31.240587500891607 0.9551296858031001
35.26007683959915 0.9838660104236049
31.7274072087603 0.944148039689802
32.09183781872341 0.9612498171996134
32.61377840949266 0.9731802805074926
32.987360081298355 0.9313582530624025
31.711571975975872 0.9420846026682435
32.54444561264561 0.9545464692128145
33.16838206044635 0.9207896245250046
30.10010836948532 0.9276122848867522
32.70683798977453 0.919573138913986
30.711963266754104 0.8727021801912332
31.29659288749863 0.9406976695668716
31.931682409874632 0.9493505072213322
29.75691273868088 0.881931220278721
31.720200259211 0.9534947128214266
32.699887366550925 0.9715408442177234
30.492615177120094 0.9415439277925317
30.464678403097622 0.9037751133910537
29.55028412022628 0.8809776851937455
31.228720118783766 0.955634783995768
30.098863776022867 0.9163007804424813
32.05816378940092 0.9545920375060498
30.520609281429294 0.9288192519643298
31.175300191765878 0.9195162036942925
32.44098531156637 0.968826401743858
30.07915250214275 0.9262899120662517
29.5010630728031 0.8828789862205225
32.11553089862459 0.9616253598433323
33.68190190981513 0.9343404787801683
30.46240527063507 0.8690198073561054
32.78964517268808 0.9693629257609814
30.64942138182706 0.9259678274093716
32.67523672606671 0.9491920220596418
33.08086955159637 0.9486446470594713
32.658979870727734 0.9488012653174112
33.19528764237957 0.9201557976282682
31.35360766834719 0.9292211567304686
31.89316038338906 0.9393404348364408
32.51628286168744 0.9555200532020792
34.72629477756473 0.9785774408630872
29.915036303369448 0.9429390597456975
31.860244367375795 0.9577346024259501
31.591976175280607 0.9647943680779516
33.60042894445528 0.9377274006080789
30.413083617957575 0.936689530272735
30.21852066658117 0.9444180261406633
32.36540636081418 0.9418622925188606
29.386470139516444 0.8723030682730645
31.467901566342288 0.9498009554740036
31.713791470618233 0.9481361904502393
29.585600722107515 0.8753393525826579
29.730433523895726 0.8841395131556394
31.009940823498386 0.9348556384353656
35.14010713169846 0.9742714313833704
32.633895092715115 0.9723679313634942
32.83361865741365 0.9697085844791768
32.57786364451862 0.9719178823508335
32.582453844131926 0.9715652737087992
31.98744919586226 0.9431100714507954
33.75486291152456 0.9597037745501855
32.40046371325191 0.9422166379029391
29.989238118058168 0.8773612744156846
33.002570323972805 0.9289099244940059
29.517835814021932 0.8606678351253474
30.914601854646648 0.8783668613479582
33.75899766303952 0.9597860535358534
30.56366227363521 0.8698377589391848
29.745709355570348 0.8801004213629245
31.94990630517797 0.9430068261053081
33.585304201364906 0.9364123476457665
32.43542273950323 0.9648893129093723
29.60782908674868 0.9044822549516739
29.514377655515872 0.8640488127252611
30.674786543612615 0.9513351406489581
31.55760477667959 0.9523084161486494
33.36876850509431 0.9627657156984446
31.7924423498895 0.9374016837747402
33.381578310402965 0.9265751051538205
31.181677749558023 0.9193698111930623
35.03705082047537 0.9806194283161754
31.300397101570677 0.9261956430528225
33.253453615667894 0.9689292383226267
30.922284185689165 0.9244495589056042
31.879408472656138 0.947931703432438
33.046673771307304 0.9223383579439467
33.911800198360226 0.9601120422684343
30.157614561056615 0.9173341250151134
29.672287060164 0.8663937664853184
31.12340052078755 0.9183651393974156
32.40771701513922 0.9634437160835164
29.52764277097049 0.8754470230276512
32.970016998471046 0.9325067942270967
31.60033717048507 0.9451284555568
29.624597095743326 0.876181556354114
29.576267467358566 0.8781701438823013
32.09098685132246 0.9470864162493182
33.16075371917539 0.9190035877362506
29.52018263540274 0.8904319007777826
30.872663803247953 0.8826681658155205
29.77955353223789 0.9000834032606473
29.600874850582393 0.8773478558992358
30.635065067575844 0.9206772678198212
29.65757373100616 0.8883015278343853
31.1481312906785 0.9201275386214511
30.048164552686202 0.9276616681238223
32.199755491115205 0.9552835484480486
29.568787240301706 0.8834265315101586
31.75797088793644 0.936920566708039
32.17178696900665 0.9436808907307437
33.68407514809016 0.9692407324172196
35.7669484829733 0.9834651544201727
31.12912462373987 0.9632144994359804
31.936533911238993 0.951130993384917
29.476657156942345 0.8470308824168734
30.415576835985377 0.9288130516858843
31.671382363716887 0.9480460736984451
30.19133213855225 0.8953278533794253
29.58228188344664 0.8661495699162911
29.79398043597314 0.8908466285738206
33.1018424834379 0.9172223928379432
32.62030780252446 0.9714138660707039
32.977473339591896 0.9062057748388467
30.666548944327214 0.9284814874845048
31.598834918968045 0.9508230356279241
32.400937016261366 0.9642231388657092
31.36219782617553 0.9310436659289896
30.441671735405563 0.9375671753483561
34.92513203525553 0.9767803932938963
30.56859190709818 0.8848902187202021
33.85572014832232 0.9762676799048869
31.068796085951718 0.8787893801733222
29.505015187683558 0.8616330241956857
30.862707322377133 0.8740672558515752
31.06837927395224 0.9279434240077581
29.710668945097254 0.8955792804543464
30.042606698949893 0.9297578186766989
32.67731578122177 0.9494760997316329
31.385897340552265 0.9347337247112887
30.637182456479913 0.8682120046238784
31.8763672300756 0.948032860397429
31.162411230144205 0.954061291490698
31.39661276145446 0.9357386364168451
32.01335727667926 0.9539307699129831
30.48547198558081 0.9100508176075596
31.922686929823346 0.9548344856933452
32.047847605285526 0.9546149217008361
29.608976933403817 0.8743947488466025
31.469254160977425 0.9618788639631658
33.054858916437816 0.9675750430393075
30.3770961949899 0.9128835145800686
30.397973536428573 0.9237941813228386
29.63506431540225 0.8723885969336985
31.39626382700142 0.9339052944918368
30.007746802500954 0.9302881357428039
31.647927827529465 0.9502534431039669
30.877995890570475 0.9671182711093385
33.68328582608147 0.9590863812076891
29.64030315566832 0.8963678644106453
29.541259134085365 0.8569371444253059
31.956293715735647 0.9429864143326565
30.626172027139766 0.9212486370222351
32.575413202324405 0.9711638994633854
31.866236558523383 0.9482171860097581
31.552005169647835 0.9506481001427672
35.5175708996186 0.9765417346056107
34.746680457731024 0.9784948571202544
32.63188542555223 0.9716122923907153
31.374359283001063 0.9321709226156606
29.574297894275325 0.8892854520073629
33.225254522915 0.9233689602150507
32.23924122317189 0.9635780635462635
32.63905337270561 0.9716535664857008
33.00933888404876 0.9297355889039663
30.757444658913542 0.8758030915298108
33.721802711504026 0.975510506427521
31.17857119672972 0.9548651971560949
31.797443973110436 0.9369459261675472
31.380843329112167 0.93464432635884
33.78824500911682 0.9686616303814115
33.21092365479011 0.9683951780622776
29.568705314747447 0.8770329062418156
30.88225890627801 0.9607313474782863
32.18531463663243 0.9542735746365612
31.80938781176236 0.9483089846411716
30.559923498189306 0.8757054283460491
32.299379424537136 0.9607677062153946
29.6245729251511 0.8834582895321266
32.834822372111134 0.977533411898149
32.50605376701684 0.9731214577213063
29.637843259346546 0.8753998243554514
29.747165434190997 0.8773299926565802
30.51251194057576 0.9155440217717912
32.745389268230056 0.9260767260118314
33.180191380895344 0.9670172821948262
34.97523890761491 0.9803129545284915
31.90552298505068 0.9485672562522024
35.53951344063585 0.9852809293580865
33.73443998893932 0.9681108930821276
33.2566120226186 0.9300435948935222
31.173402186295498 0.9209857999173299
33.4081160894266 0.9624837863020846
32.52767021361076 0.9642549761656971
32.101392603680935 0.9449052913482129
29.538672215434634 0.8796506172054214
29.903787484885576 0.8680303734925271
33.24492805410111 0.9299973483050755
30.915247359333883 0.8861151139431169
29.504898402033174 0.8849205228146909
29.727764263116892 0.8982152845964586
33.89060124502682 0.962435851321574
30.97835232187625 0.9332181644470183
31.70789225853857 0.9446737309252442
29.453177359744743 0.8966300594699594
32.32197207712321 0.9417986022998726
32.79329486516996 0.9757980254063534
33.87174233014144 0.9777002780482399
30.59481878852189 0.9294559758060108
30.009392932703985 0.9176147868688065
29.564993640672302 0.8801150951458226
33.485571445414905 0.9298105606931303
32.84327463528926 0.977414573864582
29.704901780759858 0.8600885949609661
29.977864316352772 0.9157941892944101
33.758556720527 0.9764891600755937
31.125443835015357 0.9622772676345746
31.39728587221029 0.9343240617489066
31.008941704097257 0.9178931373347166
29.49395448557575 0.8713484872357562
33.13921633779148 0.9232656203626445
30.20142827947504 0.9314888488657008
33.7192526701315 0.9598655993188565
32.01211875117112 0.9599861370219214
34.958207026961425 0.970873628522896
32.89944095211824 0.9273974906804374
34.82939474427789 0.9792314371420567
29.647205859555584 0.870509594122624
30.625188162544433 0.9259700417579575
29.560784529982286 0.8761781333692988
31.973934934357086 0.9542070424795023
29.646910460806218 0.899189834516275
31.734527911837276 0.954069951112537
30.57099194913784 0.9306729535680437
31.935961472982825 0.9623141772673711
30.626847849813803 0.8841889054980852
30.533479257569887 0.9268216461658517
33.39602030883277 0.9242763455001072
31.70345099655036 0.9447545230468206
30.584371077593463 0.9503206041119647
33.26436000403278 0.9295849625187833
32.91282784536507 0.9251856053073823
32.88820126975984 0.9236847217499635
32.35780831896216 0.9417131463420088
31.858091936254812 0.9442198425033651
32.533901689745754 0.9690761261594701
32.69914238176445 0.9549705569074249
31.67823396090393 0.9477478732568569
31.383399798189412 0.9342872542869713
33.09554506869513 0.9694608770796955
33.724641069504656 0.9711376600087994
32.92856840534811 0.9725091291885211
33.65167828828494 0.9658861415337019
29.477585667844345 0.8772424799887304
31.383056755077497 0.932202586015092
30.489425182351987 0.9078654202992752
30.381564501410484 0.9174298273270168
29.463360694393707 0.8726529089584084
29.51106078086077 0.8597724417152849
31.097676905335415 0.9370273315386816
30.153905153665285 0.9366052845919293
33.30892109000266 0.9250140266037828
30.4325188066392 0.9187776113611928
29.68069804803564 0.8853992820340569
31.75858980638481 0.9677280485514062
31.101411201576607 0.9187679710725354
31.109499268769405 0.9179964067474656
33.29965221379893 0.9251988498012598
29.999456109731042 0.9207642480238457
31.80902940130192 0.9447777561383245
33.72042353769809 0.9712009681552661
30.587567996350117 0.9242847713606773
30.622983836785753 0.9275452283601193
29.640692517710228 0.9113348308346318
33.587239005132986 0.9373969011026116
31.614882815507606 0.945095741208487
31.69109532602176 0.9442103529821309
30.41434889218681 0.9373958578509894
35.133582376409606 0.9723355172862207
29.569099645371928 0.8801582011477913
30.589587389390275 0.9477858528355341
29.47592581936657 0.863800851337873
32.01327104319905 0.9571929942699615
31.94020012778317 0.9491313754450291
30.67680045899833 0.9293085701816511
29.87566825914555 0.8740599716427621
30.694628187874876 0.8760011573649632
31.403470830836213 0.9353821591255708
31.45526906903168 0.9467637126760289
30.554708238194994 0.925425230831539
30.596336154186844 0.8725242537684592
31.568830739631473 0.9494116502690498
32.40897003610258 0.9555131837898693
30.8870395022109 0.9116984374326399
32.73560191645095 0.9490766793145237
31.555360297199876 0.9476505830260669
32.58267991914691 0.955360118539601
31.203127100106116 0.9554060624814664
29.44119311980703 0.8543032050836542
31.973833911688104 0.9533823995086754
29.560728160828003 0.8715260969520887
33.904888954967916 0.9776986924699673
30.38953017588923 0.9119163525655106
33.775901468975825 0.968205440490567
31.765602252532506 0.9377512573224648
30.20220954222246 0.9384351769887845
31.795388178150446 0.9456011651923202
33.32840489581186 0.9281898671010849
29.480704027654344 0.8603849681144887
31.18487451554222 0.9391479844575987
33.028662612085256 0.9138644177521456
33.35488692535995 0.9611899819406762
30.656005354859886 0.8866406568357946
31.028082649746803 0.9324185263677499
31.71963638385478 0.9420050148662393
31.315975613533887 0.9402348290882949
29.5692766384839 0.8563269122947018
30.41857252280456 0.9148883239468759
30.55024773075271 0.9211957268322698
30.522208421360176 0.9086374724160509
30.08790725427521 0.9253678164910749
33.570113532208254 0.9555774519700363
33.63571130171194 0.938627109382289
32.21004663506969 0.9532194324237769
32.85882871593241 0.9254331220632759
29.791793247313016 0.8996335593150465
30.062003839376548 0.9475539852481547
32.912986751256284 0.967453597303143
30.577421880803396 0.9169270781470517
32.14738938314457 0.9455079627828851
31.181891082393506 0.9208772177351466
31.682996332992538 0.9417254062799064
31.80120038733606 0.9381212586951883
33.3026780971555 0.9287557701518017
29.656009819846545 0.8708891564706605
32.73655277207813 0.9494365017141916
31.96804978710886 0.9426684405543806
32.423220308146014 0.9426363704279278
33.443663352777605 0.9634167586698036
32.90210312188596 0.9275037992962578
30.31855061800739 0.9028511639894259
31.120830246551876 0.9180421601615465
30.4634330785859 0.9284026259385774
32.749512730185565 0.926012322542446
32.401201172303125 0.9644512642231587
31.11337088116236 0.9371145543427357
29.74261859360531 0.8709210305728979
30.030952224058076 0.9221811886806771
31.56798839956341 0.9383722078793597
30.65930096038602 0.9557509180764142
29.711755932370444 0.8870676055069169
33.203550900982236 0.9240065153561996
30.812049565718347 0.9597653709005065
29.61185912461195 0.8845113392147695
32.870886938133246 0.9232173165251024
29.598433375583856 0.8862938795895234
31.70535314152397 0.9382103719640654
32.74885760961204 0.9200414182152958
30.0885206542262 0.9376590356534026
31.92287737981374 0.9465666261064707
30.280437157440065 0.9306919434631652
30.375764620779847 0.9038848107143329
31.705154434081596 0.9447989754829321
29.639358804600487 0.8863655529122646
29.59660361992073 0.8872536056998465
31.27905333317335 0.9415062567474554
32.683454228781265 0.9485869213120369
32.3838696851476 0.940976593223778
33.569711339059495 0.9731087883421284
32.36116047093975 0.9642055810647784
31.818284264944793 0.9536395023759382
29.47444502869835 0.877807493640386
30.190469078653418 0.9510719983355242
30.655226150584475 0.9203265623626182
30.51258706412157 0.9105559496449567
32.75211433557926 0.9256014515847198
35.13489385044994 0.9793615971735397
32.692343659190996 0.9503746170169787
29.558930884470428 0.8795829753119377
29.486022225769688 0.8682160573868065
35.53917690905092 0.9769258279012135
32.619295755791875 0.9530657057150249
30.84286071119721 0.9641806456250203
33.89173799251219 0.9376545592677744
33.653235948512375 0.9361699462091005
30.109933373373742 0.9230139970237468
30.307896632288674 0.9013719424173947
30.28048166636317 0.9267248879470015
29.573743826571057 0.8838285410797979
30.84355031018545 0.9226398521655521
30.111510322805273 0.9161501344244348
32.23266282740105 0.9542409194669567
33.8672436732729 0.9774529395848104
30.42247421902482 0.9243919682660661
33.31995275135399 0.932206095894381
29.52922871186044 0.8693806978566817
31.972779541352374 0.9543682271793394
30.181981636879243 0.9347272719338552
32.66635583147573 0.9483743829996
29.746923238457033 0.8848267715705216
30.718601871949534 0.9609370488476583
33.08356581560515 0.9166437946432846
29.656004950625118 0.8862918390255387
31.374300518487445 0.9275213811494697
31.74017984707592 0.9447964020785137
30.202266370997314 0.937075296934112
31.223878541598033 0.9375002445110933
31.153291773192983 0.9188183701423711
33.47302524598326 0.9578784958809181
30.178174488413354 0.939406972680732
31.94151411674598 0.9540274740459316
29.606273556463417 0.9045130005471939
32.01689013149291 0.9596686502018711
30.52946022228706 0.86953702718689
32.68080303550586 0.9747759458945617
34.99746527460867 0.980645378712112
32.147590666727666 0.9545196056716415
31.5212900563335 0.9378673875705628
32.94676563970023 0.9093819244137062
29.879915055892823 0.9074399362899127
32.4059266293997 0.9674670472093104
31.912848580023415 0.9551862237365756
32.70306254888046 0.9237050244921455
31.15469766392671 0.9185639150382217
33.411591849639734 0.936221053073801
32.603964490502655 0.9555511791871102
30.228656211792682 0.9486277994015719
30.286403779571543 0.9522351016039282
29.621197614788798 0.8776980659706535
31.126314996798023 0.9638502809383488
31.2913862284178 0.9577875197746785
33.518001013831174 0.9574342112780259
33.71276122249114 0.9566966337467702
30.56896866474255 0.9122434485026035
29.426323014868583 0.8680375880314501
31.09252471483908 0.9611982230765239
32.38601237091829 0.9621828156495352
29.57550621805047 0.8740783334563189
32.54454740540828 0.9693064959289764
29.544322128510178 0.8646521108524939
33.22059816364978 0.9688508878542612
29.482806858203304 0.8833321314094195
32.702357934154705 0.9169348473718603
30.6230687538519 0.9208293104084098
29.500701298488167 0.8797990761873731
33.70720085876371 0.9707550541597972
29.39320390904687 0.8558803619440243
30.618274427196063 0.9222211352846282
33.64886125395748 0.9557746055333833
33.545281505561434 0.9280508630895348
32.8002987983153 0.9689667510696143
30.935310372049702 0.8989839763944255
32.81014890508527 0.9695535573454885
30.593862395137833 0.9316372567635428
31.257467481024133 0.9668839175860608
33.25624713413306 0.9591748315136693
30.911556182801142 0.8784963726924423
32.89599403446954 0.9672749853877416
32.35776825699796 0.9573867864571527
33.559581369987946 0.9726717686606459
33.74855596542071 0.9762935552353751
31.45144644218493 0.9495190862963845
33.36989820365839 0.9298812324586138
29.840823932419745 0.8825398564926398
33.03692167624103 0.9147262256044696
31.65058516151777 0.9445750166569215
29.39125529394076 0.856454829761502
30.38359203291304 0.9030228591636639
29.517333313255353 0.8722546527302695
32.313039111689804 0.9412437438904195
33.43546702771212 0.9583956425967008
30.45691951882839 0.9186803775810448
29.800409556622615 0.8860178058458144
32.58948359386715 0.9546964401260596
33.557525825630265 0.9590423844145093
32.03814010049829 0.9603042067793858
29.64701310908756 0.8760600406552885
30.67312715728457 0.8776307270907586
33.285820984043035 0.9679395485377131
30.467842439082936 0.9086320846142332
30.19583954175139 0.9177557177887555
33.879610650202096 0.9414903935489483
30.236979169072562 0.9235253823342975
32.51632010096935 0.9541245483839298
33.53385490528886 0.9701499048190451
29.50654701638719 0.8728349894826472
31.745951088944707 0.9442291991972455
31.129733596905687 0.9176348662294629
30.672982023194418 0.9223122551225036
34.906478706198165 0.9801797602850651
32.59131380038018 0.9708724799805313
33.55581485987479 0.9361325893506812
33.00388407198419 0.9515629632869822
30.44640658128166 0.9131670927669353
33.32707805508428 0.9671698278958255
31.14911173695015 0.9380347408814824
29.527133619606936 0.8603435156392942
31.12503947724994 0.9597085030896724
31.539949942757243 0.945160174731312
33.83003223794918 0.9774478659382877
31.101380071528393 0.8864439100860126
33.45517106986403 0.9675477247493183
30.843357499440668 0.9649902595153426
31.31280094580124 0.9430131239503826
33.836166006301525 0.9582881937684989
30.597241183693185 0.9589551154590804
31.153754910641105 0.88473512618271
31.172446158977625 0.9178212134280811
31.148284908867222 0.9189641765396193
29.524816110290672 0.8664098515171929
31.488191231639036 0.9453315592767713
31.446019344048082 0.9466448567734962
30.77116430123786 0.8812616902732706
33.30173859371718 0.9615527123897042
30.70195581249394 0.9178988366070099
31.92944977088449 0.9486722378705895
30.597393384239556 0.916711804141797
33.26835361146883 0.9224744455731871
31.351444569878435 0.9293368901982534
33.776841948116115 0.9760758022240924
33.23600973540002 0.9285295239542556
30.512429157910187 0.9431184908469312
30.50079031489203 0.8804760686228728
31.455157313186536 0.935382295286737
33.6865584217312 0.9582248431800673
31.45257790340359 0.9584955118516691
29.389713212436416 0.8510065135700259
33.451554766989176 0.9708604978380484
30.079224517027026 0.9267585007380585
30.049165477839228 0.9357122739050078
34.91500736542009 0.978764689920485
30.890999180863147 0.8805076371196227
33.270649780968604 0.9693726974132301
32.04792608205048 0.9533943748389495
30.320700018098428 0.9037713464002117
30.648336113727765 0.9213360875258185
33.60518170630129 0.9369941623016556
29.60220521195112 0.8772545681556546
32.44697781724228 0.9552427077461961
33.03175477593007 0.9190738324321263
31.576224687738975 0.9382380574699222
29.551293270476812 0.8797584840822237
32.159502077725186 0.9463601810009055
33.59449893988063 0.9658612550568727
30.934726968754646 0.8845952961686124
32.668233343072835 0.9491711510411615
30.621108480119048 0.9215963280625098
31.370941414518136 0.9438177236667669
29.69520589641927 0.8887599646049524
32.51275050190284 0.9564326208005371
29.64213362265484 0.8862511299556234
32.26227322524471 0.9542717847864408
33.41059911064032 0.93494418570578
33.74491278191729 0.9676538804909333
32.10293305883947 0.9613308341624586
32.06406750192892 0.94431226770327
32.164145098206895 0.9535762727974755
31.81475884956647 0.9436486913024762
33.37992617704729 0.9705201194166323
34.83638459899806 0.9792267804236612
32.755290256990364 0.94946622414679
32.43330784453032 0.9423204877342116
29.93975345652993 0.8696262069305162
31.065903662254225 0.9595601478921225
32.89971197683603 0.9232056635818272
32.07203867603503 0.9546924302420737
31.767413053221496 0.9455534848067964
29.962456586908957 0.9351578304653223
31.864661403554365 0.9484350739747625
35.3105844894153 0.9843151837099687
35.55808506403372 0.9767595924654617
33.229931587856385 0.9183455197393102
32.03148296262783 0.9476068006526635
31.557910331799178 0.9387899144274889
30.17847560587336 0.9382849796452691
32.90893517890985 0.9236516128236029
32.068472360403 0.9612458381763344
33.83270709884569 0.9692192944144655
31.198000270600442 0.9408104874269444
31.758712612925283 0.9571514908282259
31.750364739585848 0.9524823936387938
32.70944611462679 0.9246112861230071
31.13525756098475 0.919960283873517
31.3069457454965 0.9266074881412749
30.56715927483713 0.9111949040286623
29.6964438323611 0.9057889413721674
30.809376311841778 0.8722981888380041
32.75492828921862 0.9242717561955716
31.56287452645604 0.9383710858296049
35.09067404246316 0.9722129773802359
33.8261139235854 0.977437329756276
31.668661969428445 0.9462425964842327
32.615940146212225 0.9501820115645594
31.15352261969911 0.8899509679263542
30.358244361135434 0.9032475255364277
33.26034773374469 0.9526514861564059
32.937373722885255 0.926824652443279
35.338683136583064 0.9842959577902703
29.509366515077136 0.8642946189241604
33.81314563130705 0.9671019163468784
31.535011242680717 0.9379888651140408
31.33028995924031 0.9414202096608423
33.73156410759898 0.9669653642406484
33.141652098687814 0.9139692474288962
31.798991609046542 0.9562666882048253
32.59163366726889 0.9497850049541693
33.22302465933687 0.9289778147581125
30.770144679117557 0.879201614848689
30.589062458070334 0.9264329471739181
35.50546829577593 0.9850583321259438
33.14352804965081 0.9499755021406703
31.846840388856485 0.9484432884162932
31.541449810770878 0.9381117619897674
33.74685237980569 0.9670575144023894
32.89178133285671 0.9251018249016671
30.585148225048307 0.8742280718871089
33.6164811256739 0.9736054693630691
30.166393995179163 0.9371064562055494
29.610482838457358 0.8871775568123
32.07833905615801 0.9431301789480766
33.9094154517015 0.9776206829324781
31.469235988084673 0.9472832564728189
33.62215553196455 0.9655581450876684
33.78988239620419 0.9765584253780571
35.362858017699516 0.9755211685986841
31.628512282188822 0.947524665839352
30.22612733656557 0.8981380879322534
30.559555268360363 0.9241511701805113
33.06618117157899 0.9681636446089277
35.90447234713062 0.9841030883797259
33.356218961309544 0.93036109017963
29.594133541910843 0.8709399297959989
32.66702175599287 0.9509779543924198
29.643185787680963 0.878131862724492
30.616609153623383 0.9284822210716583
33.03148156377913 0.9647868726661827
31.97103492702172 0.9477165642202459
31.73443689105148 0.9475834777238008
31.86866080813049 0.947943677241114
32.03702752840086 0.9548215302121058
31.201291899010712 0.9522616437005897
31.346998220695042 0.9289967680242031
30.25752489193922 0.9313881807717573
35.30128061055656 0.9835588431000474
30.532939711890652 0.9082926822054872
32.915910368547685 0.9063857955552619
30.388777166387673 0.9239071032586273
29.633672583230602 0.8688192341673601
33.25200366473675 0.9600132860086106
32.35472425085434 0.9402664521741295
30.114561543053597 0.9158508795970088
30.565556258152426 0.9242729731702085
30.75023274423703 0.9105598026745906
30.63172023278068 0.9272448864951638
31.94050910433022 0.944268171416922
30.094036179344524 0.9217553935659364
32.40909967959698 0.9429518643179897
32.365156487646544 0.9640455260804113
30.651578443218334 0.9187244856263946
35.005728919286746 0.9794943255904627
32.07052824102688 0.9434425604128289
30.776111869524247 0.8728844880847291
30.59973628242843 0.9290283962016854
31.73689413931396 0.9420822680419538
33.237132721659634 0.9241495443896273
31.819000975582426 0.9450057239367274
30.93331209191375 0.917720160701915
31.734139613429587 0.9362585220290329
31.971391054978607 0.948361801797406
29.546754335515658 0.8717058376734136
31.7464038088138 0.9442592810419187
30.972104183187703 0.8861556443886622
32.16430125238499 0.9522409688634111
29.83668242872477 0.8821992779280029
33.33230601898401 0.961652456528787
33.12236865680036 0.9701356267020229
30.86220644105293 0.8866465161346865
33.08381507457043 0.9198277088046233
33.818163565407964 0.9690617148963696
30.536944574274933 0.9581719920547433
31.912272092009097 0.9449559802090185
32.42634305401954 0.9646871955891675
32.8250517283649 0.969301467816699
32.733883399965585 0.9477249239803122
33.594197979579505 0.9654618122878419
31.79105957861383 0.9493870605520336
30.44924704610945 0.9245742325030819
31.25036675111904 0.9551409916317268
30.38541603701239 0.9075807724807614
31.873456238369315 0.9390614952050744
32.85024752116347 0.9679179524153165
33.65260141077687 0.9339418107408559
32.35476806155 0.9419434648581244
30.105573836171896 0.9285651561742939
30.238476031776163 0.9340978439467545
33.07064495543328 0.916457463839636
33.297396970553194 0.9251471578005426
33.32780994095242 0.9311527052365799
30.6990011976643 0.9323558284739811
30.240815492347878 0.9451062153878087
33.900229158977524 0.9413837448622749
30.13872204833408 0.9211626880194905
33.714733001214384 0.9764077828022388
34.01528982836571 0.961619031335927
33.89530887322597 0.9773088214133329
31.39992903776247 0.9466499091301777
33.81648639851077 0.9772611894782033
33.063237798946304 0.9503438371463169
29.891214143805726 0.8892859717608762
29.505967617434873 0.8666934640342502
34.97645576079257 0.9803381399511735
31.811340935652733 0.9460897758779853
33.178861564874694 0.9187471418557792
32.04400503470155 0.9428131792316071
30.142352241952995 0.9463963155344285
33.3880153769013 0.9342430961810969
32.660329011354236 0.9755379203391769
31.54033628928696 0.9470401389973667
30.10324536530828 0.9475037280052392
32.01029825726955 0.9600502720076596
31.32898681218762 0.9274375528952209
33.39567951566117 0.9556191039908928
31.89666575740656 0.9494025841214004
33.16589712305233 0.9173801230544607
32.5426338639364 0.9656859088899621
31.039178087389764 0.8826382638193894
30.18609927317685 0.9369622075374039
29.588864364527147 0.8784259897685192
29.54110936051776 0.8732299894586532
31.1613637901345 0.9196407476755758
33.41943818039253 0.9428998574367514
31.20003209546606 0.919216674035501
32.717934791034246 0.9173223885884967
32.00887540460685 0.9598932215215737
32.988307824092075 0.9326643457902315
33.65007436505337 0.969981751304303
30.64963688673575 0.9200535134282946
30.869562073592252 0.9290678962589387
32.709147366805475 0.9224131858695561
33.041300619043724 0.9214374575385533
30.91034571569372 0.895227302214143
31.453677433492224 0.9457504701618814
31.59603842735661 0.9385284869026024
29.555540171731288 0.9019257788442891
30.85275383839769 0.9652534167242999
32.50833546930396 0.9551042858556814
31.56313135187017 0.9519062301977205
30.526294373957093 0.9454192977786413
30.210787132274866 0.9362588042483705
32.24585317139142 0.9571193550731171
32.077511280027494 0.9618285025581327
33.30018791817643 0.9232662759395577
30.226561824369462 0.9434109047382065
30.474334201342707 0.9183774822240564
33.20652110879954 0.9648657137715229
30.295479004375203 0.9002042136596737
30.423513923991862 0.9050685803861542
33.6639790949513 0.9573189097869521
32.15169687106905 0.9526286247543169
31.70268192113256 0.944368886645756
33.67007484360562 0.9648984803557302
33.192218846494924 0.9527567074239571
31.329650118565983 0.9298153834089274
32.85026614743391 0.9646609014714265
32.61035815921253 0.9500462556856896
29.559166787915174 0.8775306155404392
31.53555633907642 0.9491965912591342
32.986703467957845 0.968834570216609
31.503534495698666 0.9611477509133654
30.05242791385328 0.9357868339986946
31.5585677254113 0.9492766655967148
29.45204827551812 0.8674950238571696
32.74318279470449 0.9483499832550173
29.699505789104464 0.8874748110127114
31.155782183562522 0.9203816440070061
31.340011913324737 0.9455556238467762
33.61261905033977 0.9574795789473941
32.748972992997615 0.9674241003115591
32.86021509432483 0.9695929986277775
29.500170828960325 0.8673496721570271
32.770689787665745 0.9256549268134343
31.670739612397245 0.9417040515410339
32.04015391716149 0.9601475402577628
33.570726136447384 0.9737263124028176
29.556116507282567 0.8868710989993823
31.900721972285233 0.948481664814626
29.810930649220133 0.8823385203961694
31.58823934384135 0.9643996639689114
31.57186804961087 0.9615674374872047
31.54478801481637 0.9381207057050309
29.972334766547736 0.931789492597027
30.310640830296386 0.9001757275813
31.181966616260766 0.9178361366448612
31.140023561169194 0.9191347693425981
31.50537775759776 0.9504815176359104
30.208020739017233 0.9490700023070958
33.290400735075295 0.9284451218814759
30.52153382846983 0.9214016386970248
33.25840995275589 0.9306830211531015
29.704323413261307 0.8643622621509834
29.579961679799666 0.895597822885585
31.190925538356357 0.9190391640243212
30.481508889307808 0.9281874025506089
31.987054270541368 0.9493969680395584
32.51689519442137 0.9705224394626165
32.84164691454667 0.9695643799296015
31.204056292557944 0.9496693547674011
32.03204393809881 0.9538430909201197
30.520708560524202 0.9448737645785358
29.894552059944097 0.9156274950185501
32.10331014914934 0.9442568681456364
32.666152138215175 0.9512204231755438
32.629310577686056 0.9483158066711769
33.25255302864431 0.9314050323347102
30.541959894203284 0.9221905371823622
29.711428780171758 0.8998765198282273
31.553769248514634 0.9502682902900551
31.10993876094129 0.9177627986087282
33.62317304960904 0.9699106533671448
32.893525439527906 0.9250202780757361
29.719861635857335 0.8752565999280012
32.418842803683255 0.9648567170325447
31.710807973881373 0.9416885083241285
30.069377395893074 0.9360088936943325
30.379039445204164 0.9275822187667587
29.65401146316018 0.8887989739435757
31.883236825376887 0.9472269179991304
31.68555219323586 0.9504740396653596
30.791100462867853 0.9634152317445615
29.800517575865793 0.8749835496439962
32.95060573306363 0.9310989208727485
33.20695904863696 0.9251022323863797
29.407736280086702 0.8757934575585488
33.376143561672876 0.9267664913988541
33.47667121490091 0.953490891476219
29.642684551556666 0.872468910125767
31.602325842228616 0.9643383060981003
33.26871672172735 0.9702239377985195
32.629383399386896 0.9505930259346709
31.1632993127833 0.8903740359489214
31.116518878862813 0.9184735362121493
31.126389000951022 0.918187434697795
31.060417255489234 0.9143099104970047
31.373629453995324 0.946511576903332
31.728512203509208 0.9397766468652823
30.669890998451145 0.9590250124700151
29.73037821144193 0.8948201945576335
31.39390925245403 0.9482324553296654
31.23734889276269 0.9423551831254258
30.51642454115843 0.9407062695596379
31.173645901912508 0.9190611536598636
33.40714820650006 0.934513807681497
29.558095901133264 0.8728523505024157
31.492639347017946 0.9477381860303616
33.2180495438372 0.9287114100645075
30.751379548664936 0.8910232383725225
33.4775999376121 0.9560319857057148
29.87826452508768 0.8568302775023753
31.859986545048002 0.9560226219809349
33.719371087175205 0.9681297962585541
33.63268967389506 0.9338831376126556
31.78565083078935 0.9446110394548706
30.663556392990195 0.9210701713672925
33.17732584183553 0.9233160957861771
29.537617623092736 0.8561364340810711
30.683707820162965 0.9598010375908831
30.2531516091857 0.9254294304348393
29.964270551894185 0.9284298763481812
32.595622814315234 0.9713213719962538
31.71906736165266 0.944386269063117
32.56722607987203 0.9493395323864372
32.74717890068138 0.9494845521059913
32.08283291914021 0.9428643517766137
33.06829542187602 0.9212404140550812
29.730735071713617 0.8920615110561421
33.68349096420346 0.9709021853908274
31.37643101416582 0.9320547823031213
29.72341921200007 0.8786868307285877
34.92985745430946 0.9799872456564785
30.733034159755064 0.9590774563126954
32.33193133951342 0.9633917939877381
32.01330490796484 0.9508185230097873
33.482409583984214 0.9275256503817657
29.628587490072963 0.869578686866125
34.8866830861954 0.9797942728325683
30.08945918711604 0.9211283132489355
32.812680920259325 0.9767984387879189
29.74748907352538 0.8862594216255623
31.689628109500315 0.9534145306987386
30.7295343308201 0.933945606167943
30.84270899278254 0.9189799106892892
30.79957057098005 0.9213374880694749
31.10374913975172 0.9293557276827291
33.634833854689255 0.966397708433063
33.117200438861275 0.9509473496763711
30.02003134740871 0.9400476403907899
31.779435580227503 0.9369508076022374
32.74141999148257 0.9205862336349471
33.482518777996845 0.9268201427674918
31.013300336894154 0.879983961795466
29.770845342051707 0.8697557890236202
29.638557520451204 0.875806087425552
30.668385116494008 0.93322843007186
32.69921720157659 0.9163908236542518
30.56032498921803 0.9435090197446694
31.813697381352593 0.9383581204601725
32.819759089579 0.9694490980639698
30.5597663596605 0.8690180994873374
33.7542310748026 0.9710230108558972
29.519899093733844 0.8721971256464679
30.654497640605225 0.871075118166075
30.413451470872765 0.9046841193576522
29.47252633723911 0.8652106593425515
30.702329088506612 0.8770823086342375
31.643079983990017 0.9530040605149632
33.26700258590122 0.9267302554164993
29.82806527128925 0.9398391708546385
31.015976722499268 0.9361764890964
31.266030458151523 0.9402212871908923
29.59082316824691 0.8999496042596317
30.50715483196594 0.927591007109712
30.415390761575857 0.9132395706027467
32.72452039181772 0.9173372181306432
35.1596388341348 0.9747978220490219
29.92164901506486 0.9170047794003481
30.12756535379136 0.9164974556514679
30.242289064035106 0.9349399931142461
33.61665384080987 0.956712979520256
29.69911091369058 0.8877121590608382
33.390598150855 0.9622184966947916
32.83090035033179 0.9692945353095808
31.54792742109846 0.9383807618091075
33.40868893130029 0.9348074432966177
31.467108437208957 0.9456625677879202
33.34225031124511 0.9445846205122627
30.222469923172206 0.9345214324917527
29.64332941321391 0.88494985304068
31.111012443042306 0.9190431705327704
33.01047327448739 0.929762830882637
30.693077382976735 0.8881767384533711
31.07052442878898 0.9245680415949187
32.762021559627634 0.9259141496069129
30.530389385155544 0.8830975439548547
33.57530741700281 0.9364407285263834
31.105527710018244 0.9178885433194562
31.843547551851756 0.9459271046154634
33.86120052226273 0.9779006003100205
32.652648562691354 0.971468722961148
32.47869803935214 0.967829746476109
32.64919838370281 0.9498622788431741
33.16760915040991 0.9220898136412791
33.030251218657575 0.9514655747729922
32.391436940969555 0.9556385083332514
30.972611308181605 0.9640662317039936
34.47913154053227 0.9819703966238181
33.17166743791019 0.9709760115798451
34.035409546939476 0.9401802990828568
36.49949947896088 0.9865468632662464
30.963937631480075 0.9669314446165612
31.207771281457806 0.9435862144414255
32.84415593805229 0.9707118499137376
31.090626964750363 0.9427321078435887
33.17498267391509 0.970918467195091
31.53111843565644 0.9480875419421091
30.83397931759455 0.9638134495109197
29.976521895342934 0.9370445359892913
32.716802446294466 0.968657209564861
34.487806920249525 0.9822503092547686
31.137000863458816 0.9683162793107422
31.260280791593935 0.9671278932848292
36.57097552210336 0.9868347320930406
36.51844246979173 0.9868257599629404
36.629387690065904 0.9843048401516147
30.029095164719738 0.9396640346755932
31.310986533658554 0.9685443673515388
31.293045469130423 0.9439699089934169
34.52746562147398 0.9501291054962151
33.163050095712386 0.9710851049455226
36.530381846545396 0.9865773404383675
31.54821002568614 0.9488943897722555
34.013279708955196 0.9423027037112369
34.512128517577985 0.9823566827983076
34.223722139736964 0.9763280873762457
31.180835763740184 0.9653648576575596
31.250016778049932 0.967667205646891
31.210738597122827 0.9672476038892193
33.14158736273344 0.971108999868524
34.364415722561745 0.9766411066690457
29.931899925043183 0.9375508058380184
34.26805757598328 0.9772119471472421
34.424292488381425 0.9828467519495642
29.956374991667673 0.940650720610065
31.47836496093881 0.9624300452483758
30.771147253118446 0.9093158534804557
32.22766944759104 0.9509244346949473
32.2443598645572 0.9519321574825628
30.047601453248483 0.9394548744364468
31.25350546877883 0.963232048535519
30.884245672695663 0.9634471103854504
36.503743678529325 0.9866676540654314
34.02008532799448 0.9430077917924526
30.634289865137866 0.9075494044305831
36.53617641689106 0.9843201415920849
34.5184422100671 0.949566751701861
34.92205191064079 0.9851000051443208
36.834841716134136 0.9840189180811428
30.901503214689562 0.9633437492844759
36.388207022271835 0.986383614539252
30.956280956185907 0.962131164082716
34.455157079755566 0.9825454291156404
36.5290218065953 0.986664933296087
30.66860515071072 0.9072397502669093
30.89193242597375 0.9626931420218724
34.66881380311537 0.9831722857399794
32.14770553577986 0.9507920809211504
30.800091475027294 0.9104171917300149
32.190027166591534 0.9511553466989974
34.505031378105 0.9500845351547317
33.25925966049106 0.9719948924913057
36.873205161435195 0.9841179655631028
31.46222815522504 0.9459848183197405
30.684062050094703 0.907847540200372
34.527451295596705 0.9501090836982704
31.3519503157789 0.9688673548072819
34.30817594233198 0.9780986418095958
31.53589318843448 0.9610430064676453
32.881207306016094 0.970312003037686
36.680492906504576 0.9839673833513691
29.981239787578488 0.9431515617853965
34.324194133816434 0.978525096015385
34.26458481643869 0.9822931801430187
31.265290100209803 0.9652537087546773
30.874837434160725 0.9627360537901475
34.02636936133557 0.9419460912484233
32.164237271869176 0.9507820474570546
34.39747955225187 0.977233241476625
34.44291355322221 0.9819326884790086
34.197246344699835 0.982185217515255
30.836297404245194 0.910526289061514
30.970953344528006 0.9661758999745943
32.84632889138389 0.9702641426549379
31.421675953524165 0.9663861741981326
30.852477240134913 0.9642741001095924
30.899671710771663 0.962742204125362
33.19647579084651 0.9710880160402521
29.957364767362293 0.9388629570273687
31.002962599462943 0.9625319855764489
32.16540533584897 0.9509358408449508
34.077614070085666 0.9428041351326277
32.13674258305821 0.9512951177612046
32.88857836168216 0.9711618241872952
34.04131203630104 0.9418559172450326
30.820228287593984 0.9647333780814978
34.56472722864465 0.9494296064595333
32.79972300440393 0.9701638821696887
33.20918435491181 0.9715084179929193
34.06912739929298 0.9425588675976676
30.705374319045752 0.9079625147217872
29.824759697131608 0.9353558898990653
32.77280590676626 0.9685456446335745
34.23713237467587 0.9775976658761035
31.178053557885246 0.9676638683490495
33.21358177842425 0.9710468014113216
34.56988871006048 0.9500216173631458
30.834824002303197 0.9636620851236949
34.6103419046281 0.984187085159139
34.05666843741338 0.9410185533882902
31.261574933543187 0.9667388487659533
34.63616613701101 0.9496114310995858
34.46037879193852 0.982974409852779
36.43708427833461 0.9865650251705064
31.17824395654178 0.968951610912501
32.24718192800785 0.9512028145238781
34.069347673602444 0.9420279965352003
32.72703093950406 0.9694318571878348
31.307396481686652 0.9680780169037038
36.737720625608546 0.9844728602835667
31.457578207562168 0.9643975365785269
31.381664628470443 0.9457724276921138
36.94098599343016 0.9846929140542362
36.50625584291617 0.9867148278172564
31.112473655604536 0.9622605733800962
34.425528004714735 0.981945318862548
34.327022538331356 0.9811229867653648
34.199029292444735 0.9822578718114189
33.22554297085149 0.9714527033312892
30.66305391210793 0.9075138597299676
29.77827290063344 0.9356509296219285
32.80593313522996 0.9695421410148324
31.139519632097414 0.9425084196799703
30.871611484337606 0.9632623721737908
34.47128560990093 0.9825933666340695
32.17505069889489 0.9508694623101838
34.39404373107094 0.9502080719395324
31.057741087644906 0.9648157077397602
34.4365610222802 0.982297657649431
34.461858979508484 0.9497742852208979
34.28250389817316 0.9778755202656455
34.33421808803511 0.9777901868004251
34.39341015943425 0.9813693600266766
31.119934605091398 0.956658588266064
34.734316456270726 0.9833672308389935
31.54916681479913 0.9482785112561792
36.73650022089645 0.9843531639714422
36.69873922286672 0.9835028539081799
30.752441258787595 0.9088276838857873
