29.108066528977016 0.7575824770196167
29.46694957495724 0.8939395152084656
31.932871129738455 0.9604504021713627
32.649720202495665 0.9463475592579067
33.24529477458523 0.9593194109941985
29.720644497406848 0.92868599399174
31.92853108454399 0.9588432305371227
32.95552556137692 0.9499102815290213
30.20598279227201 0.8781093192545264
31.146678051142725 0.9076333241147526
32.44407112869845 0.9325057984498694
30.14291641469748 0.9408710881300739
30.94535435544377 0.9309560988593085
29.301840360798778 0.8908541456697876
30.14010467546239 0.940205467427847
30.43638910713467 0.8467285036216297
31.57674088248484 0.9462567546909672
31.382216474332907 0.9600123043036313
31.211995124093235 0.940317889417528
30.820710290215683 0.9432686131771781
29.6735034054193 0.9094220284488086
28.883910756837246 0.8192147218908085
32.215067326151754 0.9579354882124661
30.50232152427332 0.8526610206509729
30.083433199096916 0.9267048680982395
30.951647215773015 0.9016893170359918
29.78221305073768 0.8935757345317915
30.49568812780511 0.9113321511143333
30.99737907458174 0.9157028938919965
28.96400847062474 0.6741824773975468
34.501657422615885 0.974047159779491
32.35669087995432 0.9590632421561752
31.909287517366277 0.9416501979496931
30.863104050668177 0.9251861884173344
31.43457335956122 0.9485804290966686
30.463739733487447 0.8222099998329263
29.974725295331048 0.8707068605448143
32.41677159452114 0.9348508399451931
30.94856753918541 0.9329143339647036
30.622525820226713 0.9529167256549642
30.208871394768924 0.9503184182613977
33.35151752411178 0.9419022741999425
30.18179156656314 0.9325920491052572
30.36484985868118 0.9088676711187647
31.4160589190583 0.9559080385839354
30.643362549078223 0.9580408454885915
29.55268935775439 0.8586142276345052
29.511926217909643 0.8976252934634189
31.903858963378365 0.9420067513857328
31.918757386784517 0.9411399735165172
29.286284966702073 0.7929569656183411
30.974212739389216 0.9173036835990591
32.962605149515866 0.9625619004624626
32.83706958025125 0.9410024234855334
30.13149723557667 0.9522779711457201
34.16621768837929 0.9713443434052721
30.262320369344863 0.9347456037938772
31.808710654023777 0.9575053486247276
30.694661430991697 0.9211939535713303
31.835260350537496 0.9656960130294677
30.1165689844145 0.881309765761688
30.148202909434563 0.9432742220915183
31.214376527296682 0.9002218967254031
30.071260693552198 0.9509278043773061
30.594304052481117 0.9250776325100805
31.133453946781813 0.9428238637656976
29.599918204021776 0.8942477082605871
28.895214173733372 0.6013600331610867
29.58272612395934 0.9084040890576365
33.475424916077536 0.9431809488416278
30.178294841367588 0.9162928427700218
32.98706605653067 0.9666006092725943
29.83659825149087 0.910049002706188
30.62572762450133 0.9206414680089953
31.570200639530363 0.9405668488212583
28.886851673551238 0.3140497724281574
30.966590344227484 0.9164298092229409
33.28786748577829 0.9715329806574683
31.58595999590823 0.9455012163349094
29.038304498259805 0.816302592904077
33.246705847728364 0.9561636037729446
29.86911277840134 0.9114393701914936
30.146979896463392 0.7972012135821932
29.801767438522894 0.9261623006488459
32.776715747376755 0.979777277521645
30.74445060425979 0.9213240635201569
31.562252039637215 0.9447700484064991
33.85656546025855 0.9791424569021264
30.942230574845404 0.931188827098803
31.829077144838838 0.964496597550475
30.887469170858942 0.9451887461059628
34.24975730711021 0.9698227998188929
29.176452391719977 0.8768488518757872
29.765920313456885 0.9180571976350774
32.456598755909425 0.9369804819709117
30.82554866481681 0.9144710864125504
30.3565587954505 0.9119763864109259
31.10815271484007 0.9441479783809172
30.3487927617823 0.9069045131786774
30.347043540087704 0.8976739352331988
32.192129774805494 0.9702020253083318
30.236532738556427 0.9506784884232367
32.34153807487349 0.9680072006759719
33.260303535633184 0.9596326182081748
31.019806366370638 0.9404593276891865
28.96622206232188 0.8521978314826064
32.62305528722137 0.9360684634942374
30.982928186883104 0.951778043644286
29.591522940890087 0.8882695073852813
30.986123828914614 0.9460270634304103
30.236869702382467 0.8970132009269486
30.67671089189295 0.9174241656447543
33.93182735283965 0.9791872172455416
33.60913547894817 0.950133269244778
30.843007901789484 0.94563608486985
31.83015911444461 0.9630007609163405
31.719850765338073 0.930527233880649
32.14155261776764 0.9653421626898997
31.546985329546207 0.9436860573564577
30.654062584621798 0.91684303315302
30.957957421771596 0.9412336638943691
29.588496800140774 0.8395138722036818
29.654755769931246 0.8964019515160785
28.93054853226376 0.5928799275780136
30.749451065027536 0.8945813518445253
31.36988641312703 0.946556471715994
29.024747484311856 0.5262683408992531
29.879490830087512 0.9274087012332602
33.62718880527595 0.9468915048867969
29.661035128003768 0.8407146469735147
29.356187271205606 0.8187901402744542
30.95691790402767 0.9319426163562619
30.232572300879657 0.9274261556510064
32.34628194989741 0.9682364538757164
30.70934753571871 0.9533704721325138
29.70938628023246 0.9274719654585255
31.35060318956849 0.9315844159886688
29.731989165560737 0.8925935275043742
29.03560184323025 0.673075199215235
34.98082805675132 0.980636300578438
30.675576449557628 0.9288558900661722
32.97452019508795 0.9785361453357129
31.026809503874382 0.9384057244259021
29.607446070471624 0.8974150141528733
30.221296993601044 0.9504634234709491
30.879420554026158 0.9443447414961336
32.20812484051516 0.9576586139231437
31.450011984195427 0.9593748172112029
30.77795188239893 0.8941258287549955
35.04792990270977 0.9801474012607536
31.439004185557383 0.9441079505235376
32.16095023099939 0.958168026456987
32.79146775619448 0.9456018092280688
31.787181344108014 0.9656373296621878
28.726214680715835 0.8188021943839882
30.691455028427722 0.9349211818883985
31.555271069961233 0.9458170226729732
31.821607768438277 0.9637168313699648
33.180875627589444 0.9576261765626216
30.233596253761817 0.9178952722644071
31.339028365560637 0.9321177793796188
29.387979215737232 0.8272636757739129
29.38412870544716 0.839105969081112
29.690869966279276 0.9173519693041194
30.430764400384586 0.9087613001662277
29.752864763653278 0.9108212758156181
32.0277073796525 0.9606355774652459
30.015363489705827 0.9352888827828504
32.5696572226242 0.9317948615216659
31.846736567936794 0.9656748556108301
30.991710001307045 0.9215420954774216
31.599164017729304 0.9485376719730104
29.539462982134857 0.8361066750311936
32.840764853534225 0.9584762432978691
30.382222014374776 0.9155873028983056
28.72835060956346 0.8107811866352415
31.24962525164821 0.9558518707050597
30.58315375076274 0.9185639482204866
32.606403885633426 0.9360564760956973
30.796229347394025 0.9364304715902455
29.982680128384118 0.901863317814914
30.421143662979873 0.8074402816882139
32.722125966900826 0.9773429773807173
30.04772135000772 0.9087566722360456
33.93837372084911 0.98594077226051
28.93334547344651 0.8151662805842359
30.25184260038825 0.9507693586256267
34.799836607738975 0.9754104956875168
31.317031576227578 0.9308476837445403
30.641732689717614 0.9201334705016897
30.412579833202948 0.8966083600945404
30.74308438215219 0.9232134863971989
30.065524292430872 0.8956992488888617
30.11150829493119 0.9074667140513442
29.643599077925575 0.9113036704962337
30.085077144685894 0.9374084979058472
29.996536016391676 0.9234406592214877
30.36658810824994 0.8457566704019085
30.318924257830723 0.9017206449942726
30.924478452936228 0.9117439379841117
31.4139605991255 0.9594922700799473
31.947773637304728 0.96602926531515
29.9224203598057 0.9112774110509659
31.32791929254409 0.9270761140218478
30.74773030063855 0.9233333121875796
30.933376344996514 0.9304237755174919
31.421389278122682 0.9323253821752538
32.64662052468509 0.9405254368215352
31.30351616378739 0.943952508063447
29.49845517440242 0.8578882560500639
29.506207913572986 0.8903578947099035
30.437629371668073 0.9160741671431882
31.44623564826942 0.9330619835878412
30.325903591262552 0.9057249004941689
30.597017680306912 0.9087268864461348
30.02307082998754 0.9318850232868238
31.094922582854267 0.9078458521414337
31.89149260420379 0.9416297317663759
30.521121546302055 0.8651447772049922
29.647717742658585 0.8950983183304038
30.86294894461107 0.9424482980468614
28.719310818393794 0.8061732902764326
31.361844734451047 0.9312840181350399
32.25943690778577 0.9588266440884725
33.04554139954789 0.9668498386386224
30.04995758700001 0.8950994973095279
31.02269964600721 0.9030047954245299
30.934156986978554 0.9442838535069978
30.808937367339134 0.8959990381932169
31.117983081922603 0.9429192282185564
31.307913149963504 0.9272417042162453
29.314147137732064 0.7775077755925986
30.28710123699974 0.8995592334867606
34.65335814028488 0.9742541286294492
29.80063419771533 0.9159967452530482
33.29083081760659 0.9713275690703038
30.894871530073548 0.9136705083846861
28.806063759853586 0.8036874333078603
32.52440191097073 0.9740983685145658
34.69436382646717 0.9751223625452521
31.920483514510842 0.9415771626520805
33.402867755481424 0.9721439971274705
30.450129241540257 0.9094746246818938
30.247375298059108 0.9117085363149098
30.562665968700536 0.9104953290522361
30.721240037711738 0.935025432256506
31.439135103230562 0.9316985133856537
33.406673729073006 0.9598670121639852
30.80655265530571 0.9232354958204328
29.263201983890518 0.8030048785563232
30.420848227396043 0.9165459678269466
32.406612270633474 0.9159306632811148
31.878277614009008 0.9306402005631343
29.591097387335807 0.9174191970644614
31.21953465984926 0.9293922886505771
29.685017906436777 0.9126836576291512
30.69691173110178 0.9148184293536576
30.03143176536394 0.9076864246738732
29.53891255062235 0.8439410831871194
31.927555086225567 0.9588313926928452
30.358144434559268 0.8988152054419982
29.036365741897864 0.7039605798473562
30.85216725721953 0.9429174449098578
29.182250025391674 0.8189831546546641
29.774087394399658 0.8923015389780605
29.972468533300326 0.8763920678786098
30.8979992265229 0.9389012290107743
30.029597275216418 0.9011716879370893
32.4895796120227 0.9735692477340102
29.60548477007689 0.9040864586657733
30.192495624714837 0.8885053276369926
30.446391248251658 0.9656738043643844
31.37589437320824 0.9329052330382611
31.77278260540899 0.9569764544343728
29.28224652793591 0.7737357332855597
31.450986026765364 0.9438585211631031
31.31223259799058 0.9479393844892868
30.090970859895396 0.9419892882505551
31.60338802561798 0.9470256520785267
30.398157903299992 0.9155652137695149
31.042761604979138 0.9583267853641098
29.663326714361858 0.875394936755208
30.306881173907527 0.9336108173718658
32.06313013776927 0.9642281334099598
30.675495117757436 0.9231276689052128
32.003717069968346 0.9641336741067966
32.35192430465909 0.9681535275362861
30.62403819349339 0.9102033174994016
30.48237140476696 0.8430021433431414
28.932814522316967 0.6211638898633334
29.923580007396673 0.8989642121563114
29.711681540070003 0.9200641885090569
31.658586881039064 0.9459490907421214
29.350829120772673 0.8262000286371143
30.328357667249676 0.9053887293567192
31.42071790416159 0.9434722656206885
30.65043957721158 0.9499669583278894
29.668888313939533 0.9116602474352493
30.687454660670724 0.9528986137691199
30.471380595080987 0.8972554820101654
29.697700556952483 0.928099918978569
28.907453400478342 0.5745614830181792
28.88653658930665 0.8230356491535761
32.10395961961292 0.9599568174900418
31.736804379274837 0.9630864510265313
32.50467429618411 0.9781866230099835
29.663579332177417 0.9160694679041921
29.033663765336094 0.7108466952161236
29.318136529398835 0.8791948309617718
30.831919922993308 0.9440284649962897
29.285985735676924 0.8891611590867357
32.47005766874408 0.9328683708993736
30.39827343744343 0.9462491155068554
28.736025878564146 0.7820345631010831
33.10792937817691 0.958170041865334
29.677347152234287 0.911556247919004
30.66173632722116 0.9312111620604648
30.946248018218093 0.9176965575553342
30.26818808556436 0.925017456169284
30.40774516802024 0.8070784251363013
29.26280778488649 0.8610825840210277
30.4739734020551 0.9649149943405759
28.9923793202962 0.6756775752084379
30.72978969928379 0.9228834964030405
30.88204015376895 0.9209697350523584
31.824275623523555 0.9472116910362176
30.186102482294714 0.912765093402841
30.04282515061903 0.8977136813267383
31.964808100860587 0.9650521717551624
31.802270777422827 0.9655506137203669
30.17579419883596 0.8943462497043064
31.039439494872134 0.9272168902818815
29.744473242348505 0.928870372581029
30.458254981385117 0.9083997984303962
30.171346605367475 0.9174315078148446
30.624171051977743 0.9303617503647698
30.12291066184631 0.8919154813114883
30.68912725258935 0.9455531406926906
30.579817020860432 0.9503462347891556
31.148436529912374 0.9145042572817367
30.16968361365918 0.9263641332714748
30.70891212149274 0.959094385609871
30.472354705632775 0.8871999310919426
30.107584780410676 0.8731552092508573
31.756639853698857 0.930965124949481
31.11998917396159 0.9044531163301297
30.202103249101334 0.9242387926372493
30.94572184619568 0.9307452336263874
30.156926205647384 0.9275160774656428
30.149245116456967 0.921676623724223
31.087650853278763 0.9433734767307385
30.208476690056486 0.9534535992888218
31.560280371328226 0.9481856902276671
32.51564435567773 0.9740724607944797
33.93159819681855 0.9797583034904068
31.54255923220517 0.9479033939911363
29.036409894880634 0.8361384677500715
32.08344740153949 0.9662738547432895
29.740620955504987 0.8910701851981963
30.85735276047007 0.9443328579328547
29.69047546624653 0.911241089338246
30.121923314305434 0.7895951921943987
30.710761898885025 0.9347517864236133
29.474365836482143 0.8389639876315091
29.526645993257418 0.8985803730842005
32.32738475004718 0.9682768599277958
32.34901904182165 0.9679628233011875
30.162113758655277 0.9534442326147402
30.39104932253478 0.9482725345546327
28.926256078502732 0.8251880735170427
29.968346787944135 0.9095113157817465
30.687925494481053 0.9387793430317501
33.041103330166784 0.9674217987599162
30.277964349401643 0.8969739041080744
29.740788941883878 0.916649601041587
29.97795630212767 0.9136214533768907
30.991710277249524 0.9324220668857011
30.033484570498977 0.9357445985398917
29.661300206698126 0.8932839948072382
32.521846028239196 0.9356742061354142
31.741114299319236 0.9627434615159015
30.516797047435702 0.9177674078986273
32.34777037608565 0.932127852807268
31.74914510142993 0.9640000398909195
30.592859642179796 0.9536734263259464
29.307752137251533 0.8787338812201896
31.76740249627549 0.9638446003873762
32.71194345024539 0.9788097370253824
30.038837089508288 0.9256863201201733
29.7856220457536 0.8961113200902744
31.77398279874533 0.9275634744168897
29.546346202433256 0.909354602561199
30.184618289151008 0.9505462449324085
31.571734015117304 0.9480386603886963
31.026974468731968 0.9469098470389674
31.374328243184536 0.9320192407488862
30.456901220987582 0.8437640925044911
33.47187963904689 0.9583190802151589
30.70403143767828 0.8892314854578004
32.65289409766916 0.9438172660361713
33.75326577244188 0.9846771847061437
29.39361356164571 0.8839587836927527
29.547659566346944 0.8990397693581809
31.80832932046215 0.9649570662992751
31.453390786207933 0.9592298480389969
30.02244188070091 0.9423708725763189
31.103252233187728 0.9436144525395462
29.424813062177307 0.8049275942195246
33.602403721966205 0.9494729955113087
30.044256558134332 0.913964799973756
28.811536807447204 0.8166590607718857
28.87677928148741 0.8251698857280773
30.526301315169917 0.9439511254263563
31.98424640846691 0.9672018055013691
30.423165068571855 0.814556229062952
30.016000892630437 0.9209315113005901
31.826078623304618 0.9314136711942292
29.96431367816902 0.9162620519380081
30.726940451236736 0.9216177634515956
29.900108084015955 0.9043829239551527
32.13161245872761 0.9655368290239363
29.513759119579728 0.8913351395763638
30.03025667360367 0.9264330234537973
32.98950142655366 0.9670125706941898
31.555074399493286 0.948349563303095
30.66596214756071 0.9124731354601671
30.213085195847484 0.9196488171881639
30.678360352033724 0.9352088190188991
31.106593501868932 0.9436456599142874
33.027796424451786 0.968296748979871
31.568026526653547 0.9460193340492318
32.60897759817041 0.9400591571335928
29.864312430711394 0.8956551411248126
31.61704068308937 0.9479974031570233
30.21443194741763 0.9501117159006974
31.288593476419578 0.9031922622618882
29.635259766946387 0.9154875590999142
31.77886032321524 0.9577011464380819
30.675908719894114 0.934192311449409
31.76018030457164 0.9569044676801104
30.975716335945624 0.9500830763240917
28.697243471668962 0.8091291737472256
30.2581678518303 0.8944532876133299
31.274246934971753 0.9475968169740668
29.13921687875797 0.7521932873290016
30.51291277926213 0.9511275849916311
30.131525530511357 0.9187946153089163
34.534353118265145 0.9737786238814514
28.928496664442097 0.6217650849841304
30.827640113585026 0.9398343540088985
30.84331963166938 0.9070224610932929
30.85725190043201 0.9563238698279449
29.751438089291877 0.9287932081781216
31.138092959157717 0.9436334211085271
28.823009883582206 0.8175346709098273
29.527798581246017 0.8954459533803827
31.000103446656023 0.9516014086078632
29.701340678700348 0.872863874499639
30.944395913333942 0.9154186212209835
29.78916969752133 0.9041798208253737
32.3880681977804 0.9681661190998588
32.47833936434505 0.9389375011582332
31.58550439639019 0.9462458060341771
30.761612634873035 0.9292233049199166
31.113940752526453 0.9439109501798925
30.024792130940554 0.8875044776660244
30.235244956696906 0.9060266975675452
31.676244153094828 0.9603215982227473
28.874559111196362 0.600769707157462
32.845426427720184 0.9494915116319285
30.19550092218357 0.8813066429787935
31.812095832460166 0.9659160041442927
30.103610828564467 0.9030748262447569
30.240470562595583 0.8976585418211078
33.97900496457778 0.9798267904345804
30.1148636937535 0.9278423758870554
31.014519041814594 0.9534484614700846
33.000317355872575 0.9782867000199607
30.45817883946411 0.9644519746623222
33.068456113160806 0.9680180174780375
30.700033665119282 0.9171747079338174
30.24051234266862 0.9038499951846273
30.33957136637248 0.9311138634611226
30.66172405108206 0.9223051766556654
32.74682794233368 0.9553268925953944
31.505168426018383 0.9437577637543942
29.291597419161953 0.8719659298535771
29.34490906906501 0.8313381646650154
30.132413406026952 0.8657144750994356
30.697351874554215 0.9215294604087058
33.86269248372927 0.979441493399595
29.06436279660536 0.8692340596421634
29.517521375760367 0.8906037125804116
31.149546671644842 0.907665724657366
33.02516584339074 0.9671706117788317
28.788383277335544 0.7672796619173752
29.70985460209832 0.9280269776543382
28.761622598607772 0.7562360609952244
29.23451042372104 0.8847857284736974
30.855976771415847 0.9135221679128549
29.51115850184925 0.8983759345134795
32.87902322779789 0.951074862826665
31.587825921459732 0.9458900271348701
30.248402282400168 0.9263758191937166
32.377285472881475 0.9682953437287456
30.088903484802927 0.8880804862308534
30.85461458654891 0.9441901130957454
30.983004469212485 0.9299207523748151
30.874847910183135 0.945006923887462
30.8395534383428 0.9143444334003473
31.17851703908043 0.9074869822589492
30.883866658203907 0.9497181000090505
30.93737333928893 0.9034351117382114
30.99164791469549 0.9551173746371517
30.71571903735932 0.935483793238477
31.382524427561236 0.9583786292880296
30.84120569377335 0.914126383423202
30.741336182256717 0.9324681183804353
31.605742335643463 0.9473237012399232
32.577003348030914 0.9395831926875919
31.557142712551823 0.9458921719655033
31.74998093719928 0.9355976606395302
30.436544272601225 0.90578856197798
30.22170234072886 0.9509301473436854
28.84412085383767 0.5803635817585862
29.963153774084162 0.9173721660718499
28.97477866493049 0.6612597251394924
31.65501831087677 0.9481765057502864
29.19972585625822 0.8768263133936877
29.018765680145965 0.6994060709377415
32.88046466438187 0.9489109745997183
30.95951291954912 0.9679324086366297
32.35931620251669 0.9314932869135076
29.623924196431286 0.9113999232775523
31.01263953910665 0.9503669198867334
33.723373827087386 0.9848419938359086
31.09423286241567 0.9433386302926642
30.21621811007285 0.9507725381908134
32.50546759477974 0.9766252802650957
31.368395877733978 0.9306919039544232
31.430764623453214 0.9437232378036621
32.14903881519734 0.9576414714460558
29.91490020232813 0.870290729644255
29.9376749808182 0.905908469201001
30.949394366019227 0.9158406087954991
30.33299895966397 0.8180491007603077
30.48374172107674 0.9212614176059957
29.556735751758797 0.8957339178597186
29.13307200806822 0.6656985890807706
31.49353038433356 0.9492475778582317
32.66789926035525 0.9762764935179978
29.979147704856878 0.9019327018106569
30.375495721079808 0.9045490634122656
29.348876170960047 0.881095973719062
30.98717780439763 0.9518351476394885
29.993814807714188 0.9110295057941752
31.788880815925964 0.957793587008567
30.420394829726337 0.9161383977116436
30.663180038554785 0.920885486633077
31.734202799591227 0.961147420104984
29.96663768501229 0.9226506016251346
28.789337217457415 0.824484723703771
30.250864592645126 0.9507265213447912
32.62589978663585 0.9381964324108943
30.13398925470462 0.8263280033371129
32.31240585942638 0.9681478437003664
30.274445736673744 0.9226027332884637
31.503419938698546 0.9455251147746088
32.45700590751212 0.9378326466067136
31.510272904819246 0.9447536143158796
30.2939468595579 0.8642943301186583
30.945702733725824 0.9311861892645645
31.006619625714578 0.9377971554831488
32.190151527127526 0.9576074960248391
33.73932203709625 0.9781440569075397
29.709451390381616 0.9392981876159283
29.569698269111257 0.8933325517419568
30.408514743501414 0.9080512903694735
32.89114328451734 0.94173488175877
29.804966736511997 0.8599784157226654
29.717667616450775 0.870332324459181
31.433433748304452 0.9339454002707633
29.190627541477973 0.8646035016448553
30.663199482308563 0.930913680074657
29.77007504103712 0.8780638354204919
29.123085157696153 0.8175024162363628
29.408966024044894 0.8900154825591463
30.985019689122673 0.9421431642589856
34.1224524494125 0.9677450681407195
32.60417808788712 0.9776890797815694
32.36711231856341 0.9682143289302334
32.51999699391115 0.974313763846986
32.4922346860941 0.9740575545928739
30.98776388573029 0.9323531052707617
33.04891325575578 0.9510591627913952
31.44961795158233 0.9349695168513856
29.79684181742529 0.8779387419341212
29.664041520583698 0.9114383080516489
28.64868123573604 0.36657038685984217
28.832514402273475 0.7923166760091254
33.24621982664337 0.9578226562647666
30.17618548684404 0.8064214871628841
29.022315374402137 0.5391743577277909
30.985919898759036 0.9364947436526673
32.84478881107261 0.9404089112157183
31.676066801361806 0.9474470592076868
29.71560798847575 0.9224144669726272
29.328734152460395 0.8335004130955235
30.497516245776147 0.9586975613092598
30.298222186037115 0.9139768285500366
31.402540144264762 0.9582183114412046
30.786313979450583 0.9325758242145418
32.26953952435849 0.9318949303508554
30.729690459704308 0.9235300700169197
33.98360721581975 0.9800356455193212
30.92565481711782 0.9301212368547397
33.248862062688524 0.9714947824862543
30.850995668215013 0.9198427034690009
30.849694065514704 0.944134016533752
30.1075832046002 0.9035856190108439
33.52332864498243 0.9603458692059599
29.96233161890097 0.8995867871845303
28.97853679456006 0.818641469052017
30.6751633921525 0.9218713994525454
31.641284707479365 0.9511258049978876
29.119745165886105 0.8159482207124937
31.305482288182237 0.9319085646501307
29.739266544142748 0.9159493882259203
29.19653065359981 0.8154419057271985
29.29942953373553 0.8787828725604844
31.648126822438776 0.9478995290259509
30.8125288079014 0.896558841890595
28.861709290014325 0.5811722742093511
28.748889758075645 0.7829836158683086
29.537078479995156 0.9032279880494245
29.30193311164798 0.8036218637721256
30.556646001732357 0.9166873453549885
29.365310472069048 0.896730669824686
30.77105335852157 0.9229897695032956
29.99926881186829 0.9239586028813597
30.568666004358583 0.9316191059965176
29.503685662890117 0.8896079142537127
30.752418799860845 0.9338244341963817
31.789617559772736 0.9463041032408668
32.98326562337643 0.966588190508236
35.64824378201521 0.9840910205417679
30.909756991045004 0.9679626873567434
30.04884543208461 0.9341963139908659
28.811419218093096 0.476453678484918
30.310229691502492 0.9257539696684911
31.039549140047523 0.9452058263668204
30.185810462279253 0.8926811511786161
28.904011165413806 0.8164465345593734
29.36016488291303 0.8382231195174795
31.167452805861544 0.9102796187814631
31.844740597766858 0.9647274317152001
31.13914850359988 0.8809543084747297
30.247263709227013 0.9065501435238217
30.83395749741914 0.9337057291171467
31.62129711492396 0.9474009936744171
30.95634609740084 0.9329184187007621
29.87375290174441 0.8703577421917276
34.93928060138493 0.9802541377107902
30.493771215646852 0.8901293457233452
32.773309936266834 0.978751541852468
28.855194507192913 0.775731968877559
29.310188199071913 0.7964581122296313
30.457054681267138 0.8415994044387761
31.013413483986675 0.931253782908693
29.5194869885033 0.9064354272383347
30.01634608139438 0.9265530168958214
31.520527946952427 0.945028132388406
29.780838926388977 0.9277867880770179
30.206999573148995 0.8003545390699363
30.85248017973398 0.9443889868594697
30.958073243340912 0.953197440812624
29.757880510836834 0.9287330743286251
31.77103262888452 0.9568802559190589
30.39106734501847 0.9093114603690214
30.541019546830533 0.9547558491597701
29.56083117402581 0.8632310271885656
29.336665633281886 0.8165516171419047
30.428991309894865 0.9178054217260116
32.63366875232909 0.9417946003090573
29.940931390614747 0.8626182395946269
30.336758284515323 0.9094133349162737
28.95183986909746 0.8085480894767676
29.78589860196748 0.9271453452273853
29.692421113975502 0.9115538246471793
30.946703248042787 0.9460788631044537
30.896222377562804 0.964938541022609
33.13857300363859 0.955360385780569
28.795663512864653 0.8509254407630238
28.805483924493835 0.8137061432166512
31.037018241815957 0.9291610363096056
30.22668190614169 0.8936181161858462
32.49063045782408 0.9738861563674452
30.869975527463893 0.9447070905084441
29.531959068694125 0.9090799178602714
34.80472832215582 0.9752087706491406
33.77557405189074 0.9776152784730502
32.54045705739857 0.9741412181392267
29.705021403090154 0.928670772989209
28.88109861638695 0.5809220818019998
31.708236235183648 0.926275558805581
29.354545156156952 0.807784753089454
32.54527856850233 0.9742775536708315
29.656480537024095 0.9127706743185214
28.78481844990096 0.77766544331604
31.66103183452291 0.9560236381176811
30.956247017452668 0.9521515362959079
30.94720577668333 0.9321564737297074
29.747579829473906 0.927478223517333
32.06092562193688 0.9655865752315324
31.91428399238876 0.8926742774372747
29.48019158169485 0.8429408606878964
30.76141845554036 0.9572340957996454
30.772166061315303 0.9502503326782954
29.76940879294891 0.9095299115299404
30.205389415457088 0.8423926158417833
29.578917543970444 0.8251187530370832
29.057517081979935 0.8464515464429417
32.67244913341657 0.9798370490757549
32.41844802898463 0.9771184700812443
28.908618328733567 0.8202391328689256
29.52443148797025 0.8333987021943289
30.399007632467516 0.9077209198352525
30.6966337958834 0.9183476503437125
32.43426822847171 0.9384036108448962
33.92743693781482 0.9796737949422467
30.849339150652398 0.9442060329679728
33.8331328089006 0.9855323640212283
32.08344740153949 0.9611637110414627
32.31838222889718 0.9318698490446141
30.7535029673128 0.9236629711899238
31.4091587821688 0.9592085414667154
31.331005976650577 0.9572801386446658
31.688678426445755 0.9470975801733735
28.950691403745047 0.688819200332247
29.26273958671483 0.6233837876850429
30.22487408973496 0.8970132023385358
30.48756336559603 0.8664758360005338
28.899437860396382 0.6373172875652919
29.519676323979894 0.9053381968621532
33.43315032888852 0.9626598321888572
30.986212017893713 0.9413622297653605
31.085630314564373 0.9430228753365247
29.534720540243733 0.9141113993113924
31.371847884661584 0.931178357514704
32.65778260625196 0.9788476169688258
31.756774123518767 0.962934309172761
30.242310891605413 0.9284888478486293
30.17817380199923 0.9411925383788224
28.716248296595012 0.8213862429342562
32.446889859155284 0.9335836729989935
32.68265951544609 0.9798798548837814
29.579644306120045 0.8457092250876401
29.872667473763343 0.9152484469010075
31.681776381082948 0.9613866781721343
30.904260303277997 0.9680327264025802
29.768513403218257 0.9277232573537635
30.963228376697252 0.9229228110133865
29.102000904570215 0.8155390041543603
30.238692496740704 0.901970976433319
30.043271624603314 0.9332670340920298
33.09829707520261 0.957651912135248
30.213275026084837 0.9505759788347643
34.28154618028224 0.9701384632484222
31.328589592661093 0.9269817792416816
33.844125470944746 0.9788704153870432
29.42831303687299 0.8193029304252271
30.249304843356857 0.9166027606004273
29.11979053338639 0.8131384711339111
30.55170621286049 0.948181926360786
29.71409315702237 0.9194484823623111
31.498483509946563 0.9497272555760481
30.503090043831826 0.9177390184723669
29.856631419941287 0.926309510833556
30.543655023879047 0.8860811527117589
30.49181260141948 0.9124147267353439
32.42689368232433 0.9255341091580638
31.087586533541632 0.9436825266935697
30.514039378548997 0.9498882300119464
32.324687134710004 0.9315782240952453
29.74681737270787 0.9178446206819663
29.715547516709982 0.9165673756941892
31.39417595533879 0.9329134757950982
29.73127155247805 0.8879091983495027
31.835518049579594 0.9604763363409785
32.3045261739143 0.9586230772517866
29.386028748505844 0.891661126866104
29.76030233985099 0.9268351576857602
31.622247171462746 0.9610636013283337
33.065800351020904 0.9675044499007036
32.84695066008484 0.9779138687196012
31.799182692949902 0.9654535205309366
28.977286673328436 0.8437483477374363
29.707668710748703 0.9288858463020452
30.383092137136714 0.9088307498227781
30.2721891002804 0.8988425567684584
29.221575094378505 0.8673961312380652
29.302811163885853 0.8506367876497004
31.081949563492266 0.9440845731086118
30.10463023999295 0.9368704322122913
31.07927811837147 0.9210599584855914
30.03722029706627 0.9058001053923482
29.004500151902537 0.6859981119797396
30.94111298953321 0.9629540547599093
30.6309781323668 0.9231493487572873
30.64207969334872 0.9222105322615566
31.033970793593852 0.9238606334065091
29.904966230769205 0.9141654349822532
31.556212132597167 0.9475515592736781
33.04454876894545 0.9683191308852229
30.222732749061585 0.9267342668291417
30.268965564343464 0.9278703073445179
29.717358332188052 0.924924450395782
32.864102112797006 0.9422396848496786
29.60789168874422 0.8954310901587278
31.096442841065258 0.9432158211769349
29.77582977020206 0.8479577944966994
34.45334177024434 0.9708193389867098
29.20213659449333 0.8747684596439301
30.029675106434446 0.934256822859102
29.248202081987372 0.8162185339514423
29.718063153770373 0.8857666133753309
30.89523990135706 0.9443337613307268
30.29929538119042 0.910990579862935
29.243481490732567 0.637940972077458
30.34766682175561 0.849858635329321
29.781917723507284 0.9271924986264127
31.27112115315473 0.9431790494076299
30.18701213358099 0.9248269988368459
30.268301147747678 0.8426443059381349
31.40155749748368 0.9453536044664521
30.847670184582846 0.9437504323715813
30.96685455229611 0.926339345988675
31.577281137310443 0.946116636873436
31.404469690316983 0.944428476266012
32.221586504789784 0.9569713263622314
30.949770397509965 0.9527590203231384
29.2780070806398 0.8180959329615591
30.645101808128416 0.9503794703605338
29.392445055698182 0.812149979175084
32.81375668679383 0.980237353445734
29.928159702883303 0.8778403743283144
32.08250868344838 0.9643405019458944
30.883696273971893 0.9227602339464664
29.841312150266926 0.9073978313281779
31.586755511310464 0.9489233877231715
31.78273642801662 0.9303817397704396
29.27160579883875 0.7947160676797197
30.11251491284851 0.8854650358464535
31.29552087048674 0.8953330127226614
31.377142919468376 0.957468380408925
30.59637041690244 0.8931329390623496
30.99824067250198 0.939468093306455
30.77791852095912 0.9224975875347974
30.421939817959647 0.9102886280045657
28.85402054223926 0.7935631462896898
29.995897295068296 0.9070736604383761
30.076876597253314 0.8629093249842624
30.44688241888124 0.9091014747014856
29.94958832230935 0.918624397877759
32.729434246626276 0.9412394532287841
32.868718245644715 0.9425304720835693
30.779815538914747 0.9363370519761794
31.334440324002774 0.9267174750588418
29.558146880308726 0.8978422526051935
29.784263559714486 0.9424982928807439
31.627345230501067 0.9615700770142965
30.512570754293954 0.9120976842101495
31.71959559709956 0.9465133282852081
30.760246236444928 0.9224254074750272
31.425560579379734 0.9439612943929665
30.837016318333262 0.9321855952542849
31.744084241217596 0.9328096582354963
29.232923976048806 0.8166071474687796
31.572594746261487 0.9460853115821168
31.043069020927668 0.940678231343317
31.426288514071924 0.9337155476099327
31.464117033179384 0.960022593620537
31.315698209431527 0.9272808338604419
30.255262355535336 0.8990390218705733
30.63547788756393 0.9199707266032746
30.383925968481662 0.9155440775996742
30.68324823832075 0.9186909516848814
31.627008239985898 0.9509787386538457
30.125449521091593 0.8980835987698901
29.2672071611114 0.8069876243797953
29.895787261309366 0.912165200557725
30.70642768276251 0.9347675407824414
30.486992152340243 0.9613583100494866
29.37725067316814 0.8858581282659196
30.979637205813347 0.9071621789475268
30.685712504933566 0.9575265260791038
29.487119782988543 0.8913999649513639
29.72040027558195 0.9164924269856136
29.312899329270998 0.8823001251031353
30.707903648476403 0.922981200589149
30.97658712062602 0.916322377333961
29.79854680469571 0.9263744710710822
30.81960417766112 0.9424592414319477
30.10372373481616 0.9204943630941503
30.319613720683595 0.9057707258497794
31.092098841881604 0.9437353111616824
29.33901537071887 0.8861044191696895
29.289721266026447 0.880593637293254
30.606426608387537 0.9371471069453916
31.544615010565824 0.945869227564871
31.420039933975715 0.9348796707785763
31.595078232782704 0.9471355751530522
31.62492107851175 0.9460661171434335
30.54569094967647 0.9521262052871552
28.745571051920955 0.8230249733687982
29.81852781623993 0.9244134076887967
30.61306959439127 0.917000043020688
30.423601565913128 0.9108935761935908
30.7437645725537 0.9225784475710297
35.1560164185006 0.9817019552153833
31.894477539477485 0.9410720548799463
29.031456127899737 0.8496488185756215
29.103903799036654 0.8268084554771871
34.87255080581193 0.9763396998582318
32.2550013462851 0.9565459597738963
30.753194744742828 0.9618800257110355
33.49061117828474 0.9414198621245432
32.69870043966007 0.9386291988623355
29.88266883157253 0.8844440406890655
30.268782162123795 0.8985950851030978
30.144155537174452 0.9076192454341724
29.27137219655442 0.8841630555086274
30.508509290484803 0.933732164503118
30.21308657975601 0.9389020810039518
30.717385972982477 0.924975833429247
32.82099891408358 0.9798773058065297
30.37204412551531 0.9125965872217515
31.80431585944584 0.933143616932617
29.028143526316743 0.8310211356442586
30.370786809503585 0.9465913660579257
30.10281314630927 0.9250165457840757
31.56810593290748 0.9451199184019347
28.960096260628102 0.5495961696994763
30.691854958903143 0.9584356504391466
31.17082372461541 0.9119581957740267
29.380060743205334 0.8851898333520083
30.970481286755764 0.93049957473904
31.151257932930573 0.944360806897645
30.200009896859136 0.9296397662701379
30.398251774557423 0.9111985096902083
30.718955331544006 0.9228783511421169
33.217702623205184 0.9592056028170579
30.119525791674675 0.9426511383490375
30.638528480856685 0.952028236045112
29.692713691069578 0.9217515252491537
29.843993669012598 0.8864281777039491
30.150345545791634 0.8318472309541162
32.570885213031325 0.9779899947534958
33.98717526928425 0.9801093510436284
29.743062568996876 0.8658545765273274
30.69042537050024 0.9347512870879006
30.91050523211091 0.9002839239212103
29.810966392246204 0.9058041350420625
31.792250566924466 0.9641802181756145
29.56049475268045 0.8709336150820971
30.707709270958997 0.9216715453128577
30.71969007017931 0.9229579076227297
32.472528140447096 0.9388933619493451
32.216758034709564 0.9587491174125973
29.736849386385018 0.9201061296459433
29.76686303821591 0.9315126937500229
28.770811051264964 0.8098129475876369
30.921667502282677 0.968776109866017
31.06822592866008 0.9576240235592917
33.026441478417695 0.9549665612837285
33.24699108580993 0.9574128158907654
30.533097124183243 0.9072810555154032
29.226531044945073 0.7827206600758049
30.94089670711506 0.9679282170939129
31.6095076254628 0.9450674839615308
29.22375793982944 0.8644348744433279
31.917734744029246 0.9635626064456745
29.352600373048148 0.8373581196883716
33.20891538209116 0.9712931279809316
28.9501505676147 0.634217926968894
30.850015089491038 0.9139205245976221
30.574422918854115 0.9182893269677196
29.048142512213584 0.7261685238118953
33.022663707544865 0.9677663925444667
28.914960292523276 0.8292840435748454
30.25840720916545 0.9240851916450341
33.18744403080947 0.9572375123942157
32.562908682500826 0.9301138639765385
32.32684134031696 0.967948082514059
30.8637470364064 0.9028406052454092
32.318032058144574 0.9680913248691623
30.451026965561688 0.9173653049705999
30.998357297028583 0.970626813286243
31.27015249385467 0.9528096570573896
30.487388185543658 0.8285036449706217
31.75175630763504 0.9655908826992339
30.927251258021396 0.9494530744410598
33.054891309940906 0.9657308413446709
31.715611109876995 0.9582214304736908
30.419950187911322 0.9069767603646187
30.18929535380056 0.900515420748222
29.464900808197775 0.8868986193967606
31.191115635458612 0.9143437857367699
29.651874369061634 0.8983836740456852
29.144984824249157 0.7492514651937144
30.324294892469055 0.8996607410803731
29.168529734084782 0.829212014706431
31.409254171068703 0.9276149723500745
32.929963432458 0.9501771779221083
30.04183788082274 0.9054612750809464
29.72583240931663 0.8961663323281588
32.19681693238456 0.9583349136019161
33.02059664487807 0.9475525924906397
30.219338271984228 0.9502611429100759
29.339829269833253 0.8057891165739964
30.275577185670155 0.8111416529403788
32.92421979758445 0.9563803150242169
30.04039020231169 0.8835950400086017
30.306608256915936 0.9396702272813862
33.45436729484373 0.9453894332686432
30.086797886039562 0.9225489518359734
32.080115976657744 0.9555898354326096
33.4697016210618 0.971851574473977
29.461457368400545 0.8811639060969965
31.118558104784295 0.9438254933138334
30.672665616920728 0.9209482985155907
30.581161196216264 0.9179894716566313
33.87349669854602 0.979463416496506
32.08615790891614 0.9688674872105698
32.86052059827176 0.9409344844723643
32.21609257345639 0.9258286157737626
30.043217504099946 0.9030873874100263
32.76375083386557 0.9515060303679296
30.28012982406274 0.9237072008737709
29.395376941267394 0.8287161477025338
30.918116013599388 0.9665759191122177
30.893843224404783 0.9406094614273098
31.750004595269555 0.9631432735667972
28.823197459005094 0.7791049725607009
32.82756128679036 0.9646900652844617
30.808857732373855 0.9629065440665541
30.36342771594606 0.9143609287544017
33.38382122361854 0.9565997513243287
30.479920738577956 0.9650631274350878
28.89079879085078 0.8026725031268229
31.227859931734912 0.9295689640513841
30.705759256785157 0.9235817529477797
28.823885863237884 0.8259443131737129
29.535866984787845 0.8951421069958684
30.638383735239753 0.9265938479284372
30.368493193502886 0.8230371973114312
31.358092317203102 0.955725454378606
30.659142740750937 0.9190827748449496
30.879312188978144 0.9445336301234574
30.53166920135684 0.9137948019513542
31.742752863020193 0.9221826715957028
30.940107217706313 0.9317692868115582
31.647300090438538 0.9613339797029368
32.31737186645589 0.9307998011148827
29.99877151266116 0.92612308937147
30.422440817031667 0.8812060949415987
29.78652431529698 0.9284546138386153
33.10114770157781 0.9575047056851352
30.456454045723046 0.9171783255196285
29.254244137915993 0.7891795092860553
32.9195864784657 0.9589165442045282
30.02294763794192 0.9236979728797846
29.758883815638193 0.9285663420319019
35.02440652421144 0.9814346737870968
30.520929656538783 0.8553113443491971
33.23078036230588 0.9720115467436448
30.43126423573483 0.918942006010799
30.25456440342472 0.8982450630044752
30.311046346096056 0.9064133739148797
32.86189223636069 0.9411589922518102
28.95384687631186 0.8461153802599443
30.83635225053417 0.94398053381159
30.332121509110458 0.8909937264596689
30.713598478449118 0.9349140259689986
29.199695719081312 0.8736487785134904
31.76951868715969 0.9483411856386064
31.950800961540832 0.9574948722652135
30.5287492802321 0.8491447608033967
31.876930851437898 0.9430733350413728
30.283887483013814 0.9216931846110281
30.69152249640842 0.9428736687101467
28.812664256755784 0.8217986071609595
32.06963793550272 0.9575259305432782
29.546501498188885 0.895340122787106
30.706623036568097 0.9408731665599355
32.46045256526414 0.9375178196988863
32.065488414657274 0.9642100254159092
30.231280365413355 0.9504486805759469
31.6279589078815 0.9466058842514412
30.662410545144503 0.9259777279499312
29.71643637188333 0.8935990991945683
33.34920907588573 0.9728122063175334
33.80281926002532 0.9785089853979
31.570272519196195 0.9464762441799889
31.45065017821831 0.9333646457511015
29.647309932167225 0.8770133564253237
30.88906564775411 0.9664407342252095
29.709490826656403 0.916214925190641
30.57358277851329 0.9170353279586129
31.54700947514666 0.9483222198991875
30.038847946959244 0.9504459608633281
30.840635594623784 0.9449387691147051
33.787029454097876 0.9851519326982173
34.76295704436052 0.9748983680911866
30.80954830340027 0.8974159490511273
31.58012118511655 0.947731095598214
30.67095911282434 0.9345710442142247
30.100654494363674 0.941623034087503
29.724450448621873 0.9163654526442894
30.191850837219548 0.9503914517288944
32.13188943332473 0.9659730586935388
30.376759670509873 0.9170515988661274
29.325005911999593 0.8584230988831432
30.20629804948697 0.9410523077821339
30.722714822038924 0.9213325960317069
30.61630695138525 0.9217256923371956
30.942416912499013 0.9301065874698167
30.475281778991263 0.9109374332488543
28.862111127470143 0.855278933252795
30.428426778710445 0.84536896703795
30.696990886593447 0.9173000186415893
30.707603814456952 0.9346544679053576
34.403361075641136 0.9712989684892122
31.749217704997 0.9629492937269097
29.718497216145554 0.9245390918934014
31.851865061475472 0.9415165271820685
28.839423545937798 0.7984162602335819
30.2916239380404 0.9000174010688214
32.81271869139425 0.9504727471387338
31.339385884815517 0.9272333839287877
33.79711087817705 0.9850773365593092
29.376559283373457 0.8320478635971391
31.85625303913448 0.9658253433219905
30.67906257660415 0.9344980585807943
30.548643218411627 0.9265134854133987
31.81669670642851 0.9657314969900999
30.981720791280807 0.8794196455299439
29.451405068828546 0.8727683666686199
31.872680799066373 0.9361550937048814
32.291801746580724 0.931251250719189
28.735165471182075 0.7856160095273166
29.197166037786424 0.5451709312209265
33.83652511737444 0.9854109258345238
32.71611735275724 0.9440839520236612
30.855865780414703 0.9446086906640091
30.704500714472868 0.9350300959101844
31.81506503281021 0.965737926127
31.303768774280186 0.9251217777930572
30.177100383054004 0.8108152623340276
31.59597182841123 0.9551018366356901
30.218365015649304 0.953278323221706
29.053196767438237 0.6910141130523475
31.646886141697376 0.9460709446794506
32.82928147280724 0.9801335649218884
30.603832773438086 0.9271062222963563
31.71116748753676 0.963810423625414
31.687327972563185 0.9616360840457102
34.621953231429586 0.9736926916103276
30.980243737062978 0.9451327121964923
30.132632120210168 0.8906739138116889
30.19535780936745 0.9260206221241596
31.867932817178275 0.9613435148497852
35.72197646942064 0.9845595128323309
32.37562295213485 0.9331532407490923
29.393595799682707 0.8208192931733665
31.908821927289157 0.943861410467088
28.927070453779656 0.8479963395038026
30.247379947655997 0.917002503303343
32.54090486758868 0.9312954562391258
30.113183190821943 0.9105021540195003
29.346865525792893 0.8374405972497252
30.85551972065989 0.9444113015575911
31.788054034454216 0.9577121989104095
30.97630197234658 0.9510433152104171
30.949562155118105 0.9312692915918941
30.08002011494998 0.9326042134463117
33.70962980421937 0.9841060274335329
30.449303304466092 0.9096502120365783
31.12331632795946 0.8827283469959069
30.32160898144868 0.9215025199281527
29.46661918236923 0.8469280098738744
31.23851529626001 0.9446863254506545
31.426374825270386 0.9319646233399491
29.955496080791573 0.9047168782774657
30.129506187854496 0.9233193569753587
30.83662063459562 0.9258442589582124
30.222557067724733 0.9115425507370343
30.853308424214234 0.925373210704361
30.00426362334391 0.9167812334130235
31.44100661734867 0.9340450891641398
31.586159652147323 0.9481982289513404
30.5696186172092 0.9135742826925756
35.06710411734326 0.9818108422406933
31.089419172784368 0.9443628517024906
30.42051555372428 0.8172817024683773
30.26768284569958 0.9317558660974595
31.4700023957489 0.9434652471096084
30.20479681033898 0.8901697777251232
31.573174235198827 0.9481922747043762
30.900255827455126 0.9210669727951576
30.84395782772495 0.9296584596203986
30.904040980639028 0.9291524528418312
29.217894028706432 0.8718198016076106
31.13134958413072 0.9443059171188231
28.782921723097765 0.8013663821657954
30.511504076304718 0.9375870442696851
29.152501435578554 0.6454678305809006
31.348236389180144 0.9580105375260062
31.76445646184581 0.9630736738582082
30.76951828619498 0.8870096241766241
29.878083449128074 0.8674312659442189
32.10744639079983 0.9658128244697355
30.42460909082245 0.9649337676444689
30.879800525295916 0.9357361980903238
31.227996874231977 0.9570203789048694
32.34733864980915 0.9684461988519338
31.55755793936912 0.9451634883637515
31.873675306462236 0.9576956485402776
29.627109758255628 0.8848841965178775
30.407974337682656 0.9121231929700554
31.004903791654872 0.9533818534033159
30.34392918592352 0.903514064346005
30.97700621533515 0.9401021247769679
31.71010824504734 0.9627218431671658
32.660446523922815 0.9372370618804388
31.432674071755223 0.9334168190824419
29.984465580489285 0.9166285009990168
30.271462240174493 0.9508675396431429
31.20650350864045 0.904536166421737
31.005906688815074 0.9119559314628481
31.790480789980048 0.9318257299119145
30.315289429166373 0.9338466037254342
29.835349320724504 0.9010385419268505
33.536289423980975 0.9467445202808231
29.9571066472567 0.8999666234510025
31.737408165925203 0.9610903382202974
33.61079899341079 0.9619820269294201
32.82452524615272 0.9800747756471473
31.247020171940783 0.9425114594572584
32.75205432553048 0.9792644707974575
32.50934311697672 0.9316662971689215
29.803207806905338 0.9006697101769147
29.198728335484216 0.7735487052972946
33.936080880211094 0.9798294787606142
31.581087243566902 0.9483795017991096
30.953762820375065 0.9021973568544084
31.642167668976118 0.944038604995085
29.718012320474205 0.8916949994516791
32.46283742722997 0.9373474882664031
32.566964717839475 0.9790435793502362
30.76449441810512 0.9413114956721669
29.811688674656626 0.9408298401158093
30.2044982361421 0.9504972680803523
30.949070283604662 0.9308036273806747
33.11856464005476 0.9567579853667704
30.845320675566057 0.9446166143746836
30.997389574104844 0.9111713277085277
31.439403680342515 0.9605500414015643
28.818815837280376 0.7922729885060519
30.081353744953702 0.9388364525788371
28.75427354334178 0.7955741830397249
29.115584130704374 0.8167703416384084
30.717465761583 0.9233826593963435
29.826857620022874 0.926016854722754
30.769916293501545 0.9233586758337196
30.812825382039243 0.9140030866797045
29.31484254104191 0.8060929649363674
31.301738818059206 0.9317760490648542
33.000361176790555 0.9671579876571103
30.57908147748688 0.9157114474268403
30.851092910097357 0.9375870147833175
30.70574633885808 0.9228740612985388
30.144072448844636 0.8958122745430671
30.83691672831798 0.9016490502196902
30.787683076546514 0.9439348140583153
30.721513329022507 0.9346403521104133
29.66231720273196 0.9205858304045625
30.792149527439413 0.963675678178363
32.14431223834179 0.9579737888868521
30.387241767856302 0.9082477599868811
29.95007611337153 0.9151650179621809
30.057319603142474 0.9387129623349121
30.554764881300727 0.9156520016167418
30.23222987854232 0.9509215979368224
31.133704554443646 0.9161240329963445
29.791754312520318 0.9010609326436305
30.060540516608903 0.894540729389112
32.38495382656544 0.9366284543147962
30.242557736551767 0.8956917900019675
30.352306657437985 0.9054000443173026
33.20190819124016 0.956292242229189
30.7049560931561 0.9289990053288919
31.09498249000426 0.9434046778369851
31.786580539240674 0.9639462212799653
32.73339051857643 0.9517392571808021
30.9357630947143 0.9321603924442189
31.824876986016974 0.96357833238245
31.8288077820058 0.9399016927469941
28.94493571485103 0.8455694068661358
30.756009263076642 0.9360080182178973
31.869781058531697 0.9666310288471487
30.37264683810019 0.9132970261000253
29.73083187692433 0.9251884446797976
31.372318661241554 0.9462405467794123
29.204200898916838 0.7830780258611565
31.562366270928205 0.9455208846935366
29.37330415322989 0.8930341022769799
30.746516912878285 0.9234301528224632
30.37854175040718 0.9233369396367652
33.00105316770319 0.9514322628412161
31.42005485670856 0.954894092553096
32.38164444972557 0.9685253211811057
29.214121702257295 0.7731111392865939
30.670598261695787 0.917488653068911
31.42369113618522 0.9440352011621306
30.225933705045634 0.9506885084217513
33.37522481612662 0.9688992250385061
29.37544841967316 0.8956981055602327
30.885538824036164 0.9448001945702957
29.50035814972896 0.8835946356530251
30.770834104183436 0.9524202394239896
30.171241064926726 0.862743594053595
30.694029597618602 0.934391571922085
29.656977483059705 0.9225763171509529
30.256728257087836 0.8967657640729848
31.224783651623504 0.9304659348551723
30.652851346708342 0.9204546587736185
30.88058450596553 0.9469954273050095
29.75540107818381 0.9160848735776073
31.85865251688672 0.9291855798947295
30.121343569645486 0.8880860026108905
32.332807559256985 0.9327870779645352
29.568986691740733 0.8416520871394494
28.80620339230417 0.840273008789781
30.762670043970253 0.9239365426957209
30.32976126235077 0.9109643732627739
30.087269965899157 0.9052767775687687
31.75690247355078 0.962548779747363
32.379344008669875 0.9682263786555195
30.946112578122772 0.9416544633379015
31.769958025834192 0.9569675211527747
29.923767953401132 0.9000567299804589
30.045784312489232 0.9409440468854181
31.672060388758545 0.9461406269664943
31.906440563727184 0.941104461724686
31.884624521950897 0.9387880504556823
31.790043018297204 0.9318414897124386
30.100872963545505 0.9208327665133694
29.528352137038958 0.8960538967371343
31.372870525760526 0.9468629708366796
30.644661833063623 0.9219443064457422
33.02049230499685 0.9669984026597689
31.300944642512015 0.9257724558590563
29.326893047748207 0.8143976581542398
31.641778887402726 0.9479433284592947
31.431820167018234 0.94336563953794
30.097596405406748 0.951966119073946
30.2885715898721 0.9237528535000117
29.389674285781346 0.8973326510557975
30.058660525402715 0.9244251226908681
31.076391650753884 0.9483659789471582
30.74836764758359 0.9612128581672762
29.559631489708952 0.8332599798965395
31.313674855095673 0.9301589339047912
31.74685197902335 0.9267419515081402
29.217294300171105 0.880525024156178
32.39766006920951 0.9294017926692569
32.694666169329196 0.9373173887064822
28.938046646271363 0.8225287090137808
30.149769041529076 0.8846578044870275
32.78610407406697 0.9504450406628151
31.872598328053737 0.9410646593320429
28.90980390125548 0.8284307949933107
30.65126792975066 0.9208544871093435
30.634328494901467 0.9205437351198534
31.140021847996806 0.9282798178237612
31.203895763036154 0.9421410232574441
30.73272062723619 0.9304749743097257
30.664410283298352 0.9566166263086695
29.086883146883004 0.8677543311585858
30.526301315169917 0.9200386111434586
31.12219381806721 0.9394372347046144
29.972297015827944 0.9101374037542389
30.76817980196828 0.922352366367331
32.46407701972872 0.9373967555041083
29.13408154656272 0.8248574778856412
30.772452021090157 0.9440719003575967
32.29979000032462 0.9307271863410316
30.70292056176732 0.8959084832566703
32.80322665245223 0.9439602312878768
29.42561241745363 0.795923749478945
29.543804493648473 0.8713061261008055
32.04103819830677 0.9642856176619692
32.618096137573175 0.9374086248435659
30.7749942177862 0.9322490610734184
30.583087191965475 0.9172409054803757
30.954919235847733 0.9074357396743452
28.850891070113946 0.8067100213955835
30.512824304903035 0.9651746523135218
30.094570767889675 0.9256122611060077
29.675332434280264 0.9154242926080596
32.59873463348203 0.9770725204324522
31.098922351088653 0.9438193002775054
31.819149873953148 0.9388171591803514
31.56181842864293 0.9459251320105339
31.706171157429466 0.9450922957348682
30.33002094755679 0.8990794298155776
29.08848815848815 0.8588798565168129
33.02482517911783 0.9676190592443227
29.75728486932106 0.9280705243261891
29.01673300667244 0.8304437561534815
33.918973133971235 0.9793873729469302
30.71666561045693 0.9574185167490223
31.595388972653158 0.9447406516681184
30.006219172808734 0.9106506074135141
32.485010591397796 0.9302445806647284
28.9186904467826 0.8316034772594504
33.89078144780663 0.9792880466847882
29.881580104729473 0.899766080349175
32.72679928142526 0.979691241068372
29.10138339776489 0.6794241264567813
31.45431371075397 0.9493041540423316
30.34311963415014 0.929792379177239
30.82151418904519 0.9219227884838813
30.73338047571065 0.9162890306636643
30.996929829293624 0.9242923257409136
31.769077412735875 0.9655506382602973
32.4514077301153 0.9363776121286007
29.69846898478233 0.9328537448200064
30.881026986348342 0.9268786578768788
30.934470154519254 0.9165148039618592
32.34784428287715 0.9322372813955112
28.874684015438508 0.7940649291720754
29.657025374697618 0.8535465549658842
29.098111791246033 0.8114548250051052
30.522352318351587 0.9180566497354662
30.814601013645458 0.9133008101570286
29.955601288551705 0.9052048130818382
30.851036007303033 0.9383116303212884
32.328460886934415 0.9680033684983268
30.18113188100785 0.8368136446986352
33.04850425875709 0.9675057913664212
29.20905230161308 0.8012871542472947
30.30143315175206 0.8385091418420308
30.364347816578675 0.9016592765529349
28.942312215878797 0.8417075467573051
28.737881537746375 0.7669160372630169
31.437721523480864 0.9487840335339895
31.751315519482077 0.9292316241348909
29.61897923969529 0.9354193450741892
30.991315697420283 0.9433234381052459
30.231758686528423 0.9058121875708911
28.78886695079949 0.8522400362935438
30.3468860685696 0.9116050574878773
30.01595923377296 0.8928961530254099
30.83019489089626 0.9142270300342045
34.524404694803295 0.9725545451687437
30.070827404730835 0.9415125158582287
30.00345870467521 0.9149175382924543
30.191262600918233 0.9269148134942402
33.19609850015183 0.9570938733541564
28.97770507589715 0.5748867899306648
31.405354959212595 0.9582245526157194
32.34212211454959 0.9681928193219674
30.676997051156153 0.934188517696795
32.47382445871028 0.9378531102771211
30.732103767388843 0.9407680388514202
31.135584430381535 0.9364002954238677
30.099270661994275 0.9039204522106898
29.021802362131734 0.6696866563240426
30.68640563098187 0.9228213518382378
29.679605954121794 0.9126068172673326
30.634765136778604 0.8894158212291512
30.95800451669428 0.9193666724270025
30.71337951742924 0.9181968245734076
30.481498829682906 0.8892000823990834
32.84926848445308 0.9413455067757752
30.629539499445812 0.9208241638039737
29.880671117900608 0.921186003038499
31.750262870919887 0.9640592247633164
32.04885489012548 0.9676356180565361
31.917501148008313 0.963967268630005
31.910535244922073 0.9424958485059071
30.094476952040864 0.9075831666527062
32.70032125027493 0.9455644736513535
30.882730889567853 0.9452277445249201
30.972611308181605 0.9640662317039936
34.47913154053227 0.9819703966238181
33.17166743791019 0.9709760115798451
34.035409546939476 0.9401802990828568
36.49949947896088 0.9865468632662464
30.963937631480075 0.9669314446165612
31.207771281457806 0.9435862144414255
32.84415593805229 0.9707118499137376
31.090626964750363 0.9427321078435887
33.17498267391509 0.970918467195091
31.53111843565644 0.9480875419421091
30.83397931759455 0.9638134495109197
29.976521895342934 0.9370445359892913
32.716802446294466 0.968657209564861
34.487806920249525 0.9822503092547686
31.137000863458816 0.9683162793107422
31.260280791593935 0.9671278932848292
36.57097552210336 0.9868347320930406
36.51844246979173 0.9868257599629404
36.629387690065904 0.9843048401516147
30.029095164719738 0.9396640346755932
31.310986533658554 0.9685443673515388
31.293045469130423 0.9439699089934169
34.52746562147398 0.9501291054962151
33.163050095712386 0.9710851049455226
36.530381846545396 0.9865773404383675
31.54821002568614 0.9488943897722555
34.013279708955196 0.9423027037112369
34.512128517577985 0.9823566827983076
34.223722139736964 0.9763280873762457
31.180835763740184 0.9653648576575596
31.250016778049932 0.967667205646891
31.210738597122827 0.9672476038892193
33.14158736273344 0.971108999868524
34.364415722561745 0.9766411066690457
29.931899925043183 0.9375508058380184
34.26805757598328 0.9772119471472421
34.424292488381425 0.9828467519495642
29.956374991667673 0.940650720610065
31.47836496093881 0.9624300452483758
30.771147253118446 0.9093158534804557
32.22766944759104 0.9509244346949473
32.2443598645572 0.9519321574825628
30.047601453248483 0.9394548744364468
31.25350546877883 0.963232048535519
30.884245672695663 0.9634471103854504
36.503743678529325 0.9866676540654314
34.02008532799448 0.9430077917924526
30.634289865137866 0.9075494044305831
36.53617641689106 0.9843201415920849
34.5184422100671 0.949566751701861
34.92205191064079 0.9851000051443208
36.834841716134136 0.9840189180811428
30.901503214689562 0.9633437492844759
36.388207022271835 0.986383614539252
30.956280956185907 0.962131164082716
34.455157079755566 0.9825454291156404
36.5290218065953 0.986664933296087
30.66860515071072 0.9072397502669093
30.89193242597375 0.9626931420218724
34.66881380311537 0.9831722857399794
32.14770553577986 0.9507920809211504
30.800091475027294 0.9104171917300149
32.190027166591534 0.9511553466989974
34.505031378105 0.9500845351547317
33.25925966049106 0.9719948924913057
36.873205161435195 0.9841179655631028
31.46222815522504 0.9459848183197405
30.684062050094703 0.907847540200372
34.527451295596705 0.9501090836982704
31.3519503157789 0.9688673548072819
34.30817594233198 0.9780986418095958
31.53589318843448 0.9610430064676453
32.881207306016094 0.970312003037686
36.680492906504576 0.9839673833513691
29.981239787578488 0.9431515617853965
34.324194133816434 0.978525096015385
34.26458481643869 0.9822931801430187
31.265290100209803 0.9652537087546773
30.874837434160725 0.9627360537901475
34.02636936133557 0.9419460912484233
32.164237271869176 0.9507820474570546
34.39747955225187 0.977233241476625
34.44291355322221 0.9819326884790086
34.197246344699835 0.982185217515255
30.836297404245194 0.910526289061514
30.970953344528006 0.9661758999745943
32.84632889138389 0.9702641426549379
31.421675953524165 0.9663861741981326
30.852477240134913 0.9642741001095924
30.899671710771663 0.962742204125362
33.19647579084651 0.9710880160402521
29.957364767362293 0.9388629570273687
31.002962599462943 0.9625319855764489
32.16540533584897 0.9509358408449508
34.077614070085666 0.9428041351326277
32.13674258305821 0.9512951177612046
32.88857836168216 0.9711618241872952
34.04131203630104 0.9418559172450326
30.820228287593984 0.9647333780814978
34.56472722864465 0.9494296064595333
32.79972300440393 0.9701638821696887
33.20918435491181 0.9715084179929193
34.06912739929298 0.9425588675976676
30.705374319045752 0.9079625147217872
29.824759697131608 0.9353558898990653
32.77280590676626 0.9685456446335745
34.23713237467587 0.9775976658761035
31.178053557885246 0.9676638683490495
33.21358177842425 0.9710468014113216
34.56988871006048 0.9500216173631458
30.834824002303197 0.9636620851236949
34.6103419046281 0.984187085159139
34.05666843741338 0.9410185533882902
31.261574933543187 0.9667388487659533
34.63616613701101 0.9496114310995858
34.46037879193852 0.982974409852779
36.43708427833461 0.9865650251705064
31.17824395654178 0.968951610912501
32.24718192800785 0.9512028145238781
34.069347673602444 0.9420279965352003
32.72703093950406 0.9694318571878348
31.307396481686652 0.9680780169037038
36.737720625608546 0.9844728602835667
31.457578207562168 0.9643975365785269
31.381664628470443 0.9457724276921138
36.94098599343016 0.9846929140542362
36.50625584291617 0.9867148278172564
31.112473655604536 0.9622605733800962
34.425528004714735 0.981945318862548
34.327022538331356 0.9811229867653648
34.199029292444735 0.9822578718114189
33.22554297085149 0.9714527033312892
30.66305391210793 0.9075138597299676
29.77827290063344 0.9356509296219285
32.80593313522996 0.9695421410148324
31.139519632097414 0.9425084196799703
30.871611484337606 0.9632623721737908
34.47128560990093 0.9825933666340695
32.17505069889489 0.9508694623101838
34.39404373107094 0.9502080719395324
31.057741087644906 0.9648157077397602
34.4365610222802 0.982297657649431
34.461858979508484 0.9497742852208979
34.28250389817316 0.9778755202656455
34.33421808803511 0.9777901868004251
34.39341015943425 0.9813693600266766
31.119934605091398 0.956658588266064
34.734316456270726 0.9833672308389935
31.54916681479913 0.9482785112561792
36.73650022089645 0.9843531639714422
36.69873922286672 0.9835028539081799
30.752441258787595 0.9088276838857873
