1.0002367424242424
0.9925820707070707
0.9970012626262627
0.9999210858585859
0.9992108585858586
0.9981849747474747
0.9943181818181818
0.9996843434343434
0.992739898989899
1.0006313131313131
0.9940025252525253
0.9947916666666666
1.0064709595959596
0.9951073232323232
0.9940025252525253
1.0097853535353536
0.9950284090909091
0.9972380050505051
0.9985795454545454
0.998342803030303
0.9970801767676768
0.998342803030303
0.9940814393939394
0.9981060606060606
0.9998421717171717
0.9962121212121212
1.000552398989899
0.9975536616161617
0.9947916666666666
0.9921875
1.0
0.99447601010101
1.0077335858585859
1.0009469696969697
1.0007891414141414
0.9970012626262627
0.9972380050505051
0.9985006313131313
0.9891887626262627
0.9982638888888888
0.9940025252525253
0.9985795454545454
1.0063920454545454
0.9936868686868687
1.006707702020202
0.9978693181818182
0.9953440656565656
1.0073390151515151
0.9989741161616161
0.9985006313131313
1.0
0.9985795454545454
0.9951073232323232
0.9952651515151515
0.9925820707070707
0.9977904040404041
0.9920296717171717
1.0085227272727273
0.9919507575757576
1.0007102272727273
0.9957386363636364
0.9959753787878788
0.9989741161616161
0.9956597222222222
0.9990530303030303
0.9926609848484849
0.98666351010101
0.9985006313131313
1.0
0.9992108585858586
0.9955018939393939
1.0090751262626263
0.99447601010101
1.0019728535353536
0.9988162878787878
0.98989898989899
0.9992897727272727
0.9981060606060606
0.9978693181818182
1.0003156565656566
1.0000789141414141
0.9942392676767676
0.9973169191919192
0.9978693181818182
0.9992108585858586
0.9973169191919192
1.0011837121212122
0.9871369949494949
0.657354797979798
0.6570391414141414
0.6563289141414141
0.6583017676767676
0.6582228535353535
0.6580650252525253
0.6583017676767676
0.6559343434343434
0.6564867424242424
