0.8571654040404041
0.8580334595959596
0.8577967171717171
0.8571654040404041
0.8622948232323232
0.8276515151515151
0.8555082070707071
0.8201546717171717
0.857717803030303
0.861032196969697
0.8391729797979798
0.8611111111111112
0.8583491161616161
0.8544034090909091
0.859375
0.8308869949494949
0.860479797979798
0.8273358585858586
0.8254419191919192
0.8633207070707071
0.8574021464646465
0.8651357323232324
0.8545612373737373
0.860479797979798
0.8557449494949495
0.8553503787878788
0.8592960858585859
0.8564551767676768
0.8675031565656566
0.858270202020202
0.8736584595959596
0.8555871212121212
0.8269412878787878
0.8605587121212122
0.8603219696969697
0.8417771464646465
0.8743686868686869
0.8571654040404041
0.8386994949494949
0.8602430555555556
0.8566919191919192
0.8656881313131313
0.8567708333333334
0.8585858585858586
0.8745265151515151
0.8620580808080808
0.8564551767676768
0.8607165404040404
0.8606376262626263
0.8428819444444444
0.8229166666666666
0.8609532828282829
0.8652935606060606
0.858270202020202
0.8645044191919192
0.8597695707070707
0.8574810606060606
0.8726325757575758
0.858822601010101
0.8747632575757576
0.8632417929292929
0.8702651515151515
0.8615845959595959
0.8635574494949495
0.8580334595959596
0.8763415404040404
0.8222853535353535
0.8592960858585859
0.8598484848484849
0.8776830808080808
0.8606376262626263
0.8594539141414141
0.8665561868686869
0.8561395202020202
0.8573232323232324
0.8652935606060606
0.8614267676767676
0.85385101010101
0.8257575757575758
0.8575599747474747
0.8654513888888888
0.8622948232323232
0.8363320707070707
0.8529040404040404
0.8282828282828283
0.8554292929292929
0.8285984848484849
0.8600063131313131
0.6571969696969697
0.6580650252525253
0.6583017676767676
0.65853851010101
0.6579861111111112
0.6581439393939394
0.6571969696969697
0.6584595959595959
0.6579861111111112
