1.5010258838383839
1.5168087121212122
1.5181502525252526
1.5234375
1.505602904040404
1.5185448232323233
1.5140467171717171
1.498342803030303
1.519649621212121
1.5042613636363635
1.5046559343434343
1.508364898989899
1.5130997474747474
1.504024621212121
1.522332702020202
1.5193339646464648
1.51886047979798
1.5166508838383839
1.5028409090909092
1.5198863636363635
1.5168087121212122
1.5175978535353536
1.5121527777777777
1.5199652777777777
1.5236742424242424
1.52020202020202
1.4993686868686869
1.5144412878787878
1.4990530303030303
1.5168876262626263
1.5217013888888888
1.50323547979798
1.5153882575757576
1.5158617424242424
1.5177556818181819
1.5185448232323233
1.5043402777777777
1.5168087121212122
1.5007891414141414
1.49676452020202
1.5219381313131313
1.499447601010101
1.501657196969697
1.5023674242424243
1.5054450757575757
1.4985795454545454
1.5008680555555556
1.4980271464646464
1.5179135101010102
1.5221748737373737
1.5175189393939394
1.5006313131313131
1.513967803030303
1.5058396464646464
1.515072601010101
1.5068655303030303
1.517834595959596
1.5171243686868687
1.5187026515151516
1.515625
1.5151515151515151
1.515625
1.4976325757575757
1.5198074494949494
1.5051294191919191
1.5213068181818181
1.5205965909090908
1.5144412878787878
1.517834595959596
1.5193339646464648
1.5166508838383839
1.5187815656565657
1.5163352272727273
1.5142045454545454
1.5151515151515151
1.5057607323232323
1.5207544191919191
1.5071022727272727
1.5160984848484849
1.5217013888888888
1.5199652777777777
1.5168876262626263
1.5055239898989898
1.5056818181818181
1.5022885101010102
1.4996843434343434
1.5209122474747474
1.5208333333333333
0.6000631313131313
0.6005366161616161
0.6011679292929293
0.5979324494949495
0.601010101010101
0.5998263888888888
0.601010101010101
0.5996685606060606
0.5998263888888888
