1.1528566919191918
1.0858585858585859
1.1560132575757576
1.083727904040404
1.082070707070707
1.1554608585858586
1.074179292929293
1.0766256313131313
1.1552241161616161
1.1956281565656566
1.0717329545454546
1.1970486111111112
1.0838068181818181
1.0717329545454546
1.0827809343434343
1.1964962121212122
1.0734690656565657
1.0745738636363635
1.0879892676767677
1.0808080808080809
1.1559343434343434
1.0827809343434343
1.0720486111111112
1.0789141414141414
1.1560921717171717
1.081912878787879
1.0805713383838385
1.079782196969697
1.0795454545454546
1.08270202020202
1.0733112373737375
1.079782196969697
1.0718907828282829
1.1519886363636365
1.0827809343434343
1.1526988636363635
1.1544349747474747
1.0805713383838385
1.084280303030303
1.1974431818181819
1.1938920454545454
1.0838068181818181
1.081912878787879
1.1968907828282829
1.0807291666666667
1.1945233585858586
1.1949179292929293
1.072522095959596
1.0778093434343434
1.1508049242424243
1.0785195707070707
1.0834911616161615
1.0732323232323233
1.0843592171717171
1.0864109848484849
1.0816761363636365
1.074100378787879
1.0830965909090908
1.0844381313131313
1.1511205808080809
1.0782039141414141
1.0723642676767677
1.0822285353535352
1.1515151515151516
1.0787563131313131
1.0809659090909092
1.1541982323232323
1.0833333333333333
1.074258207070707
1.0805713383838385
1.0722853535353536
1.0829387626262625
1.0841224747474747
1.08136047979798
1.155697601010101
1.0774936868686869
1.081912878787879
1.1564867424242424
1.0810448232323233
1.0828598484848484
1.1525410353535352
1.080334595959596
1.0843592171717171
1.0816761363636365
1.0852272727272727
1.083175505050505
1.0811237373737375
1.0808080808080809
0.6267361111111112
0.6286300505050505
0.6276830808080808
0.6281565656565656
0.6279987373737373
0.6278409090909091
0.6275252525252525
0.6279198232323232
0.6283143939393939
