0.8350694444444444
0.8299400252525253
0.8350694444444444
0.7705965909090909
0.8329387626262627
0.8323074494949495
0.8372790404040404
0.8405934343434344
0.8354640151515151
0.8351483585858586
0.8344381313131313
0.8337279040404041
0.8320707070707071
0.7657828282828283
0.8333333333333334
0.835385101010101
0.8285195707070707
0.7652304292929293
0.8334911616161617
0.8612689393939394
0.7647569444444444
0.8396464646464646
0.8386205808080808
0.83041351010101
0.8313604797979798
0.865530303030303
0.8308080808080808
0.8361742424242424
0.8354640151515151
0.7735953282828283
0.8579545454545454
0.8369633838383839
0.8345959595959596
0.8381470959595959
0.7706755050505051
0.8287563131313131
0.857717803030303
0.8349116161616161
0.7702020202020202
0.7719381313131313
0.8349116161616161
0.7720170454545454
0.8581912878787878
0.8365688131313131
0.8290719696969697
0.8306502525252525
0.8557449494949495
0.8330965909090909
0.8285984848484849
0.8305713383838383
0.7658617424242424
0.8355429292929293
0.8374368686868687
0.8400410353535354
0.8303345959595959
0.7657828282828283
0.8294665404040404
0.8330965909090909
0.7652304292929293
0.8368844696969697
0.8312815656565656
0.8346748737373737
0.8375157828282829
0.8378314393939394
0.8300978535353535
0.8357796717171717
0.8337279040404041
0.8300978535353535
0.7642045454545454
0.8325441919191919
0.8314393939393939
0.8338068181818182
0.8592960858585859
0.8394097222222222
0.8342013888888888
0.8397253787878788
0.8288352272727273
0.7685448232323232
0.8394886363636364
0.8302556818181818
0.8318339646464646
0.8315972222222222
0.8369633838383839
0.7674400252525253
0.8285984848484849
0.8363320707070707
0.8562184343434344
0.7749368686868687
0.6586963383838383
0.6590909090909091
0.6590119949494949
0.65853851010101
0.6586963383838383
0.6590119949494949
0.6587752525252525
0.6587752525252525
0.6592487373737373
