1.1264993686868687
1.1111111111111112
1.1216066919191918
1.1335227272727273
1.1298926767676767
1.1232638888888888
1.1215277777777777
1.1193181818181819
1.1240530303030303
1.111032196969697
1.1158459595959596
1.105429292929293
1.1201862373737375
1.1246843434343434
1.1250789141414141
1.1224747474747474
1.1226325757575757
1.1059027777777777
1.1206597222222223
1.130602904040404
1.108822601010101
1.1258680555555556
1.1216066919191918
1.1313920454545454
1.1229482323232323
1.1182133838383839
1.1248421717171717
1.1259469696969697
1.122238005050505
1.12042297979798
1.1208175505050506
1.1215277777777777
1.1227114898989898
1.1101641414141414
1.1101641414141414
1.1206597222222223
1.1262626262626263
1.1169507575757576
1.1232638888888888
1.1227114898989898
1.1236584595959596
1.125
1.1249210858585859
1.12042297979798
1.1253945707070707
1.1212910353535352
1.123895202020202
1.103219696969697
1.1103219696969697
1.1205808080808082
1.1253945707070707
1.1230271464646464
1.125
1.1022727272727273
1.110479797979798
1.1245265151515151
1.1171085858585859
1.125552398989899
1.1247632575757576
1.1258680555555556
1.1206597222222223
1.1208964646464648
1.1250789141414141
1.1225536616161615
1.1216066919191918
1.1056660353535352
1.1246054292929293
1.1197916666666667
1.1249210858585859
1.131707702020202
1.127761994949495
1.1100063131313131
1.1111900252525253
1.1309185606060606
1.1246054292929293
1.1232638888888888
1.122238005050505
1.1220012626262625
1.1223958333333333
1.1219223484848484
1.1332070707070707
1.1254734848484849
1.1198705808080809
1.1246843434343434
1.1018781565656566
1.1239741161616161
1.1228693181818181
1.1096117424242424
0.654592803030303
0.656802398989899
0.6575915404040404
0.6553819444444444
0.6584595959595959
0.6553030303030303
0.6565656565656566
0.6523832070707071
0.6560921717171717
