1.5258049242424243
1.5185448232323233
1.5405618686868687
1.4965277777777777
1.5133364898989898
1.5268308080808082
1.5288825757575757
1.5007102272727273
1.5235164141414141
1.5172032828282829
1.5342487373737375
1.5144412878787878
1.5036300505050506
1.5187026515151516
1.5377209595959596
1.5270675505050506
1.535195707070707
1.4976325757575757
1.5014993686868687
1.5287247474747474
1.5359848484848484
1.5264362373737375
1.515072601010101
1.5262784090909092
1.5224116161616161
1.519570707070707
1.5021306818181819
1.5305397727272727
1.513415404040404
1.5377209595959596
1.5328282828282829
1.50457702020202
1.5320391414141414
1.530697601010101
1.5129419191919191
1.521780303030303
1.5325915404040404
1.5329861111111112
1.5243055555555556
1.522885101010101
1.519649621212121
1.5144412878787878
1.5339330808080809
1.5359848484848484
1.5175978535353536
1.5224116161616161
1.5282512626262625
1.5300662878787878
1.5354324494949494
1.5397727272727273
1.5327493686868687
1.535195707070707
1.5074968434343434
1.4966066919191918
1.5071022727272727
1.5275410353535352
1.5216224747474747
1.5240688131313131
1.5029198232323233
1.5370107323232323
1.5305397727272727
1.5155460858585859
1.49676452020202
1.525094696969697
1.5205965909090908
1.5317234848484849
1.5152304292929293
1.5342487373737375
1.5029987373737375
1.5259627525252526
1.5264362373737375
1.5191761363636365
1.5285669191919191
1.511758207070707
1.5286458333333333
1.5221748737373737
1.5354324494949494
1.5247001262626263
1.5318813131313131
1.5205176767676767
1.5135732323232323
1.527383207070707
1.5325915404040404
1.5320391414141414
1.5367739898989898
1.5241477272727273
1.5080492424242424
1.5321969696969697
0.6044034090909091
0.6067708333333334
0.6009311868686869
0.6068497474747475
0.6036142676767676
0.6030618686868687
0.6027462121212122
0.6073232323232324
0.6033775252525253
