1.277462121212121
1.2564709595959596
1.277935606060606
1.2586016414141414
1.2668087121212122
1.2709122474747474
1.2730429292929293
1.2529198232323233
1.256155303030303
1.2732796717171717
1.2731218434343434
1.1648516414141414
1.2763573232323233
1.1612215909090908
1.2705965909090908
1.269649621212121
1.157354797979798
1.272885101010101
1.157907196969697
1.1623263888888888
1.2543402777777777
1.2664930555555556
1.160116792929293
1.1631944444444444
1.2754103535353536
1.2679924242424243
1.2559974747474747
1.2684659090909092
1.2573390151515151
1.2691761363636365
1.275647095959596
1.2765151515151516
1.2762784090909092
1.2731218434343434
1.2746212121212122
1.256707702020202
1.2822758838383839
1.165719696969697
1.2763573232323233
1.2740688131313131
1.1644570707070707
1.2506313131313131
1.2732796717171717
1.2707544191919191
1.274542297979798
1.1654829545454546
1.1578282828282829
1.280145202020202
1.2778566919191918
1.2743844696969697
1.2698863636363635
1.256707702020202
1.1652462121212122
1.257260101010101
1.2699652777777777
1.2607323232323233
1.2679924242424243
1.27020202020202
1.280145202020202
1.2710700757575757
1.2782512626262625
1.2698863636363635
1.1639046717171717
1.1681660353535352
1.267282196969697
1.2582859848484849
1.2732796717171717
1.272885101010101
1.2740688131313131
1.2668876262626263
1.1410195707070707
1.2732796717171717
1.2751736111111112
1.278488005050505
1.2511837121212122
1.2771464646464648
1.2693339646464648
1.2729640151515151
1.2717013888888888
1.2724905303030303
1.2565498737373737
1.276199494949495
1.2748579545454546
1.272332702020202
1.2510258838383839
1.1692708333333333
1.256155303030303
1.2816445707070707
0.6003787878787878
0.6012468434343434
0.5998263888888888
0.5998263888888888
0.5990372474747475
0.6000631313131313
0.6003787878787878
0.5980113636363636
0.5996685606060606
