0.5956439393939394
0.5935921717171717
0.6179766414141414
0.5885416666666666
0.5917771464646465
0.5958806818181818
0.5984848484848485
0.5909880050505051
0.5967487373737373
0.5946969696969697
0.5972222222222222
0.5935132575757576
0.5919349747474747
0.5939078282828283
0.5995107323232324
0.6156092171717171
0.5984848484848485
0.58822601010101
0.5910669191919192
0.5961174242424242
0.6167929292929293
0.5956439393939394
0.5927241161616161
0.5950915404040404
0.5958806818181818
0.6029040404040404
0.5911458333333334
0.5963541666666666
0.5920138888888888
0.6090593434343434
0.6086647727272727
0.5905145202020202
0.5988005050505051
0.6079545454545454
0.5928819444444444
0.5934343434343434
0.6079545454545454
0.5968276515151515
0.6064551767676768
0.5967487373737373
0.594302398989899
0.5903566919191919
0.6097695707070707
0.5993529040404041
0.593197601010101
0.5956439393939394
0.5947758838383839
0.5955650252525253
0.5984848484848485
0.6183712121212122
0.5976957070707071
0.5971433080808081
0.5915404040404041
0.5892518939393939
0.5888573232323232
0.6081123737373737
0.6047190656565656
0.6143465909090909
0.5895675505050505
0.5991161616161617
0.5968276515151515
0.5969854797979798
0.5888573232323232
0.5956439393939394
0.6058238636363636
0.6081123737373737
0.5924084595959596
0.6179766414141414
0.5919349747474747
0.5955650252525253
0.6066130050505051
0.5965909090909091
0.6057449494949495
0.5965909090909091
0.6127683080808081
0.6044823232323232
0.6156092171717171
0.5973800505050505
0.5962752525252525
0.5933554292929293
0.5908301767676768
0.6074810606060606
0.5967487373737373
0.5968276515151515
0.6081912878787878
0.593197601010101
0.5928030303030303
0.5977746212121212
0.6044034090909091
0.6067708333333334
0.6009311868686869
0.6068497474747475
0.6036142676767676
0.6030618686868687
0.6027462121212122
0.6073232323232324
0.6033775252525253
