1.486584595959596
1.4694602272727273
1.48113952020202
1.504498106060606
1.5007102272727273
1.487689393939394
1.4794034090909092
1.4801136363636365
1.4861111111111112
1.4705650252525253
1.4756155303030303
1.4628314393939394
1.4779829545454546
1.4848484848484849
1.488399621212121
1.4856376262626263
1.4870580808080809
1.4624368686868687
1.4815340909090908
1.501657196969697
1.46551452020202
1.4868213383838385
1.4827967171717171
1.5043402777777777
1.4824021464646464
1.4767992424242424
1.4861111111111112
1.488399621212121
1.4825599747474747
1.4818497474747474
1.4786931818181819
1.484375
1.4839804292929293
1.4661458333333333
1.4672506313131313
1.4782986111111112
1.484927398989899
1.476010101010101
1.4852430555555556
1.4873737373737375
1.48113952020202
1.4861900252525253
1.4864267676767677
1.4813762626262625
1.486584595959596
1.4812184343434343
1.4869002525252526
1.4636205808080809
1.4711963383838385
1.4824810606060606
1.48761047979798
1.4808238636363635
1.4866635101010102
1.4596748737373737
1.4685921717171717
1.4859532828282829
1.4773516414141414
1.4870580808080809
1.4820864898989898
1.4875315656565657
1.4814551767676767
1.4824810606060606
1.4872948232323233
1.483822601010101
1.4836647727272727
1.464725378787879
1.485479797979798
1.480429292929293
1.4877683080808082
1.5022885101010102
1.4982638888888888
1.471511994949495
1.4682765151515151
1.5007102272727273
1.4863478535353536
1.4850063131313131
1.480508207070707
1.4820864898989898
1.479324494949495
1.481060606060606
1.5051294191919191
1.4826388888888888
1.4812184343434343
1.486032196969697
1.4580176767676767
1.4841382575757576
1.4836647727272727
1.4705650252525253
0.654592803030303
0.656802398989899
0.6575915404040404
0.6553819444444444
0.6584595959595959
0.6553030303030303
0.6565656565656566
0.6523832070707071
0.6560921717171717
