1.4771938131313131
1.4627525252525253
1.468197601010101
1.4750631313131313
1.472537878787879
1.472064393939394
1.464251893939394
1.474352904040404
1.461489898989899
1.4744318181818181
1.4637784090909092
1.4660669191919191
1.503866792929293
1.4670138888888888
1.4604640151515151
1.5048137626262625
1.4703282828282829
1.472616792929293
1.4730902777777777
1.4765625
1.4685921717171717
1.4749842171717171
1.4625157828282829
1.4715909090909092
1.4718276515151516
1.4688289141414141
1.475457702020202
1.4741950757575757
1.470407196969697
1.4607796717171717
1.4770359848484849
1.4707228535353536
1.5041035353535352
1.4762468434343434
1.4761679292929293
1.4677241161616161
1.4699337121212122
1.4734848484848484
1.4547032828282829
1.4712752525252526
1.4633049242424243
1.4705650252525253
1.5031565656565657
1.4636205808080809
1.5041035353535352
1.471511994949495
1.4685132575757576
1.502209595959596
1.4736426767676767
1.4707228535353536
1.4767992424242424
1.4704861111111112
1.4692234848484849
1.4694602272727273
1.4617266414141414
1.4699337121212122
1.4617266414141414
1.5042613636363635
1.4678030303030303
1.474905303030303
1.4697758838383839
1.469854797979798
1.4752209595959596
1.464962121212121
1.4740372474747474
1.4635416666666667
1.453677398989899
1.4749842171717171
1.4775883838383839
1.4745107323232323
1.465435606060606
1.5033933080808082
1.4633838383838385
1.4777462121212122
1.4757733585858586
1.4560448232323233
1.476010101010101
1.46875
1.4681186868686869
1.4767203282828283
1.4761679292929293
1.465988005050505
1.4679608585858586
1.4731691919191918
1.474905303030303
1.4704861111111112
1.4785353535353536
1.453677398989899
0.657354797979798
0.6570391414141414
0.6563289141414141
0.6583017676767676
0.6582228535353535
0.6580650252525253
0.6583017676767676
0.6559343434343434
0.6564867424242424
