1.4464962121212122
1.4020675505050506
1.4473642676767677
1.4476010101010102
1.4468118686868687
1.4513099747474747
1.4226641414141414
1.4481534090909092
1.4534406565656566
1.4438131313131313
1.4457070707070707
1.4042771464646464
1.4109848484848484
1.4521780303030303
1.4466540404040404
1.4516256313131313
1.4192708333333333
1.439157196969697
1.435842803030303
1.4501262626262625
1.4537563131313131
1.4472853535353536
1.4247948232323233
1.44854797979798
1.4294507575757576
1.3877051767676767
1.4295296717171717
1.4426294191919191
1.4508364898989898
1.4250315656565657
1.4147727272727273
1.4090909090909092
1.4818497474747474
1.4362373737373737
1.4494160353535352
1.4061710858585859
1.4390782828282829
1.4346590909090908
1.446969696969697
1.4501262626262625
1.4244002525252526
1.4061710858585859
1.4472853535353536
1.472064393939394
1.4859532828282829
1.478772095959596
1.479324494949495
1.443102904040404
1.3629261363636365
1.4424715909090908
1.4355271464646464
1.4416824494949494
1.4255839646464648
1.4319760101010102
1.4809027777777777
1.4543087121212122
1.4446811868686869
1.44073547979798
1.4398674242424243
1.4478377525252526
1.4401830808080809
1.4395517676767677
1.441287878787879
1.4092487373737375
1.425899621212121
1.4381313131313131
1.4333964646464648
1.4406565656565657
1.483822601010101
1.4535195707070707
1.445864898989899
1.4390782828282829
1.4419191919191918
1.4133522727272727
1.4558080808080809
1.3857323232323233
1.4131944444444444
1.4343434343434343
1.4406565656565657
1.4272411616161615
1.4136679292929293
1.438604797979798
1.4556502525252526
1.4786142676767677
1.4461016414141414
1.4476799242424243
1.4367108585858586
1.4446811868686869
0.6553030303030303
0.6541982323232324
0.6549873737373737
0.6558554292929293
0.6556186868686869
0.6554608585858586
0.655145202020202
0.6552241161616161
0.6547506313131313
