1.3401199494949494
1.4054608585858586
1.3416982323232323
1.3997790404040404
1.4009627525252526
1.3412247474747474
1.3970170454545454
1.3949652777777777
1.34375
1.4465751262626263
1.3948074494949494
1.4483901515151516
1.4038825757575757
1.3981218434343434
1.403488005050505
1.44988952020202
1.3958333333333333
1.397332702020202
1.4058554292929293
1.402225378787879
1.3460385101010102
1.4053819444444444
1.3961489898989898
1.4011205808080809
1.3429608585858586
1.4048295454545454
1.40167297979798
1.3994633838383839
1.403488005050505
1.402935606060606
1.394649621212121
1.4026199494949494
1.3974116161616161
1.342092803030303
1.4026199494949494
1.3419349747474747
1.342092803030303
1.4053030303030303
1.4049084595959596
1.4468118686868687
1.4474431818181819
1.4041982323232323
1.4015151515151516
1.4455492424242424
1.4030934343434343
1.4472853535353536
1.446417297979798
1.394412878787879
1.400094696969697
1.3410669191919191
1.4043560606060606
1.4038036616161615
1.39386047979798
1.3999368686868687
1.40167297979798
1.400094696969697
1.3976483585858586
1.4036458333333333
1.4039614898989898
1.3434343434343434
1.4026199494949494
1.397332702020202
1.4020675505050506
1.3425662878787878
1.4043560606060606
1.402304292929293
1.34051452020202
1.4018308080808082
1.394570707070707
1.3990688131313131
1.3970170454545454
1.4041982323232323
1.4047506313131313
1.4013573232323233
1.3393308080808082
1.3970959595959596
1.3991477272727273
1.3447758838383839
1.4033301767676767
1.4043560606060606
1.3412247474747474
1.40301452020202
1.4058554292929293
1.4026199494949494
1.4019097222222223
1.404592803030303
1.4034090909090908
1.4031723484848484
0.6267361111111112
0.6286300505050505
0.6276830808080808
0.6281565656565656
0.6279987373737373
0.6278409090909091
0.6275252525252525
0.6279198232323232
0.6283143939393939
