1.7140151515151516
1.7134627525252526
1.717092803030303
1.7140151515151516
1.722064393939394
0.5654198232323232
1.7138573232323233
0.5666035353535354
1.7158301767676767
1.7202493686868687
0.5670770202020202
1.7201704545454546
1.7175662878787878
1.7091224747474747
1.7172506313131313
0.5668402777777778
1.7185921717171717
0.5657354797979798
0.5658933080808081
1.7213541666666667
1.7143308080808082
1.7241950757575757
1.7123579545454546
1.7182765151515151
1.7113320707070707
1.7119633838383839
1.7177241161616161
1.7136205808080809
1.7282986111111112
1.714962121212121
1.7375315656565657
1.7135416666666667
0.5666824494949495
1.7180397727272727
1.7166982323232323
0.5667613636363636
1.7395833333333333
1.7162247474747474
0.5673137626262627
1.7163825757575757
1.7110164141414141
1.7267203282828283
1.7166982323232323
1.7177241161616161
1.7387152777777777
1.7170138888888888
1.7161458333333333
1.7171717171717171
1.7199337121212122
0.5659722222222222
0.5664457070707071
1.7185132575757576
1.7285353535353536
1.7163825757575757
1.7272727272727273
1.7169349747474747
1.7157512626262625
1.738162878787879
1.7182765151515151
1.7398989898989898
1.7235637626262625
1.7340593434343434
1.7241161616161615
1.72332702020202
1.7150410353535352
1.7406092171717171
0.5675505050505051
1.7169349747474747
1.7180397727272727
1.7403724747474747
1.7179608585858586
1.718197601010101
1.7270359848484849
1.7134627525252526
1.7143308080808082
1.7239583333333333
1.7210385101010102
1.7100694444444444
0.5670770202020202
1.7158301767676767
1.7272727272727273
1.7222222222222223
0.5662089646464646
1.7075441919191918
0.5677083333333334
1.7134627525252526
0.5656565656565656
1.713147095959596
0.6571969696969697
0.6580650252525253
0.6583017676767676
0.65853851010101
0.6579861111111112
0.6581439393939394
0.6571969696969697
0.6584595959595959
0.6579861111111112
