1.4722222222222223
1.4655934343434343
1.4646464646464648
1.4644097222222223
1.4610164141414141
1.4651199494949494
1.457149621212121
1.463699494949495
1.4694602272727273
1.4660669191919191
1.5013415404040404
1.4689867424242424
1.502209595959596
1.4626736111111112
1.4666193181818181
1.4672506313131313
1.4673295454545454
1.5028409090909092
1.45770202020202
1.4730902777777777
1.4640151515151516
1.4573863636363635
1.4674873737373737
1.4644886363636365
1.4670138888888888
1.4645675505050506
1.4722222222222223
1.4633049242424243
1.5010258838383839
1.4671717171717171
1.4667771464646464
1.5026041666666667
1.4655934343434343
1.4597537878787878
1.501657196969697
1.4644886363636365
1.4615688131313131
1.4623579545454546
1.4527304292929293
1.472695707070707
1.4625157828282829
1.4597537878787878
1.4646464646464648
1.4510732323232323
1.4767203282828283
1.4667771464646464
1.4405776515151516
1.4589646464646464
1.4750631313131313
1.46551452020202
1.5008680555555556
1.4672506313131313
1.4597537878787878
1.4680397727272727
1.462594696969697
1.467645202020202
1.4710385101010102
1.4671717171717171
1.4539141414141414
1.4584911616161615
1.4629103535353536
1.462594696969697
1.464804292929293
1.4592013888888888
1.4730113636363635
1.4552556818181819
1.4746685606060606
1.4700126262626263
1.4580176767676767
1.4574652777777777
1.4573074494949494
1.4584911616161615
1.4619633838383839
1.4634627525252526
1.47332702020202
1.4740372474747474
1.4659090909090908
1.467645202020202
1.4605429292929293
1.466540404040404
1.469302398989899
1.4619633838383839
1.447522095959596
1.467645202020202
1.46417297979798
1.5028409090909092
1.4682765151515151
1.46551452020202
0.6559343434343434
0.6549873737373737
0.6559343434343434
0.6561710858585859
0.6560132575757576
0.6563289141414141
0.65625
0.6553819444444444
0.6553030303030303
