1.1515940656565657
1.1475694444444444
1.1457544191919191
1.14386047979798
1.1497001262626263
1.1814236111111112
1.1856849747474747
1.22332702020202
1.1526988636363635
1.1437815656565657
1.1493844696969697
1.1469381313131313
1.1474116161616161
1.1527777777777777
1.1413352272727273
1.1442550505050506
1.1785037878787878
1.15167297979798
1.224905303030303
1.181344696969697
1.1449652777777777
1.1501736111111112
1.150647095959596
1.1513573232323233
1.151751893939394
1.1557765151515151
1.1793718434343434
1.1536458333333333
1.1541982323232323
1.1807133838383839
1.1798453282828283
1.1521464646464648
1.1520675505050506
1.1465435606060606
1.143386994949495
1.1762941919191918
1.1783459595959596
1.1507260101010102
1.1803188131313131
1.222616792929293
1.152935606060606
1.1497001262626263
1.1502525252525253
1.150647095959596
1.1497001262626263
1.1504103535353536
1.2218276515151516
1.1507260101010102
1.1504103535353536
1.1782670454545454
1.1513573232323233
1.1452809343434343
1.181897095959596
1.147885101010101
1.2222222222222223
1.1508838383838385
1.1814236111111112
1.15301452020202
1.1453598484848484
1.1635890151515151
1.1437815656565657
1.1507260101010102
1.14520202020202
1.149542297979798
1.1498579545454546
1.2224589646464648
1.1443339646464648
1.1483585858585859
1.1470170454545454
1.1826862373737375
1.1519097222222223
1.1463857323232323
1.2222222222222223
1.2259311868686869
1.1521464646464648
1.1482007575757576
1.1490688131313131
1.147885101010101
1.1470170454545454
1.150647095959596
1.1819760101010102
1.1452809343434343
1.1463857323232323
1.149542297979798
1.1521464646464648
1.181344696969697
1.1480429292929293
1.1515151515151516
0.6471748737373737
0.6483585858585859
0.6482007575757576
0.6493844696969697
0.6484375
0.648989898989899
0.6486742424242424
0.6485164141414141
0.6490688131313131
