1.6347064393939394
1.6137152777777777
1.6409406565656566
1.6197127525252526
1.6201073232323233
1.62957702020202
1.6401515151515151
1.6159248737373737
1.619397095959596
1.6381786616161615
1.636600378787879
0.5602904040404041
1.6384943181818181
0.56021148989899
1.6299715909090908
1.6274463383838385
0.5591856060606061
1.6387310606060606
0.5604482323232324
0.5597380050505051
1.6164772727272727
1.6235795454545454
0.5601325757575758
0.5599747474747475
1.6347853535353536
1.6228693181818181
1.620501893939394
1.6314709595959596
1.6169507575757576
1.6214488636363635
1.6358901515151516
1.6414930555555556
1.6387310606060606
1.6386521464646464
1.6375473484848484
1.617739898989899
1.644491792929293
0.5596590909090909
1.6434659090909092
1.640072601010101
0.5604482323232324
1.6178977272727273
1.6392834595959596
1.6274463383838385
1.6399147727272727
0.5592645202020202
0.5605271464646465
1.6399936868686869
1.6416508838383839
1.6320233585858586
1.6297348484848484
1.6179766414141414
0.5594223484848485
1.6190814393939394
1.6253156565656566
1.6228693181818181
1.6263415404040404
1.6398358585858586
1.6466224747474747
1.6382575757575757
1.6459911616161615
1.632260101010101
0.56021148989899
0.5598169191919192
1.6203440656565657
1.616635101010101
1.6329703282828283
1.6421243686868687
1.6279198232323233
1.6271306818181819
0.5603693181818182
1.6403882575757576
1.6408617424242424
1.6427556818181819
1.6151357323232323
1.6371527777777777
1.6250789141414141
1.6358112373737375
1.629498106060606
1.6395991161616161
1.6203440656565657
1.640625
1.6384943181818181
1.6294191919191918
1.616082702020202
0.5600536616161617
1.6141098484848484
1.6459911616161615
0.6003787878787878
0.6012468434343434
0.5998263888888888
0.5998263888888888
0.5990372474747475
0.6000631313131313
0.6003787878787878
0.5980113636363636
0.5996685606060606
