0.7174084595959596
0.7169349747474747
0.7151199494949495
0.7155145202020202
0.717092803030303
0.7095170454545454
0.7102272727272727
0.7295612373737373
0.7202493686868687
0.7158301767676768
0.7157512626262627
0.7166982323232324
0.7185132575757576
0.7181186868686869
0.7157512626262627
0.7147253787878788
0.7082544191919192
0.717092803030303
0.7321654040404041
0.7088857323232324
0.7148042929292929
0.7172506313131313
0.7179608585858586
0.717092803030303
0.7167771464646465
0.717092803030303
0.709832702020202
0.7178030303030303
0.7173295454545454
0.7092013888888888
0.7099905303030303
0.7178030303030303
0.7177241161616161
0.7163825757575758
0.7131470959595959
0.7074652777777778
0.7076231060606061
0.7146464646464646
0.7095959595959596
0.7293244949494949
0.7172506313131313
0.717645202020202
0.7152777777777778
0.7173295454545454
0.7152777777777778
0.7162247474747475
0.7301925505050505
0.7178030303030303
0.7166193181818182
0.7084122474747475
0.7166193181818182
0.7155145202020202
0.709280303030303
0.7167771464646465
0.7309027777777778
0.7183554292929293
0.7094381313131313
0.7177241161616161
0.7159880050505051
0.7214330808080808
0.7140940656565656
0.7174084595959596
0.7148042929292929
0.7159880050505051
0.7162247474747475
0.7305082070707071
0.7148042929292929
0.7173295454545454
0.7163036616161617
0.7088068181818182
0.7154356060606061
0.7155934343434344
0.7300347222222222
0.7318497474747475
0.7174084595959596
0.7173295454545454
0.7141729797979798
0.7172506313131313
0.7155145202020202
0.71646148989899
0.7104640151515151
0.7162247474747475
0.7173295454545454
0.7181186868686869
0.7166982323232324
0.7111742424242424
0.7162247474747475
0.7163036616161617
0.6471748737373737
0.6483585858585859
0.6482007575757576
0.6493844696969697
0.6484375
0.648989898989899
0.6486742424242424
0.6485164141414141
0.6490688131313131
