1.6982323232323233
0.5512941919191919
1.7034406565656566
1.7319286616161615
1.7128314393939394
0.5571338383838383
1.6761363636363635
1.6726641414141414
0.5483743686868687
1.7032039141414141
1.6750315656565657
1.7039141414141414
0.5471906565656566
1.711489898989899
1.714804292929293
1.6898674242424243
1.702020202020202
1.6871054292929293
1.7391098484848484
1.6795296717171717
1.7425820707070707
1.7024936868686869
1.6938920454545454
1.6963383838383839
1.7387152777777777
1.7115688131313131
0.5534248737373737
1.7116477272727273
1.712042297979798
1.710385101010101
1.7000473484848484
1.7093592171717171
0.5531881313131313
1.7079387626262625
0.5508207070707071
1.714251893939394
1.6922348484848484
1.6961016414141414
1.727114898989899
1.6881313131313131
0.5516098484848485
1.7054135101010102
0.547979797979798
1.7350852272727273
1.698626893939394
1.7082544191919191
1.6775568181818181
1.707149621212121
1.714883207070707
1.7059659090909092
1.6814236111111112
1.7138573232323233
1.6859217171717171
1.6860795454545454
1.705334595959596
1.7066761363636365
1.7268781565656566
1.7336647727272727
1.7129103535353536
1.6928661616161615
1.7090435606060606
0.5517676767676768
1.6987058080808082
0.5498737373737373
1.7323232323232323
1.706439393939394
1.7173295454545454
1.7115688131313131
1.7095170454545454
1.714804292929293
1.710385101010101
1.7289299242424243
1.6809501262626263
1.6912089646464648
1.706912878787879
1.7006786616161615
1.6955492424242424
0.5510574494949495
0.5511363636363636
0.5500315656565656
1.675189393939394
1.739425505050505
1.6938920454545454
0.5462436868686869
1.6968118686868687
0.5507417929292929
1.737136994949495
1.7073863636363635
0.6531723484848485
0.6496212121212122
0.6478061868686869
0.6475694444444444
0.6503314393939394
0.6463068181818182
0.6488320707070707
0.6500157828282829
0.6470170454545454
