1.0779671717171717
1.0754419191919191
1.0746527777777777
1.0780460858585859
1.0766256313131313
1.0731534090909092
1.0785984848484849
1.0738636363636365
1.0754419191919191
1.0779671717171717
1.0737058080808082
1.0973011363636365
1.0733112373737375
1.0797032828282829
1.0754419191919191
1.0750473484848484
1.0744160353535352
1.0732323232323233
1.076467803030303
1.0744160353535352
1.0757575757575757
1.078125
1.0782039141414141
1.1021938131313131
1.0757575757575757
1.0759943181818181
1.0733112373737375
1.0773358585858586
1.074258207070707
1.07488952020202
1.073626893939394
1.0746527777777777
1.075915404040404
1.075363005050505
1.1039299242424243
1.081439393939394
1.0727588383838385
1.0747316919191918
1.0791508838383839
1.0754419191919191
1.0755997474747474
1.076467803030303
1.0998263888888888
1.074337121212121
1.074100378787879
1.072522095959596
1.0749684343434343
1.082070707070707
1.0763099747474747
1.0737058080808082
1.0744949494949494
1.07488952020202
1.0776515151515151
1.0752840909090908
1.0758364898989898
1.0734690656565657
1.0746527777777777
1.0734690656565657
1.078677398989899
1.07354797979798
1.0790719696969697
1.0732323232323233
1.0777304292929293
1.1017992424242424
1.0739425505050506
1.0722064393939394
1.1022727272727273
1.0758364898989898
1.0733112373737375
1.0995896464646464
1.0757575757575757
1.0758364898989898
1.0773358585858586
1.07488952020202
1.1027462121212122
1.0755997474747474
1.073626893939394
1.074179292929293
1.08136047979798
1.074258207070707
1.0769412878787878
1.0774936868686869
1.0738636363636365
1.0729955808080809
1.0758364898989898
1.0789930555555556
1.075915404040404
1.0732323232323233
0.6496212121212122
0.6498579545454546
0.6498579545454546
0.6504103535353535
0.6493844696969697
0.6500157828282829
0.6496212121212122
0.6496212121212122
0.650094696969697
