0.8452493686868687
0.81021148989899
0.8464330808080808
0.8459595959595959
0.8458017676767676
0.8489583333333334
0.829229797979798
0.8454861111111112
0.8506944444444444
0.8439078282828283
0.8454861111111112
0.8128156565656566
0.8231534090909091
0.8477746212121212
0.8463541666666666
0.8506944444444444
0.8235479797979798
0.8367266414141414
0.8364109848484849
0.8475378787878788
0.8517992424242424
0.8468276515151515
0.8278093434343434
0.8453282828282829
0.8310448232323232
0.7981376262626263
0.8294665404040404
0.8411458333333334
0.8495107323232324
0.8279671717171717
0.8207070707070707
0.8195233585858586
0.8635574494949495
0.8355429292929293
0.8488794191919192
0.8129734848484849
0.8409090909090909
0.8368844696969697
0.8462752525252525
0.8482481060606061
0.8272569444444444
0.813604797979798
0.84603851010101
0.850457702020202
0.8646622474747475
0.8559816919191919
0.8589804292929293
0.8450126262626263
0.7764362373737373
0.8424084595959596
0.8359375
0.8403566919191919
0.8290719696969697
0.8342013888888888
0.8630839646464646
0.8518781565656566
0.8435132575757576
0.8386205808080808
0.8379103535353535
0.8463541666666666
0.8400410353535354
0.8386205808080808
0.8404356060606061
0.8136837121212122
0.8306502525252525
0.8399621212121212
0.8339646464646465
0.8403566919191919
0.8636363636363636
0.8514046717171717
0.8452493686868687
0.8381470959595959
0.8402777777777778
0.8200757575757576
0.853219696969697
0.7948232323232324
0.8205492424242424
0.8349905303030303
0.8407512626262627
0.8300978535353535
0.8248106060606061
0.8378314393939394
0.8522727272727273
0.859375
0.8451704545454546
0.8431186868686869
0.8349116161616161
0.8424873737373737
0.6553030303030303
0.6541982323232324
0.6549873737373737
0.6558554292929293
0.6556186868686869
0.6554608585858586
0.655145202020202
0.6552241161616161
0.6547506313131313
