1.533459595959596
1.5356691919191918
1.4999210858585859
1.5271464646464648
1.5706281565656566
1.5026041666666667
1.5690498737373737
1.5643150252525253
1.5197285353535352
1.5582386363636365
1.519412878787879
1.528488005050505
1.5291193181818181
1.525647095959596
1.516729797979798
1.5247790404040404
1.5224905303030303
1.515625
1.5309343434343434
1.5173611111111112
1.5249368686868687
1.5307765151515151
1.5570549242424243
1.5233585858585859
1.5291193181818181
1.5058396464646464
1.5250157828282829
1.51238952020202
1.4975536616161615
1.4973958333333333
1.5277777777777777
1.5291193181818181
1.5208333333333333
1.529040404040404
1.5289614898989898
1.529592803030303
1.5108112373737375
1.5019728535353536
1.5316445707070707
1.5327493686868687
1.531802398989899
1.5164930555555556
1.5294349747474747
1.5109690656565657
1.5293560606060606
1.5239109848484849
1.527225378787879
1.5258838383838385
1.5025252525252526
1.5237531565656566
1.5049715909090908
1.5681818181818181
1.5237531565656566
1.5232007575757576
1.5037089646464648
1.5322758838383839
1.5269097222222223
1.5078914141414141
1.5373263888888888
1.566524621212121
1.5316445707070707
1.5193339646464648
1.5096275252525253
1.5071811868686869
1.529040404040404
1.5054450757575757
1.5222537878787878
1.522885101010101
1.5281723484848484
1.496133207070707
1.5028409090909092
1.522885101010101
1.571417297979798
1.4988162878787878
1.5346433080808082
1.5104166666666667
1.5209122474747474
1.526199494949495
1.52801452020202
1.5302241161616161
1.5232796717171717
1.5328282828282829
1.5017361111111112
1.5153882575757576
1.523989898989899
1.5257260101010102
1.5240688131313131
1.5138099747474747
0.6163194444444444
0.6152935606060606
0.6126104797979798
0.6165561868686869
0.6126893939393939
0.6171875
0.6138731060606061
0.6176609848484849
0.616635101010101
