0.5936710858585859
0.5969065656565656
0.5947758838383839
0.6000631313131313
0.5986426767676768
0.600457702020202
0.592092803030303
0.5964330808080808
0.5924084595959596
0.6085858585858586
0.6111900252525253
0.6048768939393939
0.5967487373737373
0.5972222222222222
0.6076388888888888
0.603219696969697
0.5931186868686869
0.5924873737373737
0.5944602272727273
0.5959595959595959
0.5984848484848485
0.5961963383838383
0.5962752525252525
0.5951704545454546
0.5933554292929293
0.5945391414141414
0.5982481060606061
0.5945391414141414
0.6017992424242424
0.5930397727272727
0.5976957070707071
0.5985637626262627
0.5957228535353535
0.6014835858585859
0.5934343434343434
0.5917771464646465
0.5933554292929293
0.5967487373737373
0.6109532828282829
0.6074810606060606
0.5929608585858586
0.5927241161616161
0.6107954545454546
0.6047190656565656
0.5935132575757576
0.5927241161616161
0.5958017676767676
0.5961174242424242
0.5976167929292929
0.6079545454545454
0.5935132575757576
0.6006155303030303
0.6012468434343434
0.5928819444444444
0.5949337121212122
0.5985637626262627
0.5987215909090909
0.5950915404040404
0.6024305555555556
0.6033775252525253
0.6042455808080808
0.5943813131313131
0.5946180555555556
0.6024305555555556
0.6114267676767676
0.59375
0.5982481060606061
0.5935132575757576
0.5930397727272727
0.592645202020202
0.5947758838383839
0.6081912878787878
0.6061395202020202
0.5931186868686869
0.5969065656565656
0.592092803030303
0.6045612373737373
0.5981691919191919
0.5928819444444444
0.59375
0.5994318181818182
0.5949337121212122
0.6062973484848485
0.599905303030303
0.5933554292929293
0.5954861111111112
0.5945391414141414
0.5962752525252525
0.6515151515151515
0.6510416666666666
0.6506470959595959
0.6511994949494949
0.649542297979798
0.6500157828282829
0.6504103535353535
0.6494633838383839
0.6498579545454546
