0.5915404040404041
0.6106376262626263
0.5895675505050505
0.6115056818181818
0.5988005050505051
0.6229482323232324
0.5837279040404041
0.5835700757575758
0.6042455808080808
0.5950915404040404
0.5854640151515151
0.5958017676767676
0.6007733585858586
0.5969065656565656
0.615530303030303
0.5924084595959596
0.5890151515151515
0.5900410353535354
0.6204229797979798
0.5875157828282829
0.6284722222222222
0.5906723484848485
0.5895675505050505
0.5869633838383839
0.6242897727272727
0.5999842171717171
0.6115845959595959
0.5987215909090909
0.5980902777777778
0.5965909090909091
0.5918560606060606
0.5973800505050505
0.6172664141414141
0.5965119949494949
0.6081912878787878
0.6032986111111112
0.5962752525252525
0.5883838383838383
0.6167140151515151
0.5909090909090909
0.6066130050505051
0.6002998737373737
0.601010101010101
0.6178188131313131
0.5872790404040404
0.5966698232323232
0.5878314393939394
0.5980902777777778
0.6002209595959596
0.595407196969697
0.5907512626262627
0.5985637626262627
0.5905934343434344
0.5906723484848485
0.5934343434343434
0.594302398989899
0.617739898989899
0.6149779040404041
0.5979324494949495
0.5976957070707071
0.5967487373737373
0.6085858585858586
0.5900410353535354
0.6049558080808081
0.6137941919191919
0.5950126262626263
0.5991950757575758
0.5957228535353535
0.5973011363636364
0.5990372474747475
0.6081912878787878
0.6206597222222222
0.5883838383838383
0.5845959595959596
0.593197601010101
0.5929608585858586
0.5898832070707071
0.6109532828282829
0.6111900252525253
0.6122159090909091
0.5857796717171717
0.6216066919191919
0.5868844696969697
0.599905303030303
0.5886994949494949
0.6087436868686869
0.6178977272727273
0.5911458333333334
0.6531723484848485
0.6496212121212122
0.6478061868686869
0.6475694444444444
0.6503314393939394
0.6463068181818182
0.6488320707070707
0.6500157828282829
0.6470170454545454
