1.3322285353535352
1.2960069444444444
1.3333333333333333
1.3525883838383839
1.3447758838383839
1.324179292929293
1.3106060606060606
1.3081597222222223
1.288510101010101
1.3371212121212122
1.3121054292929293
1.3383049242424243
1.2809343434343434
1.3424084595959596
1.3488794191919191
1.3251262626262625
1.3299400252525253
1.3252840909090908
1.369397095959596
1.3158933080808082
1.376104797979798
1.3335700757575757
1.3301767676767677
1.3250473484848484
1.3686868686868687
1.3445391414141414
1.3043718434343434
1.3424873737373737
1.3433554292929293
1.342092803030303
1.3350694444444444
1.339962121212121
1.298532196969697
1.3400410353535352
1.2982165404040404
1.3451704545454546
1.3226799242424243
1.3268623737373737
1.3557449494949494
1.321969696969697
1.2909564393939394
1.34051452020202
1.2794349747474747
1.3676609848484849
1.329782196969697
1.3403566919191918
1.3191287878787878
1.3411458333333333
1.342645202020202
1.3395675505050506
1.3190498737373737
1.34375
1.3201546717171717
1.3245738636363635
1.3379892676767677
1.338699494949495
1.3562184343434343
1.364977904040404
1.3412247474747474
1.3273358585858586
1.341540404040404
1.2977430555555556
1.3300189393939394
1.295217803030303
1.3623737373737375
1.3401199494949494
1.345959595959596
1.3408301767676767
1.3430397727272727
1.3427241161616161
1.3368844696969697
1.356060606060606
1.316366792929293
1.3233901515151516
1.3390940656565657
1.3347537878787878
1.33136047979798
1.3037405303030303
1.3029513888888888
1.3076862373737375
1.3095012626262625
1.368844696969697
1.3244949494949494
1.2786458333333333
1.3271780303030303
1.2943497474747474
1.3678977272727273
1.3366477272727273
0.6531723484848485
0.6496212121212122
0.6478061868686869
0.6475694444444444
0.6503314393939394
0.6463068181818182
0.6488320707070707
0.6500157828282829
0.6470170454545454
