1.6626420454545454
1.6645359848484849
1.6279198232323233
1.6479640151515151
1.6810290404040404
1.6331281565656566
1.679135101010101
1.6721117424242424
1.641177398989899
1.667929292929293
1.6321022727272727
1.6535669191919191
1.652462121212121
1.6557765151515151
0.5489267676767676
1.6416508838383839
1.641177398989899
0.5505839646464646
1.6535669191919191
1.6376262626262625
1.6567234848484849
1.6507260101010102
1.6665877525252526
1.6395991161616161
1.6453598484848484
1.6328125
0.547979797979798
0.5475852272727273
1.6305239898989898
1.6307607323232323
1.6554608585858586
1.6598011363636365
0.5512152777777778
1.652462121212121
0.54916351010101
1.6580650252525253
0.5502683080808081
1.6291035353535352
1.6571969696969697
1.6555397727272727
1.6592487373737375
0.5482165404040404
1.6590909090909092
0.5478219696969697
1.6532512626262625
1.636679292929293
1.6500157828282829
1.652462121212121
1.633364898989899
1.6546717171717171
1.629498106060606
1.675820707070707
1.6467013888888888
1.652304292929293
1.6352588383838385
1.6575126262626263
1.6563289141414141
0.5480587121212122
1.6695864898989898
1.676925505050505
1.6583017676767677
0.5515309343434344
1.6405460858585859
1.6422032828282829
1.6566445707070707
1.6370738636363635
0.5484532828282829
0.5512941919191919
1.6499368686868687
1.629024621212121
1.6332859848484849
1.6544349747474747
1.6800031565656566
1.6262626262626263
1.6577493686868687
0.5516887626262627
1.6359690656565657
1.6416508838383839
1.652304292929293
1.6541982323232323
1.651751893939394
1.660037878787879
1.6309185606060606
0.54916351010101
1.6496212121212122
1.6566445707070707
1.6452809343434343
0.5489267676767676
0.6163194444444444
0.6152935606060606
0.6126104797979798
0.6165561868686869
0.6126893939393939
0.6171875
0.6138731060606061
0.6176609848484849
0.616635101010101
