1.489425505050505
1.5255681818181819
1.4865056818181819
1.5243844696969697
1.5226483585858586
1.490530303030303
1.5179135101010102
1.5174400252525253
1.4831912878787878
1.5598958333333333
1.519570707070707
1.5598169191919191
1.5253314393939394
1.5205965909090908
1.5219381313131313
1.5606060606060606
1.51886047979798
1.5197285353535352
1.525094696969697
1.5247790404040404
1.4861900252525253
1.5254892676767677
1.5198074494949494
1.523989898989899
1.4861900252525253
1.5262784090909092
1.523989898989899
1.5261205808080809
1.52801452020202
1.5264362373737375
1.521780303030303
1.5240688131313131
1.519412878787879
1.4884785353535352
1.5254103535353536
1.4862689393939394
1.483822601010101
1.5270675505050506
1.5264362373737375
1.559738005050505
1.5618686868686869
1.5243055555555556
1.5242266414141414
1.5625789141414141
1.5239109848484849
1.5606060606060606
1.5605271464646464
1.5179135101010102
1.5242266414141414
1.4897411616161615
1.5259627525252526
1.5252525252525253
1.5173611111111112
1.5262784090909092
1.5247790404040404
1.5247001262626263
1.5190183080808082
1.5254892676767677
1.5255681818181819
1.4848484848484849
1.5241477272727273
1.5198863636363635
1.5247790404040404
1.4826388888888888
1.525094696969697
1.5235953282828283
1.4891098484848484
1.524542297979798
1.5215435606060606
1.5227272727272727
1.519570707070707
1.5247001262626263
1.5254103535353536
1.5244633838383839
1.4850852272727273
1.519649621212121
1.5240688131313131
1.4866635101010102
1.525647095959596
1.5269097222222223
1.4850852272727273
1.522332702020202
1.5243844696969697
1.5253314393939394
1.5247790404040404
1.5261205808080809
1.5269886363636365
1.5252525252525253
0.6267361111111112
0.6286300505050505
0.6276830808080808
0.6281565656565656
0.6279987373737373
0.6278409090909091
0.6275252525252525
0.6279198232323232
0.6283143939393939
