1.061947601010101
1.0718118686868687
1.059738005050505
1.0767045454545454
1.060842803030303
1.0710227272727273
1.0495580808080809
1.0769412878787878
1.0658933080808082
1.0774147727272727
1.107165404040404
1.1022727272727273
1.078677398989899
1.0724431818181819
1.0776515151515151
1.0667613636363635
1.057449494949495
1.0565025252525253
1.066366792929293
1.0704703282828283
1.0653409090909092
1.0638415404040404
1.0773358585858586
1.0564236111111112
1.0595012626262625
1.0707859848484849
1.071417297979798
1.06573547979798
1.0696811868686869
1.059738005050505
1.066366792929293
1.073626893939394
1.0715751262626263
1.0772569444444444
1.0578440656565657
1.0482165404040404
1.066524621212121
1.0874368686868687
1.1068497474747474
1.0762310606060606
1.0520833333333333
1.0622632575757576
1.0789141414141414
1.0710227272727273
1.0612373737373737
1.0605271464646464
1.0762310606060606
1.0727588383838385
1.0718118686868687
1.1035353535353536
1.0612373737373737
1.081912878787879
1.0788352272727273
1.0577651515151516
1.0703914141414141
1.0593434343434343
1.0765467171717171
1.0569760101010102
1.066524621212121
1.0818339646464648
1.0700757575757576
1.0649463383838385
1.0660511363636365
1.0643939393939394
1.1074810606060606
1.0684974747474747
1.0768623737373737
1.0620265151515151
1.0502683080808082
1.058554292929293
1.086489898989899
1.0765467171717171
1.1045612373737375
1.0628945707070707
1.0639204545454546
1.050189393939394
1.074337121212121
1.0794665404040404
1.0569760101010102
1.0599747474747474
1.0591066919191918
1.0615530303030303
1.0732323232323233
1.0828598484848484
1.0560290404040404
1.066998106060606
1.066445707070707
1.0689709595959596
0.6515151515151515
0.6510416666666666
0.6506470959595959
0.6511994949494949
0.649542297979798
0.6500157828282829
0.6504103535353535
0.6494633838383839
0.6498579545454546
