1.31573547979798
1.3207070707070707
1.3128945707070707
1.3220486111111112
1.2261679292929293
1.3198390151515151
1.3042140151515151
1.324337121212121
1.3154198232323233
1.257260101010101
1.3443813131313131
1.3394886363636365
1.3259943181818181
1.3200757575757576
1.2620738636363635
1.2481060606060606
1.310290404040404
1.310290404040404
1.3174715909090908
1.3205492424242424
1.3128945707070707
1.3146306818181819
1.326467803030303
1.3114741161616161
1.3114741161616161
1.3183396464646464
1.3187342171717171
1.3151041666666667
1.2422664141414141
1.3158933080808082
1.3127367424242424
1.3205492424242424
1.3220486111111112
1.3226799242424243
1.3061868686868687
1.3023200757575757
1.3150252525252526
1.3166035353535352
1.3468276515151516
1.2558396464646464
1.3098169191919191
1.3123421717171717
1.2653093434343434
1.25323547979798
1.3118686868686869
1.3125
1.3265467171717171
1.323074494949495
1.318102904040404
1.336489898989899
1.311395202020202
1.3268623737373737
1.326467803030303
1.3125
1.3199179292929293
1.2264835858585859
1.3237058080808082
1.3069760101010102
1.243844696969697
1.3276515151515151
1.2515782828282829
1.3148674242424243
1.3161300505050506
1.2413194444444444
1.3464330808080809
1.3149463383838385
1.3246527777777777
1.314157196969697
1.3054766414141414
1.3122632575757576
1.3150252525252526
1.2649936868686869
1.3401988636363635
1.3151041666666667
1.3166035353535352
1.3040561868686869
1.2543402777777777
1.3252840909090908
1.3076073232323233
1.3106849747474747
1.2319286616161615
1.3139993686868687
1.2507102272727273
1.3274147727272727
1.3083964646464648
1.316287878787879
1.3147885101010102
1.3173926767676767
0.6515151515151515
0.6510416666666666
0.6506470959595959
0.6511994949494949
0.649542297979798
0.6500157828282829
0.6504103535353535
0.6494633838383839
0.6498579545454546
