1.4595170454545454
1.4523358585858586
1.4219539141414141
1.430239898989899
1.4791666666666667
1.4613320707070707
1.4357638888888888
1.4524936868686869
1.4177714646464648
1.4589646464646464
1.4582544191919191
1.4577809343434343
1.4601483585858586
1.4617266414141414
1.4550189393939394
1.4545454545454546
1.4307133838383839
1.4756155303030303
1.4742739898989898
1.4584122474747474
1.4585700757575757
1.4513888888888888
1.425189393939394
1.4406565656565657
1.4364741161616161
1.4616477272727273
1.4616477272727273
1.4303188131313131
1.4593592171717171
1.4389204545454546
1.4556502525252526
1.4584122474747474
1.4815340909090908
1.4559659090909092
1.4176925505050506
1.4346590909090908
1.4549400252525253
1.4385258838383839
1.4368686868686869
1.4541508838383839
1.4548611111111112
1.4077493686868687
1.455334595959596
1.4416035353535352
1.441366792929293
1.4181660353535352
1.4580965909090908
1.4597537878787878
1.4547032828282829
1.4405776515151516
1.4590435606060606
1.4543876262626263
1.422979797979798
1.458175505050505
1.4820864898989898
1.4524936868686869
1.460385101010101
1.4702493686868687
1.4822443181818181
1.4296085858585859
1.4064867424242424
1.452572601010101
1.458727904040404
1.413510101010101
1.460385101010101
1.4266098484848484
1.4802714646464648
1.4299242424242424
1.4582544191919191
1.4538352272727273
1.4419191919191918
1.4532039141414141
1.4543087121212122
1.4389204545454546
1.417850378787879
1.4589646464646464
1.453125
1.4604640151515151
1.4605429292929293
1.4241635101010102
1.4217960858585859
1.458175505050505
1.4596748737373737
1.4582544191919191
1.4565972222222223
1.4376578282828283
1.4549400252525253
1.4070391414141414
0.6500157828282829
0.6493055555555556
0.6488320707070707
0.649542297979798
0.650094696969697
0.6485953282828283
0.6484375
0.6499368686868687
0.6493844696969697
