1.7301136363636365
1.7164614898989898
1.7269570707070707
1.7301925505050506
1.7301925505050506
1.7282986111111112
0.5756786616161617
1.7267203282828283
0.5752840909090909
1.7294823232323233
0.5750473484848485
0.5767045454545454
1.7502367424242424
1.723248106060606
1.7184343434343434
1.7493686868686869
0.5741003787878788
1.7270359848484849
1.728772095959596
1.7313762626262625
1.7277462121212122
1.729324494949495
0.5754419191919192
1.7271938131313131
1.7270359848484849
1.724352904040404
1.7296401515151516
1.7281407828282829
1.722616792929293
0.5756786616161617
1.7299558080808082
1.7206439393939394
1.7497632575757576
1.7335069444444444
1.7313762626262625
1.7262468434343434
1.7294823232323233
1.728772095959596
0.5774147727272727
1.729876893939394
1.7201704545454546
1.7290877525252526
1.748895202020202
0.577020202020202
1.7490530303030303
1.7251420454545454
1.723248106060606
1.7487373737373737
1.7290877525252526
1.729324494949495
1.7296401515151516
1.7272727272727273
1.7241161616161615
1.7231691919191918
0.5800978535353535
1.7241950757575757
1.7189078282828283
1.7495265151515151
0.5735479797979798
1.7335858585858586
1.7241161616161615
1.7264835858585859
1.7306660353535352
1.7246685606060606
1.7286142676767677
0.5743371212121212
0.577572601010101
1.7295612373737375
1.7314551767676767
1.7294034090909092
0.5743371212121212
1.7486584595959596
1.7208017676767677
1.7340593434343434
1.7285353535353536
0.5756786616161617
1.7257733585858586
1.7289299242424243
1.7264046717171717
1.7320075757575757
1.728772095959596
1.72198547979798
1.7260890151515151
1.7263257575757576
1.729876893939394
1.7231691919191918
1.730429292929293
0.5801767676767676
0.657354797979798
0.6570391414141414
0.6563289141414141
0.6583017676767676
0.6582228535353535
0.6580650252525253
0.6583017676767676
0.6559343434343434
0.6564867424242424
