1.3446969696969697
1.3439078282828283
1.3473800505050506
1.344302398989899
1.3484848484848484
1.3075284090909092
1.345959595959596
1.2955334595959596
1.3466698232323233
1.3489583333333333
1.3179450757575757
1.3480902777777777
1.3453282828282829
1.3435132575757576
1.3479324494949494
1.308633207070707
1.3512468434343434
1.3075284090909092
1.3036616161616161
1.3509311868686869
1.345407196969697
1.3536931818181819
1.3431186868686869
1.3471433080808082
1.3440656565656566
1.34375
1.34832702020202
1.3429608585858586
1.3538510101010102
1.3478535353535352
1.3663983585858586
1.34698547979798
1.3031881313131313
1.3498263888888888
1.349905303030303
1.3204703282828283
1.3660037878787878
1.3457228535353536
1.3194444444444444
1.3488794191919191
1.3439867424242424
1.3522727272727273
1.3473800505050506
1.3480902777777777
1.3651357323232323
1.3506155303030303
1.3473011363636365
1.3488794191919191
1.3478535353535352
1.320864898989899
1.2990056818181819
1.3485637626262625
1.3536142676767677
1.3468276515151516
1.3531407828282829
1.3489583333333333
1.3464330808080809
1.3645833333333333
1.3469065656565657
1.3678188131313131
1.3510890151515151
1.3625315656565657
1.3508522727272727
1.3522727272727273
1.347695707070707
1.3674242424242424
1.3020833333333333
1.348800505050505
1.347616792929293
1.37042297979798
1.3485637626262625
1.347774621212121
1.3522727272727273
1.3446180555555556
1.3464330808080809
1.3529040404040404
1.349905303030303
1.3431186868686869
1.3036616161616161
1.3449337121212122
1.3531407828282829
1.3506944444444444
1.313052398989899
1.34051452020202
1.3069760101010102
1.3446180555555556
1.308712121212121
1.3485637626262625
0.6571969696969697
0.6580650252525253
0.6583017676767676
0.65853851010101
0.6579861111111112
0.6581439393939394
0.6571969696969697
0.6584595959595959
0.6579861111111112
