1.2100694444444444
1.189157196969697
1.199179292929293
1.2013888888888888
1.2073074494949494
1.203125
1.232717803030303
1.2072285353535352
1.236584595959596
1.201467803030303
1.2364267676767677
1.2364267676767677
1.255602904040404
1.197522095959596
1.1905776515151516
1.2555239898989898
1.239425505050505
1.19854797979798
1.1999684343434343
1.2032828282828283
1.2002840909090908
1.2092013888888888
1.2374526515151516
1.1999684343434343
1.2059659090909092
1.1952335858585859
1.2095170454545454
1.2024147727272727
1.1996527777777777
1.2301925505050506
1.2102272727272727
1.1979166666666667
1.2548137626262625
1.205334595959596
1.2054135101010102
1.2017834595959596
1.201467803030303
1.2073074494949494
1.231613005050505
1.1984690656565657
1.1951546717171717
1.199179292929293
1.253866792929293
1.2346117424242424
1.2547348484848484
1.1952335858585859
1.199337121212121
1.254498106060606
1.205886994949495
1.2032828282828283
1.2092013888888888
1.2050978535353536
1.19988952020202
1.1987058080808082
1.2322443181818181
1.1970486111111112
1.1906565656565657
1.2552872474747474
1.2369002525252526
1.2099116161616161
1.198626893939394
1.203125
1.2032039141414141
1.197522095959596
1.2084122474747474
1.2334280303030303
1.2286931818181819
1.2028093434343434
1.2050189393939394
1.2058080808080809
1.2355587121212122
1.2555239898989898
1.1929450757575757
1.2048611111111112
1.2032039141414141
1.2312973484848484
1.2079387626262625
1.2012310606060606
1.1981534090909092
1.2043876262626263
1.2082544191919191
1.1964962121212122
1.2008364898989898
1.199100378787879
1.2078598484848484
1.1996527777777777
1.2134627525252526
1.2282986111111112
0.657354797979798
0.6570391414141414
0.6563289141414141
0.6583017676767676
0.6582228535353535
0.6580650252525253
0.6583017676767676
0.6559343434343434
0.6564867424242424
