0.9324494949494949
0.9161931818181818
0.9334753787878788
0.9172190656565656
0.930792297979798
0.9295296717171717
0.9341066919191919
0.9146938131313131
0.9133522727272727
0.9337910353535354
0.9312657828282829
0.8854166666666666
0.9328440656565656
0.8863636363636364
0.9308712121212122
0.9311868686868687
0.8872316919191919
0.9326073232323232
0.883917297979798
0.8910195707070707
0.9146938131313131
0.9305555555555556
0.88833648989899
0.8867582070707071
0.9328440656565656
0.9346590909090909
0.9162720959595959
0.9303977272727273
0.9165088383838383
0.9329229797979798
0.9348169191919192
0.9312657828282829
0.9323705808080808
0.9327651515151515
0.9342645202020202
0.9154040404040404
0.9355271464646465
0.8871527777777778
0.9335542929292929
0.9310290404040404
0.8862058080808081
0.9122474747474747
0.931344696969697
0.9329229797979798
0.9296875
0.8865214646464646
0.8888888888888888
0.9359217171717171
0.9323705808080808
0.9316603535353535
0.9318970959595959
0.9152462121212122
0.8862058080808081
0.9152462121212122
0.9296085858585859
0.9303188131313131
0.929135101010101
0.9320549242424242
0.9356060606060606
0.93197601010101
0.9352904040404041
0.9296875
0.8818655303030303
0.8873106060606061
0.9295296717171717
0.9175347222222222
0.9320549242424242
0.9317392676767676
0.9311868686868687
0.9320549242424242
0.8705808080808081
0.9325284090909091
0.9317392676767676
0.9359217171717171
0.9142203282828283
0.9317392676767676
0.9308712121212122
0.9304766414141414
0.9300031565656566
0.9338699494949495
0.9154040404040404
0.9326862373737373
0.9323705808080808
0.9307133838383839
0.9110637626262627
0.88833648989899
0.9174558080808081
0.9362373737373737
0.6003787878787878
0.6012468434343434
0.5998263888888888
0.5998263888888888
0.5990372474747475
0.6000631313131313
0.6003787878787878
0.5980113636363636
0.5996685606060606
