0.7075441919191919
0.7059659090909091
0.7099116161616161
0.7017834595959596
0.7061237373737373
0.7064393939393939
0.7107796717171717
0.7118844696969697
0.7099905303030303
0.7101483585858586
0.7077809343434344
0.7083333333333334
0.7087279040404041
0.7045454545454546
0.7065972222222222
0.7109375
0.7049400252525253
0.702020202020202
0.7074652777777778
0.7335069444444444
0.70083648989899
0.7133838383838383
0.7118844696969697
0.7050978535353535
0.7050189393939394
0.7390309343434344
0.7047032828282829
0.7113320707070707
0.7089646464646465
0.7058869949494949
0.73208648989899
0.7110164141414141
0.7081755050505051
0.7088857323232324
0.7029671717171717
0.7040719696969697
0.7314551767676768
0.7095170454545454
0.7004419191919192
0.7016256313131313
0.7058080808080808
0.7029671717171717
0.7312184343434344
0.7107007575757576
0.7071496212121212
0.7058080808080808
0.7308238636363636
0.7065183080808081
0.7051767676767676
0.7011521464646465
0.7044665404040404
0.7105429292929293
0.7123579545454546
0.717092803030303
0.7054924242424242
0.7028882575757576
0.7067550505050505
0.7070707070707071
0.6998106060606061
0.7084911616161617
0.7044665404040404
0.7067550505050505
0.7075441919191919
0.7103061868686869
0.7070707070707071
0.7088857323232324
0.7093592171717171
0.7066761363636364
0.7002840909090909
0.7057291666666666
0.7059659090909091
0.7068339646464646
0.7342960858585859
0.7107796717171717
0.7077020202020202
0.7112531565656566
0.7044665404040404
0.7038352272727273
0.7115688131313131
0.7058080808080808
0.7069128787878788
0.7065972222222222
0.7110953282828283
0.6979166666666666
0.7057291666666666
0.7088068181818182
0.7297979797979798
0.7028882575757576
0.6586963383838383
0.6590909090909091
0.6590119949494949
0.65853851010101
0.6586963383838383
0.6590119949494949
0.6587752525252525
0.6587752525252525
0.6592487373737373
