0.6041666666666666
0.6033775252525253
0.603219696969697
0.60385101010101
0.6036931818181818
0.6033775252525253
0.6051136363636364
0.6040088383838383
0.6031407828282829
0.6040877525252525
0.6028251262626263
0.6074021464646465
0.6035353535353535
0.6044034090909091
0.6035353535353535
0.6043244949494949
0.602667297979798
0.6035353535353535
0.6033775252525253
0.6036142676767676
0.6029040404040404
0.6040088383838383
0.6041666666666666
0.6094539141414141
0.6033775252525253
0.60385101010101
0.6039299242424242
0.6055871212121212
0.6036142676767676
0.6047979797979798
0.6027462121212122
0.6033775252525253
0.6031407828282829
0.6035353535353535
0.6112689393939394
0.6057449494949495
0.6031407828282829
0.6037720959595959
0.6050347222222222
0.60385101010101
0.6036142676767676
0.6037720959595959
0.6089804292929293
0.6036142676767676
0.6032986111111112
0.6020359848484849
0.6045612373737373
0.6040877525252525
0.6033775252525253
0.6036142676767676
0.6022727272727273
0.6031407828282829
0.6035353535353535
0.6032986111111112
0.6029829545454546
0.6042455808080808
0.603219696969697
0.6025094696969697
0.6040877525252525
0.6033775252525253
0.6045612373737373
0.6022727272727273
0.6040877525252525
0.6090593434343434
0.6034564393939394
0.6032986111111112
0.6098484848484849
0.6030618686868687
0.6040088383838383
0.6074021464646465
0.6030618686868687
0.6051925505050505
0.6040877525252525
0.6039299242424242
0.6102430555555556
0.6039299242424242
0.6025094696969697
0.6033775252525253
0.6053503787878788
0.6039299242424242
0.6035353535353535
0.6022727272727273
0.6027462121212122
0.6024305555555556
0.6041666666666666
0.6040877525252525
0.6036931818181818
0.6037720959595959
0.6496212121212122
0.6498579545454546
0.6498579545454546
0.6504103535353535
0.6493844696969697
0.6500157828282829
0.6496212121212122
0.6496212121212122
0.650094696969697
