0.9918718434343434
0.9921875
0.9939236111111112
0.9937657828282829
0.9958964646464646
0.977114898989899
0.9920296717171717
0.9716698232323232
0.9937657828282829
0.9971590909090909
0.98208648989899
0.9965277777777778
0.9951862373737373
0.9912405303030303
0.9947916666666666
0.977667297979798
0.9958964646464646
0.9780618686868687
0.977667297979798
0.9968434343434344
0.9921875
0.998342803030303
0.98989898989899
0.9954229797979798
0.9917140151515151
0.9920296717171717
0.9937657828282829
0.9917140151515151
0.9998421717171717
0.9925820707070707
0.9980271464646465
0.9925031565656566
0.9741950757575758
0.9957386363636364
0.993292297979798
0.9842960858585859
0.99771148989899
0.9934501262626263
0.9831123737373737
0.9950284090909091
0.9909248737373737
0.9973169191919192
0.9939236111111112
0.9949494949494949
0.9973169191919192
0.9960542929292929
0.993844696969697
0.9945549242424242
0.9956597222222222
0.9848484848484849
0.9726957070707071
0.9962121212121212
0.9990530303030303
0.9926609848484849
0.9977904040404041
0.99447601010101
0.9932133838383839
0.9955808080808081
0.9954229797979798
1.0013415404040404
0.9965277777777778
0.9933712121212122
0.9968434343434344
0.9965277777777778
0.9940025252525253
1.0004734848484849
0.9722222222222222
0.9939236111111112
0.9942392676767676
1.0014204545454546
0.9940025252525253
0.9951073232323232
0.9986584595959596
0.9940814393939394
0.9920296717171717
0.9987373737373737
0.9962910353535354
0.991635101010101
0.9737215909090909
0.9936079545454546
0.9992108585858586
0.9969223484848485
0.9812973484848485
0.98989898989899
0.9772727272727273
0.9914772727272727
0.9793244949494949
0.9932133838383839
0.6571969696969697
0.6580650252525253
0.6583017676767676
0.65853851010101
0.6579861111111112
0.6581439393939394
0.6571969696969697
0.6584595959595959
0.6579861111111112
