0.7166982323232324
0.7275094696969697
0.717092803030303
0.7395044191919192
0.72885101010101
0.7426609848484849
0.7028093434343434
0.7005997474747475
0.7200126262626263
0.7196180555555556
0.7053345959595959
0.7217487373737373
0.7153566919191919
0.7266414141414141
0.741635101010101
0.7172506313131313
0.7155934343434344
0.7119633838383839
0.7504734848484849
0.7087279040404041
0.75228851010101
0.7193813131313131
0.7175662878787878
0.7118055555555556
0.7486584595959596
0.7268781565656566
0.7307449494949495
0.728219696969697
0.7266414141414141
0.7258522727272727
0.7160669191919192
0.7234848484848485
0.736032196969697
0.7241950757575758
0.7265625
0.7316130050505051
0.7200915404040404
0.7135416666666666
0.7449494949494949
0.7128314393939394
0.7231691919191919
0.7241950757575758
0.7153566919191919
0.7481060606060606
0.7129892676767676
0.7253787878787878
0.7070707070707071
0.7235637626262627
0.7271938131313131
0.7213541666666666
0.7114109848484849
0.7256944444444444
0.7139362373737373
0.7142518939393939
0.7190656565656566
0.7226167929292929
0.7447916666666666
0.7459753787878788
0.7250631313131313
0.7189867424242424
0.7229324494949495
0.7259311868686869
0.7153566919191919
0.7243529040404041
0.7451862373737373
0.7217487373737373
0.7277462121212122
0.7226957070707071
0.7275094696969697
0.7267992424242424
0.7325599747474747
0.7463699494949495
0.7107007575757576
0.7110953282828283
0.7191445707070707
0.7185132575757576
0.7157512626262627
0.7300347222222222
0.7305082070707071
0.7322443181818182
0.7032039141414141
0.75
0.7093592171717171
0.7161458333333334
0.712594696969697
0.72885101010101
0.7480271464646465
0.7206439393939394
0.6531723484848485
0.6496212121212122
0.6478061868686869
0.6475694444444444
0.6503314393939394
0.6463068181818182
0.6488320707070707
0.6500157828282829
0.6470170454545454
