1.500552398989899
1.4749842171717171
1.540719696969697
1.473800505050505
1.493844696969697
1.498342803030303
1.5012626262626263
1.472064393939394
1.4708017676767677
1.496133207070707
1.4991319444444444
1.4897411616161615
1.5011837121212122
1.4816919191919191
1.4979482323232323
1.4945549242424243
1.4879261363636365
1.4999210858585859
1.4839015151515151
1.4873737373737375
1.4740372474747474
1.4956597222222223
1.4818497474747474
1.4863478535353536
1.5
1.4992108585858586
1.4752209595959596
1.4973958333333333
1.4711963383838385
1.4980271464646464
1.5006313131313131
1.4987373737373737
1.4996054292929293
1.5008680555555556
1.4992897727272727
1.4758522727272727
1.5448232323232323
1.482165404040404
1.5398516414141414
1.5003945707070707
1.486032196969697
1.4706439393939394
1.5007891414141414
1.498895202020202
1.4970012626262625
1.4887941919191918
1.4912405303030303
1.541824494949495
1.541824494949495
1.4944760101010102
1.4973958333333333
1.4753787878787878
1.488320707070707
1.4738794191919191
1.4957386363636365
1.4903724747474747
1.4973169191919191
1.4997632575757576
1.5431660353535352
1.5028409090909092
1.541272095959596
1.4986584595959596
1.4872948232323233
1.4898200757575757
1.4915561868686869
1.4756944444444444
1.4943181818181819
1.5007891414141414
1.4973169191919191
1.4957386363636365
1.4693813131313131
1.5000789141414141
1.4996054292929293
1.5021306818181819
1.4721433080808082
1.500552398989899
1.4935290404040404
1.5006313131313131
1.4931344696969697
1.5014204545454546
1.4750631313131313
1.503866792929293
1.5014993686868687
1.4934501262626263
1.4614109848484849
1.489425505050505
1.4722222222222223
1.5443497474747474
0.6003787878787878
0.6012468434343434
0.5998263888888888
0.5998263888888888
0.5990372474747475
0.6000631313131313
0.6003787878787878
0.5980113636363636
0.5996685606060606
