0.8315972222222222
0.8394097222222222
0.8299400252525253
0.8430397727272727
0.7598642676767676
0.8394886363636364
0.8203125
0.8397253787878788
0.8318339646464646
0.7984532828282829
0.8573232323232324
0.8522727272727273
0.8407512626262627
0.8391729797979798
0.795770202020202
0.7851957070707071
0.8300978535353535
0.8254419191919192
0.8339646464646465
0.8376736111111112
0.8355429292929293
0.8330965909090909
0.8404356060606061
0.828125
0.8287563131313131
0.8330965909090909
0.8365688131313131
0.8313604797979798
0.7722537878787878
0.8301767676767676
0.8321496212121212
0.8405145202020202
0.8374368686868687
0.844302398989899
0.8248106060606061
0.8228377525252525
0.8334911616161617
0.8368844696969697
0.8575599747474747
0.7884311868686869
0.8241792929292929
0.8283617424242424
0.7947443181818182
0.7776988636363636
0.828677398989899
0.8274147727272727
0.8395675505050505
0.836489898989899
0.8383049242424242
0.8524305555555556
0.8290719696969697
0.8440656565656566
0.842645202020202
0.8265467171717171
0.8338068181818182
0.7611268939393939
0.8405145202020202
0.8251262626262627
0.7775410353535354
0.8467487373737373
0.7803030303030303
0.8309659090909091
0.8338068181818182
0.7743844696969697
0.8584280303030303
0.8303345959595959
0.8389362373737373
0.8328598484848485
0.8238636363636364
0.8274147727272727
0.8360953282828283
0.7998737373737373
0.8548768939393939
0.8305713383838383
0.8332544191919192
0.82260101010101
0.7922190656565656
0.8421717171717171
0.8255208333333334
0.8274936868686869
0.7704387626262627
0.8308080808080808
0.7869318181818182
0.845407196969697
0.8263099747474747
0.8332544191919192
0.8328598484848485
0.8341224747474747
0.6515151515151515
0.6510416666666666
0.6506470959595959
0.6511994949494949
0.649542297979798
0.6500157828282829
0.6504103535353535
0.6494633838383839
0.6498579545454546
