0.7028882575757576
0.7112531565656566
0.703125
0.7148042929292929
0.6999684343434344
0.7097537878787878
0.6949179292929293
0.7110953282828283
0.7059659090909091
0.7153566919191919
0.7397411616161617
0.7351641414141414
0.7127525252525253
0.711489898989899
0.7151988636363636
0.7113320707070707
0.7013099747474747
0.6983901515151515
0.7050189393939394
0.7087279040404041
0.7080965909090909
0.7077809343434344
0.7140151515151515
0.7050189393939394
0.7018623737373737
0.704782196969697
0.7103061868686869
0.7043876262626263
0.7081755050505051
0.704229797979798
0.7078598484848485
0.71322601010101
0.7090435606060606
0.7148042929292929
0.7020991161616161
0.6960227272727273
0.7059659090909091
0.7262468434343434
0.7395833333333334
0.7144886363636364
0.6992582070707071
0.7017834595959596
0.7173295454545454
0.7102272727272727
0.7044665404040404
0.7009154040404041
0.7110164141414141
0.7091224747474747
0.711489898989899
0.7380839646464646
0.7034406565656566
0.7178819444444444
0.7159090909090909
0.7005208333333334
0.7071496212121212
0.7030460858585859
0.7135416666666666
0.7018623737373737
0.70864898989899
0.7191445707070707
0.7105429292929293
0.7067550505050505
0.7079387626262627
0.7083333333333334
0.741635101010101
0.7045454545454546
0.7123579545454546
0.7050978535353535
0.6982323232323232
0.6993371212121212
0.7256155303030303
0.7157512626262627
0.7373737373737373
0.7047032828282829
0.7068339646464646
0.6986268939393939
0.7167771464646465
0.7143308080808081
0.6998895202020202
0.7024147727272727
0.7020991161616161
0.7060448232323232
0.7102272727272727
0.7169349747474747
0.7019412878787878
0.7070707070707071
0.7039141414141414
0.7080965909090909
0.6515151515151515
0.6510416666666666
0.6506470959595959
0.6511994949494949
0.649542297979798
0.6500157828282829
0.6504103535353535
0.6494633838383839
0.6498579545454546
