0.858822601010101
0.8444602272727273
0.8596906565656566
0.8549558080808081
0.8659248737373737
0.8487215909090909
0.8529829545454546
0.8118686868686869
0.8058712121212122
0.8600852272727273
0.8554292929292929
0.849905303030303
0.8533775252525253
0.8644255050505051
0.8225220959595959
0.8783143939393939
0.8480902777777778
0.8585069444444444
0.8776041666666666
0.8087910353535354
0.8589804292929293
0.859927398989899
0.8509311868686869
0.851010101010101
0.8436710858585859
0.8453282828282829
0.8620580808080808
0.8580334595959596
0.8424873737373737
0.8618213383838383
0.8449337121212122
0.8169191919191919
0.8605587121212122
0.8282828282828283
0.8229166666666666
0.8506155303030303
0.8570075757575758
0.8790246212121212
0.8477746212121212
0.827572601010101
0.8773674242424242
0.849905303030303
0.8537720959595959
0.8512468434343434
0.8562184343434344
0.8619791666666666
0.8608743686868687
0.8491950757575758
0.8112373737373737
0.8580334595959596
0.8794981060606061
0.8669507575757576
0.8639520202020202
0.8101325757575758
0.8595328282828283
0.8518781565656566
0.8508522727272727
0.8608743686868687
0.8484848484848485
0.8446180555555556
0.858822601010101
0.8132102272727273
0.8038194444444444
0.8597695707070707
0.8576388888888888
0.8777619949494949
0.8509311868686869
0.859927398989899
0.8643465909090909
0.8622948232323232
0.8777619949494949
0.8431186868686869
0.8172348484848485
0.8483270202020202
0.8213383838383839
0.852667297979798
0.8563762626262627
0.861032196969697
0.8246527777777778
0.8177083333333334
0.8628472222222222
0.8530618686868687
0.8787878787878788
0.8620580808080808
0.8497474747474747
0.8645044191919192
0.8420138888888888
0.8472222222222222
0.6584595959595959
0.6589330808080808
0.6583806818181818
0.6586963383838383
0.6597222222222222
0.6584595959595959
0.6590119949494949
0.6593276515151515
0.6586963383838383
