1.4126420454545454
1.4119318181818181
1.4363162878787878
1.3948074494949494
1.4027777777777777
1.4138257575757576
1.4159564393939394
1.394412878787879
1.4158775252525253
1.4078282828282829
1.417376893939394
1.4020675505050506
1.4005681818181819
1.4110637626262625
1.4203756313131313
1.4275568181818181
1.4232165404040404
1.3936237373737375
1.3929135101010102
1.4161142676767677
1.4348169191919191
1.4176925505050506
1.4044349747474747
1.4098800505050506
1.4140625
1.3765782828282829
1.4026199494949494
1.4152462121212122
1.40167297979798
1.3970959595959596
1.3937815656565657
1.3982796717171717
1.4190340909090908
1.3912563131313131
1.4008838383838385
1.410116792929293
1.3919665404040404
1.4197443181818181
1.3892045454545454
1.4134311868686869
1.4117739898989898
1.4049873737373737
1.3974905303030303
1.421322601010101
1.4109059343434343
1.4124842171717171
1.4164299242424243
1.41863952020202
1.4208491161616161
1.4361584595959596
1.422427398989899
1.4176136363636365
1.4061710858585859
1.3910195707070707
1.3993055555555556
1.3853377525252526
1.3801294191919191
1.4216382575757576
1.3985164141414141
1.4181660353535352
1.415719696969697
1.409564393939394
1.3984375
1.417929292929293
1.379498106060606
1.3932291666666667
1.4021464646464648
1.434185606060606
1.3999368686868687
1.4098011363636365
1.3853377525252526
1.40948547979798
1.3852588383838385
1.4094065656565657
1.4268465909090908
1.3764204545454546
1.4328440656565657
1.4138257575757576
1.4176925505050506
1.4140625
1.4049873737373737
1.3849431818181819
1.416824494949495
1.4171401515151516
1.3964646464646464
1.4116161616161615
1.4083017676767677
1.4169823232323233
0.6044034090909091
0.6067708333333334
0.6009311868686869
0.6068497474747475
0.6036142676767676
0.6030618686868687
0.6027462121212122
0.6073232323232324
0.6033775252525253
