0.8690025252525253
0.861032196969697
0.8630050505050505
0.8602430555555556
0.8612689393939394
0.8614267676767676
0.8585858585858586
0.861032196969697
0.8638731060606061
0.8611900252525253
0.881155303030303
0.8641887626262627
0.882260101010101
0.8635574494949495
0.8636363636363636
0.8654513888888888
0.8684501262626263
0.8808396464646465
0.8563762626262627
0.8693181818181818
0.8644255050505051
0.8569286616161617
0.8650568181818182
0.8650568181818182
0.8672664141414141
0.8609532828282829
0.8716066919191919
0.8619791666666666
0.8803661616161617
0.8644255050505051
0.8673453282828283
0.8820233585858586
0.8636363636363636
0.8581912878787878
0.8813920454545454
0.8605587121212122
0.8589015151515151
0.8653724747474747
0.8569286616161617
0.8714488636363636
0.8619002525252525
0.8596906565656566
0.8627683080808081
0.8529829545454546
0.8705018939393939
0.8636363636363636
0.8514046717171717
0.8589804292929293
0.8702651515151515
0.8671875
0.8798137626262627
0.8638731060606061
0.8598484848484849
0.8654513888888888
0.8590593434343434
0.8669507575757576
0.8686868686868687
0.8640309343434344
0.852114898989899
0.8605587121212122
0.8579545454545454
0.8615056818181818
0.8623737373737373
0.857717803030303
0.8700284090909091
0.8562973484848485
0.8695549242424242
0.8673453282828283
0.8563762626262627
0.8587436868686869
0.8591382575757576
0.8586647727272727
0.8595328282828283
0.8640309343434344
0.8685290404040404
0.8725536616161617
0.8656092171717171
0.8658459595959596
0.8637152777777778
0.8644255050505051
0.86489898989899
0.8627683080808081
0.8508522727272727
0.8676609848484849
0.8607165404040404
0.8814709595959596
0.8651357323232324
0.8641098484848485
0.6559343434343434
0.6549873737373737
0.6559343434343434
0.6561710858585859
0.6560132575757576
0.6563289141414141
0.65625
0.6553819444444444
0.6553030303030303
