1.5629734848484849
1.5599747474747474
1.560290404040404
1.5598169191919191
1.5596590909090908
1.558001893939394
1.5449021464646464
1.5588699494949494
1.5611584595959596
1.564157196969697
1.5595801767676767
1.5674715909090908
1.5625
1.5635258838383839
1.5618686868686869
1.5612373737373737
1.5623421717171717
1.5318813131313131
1.5614741161616161
1.560290404040404
1.5612373737373737
1.5645517676767677
1.5636837121212122
1.574337121212121
1.5632102272727273
1.560842803030303
1.5572127525252526
1.5460858585858586
1.5615530303030303
1.5381155303030303
1.5609217171717171
1.5594223484848484
1.560842803030303
1.5618686868686869
1.5767834595959596
1.5651830808080809
1.559185606060606
1.5591066919191918
1.5643939393939394
1.5406407828282829
1.5632102272727273
1.5589488636363635
1.5702335858585859
1.5615530303030303
1.560842803030303
1.5306186868686869
1.5370107323232323
1.5666035353535352
1.5622632575757576
1.5598958333333333
1.5598958333333333
1.5598169191919191
1.5405618686868687
1.5613162878787878
1.5627367424242424
1.5381155303030303
1.5614741161616161
1.531802398989899
1.5636837121212122
1.5371685606060606
1.5634469696969697
1.5589488636363635
1.561947601010101
1.574810606060606
1.5582386363636365
1.5349589646464648
1.5724431818181819
1.5600536616161615
1.5589488636363635
1.5704703282828283
1.5591066919191918
1.5406407828282829
1.5622632575757576
1.5321969696969697
1.5740214646464648
1.561395202020202
1.55926452020202
1.5595012626262625
1.5673926767676767
1.5344065656565657
1.5616319444444444
1.5621843434343434
1.559185606060606
1.5598958333333333
1.5624210858585859
1.5633680555555556
1.560842803030303
1.5342487373737375
0.6496212121212122
0.6498579545454546
0.6498579545454546
0.6504103535353535
0.6493844696969697
0.6500157828282829
0.6496212121212122
0.6496212121212122
0.650094696969697
