1.5459280303030303
1.5576073232323233
1.5442708333333333
1.5622632575757576
1.5287247474747474
1.558001893939394
1.5299084595959596
1.5596590909090908
1.5471906565656566
1.5560290404040404
1.6034564393939394
1.5953282828282829
1.558712121212121
1.5565814393939394
1.5553977272727273
1.5445075757575757
1.5415088383838385
1.5400883838383839
1.5510574494949494
1.551925505050505
1.5497948232323233
1.5479008838383839
1.5588699494949494
1.5402462121212122
1.5420612373737375
1.5533459595959596
1.5532670454545454
1.5447443181818181
1.5466382575757576
1.543560606060606
1.5479008838383839
1.5565814393939394
1.5559501262626263
1.5625
1.541824494949495
1.5298295454545454
1.5488478535353536
1.5778093434343434
1.6035353535353536
1.550662878787879
1.536852904040404
1.5416666666666667
1.558554292929293
1.546322601010101
1.5413510101010102
1.5434816919191918
1.5588699494949494
1.55792297979798
1.5551609848484849
1.5978535353535352
1.5426136363636365
1.5632891414141414
1.5631313131313131
1.5406407828282829
1.5528724747474747
1.5280934343434343
1.5575284090909092
1.5395359848484849
1.5432449494949494
1.5646306818181819
1.5480587121212122
1.5484532828282829
1.5490056818181819
1.5419034090909092
1.600457702020202
1.5488478535353536
1.5623421717171717
1.547427398989899
1.5311710858585859
1.540167297979798
1.577572601010101
1.5603693181818181
1.597064393939394
1.5455334595959596
1.5475063131313131
1.5330650252525253
1.5572127525252526
1.5627367424242424
1.5405618686868687
1.5381944444444444
1.527383207070707
1.5442708333333333
1.5499526515151516
1.5661300505050506
1.5361426767676767
1.55011047979798
1.5481376262626263
1.5545296717171717
0.6515151515151515
0.6510416666666666
0.6506470959595959
0.6511994949494949
0.649542297979798
0.6500157828282829
0.6504103535353535
0.6494633838383839
0.6498579545454546
