1.7137784090909092
1.6955492424242424
1.7138573232323233
1.7065183080808082
1.7251420454545454
1.6990214646464648
1.709280303030303
0.5543718434343434
0.5528724747474747
1.716540404040404
1.7080965909090908
1.7009943181818181
1.7073863636363635
1.7258522727272727
0.5529513888888888
1.7465277777777777
1.6954703282828283
1.7145675505050506
1.7447127525252526
0.5566603535353535
1.71551452020202
1.7174084595959596
1.7073074494949494
1.7012310606060606
1.690814393939394
1.686947601010101
1.7181186868686869
1.70770202020202
1.6885258838383839
1.7217487373737375
1.6923137626262625
0.5490845959595959
1.7163825757575757
0.5531092171717171
0.5537405303030303
1.702572601010101
1.7136205808080809
1.746212121212121
1.697522095959596
0.5514520202020202
1.7436079545454546
1.7021780303030303
1.7086489898989898
1.7024147727272727
1.7092013888888888
1.7178819444444444
1.7216698232323233
1.7043876262626263
0.5512152777777778
1.7130681818181819
1.7446338383838385
1.7256944444444444
1.71875
0.5527146464646465
1.7174873737373737
1.70636047979798
1.7033617424242424
1.714725378787879
1.6983901515151516
1.6893150252525253
1.7172506313131313
0.5560290404040404
0.5566603535353535
1.714725378787879
1.7135416666666667
1.7437657828282829
1.7062815656565657
1.7163825757575757
1.722774621212121
1.7151988636363635
1.746685606060606
1.6933396464646464
0.5523200757575758
1.7032039141414141
0.5544507575757576
1.7034406565656566
1.7121212121212122
1.7188289141414141
0.5523200757575758
0.5547664141414141
1.7171717171717171
1.7041508838383839
1.7430555555555556
1.7186710858585859
1.700363005050505
1.7204861111111112
1.690814393939394
1.7010732323232323
0.6584595959595959
0.6589330808080808
0.6583806818181818
0.6586963383838383
0.6597222222222222
0.6584595959595959
0.6590119949494949
0.6593276515151515
0.6586963383838383
