0.7830650252525253
0.8164457070707071
0.8175505050505051
0.8341224747474747
0.8095012626262627
0.818655303030303
0.8173137626262627
0.7819602272727273
0.8184974747474747
0.8095012626262627
0.8098958333333334
0.8103693181818182
0.8202335858585859
0.8099747474747475
0.8338068181818182
0.8195233585858586
0.8210227272727273
0.8172348484848485
0.7847222222222222
0.8155776515151515
0.8181818181818182
0.8181818181818182
0.8158143939393939
0.8175505050505051
0.8349116161616161
0.8345170454545454
0.7810921717171717
0.819207702020202
0.7824337121212122
0.8163667929292929
0.8343592171717171
0.8095801767676768
0.8173926767676768
0.8167613636363636
0.8188131313131313
0.8196022727272727
0.8096590909090909
0.8154987373737373
0.7857481060606061
0.7844065656565656
0.8334122474747475
0.7860637626262627
0.7840119949494949
0.7845643939393939
0.8087910353535354
0.7851167929292929
0.7864583333333334
0.7834595959595959
0.8198390151515151
0.8201546717171717
0.8178661616161617
0.7861426767676768
0.8177872474747475
0.8079229797979798
0.8174715909090909
0.8104482323232324
0.8187342171717171
0.8173926767676768
0.8184974747474747
0.8169981060606061
0.819760101010101
0.8143939393939394
0.7860637626262627
0.8170770202020202
0.8086332070707071
0.8203125
0.8338857323232324
0.81802398989899
0.8184974747474747
0.8175505050505051
0.8167613636363636
0.819207702020202
0.8178661616161617
0.8154987373737373
0.8162878787878788
0.8097380050505051
0.8164457070707071
0.8117108585858586
0.8154198232323232
0.8347537878787878
0.8204703282828283
0.8161300505050505
0.8085542929292929
0.8105271464646465
0.8084753787878788
0.7836174242424242
0.8193655303030303
0.8190498737373737
0.6000631313131313
0.6005366161616161
0.6011679292929293
0.5979324494949495
0.601010101010101
0.5998263888888888
0.601010101010101
0.5996685606060606
0.5998263888888888
