0.7481849747474747
0.7391098484848485
0.7406092171717171
0.736032196969697
0.7397411616161617
0.7402146464646465
0.7357165404040404
0.7402935606060606
0.7401357323232324
0.7421875
0.7570233585858586
0.7395044191919192
0.7593118686868687
0.7397411616161617
0.7434501262626263
0.7402935606060606
0.7417140151515151
0.7582859848484849
0.7363478535353535
0.7473169191919192
0.7381628787878788
0.7356376262626263
0.7404513888888888
0.741082702020202
0.741082702020202
0.7365056818181818
0.7445549242424242
0.7371369949494949
0.757260101010101
0.7407670454545454
0.742739898989899
0.7582070707070707
0.7422664141414141
0.7380839646464646
0.7586805555555556
0.73666351010101
0.7361111111111112
0.7394255050505051
0.740530303030303
0.74447601010101
0.7428188131313131
0.7361900252525253
0.7378472222222222
0.7391887626262627
0.7464488636363636
0.73989898989899
0.7341382575757576
0.7369002525252525
0.7458964646464646
0.7418718434343434
0.757260101010101
0.7391098484848485
0.7409248737373737
0.7398200757575758
0.7358743686868687
0.740530303030303
0.7450284090909091
0.7387941919191919
0.7376893939393939
0.7388731060606061
0.7413983585858586
0.73666351010101
0.7364267676767676
0.7357165404040404
0.7431344696969697
0.733270202020202
0.7480271464646465
0.7398200757575758
0.7355587121212122
0.7402935606060606
0.7348484848484849
0.7365056818181818
0.7390309343434344
0.7388731060606061
0.7430555555555556
0.7478693181818182
0.7402935606060606
0.7391098484848485
0.7441603535353535
0.7382417929292929
0.7417140151515151
0.7370580808080808
0.7291666666666666
0.7414772727272727
0.7420296717171717
0.758917297979798
0.7402146464646465
0.7383996212121212
0.6559343434343434
0.6549873737373737
0.6559343434343434
0.6561710858585859
0.6560132575757576
0.6563289141414141
0.65625
0.6553819444444444
0.6553030303030303
