0.978219696969697
0.9523358585858586
0.9812973484848485
0.9811395202020202
0.9784564393939394
0.9811395202020202
0.9659880050505051
0.9807449494949495
0.9854008838383839
0.9775883838383839
0.9794823232323232
0.9547032828282829
0.9595959595959596
0.9801925505050505
0.9795612373737373
0.9828756313131313
0.9625157828282829
0.9720643939393939
0.9720643939393939
0.9825599747474747
0.9847695707070707
0.98208648989899
0.9666982323232324
0.9812184343434344
0.9677241161616161
0.9423926767676768
0.9686710858585859
0.9760890151515151
0.9819286616161617
0.9647253787878788
0.9619633838383839
0.9580965909090909
0.9839804292929293
0.9712752525252525
0.9817708333333334
0.9558869949494949
0.9738005050505051
0.9711963383838383
0.9797979797979798
0.9819286616161617
0.9640940656565656
0.9549400252525253
0.978219696969697
0.9682765151515151
0.9872948232323232
0.9775094696969697
0.9778251262626263
0.9777462121212122
0.9232954545454546
0.9766414141414141
0.9729324494949495
0.9764046717171717
0.96646148989899
0.9692234848484849
0.9831123737373737
0.9858743686868687
0.9790877525252525
0.9732481060606061
0.9728535353535354
0.982717803030303
0.9749842171717171
0.9746685606060606
0.9747474747474747
0.9574652777777778
0.9651988636363636
0.9726957070707071
0.9696180555555556
0.976010101010101
0.9842960858585859
0.9835858585858586
0.9804292929292929
0.9748263888888888
0.9752209595959596
0.9604640151515151
0.9857165404040404
0.9412878787878788
0.9612531565656566
0.9714330808080808
0.9771938131313131
0.9659880050505051
0.962594696969697
0.9764046717171717
0.9848484848484849
0.9812973484848485
0.9804292929292929
0.9807449494949495
0.9721433080808081
0.9756155303030303
0.6553030303030303
0.6541982323232324
0.6549873737373737
0.6558554292929293
0.6556186868686869
0.6554608585858586
0.655145202020202
0.6552241161616161
0.6547506313131313
