1.5726799242424243
1.574100378787879
1.5691287878787878
1.5691287878787878
1.5707070707070707
1.5477430555555556
1.5505839646464648
1.5875157828282829
1.5716540404040404
1.5694444444444444
1.5726799242424243
1.5711805555555556
1.5723642676767677
1.5718118686868687
1.5673137626262625
1.5680239898989898
1.5487689393939394
1.573626893939394
1.591540404040404
1.5477430555555556
1.5669191919191918
1.572522095959596
1.5721275252525253
1.5738636363636365
1.5705492424242424
1.5722064393939394
1.5487689393939394
1.5721275252525253
1.5744160353535352
1.5466382575757576
1.5483743686868687
1.5711805555555556
1.5711805555555556
1.5678661616161615
1.5674715909090908
1.5442708333333333
1.5479008838383839
1.5707859848484849
1.549636994949495
1.5880681818181819
1.5750473484848484
1.5701546717171717
1.5728377525252526
1.5721275252525253
1.5696811868686869
1.5696811868686869
1.5887784090909092
1.5726010101010102
1.5716540404040404
1.5445864898989898
1.5722064393939394
1.5696811868686869
1.547979797979798
1.5710227272727273
1.5856218434343434
1.5726799242424243
1.5504261363636365
1.5703125
1.5688131313131313
1.5777304292929293
1.5678661616161615
1.571417297979798
1.5672348484848484
1.5688131313131313
1.5716540404040404
1.5846748737373737
1.5690498737373737
1.5707859848484849
1.5696022727272727
1.5470328282828283
1.5706281565656566
1.5709438131313131
1.5859375
1.5906723484848484
1.5746527777777777
1.5714962121212122
1.5704703282828283
1.5679450757575757
1.5695233585858586
1.5722064393939394
1.5497948232323233
1.5710227272727273
1.5706281565656566
1.5722853535353536
1.5739425505050506
1.550899621212121
1.569760101010101
1.5704703282828283
0.6471748737373737
0.6483585858585859
0.6482007575757576
0.6493844696969697
0.6484375
0.648989898989899
0.6486742424242424
0.6485164141414141
0.6490688131313131
