0.9098800505050505
0.9434185606060606
0.9105902777777778
0.9446022727272727
0.9431029040404041
0.9101167929292929
0.9378156565656566
0.9378156565656566
0.9110637626262627
0.9511521464646465
0.9400252525252525
0.9497316919191919
0.9427872474747475
0.938604797979798
0.9439709595959596
0.9524147727272727
0.9354482323232324
0.9396306818181818
0.9450757575757576
0.9421559343434344
0.9114583333333334
0.9451546717171717
0.9357638888888888
0.9405776515151515
0.9090909090909091
0.9437342171717171
0.9431029040404041
0.9416035353535354
0.9428661616161617
0.9432607323232324
0.9378945707070707
0.9419981060606061
0.9345801767676768
0.9076704545454546
0.9428661616161617
0.9098800505050505
0.9109848484848485
0.9421559343434344
0.9451546717171717
0.9519412878787878
0.9522569444444444
0.9439709595959596
0.9449968434343434
0.953125
0.9416035353535354
0.953125
0.9524147727272727
0.9379734848484849
0.9415246212121212
0.9115372474747475
0.9424715909090909
0.9412089646464646
0.9370265151515151
0.9437342171717171
0.9442866161616161
0.9426294191919192
0.9375789141414141
0.9421559343434344
0.9446022727272727
0.9109848484848485
0.9426294191919192
0.9389204545454546
0.9427083333333334
0.9105902777777778
0.9406565656565656
0.9450757575757576
0.9107481060606061
0.9426294191919192
0.9400252525252525
0.9444444444444444
0.9364741161616161
0.9434185606060606
0.9441287878787878
0.9431029040404041
0.9090119949494949
0.9396306818181818
0.9415246212121212
0.9109059343434344
0.9420770202020202
0.9435763888888888
0.9116950757575758
0.9429450757575758
0.9426294191919192
0.9433396464646465
0.9434974747474747
0.9423926767676768
0.9419981060606061
0.9415246212121212
0.6267361111111112
0.6286300505050505
0.6276830808080808
0.6281565656565656
0.6279987373737373
0.6278409090909091
0.6275252525252525
0.6279198232323232
0.6283143939393939
