0.6825284090909091
0.6896306818181818
0.6818181818181818
0.6892361111111112
0.6885258838383839
0.6822127525252525
0.6859217171717171
0.6854482323232324
0.6811868686868687
0.7063604797979798
0.6848958333333334
0.7052556818181818
0.6889993686868687
0.6871054292929293
0.6870265151515151
0.7077809343434344
0.6878156565656566
0.6881313131313131
0.6874210858585859
0.6887626262626263
0.6805555555555556
0.6888415404040404
0.6856849747474747
0.6883680555555556
0.6828440656565656
0.688052398989899
0.6868686868686869
0.6892361111111112
0.68978851010101
0.6894728535353535
0.6865530303030303
0.686947601010101
0.6866319444444444
0.6814236111111112
0.6903409090909091
0.6812657828282829
0.68197601010101
0.6895517676767676
0.6904987373737373
0.7075441919191919
0.7064393939393939
0.6898674242424242
0.6894728535353535
0.7077809343434344
0.6874210858585859
0.7053345959595959
0.7068339646464646
0.6870265151515151
0.6882102272727273
0.680792297979798
0.6882891414141414
0.6883680555555556
0.6871054292929293
0.6886837121212122
0.6879734848484849
0.6863162878787878
0.6875
0.6872632575757576
0.6877367424242424
0.6803977272727273
0.6875
0.6864741161616161
0.6882102272727273
0.6801609848484849
0.6890782828282829
0.6875
0.6809501262626263
0.6893150252525253
0.6866319444444444
0.6878156565656566
0.6867108585858586
0.6892361111111112
0.6878156565656566
0.6889204545454546
0.6815025252525253
0.6861584595959596
0.6892361111111112
0.6830018939393939
0.6886837121212122
0.6889993686868687
0.6820549242424242
0.6885258838383839
0.6905776515151515
0.6896306818181818
0.6901041666666666
0.6889993686868687
0.68978851010101
0.6882891414141414
0.6267361111111112
0.6286300505050505
0.6276830808080808
0.6281565656565656
0.6279987373737373
0.6278409090909091
0.6275252525252525
0.6279198232323232
0.6283143939393939
