1.6145044191919191
1.6006944444444444
1.613399621212121
1.6293402777777777
1.627209595959596
1.614977904040404
1.612136994949495
1.6069286616161615
1.6108743686868687
1.6029040404040404
1.6063762626262625
1.5950915404040404
1.609375
1.6167929292929293
1.6167140151515151
1.612689393939394
1.61395202020202
1.5946180555555556
1.6096117424242424
1.6278409090909092
1.5985637626262625
1.6160037878787878
1.609927398989899
1.6296559343434343
1.61261047979798
1.6062184343434343
1.6148989898989898
1.6163983585858586
1.6096906565656566
1.6100063131313131
1.6074810606060606
1.6111900252525253
1.610479797979798
1.597695707070707
1.597616792929293
1.6085069444444444
1.6146622474747474
1.6070075757575757
1.613320707070707
1.6127683080808082
1.6141098484848484
1.6148200757575757
1.6130050505050506
1.6119791666666667
1.6163194444444444
1.6107954545454546
1.6141887626262625
1.5906723484848484
1.5991161616161615
1.6118213383838385
1.6148989898989898
1.6105587121212122
1.6156881313131313
1.589251893939394
1.6015625
1.6137941919191918
1.6052714646464648
1.6156881313131313
1.6125315656565657
1.6142676767676767
1.6094539141414141
1.6120580808080809
1.6130050505050506
1.612689393939394
1.6047190656565657
1.5943813131313131
1.616082702020202
1.6105587121212122
1.6170296717171717
1.627761994949495
1.6231060606060606
1.6008522727272727
1.5988794191919191
1.6278409090909092
1.6137941919191918
1.6130050505050506
1.6124526515151516
1.6107954545454546
1.6085858585858586
1.6103219696969697
1.6304450757575757
1.6136363636363635
1.6096906565656566
1.6141098484848484
1.5879892676767677
1.6128472222222223
1.6105587121212122
1.5999842171717171
0.654592803030303
0.656802398989899
0.6575915404040404
0.6553819444444444
0.6584595959595959
0.6553030303030303
0.6565656565656566
0.6523832070707071
0.6560921717171717
