1.2318497474747474
1.1881313131313131
1.2239583333333333
1.2565498737373737
1.252761994949495
1.2444760101010102
1.224352904040404
1.2408459595959596
1.2440025252525253
1.1881313131313131
1.2216698232323233
1.1789772727272727
1.222695707070707
1.2282986111111112
1.2320075757575757
1.2445549242424243
1.2435290404040404
1.1788983585858586
1.223800505050505
1.2530776515151516
1.1841066919191918
1.22979797979798
1.2230902777777777
1.2544191919191918
1.2253787878787878
1.2203282828282829
1.2271938131313131
1.2322443181818181
1.240530303030303
1.239425505050505
1.2200915404040404
1.2421085858585859
1.2418718434343434
1.1874210858585859
1.1898674242424243
1.2189078282828283
1.2280618686868687
1.2184343434343434
1.2312184343434343
1.2437657828282829
1.2245107323232323
1.2265625
1.244949494949495
1.2244318181818181
1.232165404040404
1.2248263888888888
1.2443181818181819
1.1819760101010102
1.1928661616161615
1.2393465909090908
1.232165404040404
1.2236426767676767
1.2282986111111112
1.1823705808080809
1.1926294191919191
1.2266414141414141
1.2205650252525253
1.2334280303030303
1.2267203282828283
1.2281407828282829
1.2246685606060606
1.221511994949495
1.2469223484848484
1.2263257575757576
1.2406881313131313
1.1837910353535352
1.231613005050505
1.2241950757575757
1.2339804292929293
1.2531565656565657
1.2499210858585859
1.1935763888888888
1.1948390151515151
1.2520517676767677
1.2269570707070707
1.2272727272727273
1.2230902777777777
1.2224589646464648
1.2206439393939394
1.2256155303030303
1.2552083333333333
1.2256944444444444
1.2211174242424243
1.2350063131313131
1.1821338383838385
1.2262468434343434
1.2437657828282829
1.1918402777777777
0.654592803030303
0.656802398989899
0.6575915404040404
0.6553819444444444
0.6584595959595959
0.6553030303030303
0.6565656565656566
0.6523832070707071
0.6560921717171717
