1.3198390151515151
1.316998106060606
1.317550505050505
1.3183396464646464
1.321417297979798
1.2665719696969697
1.2645991161616161
1.3407512626262625
1.3177083333333333
1.3184974747474747
1.3196811868686869
1.316998106060606
1.3181818181818181
1.3214962121212122
1.3129734848484849
1.316445707070707
1.2627840909090908
1.3190498737373737
1.34051452020202
1.2646780303030303
1.3199968434343434
1.3194444444444444
1.3213383838383839
1.3209438131313131
1.3191287878787878
1.3199968434343434
1.2638099747474747
1.3213383838383839
1.3212594696969697
1.2638099747474747
1.2608112373737375
1.3209438131313131
1.319207702020202
1.3161300505050506
1.3139993686868687
1.261837121212121
1.2612847222222223
1.3188131313131313
1.2635732323232323
1.3390151515151516
1.3202335858585859
1.3174715909090908
1.3169191919191918
1.3207070707070707
1.3200757575757576
1.318655303030303
1.3401199494949494
1.3210227272727273
1.3181818181818181
1.2635732323232323
1.3204703282828283
1.3188920454545454
1.2647569444444444
1.315814393939394
1.3393308080808082
1.3206281565656566
1.2654671717171717
1.3205492424242424
1.318102904040404
1.3254419191919191
1.3161300505050506
1.3226010101010102
1.3138415404040404
1.318655303030303
1.3171559343434343
1.3402777777777777
1.3171559343434343
1.316524621212121
1.3173926767676767
1.267282196969697
1.3196811868686869
1.3162089646464648
1.3373579545454546
1.3425662878787878
1.3213383838383839
1.3211805555555556
1.316998106060606
1.3169191919191918
1.3191287878787878
1.321417297979798
1.2666508838383839
1.3183396464646464
1.318102904040404
1.3202335858585859
1.3195233585858586
1.2668087121212122
1.3177083333333333
1.3179450757575757
0.6471748737373737
0.6483585858585859
0.6482007575757576
0.6493844696969697
0.6484375
0.648989898989899
0.6486742424242424
0.6485164141414141
0.6490688131313131
