1.6803188131313131
1.6706123737373737
1.6832386363636365
0.5690498737373737
1.6788983585858586
1.6762152777777777
1.691998106060606
1.6901830808080809
1.6868686868686869
1.6823705808080809
1.6789772727272727
1.6809501262626263
1.6783459595959596
0.5682607323232324
1.6792929292929293
1.6872632575757576
1.6741635101010102
0.5677872474747475
1.6766887626262625
1.7245107323232323
0.5689709595959596
1.6878156565656566
1.6940498737373737
1.6723484848484849
1.6744791666666667
1.7324021464646464
1.6725063131313131
1.6832386363636365
1.6843434343434343
0.5703914141414141
1.7214330808080809
1.6853693181818181
1.683001893939394
1.6863162878787878
0.5677083333333334
1.670217803030303
1.72332702020202
1.6848169191919191
0.5666035353535354
0.5684974747474747
1.6839488636363635
0.5694444444444444
1.72198547979798
1.6832386363636365
1.675899621212121
1.6777146464646464
1.7204861111111112
1.6733743686868687
1.6703756313131313
1.6715593434343434
0.56802398989899
1.6838699494949494
1.6912089646464648
1.6952335858585859
1.670770202020202
0.5679450757575758
1.6747159090909092
1.6804766414141414
0.56802398989899
1.6811079545454546
1.6761363636363635
1.6796875
1.6859217171717171
1.6862373737373737
1.6733743686868687
1.686395202020202
1.6828440656565657
1.6744791666666667
0.569760101010101
1.6766098484848484
1.6749526515151516
1.6803188131313131
1.7267203282828283
1.6894728535353536
1.6788194444444444
1.6932607323232323
1.671322601010101
0.5679450757575758
1.69207702020202
1.6759785353535352
1.6749526515151516
1.6770044191919191
1.6875789141414141
0.5674715909090909
1.6717171717171717
1.6856849747474747
1.7202493686868687
0.56802398989899
0.6586963383838383
0.6590909090909091
0.6590119949494949
0.65853851010101
0.6586963383838383
0.6590119949494949
0.6587752525252525
0.6587752525252525
0.6592487373737373
