1.7386363636363635
1.7302714646464648
1.7346117424242424
1.7493686868686869
1.7484217171717171
0.5516887626262627
1.7327967171717171
0.5495580808080808
0.5380366161616161
1.7290088383838385
1.7301925505050506
1.7191445707070707
1.7334280303030303
1.7395044191919191
1.7375315656565657
0.5502683080808081
0.5526357323232324
1.7218276515151516
1.7341382575757576
1.7464488636363635
1.7252209595959596
1.7408459595959596
1.7358743686868687
1.7492897727272727
1.736032196969697
1.7268781565656566
1.7406881313131313
1.7404513888888888
0.5510574494949495
0.5511363636363636
1.7336647727272727
0.5520044191919192
0.5494002525252525
1.7237215909090908
1.7228535353535352
1.734927398989899
1.7397411616161615
1.7286931818181819
1.7386363636363635
0.5399305555555556
1.7341382575757576
1.738399621212121
0.547979797979798
1.7326388888888888
1.7396622474747474
1.732165404040404
0.5467960858585859
1.7166193181818181
1.7236426767676767
0.5506628787878788
1.7430555555555556
1.7350852272727273
1.740530303030303
1.7163036616161615
1.722537878787879
1.7391098484848484
1.7274305555555556
1.7402146464646464
1.738241792929293
1.7426609848484849
1.7331912878787878
1.7350852272727273
0.5479008838383839
1.739425505050505
0.5478219696969697
1.7188289141414141
1.7386363636363635
1.732717803030303
1.7415561868686869
1.747790404040404
1.7433712121212122
1.7289299242424243
1.7270359848484849
1.7481849747474747
1.7372948232323233
1.7378472222222223
1.7340593434343434
1.7370580808080809
1.7340593434343434
1.7341382575757576
1.7486584595959596
1.738241792929293
1.7364267676767677
1.741082702020202
1.714804292929293
1.7386363636363635
0.5513731060606061
1.7296401515151516
0.654592803030303
0.656802398989899
0.6575915404040404
0.6553819444444444
0.6584595959595959
0.6553030303030303
0.6565656565656566
0.6523832070707071
0.6560921717171717
