0.6049558080808081
0.5989583333333334
0.6081912878787878
0.5958017676767676
0.6084280303030303
0.6045612373737373
0.5967487373737373
0.5991161616161617
0.6054292929292929
0.6042455808080808
0.6019570707070707
0.6022727272727273
0.6055871212121212
0.6053503787878788
0.6019570707070707
0.6003787878787878
0.5958806818181818
0.6058238636363636
0.6051925505050505
0.6030618686868687
0.6029829545454546
0.5987215909090909
0.6087436868686869
0.6002209595959596
0.5969065656565656
0.6037720959595959
0.6044034090909091
0.5952493686868687
0.6035353535353535
0.5987215909090909
0.6029829545454546
0.6029829545454546
0.6117424242424242
0.600457702020202
0.603219696969697
0.5978535353535354
0.5995896464646465
0.5973800505050505
0.5972222222222222
0.6016414141414141
0.599905303030303
0.59927398989899
0.6011679292929293
0.6007733585858586
0.5987215909090909
0.6031407828282829
0.6017203282828283
0.6029829545454546
0.5994318181818182
0.6002998737373737
0.6017992424242424
0.599905303030303
0.6057449494949495
0.6029040404040404
0.6120580808080808
0.6001420454545454
0.6040877525252525
0.6015625
0.6126893939393939
0.6075599747474747
0.6000631313131313
0.59927398989899
0.6045612373737373
0.6035353535353535
0.6048768939393939
0.6089804292929293
0.609927398989899
0.6079545454545454
0.603219696969697
0.6005366161616161
0.5990372474747475
0.5998263888888888
0.6020359848484849
0.5978535353535354
0.6036931818181818
0.6052714646464646
0.5976167929292929
0.60385101010101
0.6062184343434344
0.6080334595959596
0.6061395202020202
0.6025094696969697
0.6040877525252525
0.6043244949494949
0.6012468434343434
0.5969065656565656
0.6014046717171717
0.5990372474747475
0.6500157828282829
0.6493055555555556
0.6488320707070707
0.649542297979798
0.650094696969697
0.6485953282828283
0.6484375
0.6499368686868687
0.6493844696969697
