0.8797348484848485
0.8673453282828283
0.8756313131313131
0.88510101010101
0.882260101010101
0.8717645202020202
0.876104797979798
0.868292297979798
0.8712121212121212
0.8651357323232324
0.8740530303030303
0.8589015151515151
0.8764204545454546
0.8778409090909091
0.8795770202020202
0.8705018939393939
0.8697127525252525
0.8585858585858586
0.8730271464646465
0.8819444444444444
0.8622948232323232
0.8789457070707071
0.8742897727272727
0.8824179292929293
0.87728851010101
0.8719223484848485
0.8771306818181818
0.8799715909090909
0.8657670454545454
0.8686868686868687
0.8735006313131313
0.8708175505050505
0.8665561868686869
0.8641887626262627
0.8640309343434344
0.8718434343434344
0.8779987373737373
0.8741319444444444
0.8783933080808081
0.868844696969697
0.8751578282828283
0.8768150252525253
0.8712910353535354
0.8751578282828283
0.8783143939393939
0.875
0.8706597222222222
0.8601641414141414
0.8625315656565656
0.8670296717171717
0.8793402777777778
0.8753156565656566
0.8778409090909091
0.8611900252525253
0.8630839646464646
0.8757102272727273
0.8748421717171717
0.8803661616161617
0.8747632575757576
0.8760258838383839
0.8742108585858586
0.8746843434343434
0.8718434343434344
0.8753945707070707
0.8680555555555556
0.8596117424242424
0.8806818181818182
0.8752367424242424
0.8802872474747475
0.8824968434343434
0.8801294191919192
0.8641098484848485
0.8665561868686869
0.8810763888888888
0.8783933080808081
0.8774463383838383
0.8750789141414141
0.8781565656565656
0.8713699494949495
0.8777619949494949
0.8838383838383839
0.8776830808080808
0.8742108585858586
0.8790246212121212
0.859927398989899
0.8764993686868687
0.8708175505050505
0.8617424242424242
0.654592803030303
0.656802398989899
0.6575915404040404
0.6553819444444444
0.6584595959595959
0.6553030303030303
0.6565656565656566
0.6523832070707071
0.6560921717171717
