0.6304450757575758
0.6122948232323232
0.6145833333333334
0.6098484848484849
0.6118213383838383
0.6123737373737373
0.6100063131313131
0.6133996212121212
0.6134785353535354
0.625552398989899
0.6314709595959596
0.6133996212121212
0.6338383838383839
0.6112689393939394
0.6261837121212122
0.6146622474747475
0.6145044191919192
0.6331281565656566
0.6085069444444444
0.6270517676767676
0.6130839646464646
0.6098484848484849
0.6153724747474747
0.6130839646464646
0.6140309343434344
0.6121369949494949
0.6165561868686869
0.6114267676767676
0.6336805555555556
0.6123737373737373
0.615530303030303
0.6329703282828283
0.6240530303030303
0.6089804292929293
0.6342329545454546
0.6105587121212122
0.6065340909090909
0.6126104797979798
0.6228693181818182
0.6201073232323232
0.626657196969697
0.6094539141414141
0.6119002525252525
0.6207386363636364
0.61947601010101
0.6122159090909091
0.6165561868686869
0.6111900252525253
0.61947601010101
0.6164772727272727
0.6316287878787878
0.6122159090909091
0.6232638888888888
0.6130050505050505
0.6086647727272727
0.6141887626262627
0.6192392676767676
0.6119002525252525
0.6197916666666666
0.6121369949494949
0.6224747474747475
0.6086647727272727
0.6108743686868687
0.6089015151515151
0.6148200757575758
0.6085069444444444
0.6257891414141414
0.6125315656565656
0.6081123737373737
0.6212910353535354
0.6091382575757576
0.6089804292929293
0.6128472222222222
0.6112689393939394
0.6159248737373737
0.6198705808080808
0.6124526515151515
0.6140309343434344
0.6265782828282829
0.6112689393939394
0.6124526515151515
0.6102430555555556
0.6063762626262627
0.6141098484848485
0.6246054292929293
0.6330492424242424
0.6141098484848485
0.6113478535353535
0.6559343434343434
0.6549873737373737
0.6559343434343434
0.6561710858585859
0.6560132575757576
0.6563289141414141
0.65625
0.6553819444444444
0.6553030303030303
