1.4704861111111112
1.4562815656565657
1.4701704545454546
1.4633049242424243
1.4749842171717171
1.4596748737373737
1.4664614898989898
1.4339488636363635
1.4311868686868687
1.4700915404040404
1.466540404040404
1.4573863636363635
1.464883207070707
1.4782986111111112
1.4448390151515151
1.4986584595959596
1.4572285353535352
1.4671717171717171
1.4981849747474747
1.430792297979798
1.4685132575757576
1.4701704545454546
1.4640151515151516
1.4618844696969697
1.4548611111111112
1.4548611111111112
1.4734059343434343
1.464251893939394
1.4516256313131313
1.471511994949495
1.4561237373737375
1.4382102272727273
1.4702493686868687
1.4487058080808082
1.4416824494949494
1.4583333333333333
1.4688289141414141
1.4993686868686869
1.460385101010101
1.4507575757575757
1.4974747474747474
1.458727904040404
1.4656723484848484
1.4622001262626263
1.4661458333333333
1.4711963383838385
1.472064393939394
1.4607796717171717
1.4345012626262625
1.4686710858585859
1.4992897727272727
1.4779829545454546
1.4729324494949494
1.434738005050505
1.4729324494949494
1.4609375
1.458727904040404
1.4700915404040404
1.4579387626262625
1.4540719696969697
1.4713541666666667
1.432449494949495
1.425662878787879
1.4707228535353536
1.4695391414141414
1.4975536616161615
1.4640940656565657
1.4722222222222223
1.4761679292929293
1.472774621212121
1.4986584595959596
1.4551767676767677
1.4434974747474747
1.4596748737373737
1.4451546717171717
1.4632260101010102
1.4708017676767677
1.4739583333333333
1.4474431818181819
1.4375789141414141
1.4713541666666667
1.4621212121212122
1.4979482323232323
1.4715909090909092
1.4604640151515151
1.4748263888888888
1.4544665404040404
1.4599905303030303
0.6584595959595959
0.6589330808080808
0.6583806818181818
0.6586963383838383
0.6597222222222222
0.6584595959595959
0.6590119949494949
0.6593276515151515
0.6586963383838383
