0.7975852272727273
0.7727272727272727
0.8167613636363636
0.7728061868686869
0.7944286616161617
0.7898516414141414
0.7941919191919192
0.771780303030303
0.7754103535353535
0.7910353535353535
0.7910353535353535
0.7546559343434344
0.7943497474747475
0.7549715909090909
0.7934816919191919
0.7941130050505051
0.7522095959595959
0.7923768939393939
0.7531565656565656
0.7552083333333334
0.7719381313131313
0.7944286616161617
0.7556818181818182
0.7544981060606061
0.7909564393939394
0.795770202020202
0.7698074494949495
0.7916666666666666
0.7731218434343434
0.7949021464646465
0.7942708333333334
0.7938762626262627
0.7926925505050505
0.7899305555555556
0.7928503787878788
0.7735164141414141
0.819207702020202
0.7552872474747475
0.8194444444444444
0.79135101010101
0.7514993686868687
0.7717013888888888
0.7924558080808081
0.7937973484848485
0.7914299242424242
0.7537878787878788
0.7548137626262627
0.8192866161616161
0.8178661616161617
0.7937184343434344
0.7935606060606061
0.7714646464646465
0.7529987373737373
0.77572601010101
0.7933238636363636
0.7945075757575758
0.7861426767676768
0.79135101010101
0.8175505050505051
0.7925347222222222
0.8188131313131313
0.7919034090909091
0.7538667929292929
0.7544191919191919
0.7930871212121212
0.7739109848484849
0.7925347222222222
0.7908775252525253
0.7930082070707071
0.79135101010101
0.7365056818181818
0.7914299242424242
0.7937184343434344
0.8003472222222222
0.7729640151515151
0.7922979797979798
0.7926925505050505
0.7883522727272727
0.7937973484848485
0.7923768939393939
0.7697285353535354
0.7939551767676768
0.7899305555555556
0.7916666666666666
0.7695707070707071
0.7589962121212122
0.7735953282828283
0.8195233585858586
0.6003787878787878
0.6012468434343434
0.5998263888888888
0.5998263888888888
0.5990372474747475
0.6000631313131313
0.6003787878787878
0.5980113636363636
0.5996685606060606
