1.6922348484848484
0.5723642676767676
1.6946811868686869
1.691366792929293
1.6903409090909092
1.6979955808080809
1.6684027777777777
1.693655303030303
1.7008364898989898
1.6872632575757576
1.6904198232323233
0.5724431818181818
0.5740214646464646
1.6934974747474747
1.6928661616161615
1.6987058080808082
0.5741003787878788
1.6777935606060606
1.6786616161616161
1.6983112373737375
1.7013888888888888
1.6943655303030303
0.5749684343434344
1.6918402777777777
1.6702967171717171
0.5734690656565656
1.6700599747474747
1.6878156565656566
1.6972064393939394
1.6628787878787878
0.5747316919191919
0.5721275252525253
1.7191445707070707
1.6803977272727273
1.6946022727272727
0.5735479797979798
1.6810290404040404
1.6773200757575757
1.694207702020202
1.6942866161616161
1.6642992424242424
0.5734690656565656
1.691445707070707
1.707149621212121
1.7212752525252526
1.7132260101010102
1.7138573232323233
1.6898674242424243
0.5744160353535354
1.684738005050505
1.6790561868686869
1.6822127525252526
1.6671401515151516
1.6731376262626263
1.7180397727272727
1.6995738636363635
1.6889204545454546
1.679135101010101
1.6820549242424243
1.6940498737373737
1.6822916666666667
1.6821338383838385
1.6826073232323233
0.5729955808080808
1.6661142676767677
1.6800031565656566
1.6761363636363635
1.6878945707070707
1.7223011363636365
1.6987058080808082
1.6890782828282829
1.6837910353535352
1.6875789141414141
0.5752051767676768
1.7017045454545454
0.5742582070707071
0.5724431818181818
1.6777146464646464
1.6845801767676767
1.6689551767676767
0.5729166666666666
1.6810290404040404
1.7018623737373737
1.7162247474747474
1.6922348484848484
1.6883680555555556
1.678030303030303
1.6863162878787878
0.6553030303030303
0.6541982323232324
0.6549873737373737
0.6558554292929293
0.6556186868686869
0.6554608585858586
0.655145202020202
0.6552241161616161
0.6547506313131313
