1.5674715909090908
1.5546875
1.5707859848484849
1.5684185606060606
1.5673137626262625
1.5729955808080809
1.545217803030303
1.5707070707070707
1.5759943181818181
1.564157196969697
1.56707702020202
1.5587910353535352
1.5650252525252526
1.5711016414141414
1.5674715909090908
1.5728377525252526
1.5679450757575757
1.5575284090909092
1.5577651515151516
1.5737847222222223
1.574179292929293
1.5709438131313131
1.5703914141414141
1.5683396464646464
1.5486900252525253
1.5425347222222223
1.5518465909090908
1.5616319444444444
1.5715751262626263
1.5458491161616161
1.5654987373737375
1.5610006313131313
1.6028251262626263
1.5573705808080809
1.5701546717171717
1.558633207070707
1.5602114898989898
1.5553188131313131
1.5673926767676767
1.5709438131313131
1.5464015151515151
1.559738005050505
1.56707702020202
1.5860164141414141
1.6050347222222223
1.5957228535353536
1.5981691919191918
1.566287878787879
1.5257260101010102
1.5615530303030303
1.558001893939394
1.5601325757575757
1.5467171717171717
1.5540561868686869
1.6020359848484849
1.577020202020202
1.5682607323232323
1.557449494949495
1.5603693181818181
1.569207702020202
1.5606849747474747
1.5610795454545454
1.5609217171717171
1.5591066919191918
1.5477430555555556
1.5576073232323233
1.5516098484848484
1.5621054292929293
1.606060606060606
1.57354797979798
1.566524621212121
1.5596590909090908
1.5632891414141414
1.563052398989899
1.5774147727272727
1.542376893939394
1.5643939393939394
1.556897095959596
1.5640782828282829
1.5452967171717171
1.5644728535353536
1.5595012626262625
1.575915404040404
1.599352904040404
1.5684185606060606
1.5645517676767677
1.5560290404040404
1.5648674242424243
0.6553030303030303
0.6541982323232324
0.6549873737373737
0.6558554292929293
0.6556186868686869
0.6554608585858586
0.655145202020202
0.6552241161616161
0.6547506313131313
