0.9970012626262627
0.9925820707070707
0.9962910353535354
0.9948705808080808
0.993292297979798
0.9932133838383839
0.9917929292929293
0.9940814393939394
0.9981060606060606
0.9911616161616161
1.0063920454545454
0.9969223484848485
1.0076546717171717
0.9976325757575758
0.9897411616161617
0.9970012626262627
0.9982638888888888
1.0078125
0.990530303030303
0.9958964646464646
0.9972380050505051
0.990530303030303
0.9988162878787878
0.9978693181818182
0.9976325757575758
0.9946338383838383
1.002209595959596
0.9951073232323232
1.0067866161616161
0.9982638888888888
0.9990530303030303
1.0082070707070707
0.9903724747474747
0.9913983585858586
1.0080492424242424
0.9947127525252525
0.9921875
0.9972380050505051
0.9889520202020202
1.0028409090909092
0.9914772727272727
0.9934501262626263
0.99447601010101
0.9850852272727273
1.001657196969697
0.9972380050505051
0.9800347222222222
0.9913983585858586
1.0014993686868687
0.9991319444444444
1.0064709595959596
0.9966856060606061
0.9869791666666666
0.9986584595959596
0.9935290404040404
0.99771148989899
1.0007102272727273
0.9962910353535354
0.9855587121212122
0.993844696969697
0.9887152777777778
0.99447601010101
0.9946338383838383
0.9932133838383839
1.0003945707070707
0.9900568181818182
0.9943970959595959
0.9991319444444444
0.9897411616161617
0.9886363636363636
0.9914772727272727
0.9917929292929293
0.9934501262626263
0.9960542929292929
1.0003945707070707
1.003314393939394
0.9977904040404041
0.9987373737373737
0.991082702020202
0.9968434343434344
0.9988162878787878
0.9970801767676768
0.985479797979798
0.9991319444444444
0.9937657828282829
1.008364898989899
0.9973169191919192
0.9969223484848485
0.6559343434343434
0.6549873737373737
0.6559343434343434
0.6561710858585859
0.6560132575757576
0.6563289141414141
0.65625
0.6553819444444444
0.6553030303030303
