0.8263888888888888
0.82260101010101
0.8531407828282829
0.8170770202020202
0.8283617424242424
0.8290719696969697
0.8282039141414141
0.8221275252525253
0.827020202020202
0.8268623737373737
0.8310448232323232
0.8229955808080808
0.8207070707070707
0.8261521464646465
0.8354640151515151
0.8497474747474747
0.8331755050505051
0.820864898989899
0.8202335858585859
0.8256786616161617
0.8529040404040404
0.8305713383838383
0.827020202020202
0.8265467171717171
0.828125
0.8181818181818182
0.8213383838383839
0.8319128787878788
0.8229955808080808
0.8319128787878788
0.8270991161616161
0.821969696969697
0.8331755050505051
0.8227588383838383
0.8285984848484849
0.8260732323232324
0.8257575757575758
0.8345959595959596
0.8232323232323232
0.8282039141414141
0.8241792929292929
0.8254419191919192
0.82583648989899
0.8350694444444444
0.8235479797979798
0.8259154040404041
0.8305713383838383
0.8308080808080808
0.8323863636363636
0.8520359848484849
0.8316761363636364
0.8341224747474747
0.8207859848484849
0.8176294191919192
0.8232323232323232
0.8233112373737373
0.8177083333333334
0.8477746212121212
0.8229166666666666
0.834280303030303
0.8317550505050505
0.8235479797979798
0.8193655303030303
0.8270991161616161
0.8211805555555556
0.8263099747474747
0.827020202020202
0.8520359848484849
0.8251262626262627
0.827572601010101
0.8222853535353535
0.8257575757575758
0.8194444444444444
0.8226799242424242
0.8480902777777778
0.8162089646464646
0.849905303030303
0.8298611111111112
0.8294665404040404
0.8280460858585859
0.8212594696969697
0.8218118686868687
0.8324652777777778
0.829782196969697
0.8271780303030303
0.8265467171717171
0.8207859848484849
0.8340435606060606
0.6044034090909091
0.6067708333333334
0.6009311868686869
0.6068497474747475
0.6036142676767676
0.6030618686868687
0.6027462121212122
0.6073232323232324
0.6033775252525253
