1.1307607323232323
1.1353377525252526
1.0739425505050506
1.1275252525252526
1.2059659090909092
1.0752840909090908
1.2016256313131313
1.2026515151515151
1.1256313131313131
1.1976010101010102
1.12176452020202
1.1314709595959596
1.1263415404040404
1.1221590909090908
1.163510101010101
1.1280776515151516
1.1234217171717171
1.1633522727272727
1.1327335858585859
1.1206597222222223
1.1291035353535352
1.1299715909090908
1.1961805555555556
1.1220012626262625
1.1252367424242424
1.0770991161616161
1.1732954545454546
1.1623263888888888
1.0699968434343434
1.0744949494949494
1.129024621212121
1.1261837121212122
1.1712436868686869
1.1259469696969697
1.1833964646464648
1.1238162878787878
1.1605113636363635
1.0705492424242424
1.1301294191919191
1.1228693181818181
1.128314393939394
1.1614583333333333
1.1265782828282829
1.1620107323232323
1.124447601010101
1.1218434343434343
1.1272885101010102
1.121133207070707
1.0804135101010102
1.1212910353535352
1.0759943181818181
1.2043876262626263
1.1208964646464648
1.1212910353535352
1.0729955808080809
1.1304450757575757
1.1328914141414141
1.1610637626262625
1.1398358585858586
1.203125
1.1307607323232323
1.1717960858585859
1.0801767676767677
1.0823074494949494
1.1254734848484849
1.0777304292929293
1.1708491161616161
1.171875
1.1258680555555556
1.0710227272727273
1.0744160353535352
1.120975378787879
1.2057291666666667
1.0662089646464648
1.1392834595959596
1.1585385101010102
1.1250789141414141
1.1263415404040404
1.1252367424242424
1.1323390151515151
1.1249210858585859
1.1314709595959596
1.076467803030303
1.1604324494949494
1.121054292929293
1.1265782828282829
1.1268150252525253
1.1609059343434343
0.6163194444444444
0.6152935606060606
0.6126104797979798
0.6165561868686869
0.6126893939393939
0.6171875
0.6138731060606061
0.6176609848484849
0.616635101010101
