0.7125157828282829
0.7127525252525253
0.7326388888888888
0.7055713383838383
0.7128314393939394
0.7160669191919192
0.7170138888888888
0.7095170454545454
0.7149621212121212
0.7122790404040404
0.7163036616161617
0.712594696969697
0.7093592171717171
0.7137784090909091
0.7192234848484849
0.7297979797979798
0.720407196969697
0.7072285353535354
0.7117266414141414
0.7136994949494949
0.7302714646464646
0.7163036616161617
0.7130681818181818
0.7161458333333334
0.7149621212121212
0.7151199494949495
0.7103061868686869
0.7167771464646465
0.7111742424242424
0.7232481060606061
0.7223800505050505
0.7116477272727273
0.718197601010101
0.7214330808080808
0.7147253787878788
0.7118844696969697
0.7197758838383839
0.7175662878787878
0.7178030303030303
0.7161458333333334
0.712042297979798
0.71322601010101
0.7228535353535354
0.72103851010101
0.7111742424242424
0.7144097222222222
0.7180397727272727
0.7177241161616161
0.7192234848484849
0.732717803030303
0.719854797979798
0.7185132575757576
0.7103061868686869
0.7077809343434344
0.7117266414141414
0.7197758838383839
0.7174873737373737
0.7270359848484849
0.7092013888888888
0.7193813131313131
0.7168560606060606
0.7148832070707071
0.7064393939393939
0.7159880050505051
0.7157512626262627
0.7219065656565656
0.7131470959595959
0.7335858585858586
0.7109375
0.7161458333333334
0.7182765151515151
0.7156723484848485
0.7215119949494949
0.7129103535353535
0.7285353535353535
0.7149621212121212
0.7297979797979798
0.7149621212121212
0.7190656565656566
0.7168560606060606
0.7110953282828283
0.7191445707070707
0.7183554292929293
0.718197601010101
0.7230113636363636
0.7134627525252525
0.7097537878787878
0.7196180555555556
0.6044034090909091
0.6067708333333334
0.6009311868686869
0.6068497474747475
0.6036142676767676
0.6030618686868687
0.6027462121212122
0.6073232323232324
0.6033775252525253
