1.143386994949495
1.1531723484848484
1.1274463383838385
1.1564867424242424
1.15625
1.1499368686868687
1.1162405303030303
1.1574337121212122
1.1407828282828283
1.1852114898989898
1.2301136363636365
1.2217487373737375
1.1591698232323233
1.15301452020202
1.1856849747474747
1.1725063131313131
1.1347853535353536
1.1271306818181819
1.148989898989899
1.148989898989899
1.1334438131313131
1.1351799242424243
1.1605902777777777
1.126104797979798
1.1330492424242424
1.1434659090909092
1.1479640151515151
1.1393623737373737
1.1727430555555556
1.1363636363636365
1.1313920454545454
1.1478061868686869
1.1481218434343434
1.160748106060606
1.123895202020202
1.115530303030303
1.1399936868686869
1.2057291666666667
1.231060606060606
1.1815814393939394
1.1201073232323233
1.1381786616161615
1.1893939393939394
1.1748737373737375
1.1324968434343434
1.1340751262626263
1.1587752525252526
1.152935606060606
1.1460700757575757
1.226010101010101
1.131155303030303
1.159564393939394
1.1624842171717171
1.1303661616161615
1.1452809343434343
1.1596433080808082
1.1542771464646464
1.1227114898989898
1.1725063131313131
1.1661931818181819
1.1754261363636365
1.1415719696969697
1.1408617424242424
1.1701388888888888
1.229324494949495
1.142834595959596
1.1590909090909092
1.1377051767676767
1.1176609848484849
1.1331281565656566
1.2035984848484849
1.1849747474747474
1.2250631313131313
1.137863005050505
1.1351010101010102
1.1190025252525253
1.1828440656565657
1.160195707070707
1.1213699494949494
1.1330492424242424
1.159564393939394
1.128945707070707
1.1777146464646464
1.1650883838383839
1.1212910353535352
1.1454387626262625
1.1354955808080809
1.146227904040404
0.6515151515151515
0.6510416666666666
0.6506470959595959
0.6511994949494949
0.649542297979798
0.6500157828282829
0.6504103535353535
0.6494633838383839
0.6498579545454546
