1.0538194444444444
1.0551609848484849
1.0242266414141414
1.0488478535353536
1.0900410353535352
1.025647095959596
1.0861742424242424
1.0887784090909092
1.0459280303030303
1.0804924242424243
1.0466382575757576
1.056344696969697
1.0516098484848484
1.0459280303030303
1.0556344696969697
1.0502683080808082
1.0460069444444444
1.056344696969697
1.0529513888888888
1.0456912878787878
1.0493213383838385
1.0518465909090908
1.0793876262626263
1.046875
1.052477904040404
1.028488005050505
1.056897095959596
1.0510574494949494
1.0241477272727273
1.0240688131313131
1.051373106060606
1.050662878787879
1.0617108585858586
1.049084595959596
1.0601325757575757
1.05011047979798
1.0534248737373737
1.024542297979798
1.0534248737373737
1.0529513888888888
1.052477904040404
1.0521622474747474
1.0494002525252526
1.0469539141414141
1.0502683080808082
1.0475852272727273
1.0546875
1.0495580808080809
1.0244633838383839
1.0464804292929293
1.0300662878787878
1.0878314393939394
1.0461647727272727
1.0494791666666667
1.0249368686868687
1.0520833333333333
1.0527935606060606
1.0492424242424243
1.0577651515151516
1.0852272727272727
1.0546875
1.0553977272727273
1.030697601010101
1.033459595959596
1.0509785353535352
1.0306186868686869
1.0548453282828283
1.0610795454545454
1.053030303030303
1.0215435606060606
1.0247001262626263
1.0494791666666667
1.088699494949495
1.0250157828282829
1.0576862373737375
1.0509785353535352
1.0475063131313131
1.0489267676767677
1.0505839646464648
1.0538194444444444
1.0475852272727273
1.0509785353535352
1.027225378787879
1.0538194444444444
1.0460858585858586
1.0493213383838385
1.0486111111111112
1.0539772727272727
0.6163194444444444
0.6152935606060606
0.6126104797979798
0.6165561868686869
0.6126893939393939
0.6171875
0.6138731060606061
0.6176609848484849
0.616635101010101
