0.9732481060606061
0.9708017676767676
0.9756155303030303
0.9363162878787878
0.9730902777777778
0.9727746212121212
0.9784564393939394
0.977114898989899
0.9763257575757576
0.9744318181818182
0.9744318181818182
0.9743529040404041
0.9730902777777778
0.938052398989899
0.9726957070707071
0.9764046717171717
0.9714330808080808
0.9375789141414141
0.9720643939393939
0.9773516414141414
0.9389204545454546
0.9779040404040404
0.9796401515151515
0.9682765151515151
0.9699337121212122
0.9861900252525253
0.9712752525252525
0.975457702020202
0.9748263888888888
0.9435763888888888
0.974905303030303
0.9765625
0.9734059343434344
0.9780618686868687
0.9415246212121212
0.969302398989899
0.9722222222222222
0.9771938131313131
0.9359217171717171
0.9394728535353535
0.9749842171717171
0.9393150252525253
0.9709595959595959
0.9761679292929293
0.9718276515151515
0.9708017676767676
0.9734059343434344
0.9708017676767676
0.9692234848484849
0.9691445707070707
0.9349747474747475
0.9749842171717171
0.9780618686868687
0.9822443181818182
0.97103851010101
0.9341856060606061
0.9689867424242424
0.9726167929292929
0.9337121212121212
0.9741161616161617
0.9716698232323232
0.9714330808080808
0.9764835858585859
0.9763257575757576
0.9712752525252525
0.9765625
0.9760890151515151
0.969854797979798
0.9354482323232324
0.9708806818181818
0.9708806818181818
0.9721433080808081
0.9770359848484849
0.9767203282828283
0.9726957070707071
0.9805082070707071
0.9700915404040404
0.9355271464646465
0.9810606060606061
0.9708806818181818
0.9712752525252525
0.9719065656565656
0.9775883838383839
0.9345012626262627
0.9678819444444444
0.9764835858585859
0.9700126262626263
0.9408143939393939
0.6586963383838383
0.6590909090909091
0.6590119949494949
0.65853851010101
0.6586963383838383
0.6590119949494949
0.6587752525252525
0.6587752525252525
0.6592487373737373
