1.3899936868686869
1.3602430555555556
1.42511047979798
1.3615056818181819
1.3801294191919191
1.3780776515151516
1.3880208333333333
1.3597695707070707
1.3590593434343434
1.3843907828282829
1.3839962121212122
1.3471433080808082
1.3869160353535352
1.3394886363636365
1.383364898989899
1.3797348484848484
1.3360164141414141
1.3871527777777777
1.3488794191919191
1.3422506313131313
1.3574021464646464
1.3802083333333333
1.3449337121212122
1.349352904040404
1.3858112373737375
1.3772885101010102
1.3591382575757576
1.3836016414141414
1.3604008838383839
1.37957702020202
1.38604797979798
1.386600378787879
1.3869949494949494
1.3845486111111112
1.385022095959596
1.3607165404040404
1.4255050505050506
1.3300978535353536
1.4240056818181819
1.3832859848484849
1.3383049242424243
1.3572443181818181
1.38738952020202
1.382260101010101
1.3834438131313131
1.3414614898989898
1.3517203282828283
1.4268465909090908
1.4239267676767677
1.381707702020202
1.3809185606060606
1.3609532828282829
1.347616792929293
1.3597695707070707
1.3813131313131313
1.378866792929293
1.3807607323232323
1.3886521464646464
1.4268465909090908
1.3840751262626263
1.424084595959596
1.3779987373737375
1.3445391414141414
1.3447758838383839
1.3791824494949494
1.3619791666666667
1.381707702020202
1.3864425505050506
1.3801294191919191
1.3808396464646464
1.3232323232323233
1.383917297979798
1.3862058080808082
1.3915719696969697
1.3608743686868687
1.3846275252525253
1.3799715909090908
1.386758207070707
1.3813131313131313
1.383917297979798
1.3612689393939394
1.3870738636363635
1.3843118686868687
1.3828914141414141
1.3563762626262625
1.338147095959596
1.3575599747474747
1.424636994949495
0.6003787878787878
0.6012468434343434
0.5998263888888888
0.5998263888888888
0.5990372474747475
0.6000631313131313
0.6003787878787878
0.5980113636363636
0.5996685606060606
