1.1011679292929293
1.1029829545454546
1.1045612373737375
1.1036931818181819
1.1087436868686869
1.1058238636363635
1.1032986111111112
1.1014835858585859
1.105429292929293
1.1070075757575757
1.1116635101010102
1.1074021464646464
1.10479797979798
1.1003787878787878
1.10613952020202
1.1065340909090908
1.1074021464646464
1.1077967171717171
1.106613005050505
1.1085858585858586
1.1027462121212122
1.1081912878787878
1.1013257575757576
1.104876893939394
1.0998263888888888
1.1029829545454546
1.104876893939394
1.1013257575757576
1.111032196969697
1.1045612373737375
1.123342803030303
1.102667297979798
1.1042455808080809
1.1083491161616161
1.1050347222222223
1.1114267676767677
1.124447601010101
1.1036931818181819
1.1097695707070707
1.1070075757575757
1.1013257575757576
1.1109532828282829
1.1063762626262625
1.1059816919191918
1.1229482323232323
1.1062973484848484
1.1045612373737375
1.1076388888888888
1.1074810606060606
1.112136994949495
1.1027462121212122
1.1064551767676767
1.1115056818181819
1.1044823232323233
1.1109532828282829
1.1062184343434343
1.1033775252525253
1.1235795454545454
1.105429292929293
1.1251578282828283
1.1077967171717171
1.1206597222222223
1.1095328282828283
1.1089804292929293
1.105587121212121
1.1264993686868687
1.1038510101010102
1.105350378787879
1.1064551767676767
1.1276830808080809
1.10613952020202
1.1091382575757576
1.1107165404040404
1.1032986111111112
1.1025883838383839
1.1117424242424243
1.1092171717171717
1.1014046717171717
1.104876893939394
1.1044823232323233
1.1116635101010102
1.1089804292929293
1.1081912878787878
1.0989583333333333
1.1057449494949494
1.1019570707070707
1.1070075757575757
1.104876893939394
0.6571969696969697
0.6580650252525253
0.6583017676767676
0.65853851010101
0.6579861111111112
0.6581439393939394
0.6571969696969697
0.6584595959595959
0.6579861111111112
