0.7535511363636364
0.743292297979798
0.748895202020202
0.7598642676767676
0.7578125
0.75552398989899
0.7517361111111112
0.7526830808080808
0.7550505050505051
0.7442392676767676
0.7476325757575758
0.7363478535353535
0.748895202020202
0.7504734848484849
0.7519728535353535
0.7541824494949495
0.7539457070707071
0.7371369949494949
0.7471590909090909
0.7564709595959596
0.7393465909090909
0.7537089646464646
0.7469223484848485
0.7590751262626263
0.7502367424242424
0.7471590909090909
0.7515782828282829
0.7553661616161617
0.7508680555555556
0.7525252525252525
0.7468434343434344
0.7518939393939394
0.7518150252525253
0.7380050505050505
0.7417929292929293
0.7473169191919192
0.7521306818181818
0.7485006313131313
0.7531565656565656
0.7550505050505051
0.7512626262626263
0.7507102272727273
0.7545770202020202
0.7506313131313131
0.7515782828282829
0.7463699494949495
0.7541824494949495
0.7367424242424242
0.7393465909090909
0.7514993686868687
0.7522095959595959
0.7469223484848485
0.7526830808080808
0.7382417929292929
0.7395833333333334
0.7503156565656566
0.7489741161616161
0.7543402777777778
0.7485006313131313
0.7497632575757576
0.7466066919191919
0.7467645202020202
0.7564709595959596
0.7489741161616161
0.751657196969697
0.7372159090909091
0.7546559343434344
0.7478693181818182
0.7537878787878788
0.7582859848484849
0.7560763888888888
0.7415561868686869
0.7413983585858586
0.7573390151515151
0.7511837121212122
0.7506313131313131
0.7478693181818182
0.7504734848484849
0.7453440656565656
0.751657196969697
0.7593118686868687
0.750552398989899
0.7473169191919192
0.7537089646464646
0.7394255050505051
0.7491319444444444
0.7547348484848485
0.7421085858585859
0.654592803030303
0.656802398989899
0.6575915404040404
0.6553819444444444
0.6584595959595959
0.6553030303030303
0.6565656565656566
0.6523832070707071
0.6560921717171717
