0.8252840909090909
0.8260732323232324
0.7979008838383839
0.8223642676767676
0.8467487373737373
0.7972695707070707
0.8458017676767676
0.8461963383838383
0.8207070707070707
0.8409090909090909
0.8199968434343434
0.8234690656565656
0.8223642676767676
0.82260101010101
0.7911931818181818
0.82260101010101
0.81802398989899
0.7905618686868687
0.8278882575757576
0.8164457070707071
0.8195233585858586
0.8244949494949495
0.8408301767676768
0.8205492424242424
0.8201546717171717
0.7975063131313131
0.796875
0.7848011363636364
0.7964804292929293
0.797979797979798
0.8214962121212122
0.819207702020202
0.8007417929292929
0.8207859848484849
0.8027146464646465
0.8211805555555556
0.7881155303030303
0.7969539141414141
0.82583648989899
0.8209438131313131
0.8218907828282829
0.7889046717171717
0.8223642676767676
0.78353851010101
0.8222064393939394
0.8217329545454546
0.8246527777777778
0.8190498737373737
0.7970328282828283
0.8192866161616161
0.7983743686868687
0.844854797979798
0.8184974747474747
0.8210227272727273
0.7958491161616161
0.8204703282828283
0.8244160353535354
0.7864583333333334
0.8265467171717171
0.8461174242424242
0.8212594696969697
0.79458648989899
0.8012941919191919
0.8013731060606061
0.8224431818181818
0.8004261363636364
0.7936395202020202
0.8029513888888888
0.8221275252525253
0.7956123737373737
0.7971117424242424
0.8185763888888888
0.8464330808080808
0.7966382575757576
0.8287563131313131
0.7826704545454546
0.8210227272727273
0.8223642676767676
0.8204703282828283
0.8229166666666666
0.8167613636363636
0.8266256313131313
0.7983743686868687
0.7847222222222222
0.8188131313131313
0.8181029040404041
0.8207859848484849
0.7856691919191919
0.6163194444444444
0.6152935606060606
0.6126104797979798
0.6165561868686869
0.6126893939393939
0.6171875
0.6138731060606061
0.6176609848484849
0.616635101010101
