1.446969696969697
1.4454703282828283
1.4459438131313131
1.4449179292929293
1.4483112373737375
1.3899147727272727
1.3940183080808082
1.46875
1.446417297979798
1.445864898989899
1.4476010101010102
1.447522095959596
1.4474431818181819
1.4472853535353536
1.4454703282828283
1.4448390151515151
1.3877051767676767
1.449337121212121
1.4685132575757576
1.3916508838383839
1.4452335858585859
1.4483901515151516
1.449179292929293
1.4489425505050506
1.447522095959596
1.4494160353535352
1.3905460858585859
1.4490214646464648
1.4488636363636365
1.3903882575757576
1.391177398989899
1.449100378787879
1.4481534090909092
1.4454703282828283
1.4456281565656566
1.3883364898989898
1.3862058080808082
1.4455492424242424
1.3902304292929293
1.4651988636363635
1.4495738636363635
1.4473642676767677
1.4470486111111112
1.4482323232323233
1.4457859848484849
1.4481534090909092
1.466540404040404
1.4479955808080809
1.4466540404040404
1.3880208333333333
1.4464962121212122
1.4460227272727273
1.3909406565656566
1.4455492424242424
1.4667771464646464
1.4482323232323233
1.3916508838383839
1.4474431818181819
1.4439709595959596
1.4539141414141414
1.4432607323232323
1.4476799242424243
1.4457070707070707
1.4468907828282829
1.4457070707070707
1.4669349747474747
1.4453125
1.4467329545454546
1.4472064393939394
1.3910195707070707
1.4457859848484849
1.4432607323232323
1.4640940656565657
1.470407196969697
1.4487847222222223
1.4479166666666667
1.4463383838383839
1.4472853535353536
1.4432607323232323
1.4478377525252526
1.3943339646464648
1.4464962121212122
1.4466540404040404
1.4488636363636365
1.4496527777777777
1.3984375
1.4464962121212122
1.4473642676767677
0.6471748737373737
0.6483585858585859
0.6482007575757576
0.6493844696969697
0.6484375
0.648989898989899
0.6486742424242424
0.6485164141414141
0.6490688131313131
