32.76041073456571 0.9611040853820356
33.408984528005156 0.9699284216422741
32.93559249368868 0.961060019493626
34.01523391764306 0.9723057333323254
32.76858799315099 0.9623355817925554
33.91181209024903 0.972674511522899
33.049501782727624 0.9645739852036409
34.099329399589124 0.9715956974551191
33.5673019579394 0.9726203761909309
32.26651045296379 0.9296270654389862
32.799620490964784 0.9392747415624051
33.10445530178677 0.951330735251828
32.747834594971565 0.9513515644893225
33.34141834041975 0.9679509645782745
32.36754336354227 0.9292879207297182
32.56358627470746 0.9541465736217999
34.379097012587614 0.97728866624593
34.322605636485925 0.9764857184356726
34.29165848786858 0.975046308348459
33.61948643987128 0.9719195987870655
32.36906562034616 0.9234337555147397
32.4832098476582 0.9410222535584445
33.365891200576264 0.9658366891876444
32.47455972850957 0.9426908424921452
33.81156547695899 0.9751132001186084
32.73324876371848 0.9549843381667903
34.086566396977254 0.9738913378442253
32.85480148136031 0.9624855509523417
32.5885444670703 0.9560748927096292
33.00407660716566 0.9678047888319027
32.544172993393474 0.950211001491463
32.692413871599015 0.9504212928965294
32.46645379788258 0.9506554098009057
33.83898072401574 0.9676431510427121
32.93305426320536 0.9572353002026704
33.1790770843274 0.9689122503559531
33.71405016246642 0.9730833564877293
33.57315641817187 0.9662181754973869
32.842294633754925 0.9380773202544747
32.37141787038813 0.9389019439705815
32.95075303023254 0.9607282856641554
34.36160243660843 0.976513638566624
31.798133330618867 0.891079706181742
32.25183965306684 0.9372911374157564
33.26616626983589 0.9685153408775261
33.1181157120272 0.9669408163569155
34.01365376864912 0.9705859234068299
34.246537932568394 0.9735305354737671
32.71081512604863 0.9503945449727214
33.01972502160584 0.9478326697981424
34.40843357578556 0.9768484323461111
33.35516747019387 0.9692974767436647
33.14942425258821 0.9651106651806862
33.55252781248808 0.9719071433018522
33.477196439681485 0.968766170764355
32.779120062111346 0.9646849339004364
32.79928200459062 0.9556575437450228
32.86257694431077 0.9560576026491243
32.72530922946254 0.9589395304781644
32.27963191703299 0.9353930171492807
32.55834541643667 0.949808258189698
33.74432035753391 0.9737644459901584
33.27292150234625 0.9683765198069864
32.651231445911506 0.9578646959196145
32.7089211681345 0.9402894765194423
34.29052239752027 0.9737449551691192
34.19047227791253 0.9726580333913757
32.78320982917152 0.9602521655212498
32.8694116842267 0.9638663482506301
34.35898389849607 0.977165222403213
33.59468485232377 0.9664535050186499
32.38379516274327 0.9334760441618294
32.90502113395132 0.9473392146529467
33.82169508475533 0.9746538309688433
32.5341189536874 0.9459652631233165
33.03301292119603 0.9668579877744042
32.20555939082368 0.9362885458204574
33.46230159526775 0.9690262673351352
32.8283956014292 0.9651563446464468
33.079480097684666 0.965857123911844
32.941413882470385 0.9640005064128419
32.60217852358139 0.9464179696132987
32.48841334233825 0.9472787854314542
32.77342014853053 0.9518740819772179
32.4505682587573 0.947995154810296
34.14130161966819 0.9741386713790752
33.38293818055294 0.9695294870487967
32.69363256427265 0.9563721438287927
36.629387690065904 0.9843048401516147
36.53617641689106 0.9843201415920849
36.834841716134136 0.9840189180811428
36.873205161435195 0.9841179655631028
36.680492906504576 0.9839673833513691
36.737720625608546 0.9844728602835667
36.94098599343016 0.9846929140542362
36.73650022089645 0.9843531639714422
36.69873922286672 0.9835028539081799
