31.80656629620887 0.9558039573657917
31.66149124158947 0.9574421030091805
31.594359811231676 0.9532033033712054
31.922530678168748 0.9601023627920027
31.707426290112828 0.9554988663394579
31.588821874018187 0.953713881278329
32.11281914897552 0.9632107218024434
31.830825899916697 0.9566047558956754
31.850897731680163 0.9576730281666093
32.002364278575534 0.9626096210537979
31.70711849202329 0.955508143112296
31.677967329341584 0.9588459448154567
31.62558071238732 0.9579415334967729
31.999236082496036 0.9608044237841452
31.882916650665514 0.9588147817993025
31.754660184827877 0.9564226713986889
31.540506618284148 0.9568078178201168
31.76718377532405 0.957299089561843
31.707716538316227 0.9549878642180898
31.7533350972756 0.9561586845343715
31.465285651358094 0.9528038634159296
32.10605769490834 0.962305493311337
31.52708833515749 0.9526104859629949
31.718052833875415 0.9572381676362509
32.13133263186604 0.963263005326076
31.710323133485264 0.9602915134563144
31.838016411678034 0.9576546370283862
32.02352562092042 0.9622475158351574
31.591659976716606 0.9545268190788168
31.796128019397884 0.959649357587456
31.55462171425702 0.955214057729799
31.718988735433623 0.9587441160081879
32.2232251578871 0.9621968998966569
31.64544404710609 0.9535724685320139
31.95838265418081 0.9603246774075973
31.698675246107513 0.9597442684105465
31.659584392285925 0.9558609850561832
31.708955192042456 0.957103154302038
31.861490218747907 0.9566576694449282
32.05590820234185 0.9620672816523681
31.78356385335077 0.958505116189801
31.562320955676366 0.9563314728467033
31.852144604752173 0.9586514384449095
32.26140631453582 0.963714603402898
32.12227168751093 0.9615151773987509
32.33058015843319 0.9642112781085533
32.368874267063504 0.9660136660399536
32.06853635989921 0.9611722231088737
31.734291523680778 0.9619214142139154
31.53401129533985 0.9520434664100235
31.743868332058124 0.955639722346156
31.46844969828267 0.949884347056008
31.656609911689007 0.9552681153125339
31.576334867277534 0.951757719312707
32.24464854278297 0.963766863036611
31.996937497723895 0.9591559195681519
32.10080122546382 0.962826859330112
31.60170497913164 0.9559080667719801
32.03168104881509 0.9610737680620515
31.502165287189086 0.9514392923061376
31.759497932557522 0.9545077423789456
31.676786913776528 0.9563803453150396
31.652712328538072 0.9536270183900498
31.568191327761088 0.9550200826410086
31.716130774264208 0.9573647203735706
31.54603779912975 0.9533554430072811
31.69112450036211 0.955727291376705
31.8208953034077 0.9570156455589862
32.25002499777765 0.9647751006187816
31.737539548964072 0.9551987463318485
31.665000370703705 0.9546666319882137
31.729345058421995 0.9571580188508673
31.725701230601707 0.9555437590369834
31.564598632365787 0.9556148977421132
31.571019444552356 0.9509494042950837
31.687340927669485 0.9589892447510803
31.647501303030214 0.9558642930063574
31.720006092476034 0.956730080105447
31.981996988474894 0.9601278196612808
31.846425456030264 0.958304219754293
31.63923007324824 0.9580364935797441
31.574241933879804 0.9541838769227643
31.67695363246048 0.9557528072591137
32.35951847791288 0.9650781333466836
31.576125244423622 0.9529227411475348
31.67922144822592 0.9540497345416198
32.11792603564502 0.9624162159850185
32.03561273718735 0.9601195003164021
32.84415593805229 0.9707118499137376
32.716802446294466 0.968657209564861
32.881207306016094 0.970312003037686
32.84632889138389 0.9702641426549379
32.88857836168216 0.9711618241872952
32.79972300440393 0.9701638821696887
32.77280590676626 0.9685456446335745
32.72703093950406 0.9694318571878348
32.80593313522996 0.9695421410148324
