30.644407855012048 0.9392005929978429
30.49488129236905 0.9378146919805191
30.779306520765065 0.95486124123686
30.547206937588477 0.9490874331744094
30.53294194641009 0.9456633859456036
30.5260578835483 0.9417857214710746
30.537388433907438 0.9461892360269123
30.57655758622204 0.949535334931812
30.61172461000322 0.9432851516845201
30.54743860383916 0.9429783679359877
30.5399448646935 0.9387731660388327
30.55869776861639 0.9393104776855515
30.79830197030995 0.9558754010753993
30.57922978070948 0.95152235397743
30.55544465619993 0.9454604760401403
30.534434365618104 0.9421455713637233
30.478478561173603 0.9471892013408562
30.511178960871813 0.944412964445805
30.467717212800483 0.9439439449065762
30.513429080394054 0.9470112648589588
30.79346220321913 0.9545161618777027
30.721744628843513 0.9514124737525307
30.605904940097275 0.9449689176987892
30.814319947216184 0.9534585587922854
30.61676076886521 0.9433428490137543
30.674063722139145 0.9479343819720844
30.525557676871816 0.9505793615734015
30.554452230553505 0.9403725896099075
30.699534943920654 0.9495781883420941
30.747510394600653 0.958025383300821
30.813257304351733 0.956653945604175
30.82797864416889 0.954632793884586
30.464908885940247 0.9461218200210183
30.773555372649504 0.9536622006773143
30.61688429237396 0.9491680950791042
30.435633270768747 0.9360470743725516
30.80445653397462 0.958036320403883
30.60941768909672 0.9423044334898052
30.46484240394989 0.9386888156579126
30.686032692273173 0.9547401121927072
30.498982250567682 0.9362506254166829
30.6179075463588 0.9403475559176967
30.77929180558815 0.9544833399327431
30.520723167864354 0.9484926373870591
30.81924853081835 0.9597470522551285
30.5795241437314 0.9461796704643517
30.51154484097506 0.9413326384993181
30.519296337017273 0.9504057383054952
30.56057759531537 0.9457644849818659
30.407240554932148 0.9384722697707351
30.545486766346365 0.9483570915435446
30.676903886922396 0.9442336156955853
30.472977134436956 0.9454021692439084
30.751373021491062 0.9579766966031583
30.473780890055462 0.937679054399447
30.51195497955499 0.945845101385031
30.5401714186941 0.9390079271624651
30.786141589627928 0.9596440136562302
30.803273699067617 0.9547265886766796
30.80556381771135 0.9562932042136939
30.58726730530877 0.945955284414048
30.851584762974746 0.9585365494814782
30.550059036460997 0.939021115596705
30.579593910441357 0.9371903409193381
30.533581066158636 0.9430631111892445
30.867086734930638 0.9580192190486968
30.492281387966493 0.9494610263169877
30.618050598347434 0.9424662642263046
30.563379734840407 0.9470104754900108
30.7952578902994 0.9568052068366627
30.48655660665289 0.9490423090784676
30.60156787466173 0.9442833858690377
30.80154230956895 0.9520158357126444
30.607561566987734 0.9468752783547344
30.58441856176122 0.949039321503741
30.533067826195076 0.9447271855021894
30.801194477068595 0.9542488924551007
30.578472006925566 0.9507459594718535
30.47267913123127 0.9496259471232134
30.591713167243057 0.9401798526119911
30.532786774181396 0.9375071528706387
30.838250199027325 0.9533851518412543
30.499438753964895 0.9428316644511127
30.609760098536384 0.9461055661078895
30.501675895445857 0.9448561287215822
30.658727920836842 0.9474789488966173
30.499382335134158 0.9425967540054576
30.490716094313587 0.9432183610667395
31.260280791593935 0.9671278932848292
31.310986533658554 0.9685443673515388
31.250016778049932 0.967667205646891
31.210738597122827 0.9672476038892193
31.3519503157789 0.9688673548072819
31.178053557885246 0.9676638683490495
31.261574933543187 0.9667388487659533
31.17824395654178 0.968951610912501
31.307396481686652 0.9680780169037038
