29.269111657376428 0.9197840426845367
31.12916990926367 0.9321897149831706
31.143586708543864 0.9345288942258142
31.610055790071215 0.9456247086750382
30.756511636865934 0.9217146423506201
31.139414570966043 0.9329568639222267
31.09923291976282 0.9344665884145933
29.275500711487375 0.9203001700314966
31.456676702032894 0.9389020131623599
30.763467982447942 0.9206076081017472
30.90181187401501 0.9249285877322619
30.88848896223257 0.9250799024815815
31.10780834756396 0.9317947191486745
30.942422914723252 0.9257681751326766
31.548415168615357 0.9446285229543434
31.485097169380396 0.939109431407068
30.822842407329368 0.9241568768253323
31.473334514084208 0.938263805484527
29.25390345955428 0.919327111051206
31.135192247099752 0.9326047441352677
31.38273517676733 0.9359557397421964
31.403702926842453 0.9364733410316183
31.177896578886912 0.9355582095295095
31.39992540010743 0.9356580645486167
31.57154574306209 0.9455606982061325
31.545229018780596 0.9450936723783346
29.287921599699192 0.9205724250747624
30.83627823483181 0.9236692352183633
29.26111982430992 0.9197209930837479
31.45723631989485 0.9378964083628019
31.5706101803889 0.945225633342474
30.804982782352365 0.9225779888043595
31.128664674891418 0.9331952295734056
30.897520180620056 0.924274420701499
31.10594357003228 0.9323900302143597
30.868536791978094 0.9239583433836056
30.895870927849106 0.9246639809201815
31.14680416425534 0.9343805902643721
29.28624807409157 0.9181308543949772
29.265394175429673 0.918458314135661
31.54225068311463 0.9451953524847406
29.28903677173521 0.9163830976568239
29.25182297935999 0.919831414707989
29.261730638354596 0.9180977571952477
30.91486373200425 0.9256651698323893
29.285044577973757 0.918208140928465
29.277060584800417 0.917900245304102
29.26190387544502 0.9201596234278376
30.809937823309802 0.9246420799146697
30.817945801990657 0.9228885245096177
31.41203260833763 0.9348407813905399
29.278958061099654 0.9178361122183504
31.427320090897112 0.936767579594564
30.91264532270927 0.9254401366259053
31.416971508691166 0.939235549273922
30.765855866963566 0.9216696960784208
31.185082523840535 0.934015314108996
30.898228776825867 0.9246859591689179
30.88896458751442 0.9243991514055339
30.869039745256266 0.9226884302810373
30.84714434352037 0.9247350795097716
31.130326416602635 0.9343655471731954
29.29186009678336 0.9186079112044199
31.41013494654709 0.9359628943169286
30.735995636635344 0.9224407278571827
31.12930377489379 0.9314609527752411
31.544205093222423 0.9456345969642446
31.15077960485675 0.9334522682383318
31.476894123978365 0.938568506907189
31.4069699699747 0.936181172805963
31.42598933552795 0.9358843014978262
31.116723922776224 0.9317868459227282
30.890810722586522 0.9249318802484051
30.95733784252634 0.9255895155923045
31.122598764113185 0.9338091872715942
30.88096565506906 0.9246922073655393
31.43606110913784 0.9389936913614275
30.77293583444678 0.9219922639861515
30.88979658541792 0.9242298926596305
31.5597922330203 0.9440753733591856
30.79695326773834 0.9230519413850639
31.426096073724157 0.9376045533547355
30.774319355281676 0.9219852170080871
30.753209110563034 0.9223902364783779
30.90947646772332 0.9244733896560133
29.30105504993606 0.9195309431157198
30.82882428874122 0.9238552886849387
30.816769889874443 0.9234283980552668
32.22766944759104 0.9509244346949473
32.2443598645572 0.9519321574825628
32.14770553577986 0.9507920809211504
32.190027166591534 0.9511553466989974
32.164237271869176 0.9507820474570546
32.16540533584897 0.9509358408449508
32.13674258305821 0.9512951177612046
32.24718192800785 0.9512028145238781
32.17505069889489 0.9508694623101838
