32.408918409239774 0.9592292709181859
32.16695094568936 0.9562220498030984
32.34112278044999 0.95883239111591
32.41957303981217 0.961523834133197
32.45836993082892 0.9612882956368579
32.38695664435238 0.9591196855756352
32.210231847200376 0.9558587734376323
32.11333535505676 0.9541243347593331
32.44789106632733 0.9597377685250489
32.57648462867403 0.9649867285904173
32.166567565793414 0.9546635366726132
32.5245385811654 0.9646584113850164
32.42689637036037 0.9610297873185455
32.20304943303452 0.9560880265806706
32.163212627632376 0.9568032138306152
32.56844822549476 0.9646960297166326
32.225996852071766 0.9557011613324042
32.142316086004115 0.9540956096994537
32.41610120188906 0.9612766708532808
32.437863957624096 0.9616835864864497
32.36973409679424 0.9593277970504767
32.15883413983055 0.9569367070666976
32.12299954856897 0.9542482312089483
32.17483907978639 0.9568624826404436
32.36487142263488 0.9586616977634208
32.139679219103904 0.9546442993948325
32.20856193571138 0.9569299008044185
32.48201572978865 0.9620718337596564
32.16074507668929 0.9566997591515746
32.478091845347635 0.9619255095855309
32.23082570002606 0.9566493081551067
32.22979513431477 0.956096361062406
32.12327597439808 0.954350811939087
32.385947702167826 0.95990564012332
32.167146265441644 0.9565097176288392
32.39644958271573 0.9590414048784894
32.464263705672195 0.9598653396321246
32.40395324422914 0.961689266577873
32.459233737294156 0.9617173782330213
32.53568853620314 0.9647707768253737
32.56689095234258 0.9647123587238987
32.207761540894694 0.9558890146894995
32.25932015359443 0.9562317010172042
32.54830830782511 0.9645493726033161
32.225867427879315 0.9563469485869016
32.62814961869372 0.9648607729154222
32.598902028836186 0.9649388199924723
32.21192359766718 0.9560018468226799
32.1634919863761 0.9565669759408825
32.39666045921234 0.9592862580231648
32.15235614195939 0.9563886940955193
32.16056232414525 0.9567090638922306
32.27840637975279 0.9568498253257439
32.14697280257201 0.9539743316914963
32.13125263339792 0.9563712020074377
32.19005225658835 0.9567830939534409
32.122292093168255 0.953693448794107
32.43452018653716 0.9614064363869775
32.393255655706206 0.9612170354868261
32.43345898418871 0.9594510168663776
32.18742950015403 0.9570004579325407
32.265676737042824 0.9567197073719266
32.16748701092742 0.954755373855724
32.40539355508038 0.9590519681695568
32.204135687294844 0.9564834675852041
32.127339171863376 0.9541756202745756
32.35936837732473 0.9593390513604697
32.12631638700448 0.9538030411481431
32.11021083540038 0.9542564713209991
32.186252228628895 0.9563457213276992
32.126994752445604 0.9543145267679762
32.221352461954375 0.9553844868575906
32.159818752287705 0.9567519573524229
32.4399826136606 0.9616101783737305
32.37894407283478 0.9594010023860223
32.214397004534 0.9561853304821184
32.16368353639104 0.9544008236835411
32.34651867658403 0.9593811511933591
32.162510515460994 0.9564914895297943
32.460953351191705 0.9618923349801665
32.398881957725436 0.9589602744013641
32.26090214414399 0.9566100640747203
32.13533479434665 0.9536610357693217
32.425754872729186 0.9609606876331165
32.1621593212883 0.9562203547618677
32.41490969077175 0.9610286394816616
32.456400800450204 0.961794198642531
32.109548650257786 0.9542356320080077
33.17166743791019 0.9709760115798451
33.17498267391509 0.970918467195091
33.163050095712386 0.9710851049455226
33.14158736273344 0.971108999868524
33.25925966049106 0.9719948924913057
33.19647579084651 0.9710880160402521
33.20918435491181 0.9715084179929193
33.21358177842425 0.9710468014113216
33.22554297085149 0.9714527033312892
