31.35245222263105 0.9412423529940351
31.374417746947245 0.9493605675866765
31.21820966622749 0.939442200928984
31.649809656843352 0.9532274795831019
31.317250770473674 0.9411372701964098
31.236541296632772 0.941595364566301
31.899378095116294 0.9597888339641361
31.411562370461827 0.9426108621030593
31.38789145137913 0.9441477672234723
31.713545781595464 0.9562638038568118
31.367853909607184 0.9436103935981585
31.44011833541931 0.9506628185237291
31.311186414540057 0.9492153892262803
31.71672973689271 0.9544462930118777
31.473362569957466 0.9472380853282344
31.321977290060573 0.9418617172566167
31.188356288128567 0.9463806092773632
31.511339244660704 0.9481985050730662
31.424570576654823 0.9453082510005253
31.44454012421477 0.945821694484951
31.077153964638033 0.9372455418979126
31.835663828891285 0.9562224409258429
31.161275414972845 0.9405582744524961
31.399972993001718 0.9468142051074221
31.89722488120566 0.9590318473476456
31.462459722355778 0.953471374773504
31.471013903560806 0.9489369069260019
31.74892335596827 0.9566572877142817
31.20761554468482 0.9408081085104013
31.574615564208205 0.9536012971928038
31.230675696696384 0.944077896236122
31.484947238357673 0.9507512559656726
31.637608966421173 0.9499448202585481
31.32659271343408 0.9419993239231347
31.624925867360837 0.9521013087304645
31.379361097327937 0.9525514779998921
31.368422360974723 0.9453646215338196
31.373278143216716 0.9474850870988177
31.461297398372587 0.9435370287194257
31.734003422549335 0.9552344558454346
31.543031652373497 0.950738519215245
31.29194002673828 0.9467159997917352
31.464894846197314 0.9481016528760153
31.82670431512644 0.9582936741330469
31.509974413886326 0.9474015922838382
31.786109696223548 0.9550476905496784
31.80406765729095 0.9578272312226888
31.74758852327201 0.9542590993360401
31.503379270138034 0.9576399062695482
31.128759223866 0.9372174120130969
31.42421268233624 0.9440389655273722
31.08282895089111 0.9340662257446267
31.348259155137285 0.9462442044032237
31.222176549026756 0.9377044621473408
31.704890372138948 0.9532307987020829
31.63871920878219 0.9516035394091951
31.836302634563197 0.9567860543974166
31.290980016567044 0.9446935158607209
31.749742392191816 0.9553938931589248
31.082182847249697 0.9359010641602152
31.331157548808267 0.93983343213081
31.30820489734349 0.9457376898796135
31.388074043804682 0.9428302220869851
31.274835073606987 0.9436561873812813
31.415171161588372 0.9494996729185811
31.214937440310607 0.9398201411267962
31.39797484336588 0.9451389430603266
31.465850688554053 0.945455443765177
31.600841634720314 0.9525378588030193
31.264745860376955 0.9392349053032006
31.203113194151854 0.9382982823968912
31.396532794832734 0.9469527366049673
31.459017625562524 0.9468095124358689
31.214719573207653 0.9457340977614185
31.18501587932051 0.9370261688861187
31.395457931917818 0.9527759313155069
31.36913175059904 0.9483996667183515
31.445919467830883 0.9487672992369302
31.684375540402215 0.9533154856827669
31.509857510528505 0.950485397666029
31.311475114607795 0.9488382955264666
31.260621024309213 0.9427855598369528
31.173855387422407 0.9394399260850503
31.78082392074132 0.9555579469163198
31.26838227703277 0.9401896486320793
31.210769940567697 0.9373112191328453
31.87664260376359 0.9576471239988221
31.76895299267344 0.9534742224378586
32.84415593805229 0.9707118499137376
32.716802446294466 0.968657209564861
32.881207306016094 0.970312003037686
32.84632889138389 0.9702641426549379
32.88857836168216 0.9711618241872952
32.79972300440393 0.9701638821696887
32.77280590676626 0.9685456446335745
32.72703093950406 0.9694318571878348
32.80593313522996 0.9695421410148324
