31.272721444309898 0.9297557485268998
31.065611466413046 0.9345119570203353
32.396803083117554 0.959255645224994
32.14857813564485 0.9614737502116633
31.197403638795826 0.9345997372550926
31.346781412800333 0.9418185852877993
31.285260426698116 0.9402523475643245
31.12634488293878 0.9374956485543077
32.2921445968475 0.9595915120103383
31.282082162167622 0.9401113961427932
32.10863746294485 0.9557323309256809
32.27680167899854 0.9628101750616812
31.643443232310553 0.9441475823038544
31.407621001281836 0.9416291595372263
31.271952277316046 0.9419340396625915
31.23806522714738 0.9432295098478513
31.703047588783868 0.9505102296561818
31.699654400873992 0.948939211262887
30.897003388769964 0.9344097733856168
30.980220068647405 0.9348194429513764
31.588599933470828 0.9482867689079186
31.726312299003645 0.9457436120878008
31.24403820737069 0.9358937375173825
31.403705354055766 0.9364722721606207
31.48620991205523 0.936752899766146
31.461475109248823 0.939270956600977
31.181191159275052 0.9378041679908209
31.535465015804355 0.9407269195097175
31.99310042112665 0.9447755852169428
31.446356673036682 0.9407226954490002
31.415939648420995 0.9458385880070314
31.728863703083956 0.9407448655609273
31.368426574232462 0.9383740433584078
31.308870973964215 0.9423891391245388
31.68910156219674 0.9483246861971096
31.080808682147648 0.9336413591638502
31.4255499067581 0.9509978276334144
31.32008999343624 0.9441838275993852
31.52326062763317 0.9450784960328256
30.928197493494505 0.9321152689092743
31.669270869711635 0.9494482320064153
31.506101799657795 0.9406616765183433
31.284162867146872 0.9432254723575015
31.76157502179042 0.94554925422837
31.9767749095176 0.9515813873468043
31.29193618272653 0.9364175075214761
31.46935457528118 0.9489911406338414
31.333445797222204 0.9436902799490495
31.014211421073796 0.9333403915113669
32.405496725648646 0.9627791948642974
31.95062373612323 0.9451597964567923
31.050948637106032 0.935073068187003
31.48115616779944 0.9416213945387423
31.344269745814124 0.9355143843097751
32.31009843067237 0.964911611965917
31.33707896859348 0.9440385498787789
31.207941235221362 0.9363600043863872
31.28185293540647 0.9357567729227271
31.621644828093235 0.9515483561634501
31.645326647358118 0.9491235878215828
31.434424857075037 0.935667176370835
32.23666541804579 0.9655410199736897
31.6713129858773 0.940036071745783
31.19682271044716 0.93445052686401
31.052138221181703 0.9364195349442581
31.292017794783753 0.935538594871931
31.151703961926145 0.9391571274682524
31.157349126500826 0.9399104454835715
31.161800527562956 0.943113384828893
31.28878819260031 0.938799878092769
32.52321565299172 0.9679718212062755
31.465829452166506 0.9424002766987502
31.207034118744016 0.9313712131455881
32.41652372873062 0.9656165781119481
31.986442519530133 0.9577664681029411
31.249504316073025 0.9326057453880501
32.291356565561394 0.9605534538829401
32.06831289614766 0.9588198766691874
31.38587346996101 0.942989974208553
32.30012826040245 0.9592897853906941
32.31917180837562 0.9622625793756343
32.136791432899116 0.9625080528032771
31.623075849148414 0.9532841293719801
31.388379691683923 0.9398136567687337
31.33737865797726 0.9368396818944723
31.632705456660247 0.9409388266843548
31.54365703025244 0.9480459839614118
31.24262853557302 0.936597088315864
34.424292488381425 0.9828467519495642
34.92205191064079 0.9851000051443208
34.26458481643869 0.9822931801430187
34.197246344699835 0.982185217515255
34.6103419046281 0.984187085159139
34.46037879193852 0.982974409852779
34.199029292444735 0.9822578718114189
34.47128560990093 0.9825933666340695
34.734316456270726 0.9833672308389935
