33.646336382964094 0.9730335604454377
33.43063793354147 0.9714844676753657
33.53165945802388 0.9738289919631585
34.24675279470965 0.9780438521713377
34.27728169106781 0.978415521981535
33.780744360936865 0.9755433800163246
33.683469424245345 0.9721869611496052
33.520486922372676 0.9731103995395161
33.420633756277184 0.9724295549817712
33.62348007118138 0.9721300480977482
33.510149185821156 0.9738320283001412
34.715678790951856 0.980470839376851
33.45123097875684 0.9732154513630449
33.611076896220524 0.97205321839886
33.32442936641446 0.9703456164905633
33.68311044067087 0.9746472641582006
33.65680147232668 0.9738246190626026
33.909661809463486 0.976630132294599
33.450315167980705 0.9726771979646286
34.31857193194037 0.9789788189948873
33.43973562285121 0.9723371188565071
33.39248935679255 0.9711738921347463
33.373261845975584 0.9721333597924418
34.53223315654752 0.9786200405865169
33.46117050754388 0.9729317529458293
33.52566280761563 0.9732039258633536
33.79167445553992 0.9753963136115388
33.76107199799637 0.9733857890261016
33.31072951481058 0.9690447835787751
33.82767605359957 0.9749929669422127
33.509768275350154 0.9740126809811166
34.33934044992846 0.9791874934549025
34.2559562978522 0.9782485775978508
33.45570976022747 0.9719112878424779
34.465856718096376 0.978244942791028
34.115347550842884 0.9762669554125603
33.43878684509845 0.9728121487213002
34.2581668495798 0.9791259313967753
34.17686957578551 0.9767315211039999
33.80258416005509 0.9740269586264692
33.718052134653604 0.9753534461178905
34.2667463870699 0.9784756148867131
34.660414982025095 0.9801674669107374
33.698846875518285 0.9737792037630978
33.41083125925754 0.9728238457596057
33.97489293611563 0.9768380728837585
33.86402937881728 0.9755179705306611
34.18520752851045 0.9768417368089836
33.43650132131902 0.9723196317052077
33.69528216271866 0.974594626235999
33.4437055744317 0.9724762916625047
33.50625542173986 0.9734543231578001
33.77380328424177 0.9727059917867064
34.300144318977274 0.9791492137037766
33.359617717545746 0.9705689521760716
33.88296912951564 0.9751105239984789
34.22549681830243 0.978299626735671
33.94092624899824 0.9770374744636804
33.3284006424696 0.9702068402927922
33.86404702152764 0.9758369512257119
33.60154857937445 0.9719469475987552
33.746314325119535 0.9746610256857084
34.18995934669428 0.9775905644669564
34.549467918987354 0.9791989976824081
33.77013782231145 0.9755095647265885
33.95977548367755 0.9766340767378638
34.58958766636865 0.9793460546357581
33.54923430065899 0.9740572579839714
33.543003809055236 0.9739005182844108
34.67545692731577 0.9802755022562379
33.49206549694151 0.973698182343903
33.75862507672986 0.9739207374215845
33.362538499379454 0.9714229444863984
33.86238197243634 0.9761327197190369
34.58283287848864 0.9794498436020072
33.25230596882094 0.9691731705241381
33.37937528678404 0.9713575897889916
33.753950114236645 0.9756016699934944
33.528271374750865 0.9708976124517492
33.85557661105877 0.9760959677307458
34.24912515887745 0.9787261814609016
33.488441400355995 0.973241129094116
33.74336193504991 0.9743248008164843
34.320714816420875 0.9786943885593163
34.274274535589335 0.9786427400740405
33.35665846587106 0.971757607139646
33.42283752867791 0.972340913638953
33.931616116166396 0.9771294115276994
36.49949947896088 0.9865468632662464
36.57097552210336 0.9868347320930406
36.51844246979173 0.9868257599629404
36.530381846545396 0.9865773404383675
36.503743678529325 0.9866676540654314
36.388207022271835 0.986383614539252
36.5290218065953 0.986664933296087
36.43708427833461 0.9865650251705064
36.50625584291617 0.9867148278172564
