30.51864397304952 0.9374559388770872
30.408199659435205 0.9348888805109244
30.78553420032632 0.953902925194428
30.580001992856438 0.9453452024652432
30.534497450871513 0.9407144229904238
30.39624216947005 0.9408825993148522
30.407046395822253 0.9421057395113486
30.471386469935815 0.9484470976121431
30.521744070300556 0.9431087296388493
30.45251172349662 0.9398006681826224
30.386651909977775 0.9377858438537513
30.48055798972701 0.9362494988376665
30.80794401903613 0.9549054981409194
30.60438978088954 0.9479125259065341
30.584785136911403 0.9404849145760764
30.36348311228589 0.9383950112537411
30.474536536396247 0.9409488648957782
30.380683417474735 0.944107018901857
30.354074202480405 0.9426498885366674
30.532855794104137 0.9409099382233818
30.780685238673872 0.9529522340467614
30.710713530351256 0.9492989753837631
30.49593207858409 0.942460449066152
30.78487295838753 0.951538938708526
30.510741723933165 0.9420757831095451
30.55965344327457 0.9458171330068974
30.53481264249787 0.9454683966362515
30.41720738211419 0.9349876311811962
30.68211414291854 0.9468892269597136
30.731424361145123 0.9565024236936353
30.79096160795084 0.9514235307769535
30.835437526294754 0.9536602422382204
30.356335421849153 0.9443699312139379
30.770082271752102 0.952592772330292
30.491679795961403 0.9456678144973328
30.284739765023694 0.9350217698566823
30.75695289549687 0.9536187449902617
30.545795784115832 0.940845659117118
30.34626432593798 0.9373183141475212
30.694701632310096 0.9537380429878128
30.373991099919053 0.9332102926668652
30.500162901760262 0.9367369556718048
30.774520149384998 0.9536152999439196
30.553024503709576 0.944541512147358
30.77014651464188 0.9551156430529008
30.460369184883405 0.9437441724528308
30.438584764980202 0.9397299146890062
30.5308231452543 0.9451511510212038
30.578091664362155 0.9403885385276678
30.29607188897687 0.9368197860279017
30.428356974885627 0.9469465010000175
30.565574769405384 0.9403309365528135
30.48819510438602 0.939218917393168
30.727992047881045 0.9564947670229331
30.35675380975944 0.9320172026416933
30.401485313254256 0.9423126373850766
30.43584255119026 0.9366945838877387
30.73839787426386 0.9552172124638291
30.811313595063954 0.9539485479718971
30.74125986109594 0.9511085559289075
30.594319413094304 0.9389246065175565
30.827844451102358 0.9553363849427339
30.444804937264095 0.9358487210681901
30.44477209295244 0.9322251693426984
30.42161044860952 0.9396862998934976
30.8244567194283 0.9520975775182957
30.347484823778075 0.9468008176195648
30.492904219404412 0.937322290864454
30.568183143247612 0.940616843236781
30.745609441146687 0.9510190256028136
30.492851821375528 0.9446894724434893
30.514725911976967 0.9419080736860114
30.77582750660119 0.9502929926928211
30.505358672315683 0.944245463179061
30.46590892718885 0.9467559698597402
30.53536682918405 0.94043804646494
30.796969625933247 0.9535542602305696
30.615284327439703 0.9469137382649577
30.357468142326777 0.9480007347828925
30.46842875156188 0.938064629118669
30.417121803102688 0.9335379549444285
30.81423067733092 0.9523521286899828
30.350529118420887 0.9418631939622724
30.504851716756406 0.943463588592683
30.394324635037393 0.9431370850341105
30.557584495502823 0.9464403128251971
30.405352876431174 0.9415810995655813
30.372286014007294 0.939816294736118
31.260280791593935 0.9671278932848292
31.310986533658554 0.9685443673515388
31.250016778049932 0.967667205646891
31.210738597122827 0.9672476038892193
31.3519503157789 0.9688673548072819
31.178053557885246 0.9676638683490495
31.261574933543187 0.9667388487659533
31.17824395654178 0.968951610912501
31.307396481686652 0.9680780169037038
