32.659445742788 0.9280417431872507
32.290966511341466 0.927143656157382
33.009114500447595 0.936459632418077
32.23242524939726 0.9257690544078137
32.05883441414115 0.9263324388522154
32.643706720095025 0.9294215138552271
32.239827114050534 0.925091873005182
31.988712989984478 0.9245923875534063
31.985255003944033 0.9246599973167565
31.990474793180713 0.9302810389443558
32.03617775604775 0.93071853046371
32.979841401647306 0.9266163700990188
32.00586101358315 0.9302029648333527
32.86343457337238 0.9235348415362532
31.997204971376018 0.9274277507679618
32.02508420676894 0.9283965324248318
32.894024006571144 0.9246997642177363
32.01378148654093 0.930562905077693
32.869243310051964 0.9235721491077218
32.9039992423887 0.9226485188213328
32.319754721002894 0.9275162072113232
32.07121776073399 0.9271591541242576
32.85261877955675 0.9223586721930013
32.97399923470831 0.9268707603701506
32.68620650254417 0.9335264205672347
32.09065347680572 0.9268898976633049
32.253167291257135 0.9253049750847875
32.66131662107143 0.9314355854930387
31.969624186656095 0.9235062336147767
32.018322603347244 0.9262008667624977
32.22862613467299 0.9240060484216972
32.225929023047975 0.9257202558050456
32.2202611611167 0.9248780408850855
32.69384245072854 0.9324049657094382
32.02209528029242 0.9300255496091964
32.31754373880398 0.9264204724897207
33.012614184061796 0.9370692914593733
32.89884972307976 0.9241249549884443
33.01968100486874 0.9363025132829292
31.986910260137712 0.9306147735830069
32.925474303555184 0.9242058235501213
32.059676986943515 0.9252085901303937
32.67750942152645 0.9330580196415973
32.02502119447073 0.9278682804571392
32.65038358087695 0.9326457037870353
32.979227351787436 0.9273566775935159
32.94868049864243 0.9257000545363193
32.96858729715681 0.9368335245280561
32.992799414804885 0.9359952374342926
31.95824269388702 0.9267524544584039
31.989552135833293 0.9283258042790178
32.014224594417925 0.9248465208847146
32.976340126548834 0.9261448465538187
32.28851644713337 0.9262295859249579
32.064038890609694 0.9272558590723228
32.06577003809039 0.925878852282421
32.634817491357765 0.9305009909534008
32.210764147726856 0.9241348832361364
32.99898584902849 0.9356030175513045
32.68271613039595 0.9319803062206617
32.96902842684353 0.937000218803181
32.646584574775204 0.9298354850495225
32.952644509851666 0.925305341415157
32.98666677393368 0.9262196311768006
32.03358664361799 0.9267839194754381
32.0158263053413 0.9232015589244087
31.996687777766347 0.927858291585279
32.682505966383744 0.93244194226675
31.967107701095784 0.9260657311163384
32.63070405776973 0.9291443621120857
33.09446795071625 0.9308793477688297
32.27647450412843 0.924866861452925
31.94938611283378 0.9311387991847678
31.98909105424681 0.9257769172643562
32.01493631539968 0.9246017286258892
32.693650122478424 0.9334000728672086
31.979577597186008 0.9263028834053675
31.98011077317421 0.9289595220409158
32.6386723370312 0.9294855798130396
32.65433846410144 0.9315056750885591
32.271448309629506 0.9269181181291974
32.212464512218986 0.9244486681830967
32.19024389076585 0.9244952208297103
32.602450810089856 0.9296659261591276
32.362361916664156 0.9305085916844428
32.873723606195945 0.9239658469520596
32.02357426358298 0.9254279267167456
32.99870198723521 0.9361773446937836
34.035409546939476 0.9401802990828568
34.013279708955196 0.9423027037112369
34.02008532799448 0.9430077917924526
34.02636936133557 0.9419460912484233
34.077614070085666 0.9428041351326277
34.04131203630104 0.9418559172450326
34.06912739929298 0.9425588675976676
34.05666843741338 0.9410185533882902
34.069347673602444 0.9420279965352003
