32.999210586107196 0.9235093437278333
33.45981904666937 0.9350386792512078
32.92833565705358 0.9216394110258193
33.00876894603029 0.9229321890452306
33.14486792843752 0.9404473614313223
33.00519207573491 0.9206028255364321
33.17184476404828 0.9404942464667576
33.00674973687644 0.942645781472185
33.170797778551425 0.9277560377824724
33.10750041263699 0.9400282451129979
33.05499337324289 0.9245424757914785
33.35050992080463 0.9301553607223315
33.323699938309105 0.9300067471461213
32.97562417551174 0.922167967861277
33.0493001323513 0.9174423547879916
32.97398137680646 0.9222740097925483
33.21197805926987 0.9278889987241938
33.040097119384086 0.9170472645061614
32.96098159761552 0.9222566939983835
33.171180170203414 0.9302146177448525
33.01050138548456 0.9227690263691616
33.12213069544462 0.9288760565234204
33.08296908165479 0.9420038166679662
33.13199222201764 0.9304252200415338
33.365081378612004 0.931162520973338
33.07584944205851 0.9236557149187576
33.102794456742906 0.9153205734312718
33.25253305900115 0.9218818183799491
33.09260456293788 0.924847987355885
33.032697246991624 0.9225520671668793
32.968437218869354 0.9074925086335616
33.19011116483907 0.9252114602474717
32.99891751023443 0.900792473667365
33.36611382083136 0.9280576786383962
33.02667116778954 0.9054032292908858
33.3750781597102 0.9307452313273977
33.147477303214636 0.9199194233631778
32.88915666137237 0.9066383924807143
33.1556618157603 0.9235575649553756
32.96446311931835 0.9123514849302228
33.177159702218404 0.9269236711100217
33.11792705903149 0.9216621594258404
33.4394146538819 0.9337610466750639
33.25283400661451 0.9221786770915853
33.4477311342039 0.9312092369713553
33.067295797457476 0.925781403615223
33.087494871828504 0.9208396412848202
33.2134225304712 0.9288235863498528
33.01923514046938 0.922432534711016
33.08052672178632 0.9236877397629503
32.98641866057266 0.9245709266082207
33.19345975704874 0.9387688175598023
33.30651855120533 0.9325701080582237
33.15922756662148 0.929442800727132
33.11575746336708 0.9206515722441243
32.90927288016879 0.9084346688157321
33.30505735899581 0.9281400685368042
33.26272253145026 0.9213021280683857
33.008299615639125 0.921111643439279
33.06978460349038 0.9410412832500262
33.16879111623214 0.9250519269012787
33.10713212001105 0.9181583147751043
32.939759771329435 0.9059606294611068
32.878871099335086 0.9111049562125167
33.358983728372785 0.9347711664590215
32.949359972123005 0.9185823630352187
33.084168886053504 0.9120869890862147
32.97049918282449 0.9009368518499762
33.351518474343095 0.9310018383960477
33.08313299666029 0.9240306067152466
33.080567342134344 0.9235440715764015
33.17888804762091 0.9323124135280912
33.006539529708476 0.9388714500018313
32.95150345689493 0.9177488697799114
33.01584489971601 0.9222007950924535
33.17675396486814 0.9181885851433986
33.09362032803041 0.9243566427674381
33.063068853506515 0.9289302449017535
33.10029294495907 0.9313244531405385
33.08600988566071 0.9276971677537705
33.42330266562825 0.9346866530921779
33.265442834937986 0.925934121803558
32.91660923479385 0.9205557456855464
33.233953299624915 0.9214861184840449
33.53365473279889 0.9361592807871524
33.48179266490505 0.9321910825616859
33.10421742226856 0.9298251601486511
33.259729001112014 0.9175122623471392
34.52746562147398 0.9501291054962151
34.5184422100671 0.949566751701861
34.505031378105 0.9500845351547317
34.527451295596705 0.9501090836982704
34.56472722864465 0.9494296064595333
34.56988871006048 0.9500216173631458
34.63616613701101 0.9496114310995858
34.39404373107094 0.9502080719395324
34.461858979508484 0.9497742852208979
