30.412188631278912 0.8977401082437482
30.17988353834903 0.8843931173600306
30.3200136923926 0.8950312019925286
30.179875527038938 0.8801171308058393
30.10298517421237 0.8711768384431728
30.10225798116613 0.882714044178906
30.243295336183724 0.8826888234554077
30.115590068868023 0.8783512130166776
30.348575498300576 0.8943376003555973
30.172629058103084 0.8851981577556828
30.117106128372818 0.8820122586065643
30.11239862270061 0.878550744088267
30.3610811838332 0.8968939603391206
30.216753409611176 0.8865343208920943
30.098750097412776 0.8835131159700912
30.123573989079546 0.8799855828325249
30.172064439784375 0.8822300184259083
30.138357019329803 0.8840317415085064
30.176207213394814 0.8784034902524528
30.23095796269416 0.8971747927093111
30.12970348668597 0.8835364412717632
30.103708440570355 0.8822956319195375
30.26138851127332 0.88716658430064
30.166415900986934 0.8793314228482211
30.089903979528767 0.8735163547604373
30.298247589609208 0.8939080397786492
30.042196216958224 0.8765016881909552
30.32491775766102 0.8962775544297684
30.25269234050839 0.8864799523986785
30.1637264201222 0.8823159431051651
30.236432095106437 0.8967915502571117
30.126753311062057 0.8814704746131856
30.039509637957828 0.8754084757278628
30.120380736671834 0.8832604979922261
30.13127427794085 0.8828248101154984
30.145323936503004 0.8822276601210336
30.251107736026054 0.8971662142321374
30.296217654129297 0.8946188175516471
30.217637409989862 0.8856563805770162
30.321081173116102 0.888450779214341
30.119892627574497 0.8835345089723745
30.199434580036375 0.8796742486610182
30.275037394386167 0.8986068712830931
30.366022551311175 0.8959742123265837
30.416735751519166 0.8986641565823396
30.50047635056515 0.9009309152503486
30.371010449263952 0.8992309650972172
30.18468176263196 0.8858468752139173
30.189412115578733 0.8854811227287612
30.056319466836076 0.8770181816379302
30.156989047993335 0.8831796727274928
30.070472501736116 0.8822337464292672
30.177395478187687 0.8807401509647923
30.12782091521652 0.8833876126560555
30.056670100198048 0.8769406074915785
30.193721191417957 0.883197343230787
30.28846222316108 0.8869336177510453
30.108714108201475 0.8826221863586464
30.221749256208668 0.8884039267666736
30.14364885928328 0.8807400876830475
30.12875010950108 0.8819657864383753
30.140241215912532 0.8787687526662114
30.087240613448337 0.8783301821122874
30.165064337021164 0.8858298886264357
30.079772495476497 0.8764056146825754
30.05519967650905 0.8751481018877808
30.166895118178818 0.8852364416897518
30.228854131562105 0.8865308461809749
30.243444682845055 0.8845429916530766
30.079954573823837 0.8798042122724514
30.34988376486728 0.8972081052193422
30.20395615889921 0.8830650582149212
30.1924774894755 0.8959661206528176
30.10902553552021 0.8789714514299828
30.14193335819513 0.8845355018345767
30.386077253709338 0.8951998111725319
30.117887937049662 0.8779087143098342
30.168162331917934 0.8841699837382965
30.316290557976302 0.8936487050485319
30.326172041863572 0.8959010991405961
30.31023016324013 0.8958225921564725
30.16946302559838 0.8817757025422183
30.255592390636373 0.8944833164277776
30.279638885374315 0.8894098974279323
30.136099509217157 0.8797741429254659
30.28918770917704 0.8951162011377537
30.246103355308822 0.8984320556806669
30.190936270855566 0.8833980089008007
30.771147253118446 0.9093158534804557
30.634289865137866 0.9075494044305831
30.66860515071072 0.9072397502669093
30.800091475027294 0.9104171917300149
30.684062050094703 0.907847540200372
30.836297404245194 0.910526289061514
30.705374319045752 0.9079625147217872
30.66305391210793 0.9075138597299676
30.752441258787595 0.9088276838857873
