32.57654146616349 0.9279367659501475
33.13640618446326 0.9355675402928463
32.331123660582996 0.9273536505669164
32.387407167839825 0.9271091416790215
33.429521833495166 0.9431739556746332
32.598186948190175 0.9252010922270347
33.48107940025757 0.9429264238172252
33.40846459934709 0.9448081757067252
32.49230056721987 0.9296586553933132
33.40351828145676 0.9428882421675364
32.48707489438867 0.9281037752062316
33.1074078874056 0.9319722620201724
32.97945237702688 0.932236082875577
32.47940187456374 0.9267620475191114
32.90917375547559 0.924824608074537
32.482970219825425 0.926946725601698
32.59302827498479 0.9295720669568165
32.91843429591026 0.9263437964568065
32.35388626753851 0.926273726645933
32.46000252640653 0.9313846917051605
32.55236613905502 0.9280413055202359
32.513689049570786 0.9303478408424934
33.39893830490745 0.9448461204499096
32.51611862066441 0.9318585188209775
33.056247616427946 0.9332378882810052
32.66972708424452 0.9279216808394177
33.08198080974342 0.9226705870562981
33.22556143217174 0.9290224025754298
32.7457884618184 0.9295067992995785
32.59844819864192 0.9276505234496513
32.55400796902267 0.9167262575965444
32.471451791732 0.929091412749426
32.91006424239556 0.913960753652486
33.09900171152294 0.928844314290445
32.912099529516375 0.917882523027667
33.08797507533056 0.9326994703629323
33.01171384539209 0.9268113438761766
32.250557404901095 0.9175899614045777
32.64322033423161 0.9279447157375921
32.53876517745557 0.9207113854079081
32.46605350927393 0.9306743349006641
32.99476663124709 0.9287864339157864
33.15587482440011 0.935932769537612
33.13293998477249 0.9292407766828928
33.167636930885955 0.9349612820104601
32.46150490174065 0.9292964485681666
32.36316180380099 0.925537730416808
32.56034667546952 0.9311236300555467
32.66571354034121 0.9280097417733145
32.43178597289405 0.928940519788425
32.360821205929646 0.9289887505573446
33.54474847910511 0.9414554358992734
33.06421336510117 0.9343669747718903
32.43748554245498 0.9324046450909884
32.69031411324121 0.9270012040286644
32.48276172324749 0.9168822876131466
33.07536255213985 0.9307035277189735
33.1048067589582 0.9275856954359925
32.56894257616425 0.9231253932635275
33.425584635204984 0.943953634199808
32.454608013317966 0.9279077452243779
33.01487354202869 0.9260855807053309
32.28225005392969 0.9158966152850574
32.263871086344544 0.9194010040601435
33.009378843988365 0.9360923949384314
32.634185888957965 0.9240427362915897
33.00359638156009 0.9237105460850988
32.86593497660549 0.9144224043567659
33.03966551535156 0.9317409485001062
32.717066414706835 0.9296053403683359
32.4625904029656 0.9278212861135211
32.50256253720527 0.9342861027903523
33.382331880421965 0.9415212720232382
32.374722116594825 0.9258201250194994
32.34916161846214 0.9246805937029554
33.04531425218868 0.9249671436296716
32.50703624240352 0.9283019091249389
32.447602062217655 0.9304682391463247
32.40734427580548 0.9337544684103695
32.395862385667996 0.9287210016045668
33.11419395603567 0.9362610509249948
32.97561676823598 0.9273841085205493
32.29917843927953 0.9260170402015064
33.152786540401934 0.9276015291682567
33.18773501112611 0.9377648763972697
33.22060415674272 0.9350425042505145
32.38890785466747 0.9312075386395952
33.12310245307064 0.9269611016715823
34.52746562147398 0.9501291054962151
34.5184422100671 0.949566751701861
34.505031378105 0.9500845351547317
34.527451295596705 0.9501090836982704
34.56472722864465 0.9494296064595333
34.56988871006048 0.9500216173631458
34.63616613701101 0.9496114310995858
34.39404373107094 0.9502080719395324
34.461858979508484 0.9497742852208979
