31.50288196480367 0.9279670067279059
31.550517344107213 0.9310515437261419
31.56804511767013 0.9335818845264254
31.58464616407011 0.944607025535931
31.46223215295921 0.9246778820839455
31.533341978310222 0.9322711275647936
31.577936100900708 0.9339329098685172
31.546774923566975 0.9293333800699892
31.76449470494607 0.936987022471983
31.45158325723954 0.9233900031137596
31.587424882375963 0.9268256319609776
31.57291807704222 0.9280787363104881
31.525184043945305 0.9306687907497454
31.627583854764303 0.9290075886055685
31.496017088188264 0.9437843829758009
31.781104554440148 0.9373496095814481
31.50459235039703 0.9268828393892518
31.754853275510868 0.9360266857827544
31.521477409220502 0.9275136904239369
31.56121811565199 0.9315935263628986
31.716867995853327 0.9350919668269158
31.713716524217613 0.9355608769743926
31.654334583958025 0.9354110216981049
31.733494381473854 0.934780714446126
31.526320214252223 0.9443589298649453
31.489659091987402 0.9436632394236996
31.553398977461995 0.9294219349346802
31.505470003351075 0.9258489336559782
31.49658055884595 0.9281887846245199
31.771095033359217 0.9359863918393122
31.500347585744777 0.9439393815929564
31.523019246957386 0.9262285801829433
31.55274801762248 0.9321127938199426
31.553816987198793 0.9263994186297324
31.544362098275442 0.9314142665571208
31.503555917261686 0.926827093108566
31.571689863484004 0.9273612714725675
31.57033494197644 0.933789483084718
31.460215302247505 0.9262012325187211
31.439546540766955 0.9269562151550068
31.49866212880515 0.9444684864766679
31.45556320942404 0.9250119986181541
31.491470776446345 0.9288511067479184
31.444586983464493 0.9260394340613812
31.58928003823896 0.9279493974137258
31.470970764089973 0.9259916011633399
31.438331918179635 0.9255767569978651
31.531574301940655 0.9288358085944264
31.489762454983325 0.9260390656479617
31.495578883769735 0.9252408304963922
31.7453044281285 0.934110012618314
31.434820263823045 0.9259366785662705
31.737517924549756 0.9355989949379421
31.608356800358706 0.9284287335475904
31.759057016547448 0.937262490109326
31.43924522395546 0.9238321851202325
31.618869959348995 0.9331045499401167
31.54101482703198 0.9257441581765519
31.5546835983509 0.9262941771365549
31.515893648847715 0.9239913672242062
31.52805640467833 0.9268597979004763
31.589143565472657 0.9334606629597344
31.522370641836098 0.9273591505058772
31.73886310254855 0.9349664582133363
31.453247162777703 0.9255751060702985
31.525106354608965 0.9304795340465286
31.505997736421435 0.9444799393504075
31.54599171341209 0.9321127989103208
31.795474176561342 0.9367815783947007
31.74594747788094 0.9348708175542302
31.762203680373812 0.935707332347095
31.521833433150917 0.9313940322414087
31.51967092848308 0.9267754188211347
31.604806686982414 0.9276460962439873
31.564813367208803 0.9332998724092446
31.582060155497356 0.9272972786333844
31.74142222078305 0.9370024846901764
31.446287121682314 0.9245382037348902
31.559680899878963 0.9261913378482999
31.514286179253 0.9431566354359024
31.474931520845374 0.9258644366021574
31.7666622544263 0.9360994892047257
31.4623431684319 0.9247647362248272
31.467418159066256 0.9244612799993632
31.589619497222536 0.9275489922835443
31.517704165232615 0.9280898036161046
31.508414199893696 0.926377235887947
31.48970025120898 0.9260074627576854
32.22766944759104 0.9509244346949473
32.2443598645572 0.9519321574825628
32.14770553577986 0.9507920809211504
32.190027166591534 0.9511553466989974
32.164237271869176 0.9507820474570546
32.16540533584897 0.9509358408449508
32.13674258305821 0.9512951177612046
32.24718192800785 0.9512028145238781
32.17505069889489 0.9508694623101838
