31.922073580333574 0.9694031667550708
31.96892814596932 0.9583734979389958
31.950131672395777 0.9576860236967165
31.972112044176875 0.957605063294817
32.81751199538312 0.9711631149913694
31.406757737857983 0.9412803593569002
31.415069254504935 0.9471704731322911
32.51598221518063 0.9778977106480993
31.903971308184182 0.9680929390501765
31.613779604598633 0.9559360099481896
31.655997317482 0.9562607834662546
31.948130958124498 0.9580029356346382
31.54289192593736 0.9557032043943814
32.881376571047085 0.9720803892401079
32.004841698268045 0.9569566974152572
31.638443142778936 0.9550339075223647
31.44998530537268 0.9486241345508553
32.86909109861305 0.9737358121084352
32.504485083226164 0.9772584657373623
31.416777654839247 0.9480377328481262
31.571684186878 0.9541045744849465
32.83505311516975 0.9739146089109327
32.8566791774431 0.9737456466706753
31.89033823238234 0.9688715591985971
31.97553708051916 0.9694681017567872
32.849194843405286 0.9730843026615589
31.368716095018968 0.9483427586279124
32.88654083204204 0.9728677363984343
31.930166570212283 0.9685192873382568
31.44356017732929 0.9490433298854531
31.49606202678454 0.9491670601632072
31.850785406229896 0.9682733845989849
31.900961811862825 0.9681014617767152
31.59236432623478 0.9557890437767448
31.647340524756356 0.9580815065260521
31.511167256718295 0.9475916551668564
31.473895357643507 0.9519863051843328
32.778743194091 0.9717292260126816
31.4654518311376 0.9499068426788183
32.55513108042336 0.9767813428392856
31.830075773458283 0.9683610309653603
31.58817919571929 0.9535946949060626
31.591494916271316 0.9551769905590525
32.85743345141829 0.9732162803751266
32.88484006468321 0.9737479655356427
31.936191948335676 0.9696038051045385
32.56336872042398 0.9778646534075783
31.930352210729623 0.9692049528641322
31.65335370258541 0.957525419639063
31.475329399188382 0.9518680398077115
31.90035798574864 0.9693999486582343
31.647500340268348 0.9578276365666099
31.484678612006256 0.9473981677449556
31.96324165813003 0.9579849405300127
32.513473980459565 0.9775846265383229
31.922255456431728 0.9676137901646955
31.422848442657447 0.9456587057370703
32.860123023044125 0.9736800908748877
31.610189739824115 0.9501708383918661
32.729470888933186 0.9701838792023173
31.931729349400616 0.9590055786759498
31.926789435401844 0.9693813018364141
31.674116410151782 0.9554044268054637
31.92025113748457 0.9563057204641974
31.896503641961296 0.9515290146653091
32.54963613781784 0.9778318868071806
31.976062837822216 0.9595905721395004
31.602275344164653 0.9537949676999591
31.65145138572769 0.9566564865716811
31.414751988956546 0.9487500102438394
31.92372236729841 0.9684426930130924
31.627970728651043 0.956596787505794
32.57234464729511 0.9781577316173564
32.53331686292552 0.9771123791087409
32.85408749174062 0.9722228006138075
31.87894370522136 0.958075297524312
31.930186092919147 0.9686851525555243
31.952761247276193 0.957103124595607
31.927306585735977 0.9544068738156948
32.829854457802234 0.9723233072690777
31.472337260933063 0.9497091354354888
31.912547364017758 0.9560795865719875
31.907101790145962 0.9544357831194846
31.90737843817793 0.9690087683021834
32.83485949265323 0.9730711554104625
31.43090658935909 0.9456882717556568
32.90699401332071 0.9730943632110161
31.915521550553954 0.9575940369655588
34.47913154053227 0.9819703966238181
34.487806920249525 0.9822503092547686
34.512128517577985 0.9823566827983076
34.455157079755566 0.9825454291156404
34.44291355322221 0.9819326884790086
34.425528004714735 0.981945318862548
34.327022538331356 0.9811229867653648
34.4365610222802 0.982297657649431
34.39341015943425 0.9813693600266766
