32.09331941167869 0.9553907961021547
31.817701169403097 0.9509644962659699
32.05112195948411 0.9558942944791553
32.11061497858735 0.9598746101965836
32.100709319693884 0.9592150931919329
32.082701661075234 0.9556935484415445
31.84532095360799 0.9518887895917199
31.721005083145375 0.9485909199170801
32.16975100661569 0.9565223947881147
32.28531094146539 0.9606105555160828
31.795228803358473 0.948618947999434
32.23186458746031 0.960601167190451
32.130875620096326 0.9595438580371434
31.793879664455908 0.9521828708200444
31.829209992039686 0.9511231142141102
32.2859659052554 0.9603538799562683
31.848698833517354 0.9519062286753981
31.765089824166544 0.9482967261254639
32.085113540367985 0.9594655977369397
32.144601179068374 0.9601955941631382
32.050915589259006 0.9557887151943281
31.867766031238723 0.9515896459843303
31.701963352011827 0.9482790026955936
31.89283709927302 0.9512556922327796
32.06920469827843 0.9551143642117653
31.75225401484889 0.9488782395579195
31.915960890015302 0.95169099586267
32.15925980297266 0.960193344944598
31.900886286481995 0.9514894423152623
32.163750400177946 0.9598673156305726
31.831415447641255 0.9523693744839006
31.825577399165937 0.9513198305143771
31.743096331340126 0.9482481943825113
32.11766640031625 0.9568984534458469
31.881824507344074 0.9511727739506848
32.118161008268686 0.9557108262534455
32.139902790907115 0.9564825313538866
32.09710871457405 0.9598896245153503
32.12380703348647 0.9598639439542703
32.261521276536456 0.9604579027653951
32.242403323485384 0.960431160827491
31.829578773073216 0.95166404490388
31.844423584273596 0.9517141324953704
32.262556071507206 0.9605743626616484
31.82754551272575 0.9523270021690782
32.317661319884124 0.9608954598564782
32.28262521060752 0.960653975787722
31.803385340821357 0.9516499913447027
31.841613116617676 0.9513087786045031
32.10201043054612 0.9558721159460918
31.840029756640284 0.9513575695817637
31.851407941024878 0.9515985039606771
31.86150370394294 0.952440063490757
31.776511458829916 0.9483839136245201
31.834223006862352 0.9510338954005096
31.9061036869695 0.9516313972236367
31.708381709379374 0.9474945885371738
32.13585260642283 0.959688838639627
32.09274868787573 0.9597962894529823
32.119186882414915 0.9559536178326169
31.888091125330877 0.9513004335458114
31.855897810843455 0.9523805506242607
31.764792089509598 0.9489641312610334
32.15030188249126 0.9559028394171369
31.78828110189896 0.9516620455839204
31.705234761527343 0.9480723616796525
32.055053317999686 0.9563960954978759
31.770726562778545 0.9484749693339108
31.730377601687223 0.9485959360917005
31.788823791460658 0.9521423157104563
31.759218032963602 0.9488424765763049
31.79913151487145 0.950675888138998
31.851594954319292 0.9510881400440951
32.128443576901255 0.9594302465785869
32.057426962418006 0.955798126576675
31.79761040555389 0.9519924894723786
31.785267541377845 0.9490913162400025
32.075734362172184 0.956344738809686
31.841399686698338 0.9509014700385138
32.17025447818174 0.9599415934621955
32.07152558578799 0.9554485922667209
31.872095423969068 0.9519947763821421
31.715610457890474 0.9479326185580998
32.133586108817 0.9593503849861389
31.8992243801681 0.9512164222309687
32.125560025185095 0.9593624334677954
32.13846559038703 0.9600524141261183
31.733340535141163 0.9487701351750903
33.17166743791019 0.9709760115798451
33.17498267391509 0.970918467195091
33.163050095712386 0.9710851049455226
33.14158736273344 0.971108999868524
33.25925966049106 0.9719948924913057
33.19647579084651 0.9710880160402521
33.20918435491181 0.9715084179929193
33.21358177842425 0.9710468014113216
33.22554297085149 0.9714527033312892
