30.20982662262636 0.9229030883505507
29.617039668668646 0.8699789490196776
29.857137780705465 0.8898410508849662
29.739567878615063 0.9057197644557375
30.05089848763586 0.9084855867552424
30.386190546671784 0.9065175672875941
29.919362532806332 0.8841320060452016
29.99218070843301 0.8813181323267902
29.701639188032424 0.8705072235118834
29.84433223288582 0.8862470972533006
29.741134865337205 0.8743714340651301
29.720897794246056 0.8661608187609169
29.83015718931032 0.873688524722737
29.67423170547916 0.8832812308723597
29.849726542157487 0.8588619495915352
29.52747337549626 0.8662431675418532
29.853321661802966 0.8731800561598847
29.528437639135277 0.8564838086384413
29.919674901715933 0.9107981378599662
29.71759538641814 0.8720454453288063
29.96945094569901 0.926519978688578
29.80549587727068 0.8742757066379161
29.909380937791195 0.8915695267678556
30.022636361784222 0.891991196975035
29.73696100376494 0.9048337365475754
29.67631378929529 0.8800648421614833
29.38285548611614 0.8619952793792459
29.739021066104527 0.8829658954501411
29.602709413194425 0.8664170716033367
29.703174497965268 0.8821460647132855
30.257720403197162 0.917677986636382
30.071452238401815 0.9208143023186375
29.49066898606855 0.8432749353887187
29.64732673790065 0.8656142427783695
29.65841405598701 0.8705603439380503
29.63436819169158 0.8807067633471255
29.46743792608238 0.8368840633506363
30.432954546754807 0.9225751841602756
29.770939295628494 0.8779040679717612
29.632591845683667 0.8710135937693366
29.666720702447545 0.868008498706989
29.60981091787568 0.8723007692857231
29.839290616265185 0.8755084373991084
30.00359804911376 0.9096207541974775
29.87874351594052 0.8701630894520069
30.06228185961706 0.9146746932300195
29.800591617792193 0.8772574136180294
30.319974213640997 0.9412093998689421
29.505626796041966 0.8425505111245637
30.101904996901602 0.9187245620163592
29.594775234971102 0.8696006596461258
29.55896699333449 0.8580864024497659
29.70363189434929 0.8791174677843466
29.579652678745894 0.8614770234264781
30.013371437314483 0.9130169528799387
29.71602637743082 0.8849878686011797
30.69214366309394 0.9056343974696649
30.096195135777467 0.9105488568291763
30.0558151472964 0.9103589690802686
29.46443021384542 0.8671266186871579
29.643549715691115 0.8710811774575338
29.41172132405615 0.8433662584217596
29.94186911416032 0.8896875593114115
29.70749666266817 0.8675828255852612
30.21027285170827 0.9114530713607032
29.52898891195703 0.8684294899054071
29.64001065169766 0.8621881413012334
29.422129997399047 0.8441662122538149
29.726128689338104 0.8851072419000715
29.6151534201495 0.8683326113848713
30.534774142688256 0.9131600098028635
31.239226564804397 0.9317085181702132
29.75141652060954 0.8788223800325151
30.464293721971607 0.9214424209911892
29.77942954324192 0.875964790352639
30.184188206284436 0.9198886879942829
30.01504614554019 0.8898803800332915
29.529257677905285 0.8612881589852632
29.49668054624094 0.8617099465283775
29.53522781942454 0.8576988204737944
29.888622541919677 0.8769063352110015
29.84382354957016 0.9075420276068301
30.430897781192296 0.9242034806542259
29.90285257831087 0.8723353097425247
29.964102407074154 0.8811589483273513
29.55024174738257 0.8641085046131508
29.930225416510723 0.9087346206000213
30.22603225477627 0.9153091797418427
31.137000863458816 0.9683162793107422
31.180835763740184 0.9653648576575596
31.47836496093881 0.9624300452483758
31.25350546877883 0.963232048535519
34.66881380311537 0.9831722857399794
31.53589318843448 0.9610430064676453
31.265290100209803 0.9652537087546773
31.421675953524165 0.9663861741981326
31.457578207562168 0.9643975365785269
