30.107764651678323 0.938309443994743
30.040368258065747 0.9412675632211517
30.398432061201184 0.9498627187162192
30.14736814248038 0.940033464115709
30.357876146653197 0.9473073164194599
30.095601529030944 0.941877444533051
30.00380201875125 0.9389298272096132
30.132525478688954 0.9412312344041018
30.16010338761295 0.9412775116301381
30.542367938943443 0.9497412194624067
30.087258090456224 0.9391809564152015
30.239967144315468 0.9379502462308568
30.005420048341517 0.9363911561682032
30.126259285278827 0.9349540768781249
30.093313175597935 0.9395577754243851
30.24028278934104 0.9470573512305729
29.96136857148253 0.9344167373929233
30.484045885371035 0.9496800196717818
30.286054037338456 0.9462035419595638
30.11529463309897 0.9411236682481877
30.296150413467227 0.9351905834823517
30.422344001111668 0.9505046660495288
30.101848567045323 0.9384483319005493
30.373775923048353 0.9539240044375076
30.1892081859538 0.9435991193179617
30.149327621939083 0.9419565442296465
30.160180175306586 0.9313549017185715
30.02064803232404 0.9382122625377232
29.97743500233911 0.9380979666722515
30.162650865963307 0.9344742034962887
30.06372370675806 0.937616581649485
30.245354124804397 0.9355393045385043
30.161614098766552 0.933055584653318
30.06425368527326 0.9341494852761393
30.060436966783364 0.9383222013021871
30.25441676960343 0.9389334875562748
30.122054992849062 0.9387502995972058
30.28064565054234 0.9457653231971613
30.068530869927837 0.9367449869067238
30.138674660848416 0.9366553186218644
30.416799809050318 0.9429425508741857
30.223680857459172 0.9304844088764518
30.066250042780354 0.9377036332233065
30.003322002015462 0.9375879789898449
30.323047064354853 0.95134654491911
30.468899668920223 0.9466675928294728
30.1566798542057 0.9375896722094313
30.045549511510256 0.9394878144360602
30.169059328225963 0.932851198900177
30.120576266620667 0.9361620978092107
30.339252458861242 0.9439285513789981
30.304063507094625 0.9464700618178506
30.16864539471748 0.9351001524842385
30.086917973628992 0.9399290007163867
30.341901787842094 0.9497102496028809
30.082048352282857 0.932351461998462
30.331037091474865 0.9365847067634135
30.04789942500709 0.936781410816236
30.409023365401794 0.9543211816037317
30.142172067064344 0.942868952249645
30.00042720188989 0.9379850247760918
30.08200896436005 0.9379439327197677
30.084806842838525 0.9406054051090997
30.257229427979418 0.9333242427873006
30.3050851388836 0.9494045525314697
30.235047904576184 0.9460782190365954
30.120876126415197 0.9372649754424104
30.063110233759343 0.9386789292129789
30.182757347414384 0.9336929539198893
30.226237920924326 0.9304353015465836
30.21800177486352 0.9461956518013844
30.01705836791284 0.9358524846875543
30.14155762252548 0.9364144121994952
30.132908585264563 0.9320352663591507
29.99280857885139 0.9353988984697592
30.07126426540683 0.9406086064809358
30.329319169791688 0.9495664898801426
30.10501449332959 0.938404568511377
30.110722902907114 0.9339756994958998
30.081087702177342 0.9389614518070961
30.288718981127086 0.9485753007321471
30.37579191874172 0.9527566683824549
30.34341458254479 0.9476910922909204
30.25984316397743 0.9328043540517529
30.462085275506183 0.9533199361398887
30.124114711873972 0.9336703778710387
30.238582522838065 0.9432527235715255
30.199149019413746 0.9416502154382603
30.972611308181605 0.9640662317039936
30.884245672695663 0.9634471103854504
30.901503214689562 0.9633437492844759
30.956280956185907 0.962131164082716
30.89193242597375 0.9626931420218724
30.874837434160725 0.9627360537901475
30.899671710771663 0.962742204125362
31.002962599462943 0.9625319855764489
30.871611484337606 0.9632623721737908
