31.379644106586113 0.934668279259683
31.41656707301904 0.9314734111495278
31.421481584927054 0.9343418908761992
31.655331440379864 0.9444780701430429
31.225609157648847 0.9283326884733929
31.383127112943548 0.9320368359305059
31.429470963082025 0.9342340839713097
31.396643658043565 0.9351830416521553
31.538995807830453 0.9379650393683865
31.206107477995534 0.9266651205755643
31.26180309246955 0.9300253019983863
31.27697978896887 0.9304342580868317
31.40159783015171 0.9306185882062441
31.319673648352428 0.9316894445572146
31.596901134563154 0.9433194429772681
31.57415736661125 0.9379903673016027
31.249008310470998 0.9293972521526964
31.565526602376334 0.9375592437428806
31.386747702639095 0.93415565917863
31.412932494367823 0.931632557251973
31.4881664827666 0.9340892782012483
31.469082599578975 0.9348451840024375
31.508929857149525 0.9362430896808752
31.499927866276977 0.9342376616007144
31.63399903851355 0.9439106220945982
31.600160352020193 0.9431556489214541
31.44583429912884 0.9357638689131136
31.24425725781347 0.9283174674680291
31.3977675951655 0.934932755894383
31.562058199473213 0.9367269613836827
31.622657501912816 0.9439788050458146
31.27835408297296 0.9294209474398843
31.412805708598693 0.9330484235802717
31.269091983199537 0.9296994866624891
31.383703003216304 0.9315563715698684
31.285484223554892 0.9291710004501985
31.252964755013473 0.9302759120754143
31.42104596277203 0.9344652079190888
31.35181420528078 0.9331843992642717
31.342919913400156 0.9340200622914636
31.60173673468099 0.9437068555442969
31.305225425613056 0.9317456905498169
31.40238575694708 0.9346039064461867
31.337681655107378 0.9333459954082072
31.269495564497817 0.9308707724503704
31.34236196957638 0.9332690134214087
31.328848139081003 0.9329225032994616
31.39806786587623 0.935066651347813
31.236136095286117 0.929391512795075
31.226211424704502 0.9278138716294112
31.50572500938229 0.9336137918366806
31.33699650535236 0.9327522172764504
31.493046593737034 0.9352477279802522
31.298772069996126 0.930971297950767
31.546777118509674 0.9384576669271886
31.2121216967438 0.9282128869633323
31.462079626632974 0.9334562427699756
31.280056122373917 0.9292549076983266
31.27801805842713 0.9296391096576647
31.2360123237383 0.9283599142487567
31.244742483649908 0.9304844250425621
31.455758495260078 0.9340199335278876
31.396810261086706 0.9341607262734585
31.497588045576208 0.9341149828380267
31.244755353548147 0.9291458759674689
31.364265265946514 0.9307615519876592
31.59975531566893 0.9437489707483949
31.44651508270161 0.9332033569784455
31.58375141682434 0.9376941950280627
31.518319987546302 0.9345277024142221
31.503835649109213 0.9349211258647733
31.395626306506554 0.9312605299830319
31.252655889665107 0.9300748934280879
31.323018035436064 0.9308504219779404
31.43187391286583 0.9340535985610117
31.23958823184198 0.9305199505872713
31.550424764216057 0.9379350814955693
31.20608660476138 0.9283906295583599
31.269333774488175 0.9293736506624339
31.59948965011314 0.9431719839532872
31.241546957081916 0.9288248291249438
31.55425765259395 0.9367550687679329
31.22273934348007 0.9283158195046568
31.24215085391464 0.9285138264785191
31.283427970217236 0.9305607200240241
31.409591694475985 0.9344236739015348
31.25680572134908 0.9289833768926333
31.22395801137957 0.9279628903760689
32.22766944759104 0.9509244346949473
32.2443598645572 0.9519321574825628
32.14770553577986 0.9507920809211504
32.190027166591534 0.9511553466989974
32.164237271869176 0.9507820474570546
32.16540533584897 0.9509358408449508
32.13674258305821 0.9512951177612046
32.24718192800785 0.9512028145238781
32.17505069889489 0.9508694623101838
