32.63323382526958 0.961656544815969
32.753909226220074 0.9626071963399107
32.26336219197943 0.9591196318745323
32.36459167582821 0.9602627037441498
33.09465424390855 0.9683854134021277
32.28393888581584 0.958652197940973
32.29072981612752 0.9607756720603018
32.28847925103998 0.9595951429834153
32.31888038139894 0.9604350874217532
32.2664138624964 0.9591083734057189
32.67465247599766 0.9629342414802643
32.63028954830707 0.9618592034774044
32.20472999575498 0.957994664051806
32.19055117763796 0.9590208286715894
32.27682913016509 0.9596341575049381
32.66860195990115 0.9628013839808363
32.369092145228905 0.9606688955527635
33.11181175835384 0.9687385709405322
33.15217522796949 0.9683574215805346
32.33501429694891 0.9605755660680458
32.57447830472167 0.9615204102243123
32.49881369562522 0.9614202882597134
32.25785766686095 0.9589276716127273
32.23113660600221 0.9599671001084982
32.10909927860706 0.9582941204366003
32.30180130095252 0.958808156553835
32.57733170356804 0.9606988922120699
32.25932495671128 0.9605143159430974
32.669319390938384 0.9630507465577774
32.272143800481786 0.9599912412600881
32.31725841196616 0.9598736806692905
32.123415268172934 0.9575540664229527
33.06824957476031 0.9680770818221853
32.35139857218429 0.9598534983912723
32.314559593317306 0.9591075584537417
32.127072163795624 0.9582167668239122
32.44278712850712 0.96023176886253
32.272164922617876 0.9603886787691677
32.11958363303688 0.9593519978850631
32.42012472741703 0.9617543376629855
32.771334907650406 0.962095193600933
32.495528016646276 0.9606982585829569
32.69514609725833 0.9628629059789999
32.146890715348334 0.9582998909117065
32.02930390984151 0.9570629328532517
32.31811332520437 0.9604850863562543
32.43538349416938 0.9618694148443114
32.177711311829846 0.9586090631634566
32.27107633999359 0.9596998101111219
32.048669042223146 0.9579490180674072
32.247130715272014 0.9592013021930396
32.69744599428956 0.9605319266440011
32.32635878342904 0.9605036794134755
32.7140307205751 0.9629964786408846
32.97239318835532 0.9670960103114419
32.6722134610474 0.9627439671285574
32.593937244963 0.9611303264127634
33.219488201053466 0.9690063374807174
33.0772158789216 0.9684706565434015
32.17150200715405 0.9585668554146406
32.50151075392312 0.9608205532189603
32.42337877102794 0.960137254776178
32.59634106641015 0.9615724277644643
32.37469062488262 0.9607873144581881
32.334051553849164 0.9609054769710685
32.272562927333944 0.9596690368358479
33.15384598931951 0.9692371847597772
32.15506853174474 0.9569150018553403
32.25657917947118 0.959065428291651
32.3486064257503 0.9602383699543793
32.22484683510896 0.9596843663985462
32.395260781687114 0.9601362449760723
32.12264222622486 0.957400452586679
32.246512157335054 0.9602388028171924
32.299093424196236 0.9590301560014478
32.192458660812896 0.9574060700013061
32.241852411613536 0.9598778902161975
32.3683142756017 0.9593816003283324
32.599231644754084 0.9623799208383506
32.34916124126909 0.9603314268639903
32.29970870249094 0.958728687994327
32.386171003637266 0.9601739397826172
32.124063812923524 0.9589318406599168
32.11737853080442 0.9577941044449245
32.343822339241896 0.9600953735755586
32.148869161296275 0.9581592336116125
32.21441894468399 0.9594251157913593
32.534020160221516 0.9618388132086855
34.223722139736964 0.9763280873762457
34.364415722561745 0.9766411066690457
34.26805757598328 0.9772119471472421
34.30817594233198 0.9780986418095958
34.324194133816434 0.978525096015385
34.39747955225187 0.977233241476625
34.23713237467587 0.9775976658761035
34.28250389817316 0.9778755202656455
34.33421808803511 0.9777901868004251
