32.3509974278997 0.9064586322343994
32.88337158145511 0.9213617360503595
32.391646431502956 0.9080911490221866
32.38576435247555 0.9076190598964097
33.18193829643868 0.915431430951628
32.37318991116598 0.90551666122508
33.29373522366901 0.9221345313980361
33.283674410763254 0.9240451094328369
32.88153518305829 0.9137952233653938
33.374062687960105 0.9256325590488488
32.596542709392125 0.9127158711690534
32.76728205207368 0.9145335203283345
32.83639141353615 0.9155914339780116
32.42660914391869 0.9077370697629671
32.536799830206924 0.9138433235987827
32.33534553593334 0.9019847647989099
32.70904410073327 0.9108426460663284
32.497442376616526 0.9128722977719206
32.40359725162005 0.9037156918254516
32.739259272988186 0.9162760357216205
32.43202740657574 0.9082117936228015
32.63600682885724 0.9104242449750426
33.32326989280389 0.9247383082801413
32.79986610884316 0.9123289380875993
32.82013869305781 0.919184646223139
32.42232795929769 0.9068485052116022
32.42273306141544 0.9020514959582601
32.660671022289904 0.9159872469027271
32.5429714632659 0.9111956904193432
32.448508881932014 0.9090382694790636
32.37293807272452 0.8977415128383103
32.690464266334025 0.9099662410163532
32.40559340251659 0.8995490636538663
32.820143317446494 0.9127746661375291
32.42010785754259 0.9050686009000074
32.873096716246565 0.9182250367560204
32.5700318538665 0.9140202766783
32.30276065236188 0.8941195347054343
32.57692305178636 0.9067919445417458
32.38317393899254 0.8999521611028437
32.584944104460135 0.9023048717826938
32.50860193513455 0.9166636553829138
32.91931119989651 0.9217531984017303
32.5742228619748 0.9133528175908242
32.971185125736184 0.9225022936435802
32.499229119366866 0.9111894591812401
32.343648293640626 0.9056622035382713
32.768396895820366 0.9101993193254894
32.413876623020805 0.9065747676881695
32.63042918930896 0.9015166628249593
32.39545978214497 0.911602889394351
33.25877502301148 0.916323727951992
32.74428775037987 0.9191558401445199
32.7555677584347 0.9111463773793967
32.42103848237519 0.908430039912524
32.34523266721504 0.8975180689981627
32.678405323711075 0.910141796022785
32.65561411365274 0.9158844940160143
32.3148125597218 0.9049219238833837
33.26744806565314 0.9212420845982439
32.6564030832041 0.9088153677688328
32.52159326996774 0.9089159181143135
32.31197352049241 0.8959401411615648
32.331472634584344 0.9008097173784125
32.90858463244523 0.9226299260276709
32.322168122336684 0.8984939522776909
32.46445814645202 0.9076581668537248
32.38975071980128 0.8975390706484702
32.74423817625152 0.9162883222165761
32.457946407360716 0.9088881853710474
32.5229702742935 0.9101446660465837
32.67473907177704 0.9133750485216569
33.21073230690207 0.9146613542776156
32.393413028998445 0.9036791901972102
32.381212002984114 0.9062152354227279
32.52460456141944 0.9112987172015975
32.356888876593814 0.9092079507505981
32.66782538405041 0.9051492689761894
32.68328598670982 0.9103525808720424
32.70427768450196 0.9102982542712825
32.86246444613298 0.9219925273748677
32.692738822875135 0.9090527256966131
32.44065246569394 0.9079519894566624
32.55293614307511 0.9108014365865178
33.08226391572053 0.9232112383079728
32.984286693058344 0.9225724552740331
32.72642857191471 0.9129812523844716
32.59089984304743 0.9132794165007869
34.52746562147398 0.9501291054962151
34.5184422100671 0.949566751701861
34.505031378105 0.9500845351547317
34.527451295596705 0.9501090836982704
34.56472722864465 0.9494296064595333
34.56988871006048 0.9500216173631458
34.63616613701101 0.9496114310995858
34.39404373107094 0.9502080719395324
34.461858979508484 0.9497742852208979
