33.02693922756128 0.9634536110900586
32.909722187990866 0.9594450592737654
33.110727901977924 0.9628101263862784
33.613390585124556 0.9726382131636583
33.596487108093754 0.972908465557084
33.15721442945609 0.9671209417118047
33.12306639138911 0.962587884447017
32.96807705213784 0.9618034439301663
32.9979289083737 0.9604374393707196
33.04403616098037 0.9611146337066184
33.13390105934185 0.9636122537705119
33.4182921459407 0.9717182445139365
32.959620852897004 0.9615502575676079
33.078845551228596 0.9620749732253908
32.85543251707804 0.9562630832777678
33.10784897198522 0.9657091347938312
33.08611447071343 0.9642192449028918
33.31616496701545 0.969770573167156
33.04406227684916 0.9605187710580284
33.631355228992625 0.9741578617549916
33.00121927946206 0.9610486645504558
32.920723047534686 0.957688146268035
32.99478107363048 0.9586847375103511
33.17701365066166 0.9664598445606494
33.00269221043373 0.9601014850646924
32.97100057206618 0.9617508397357737
33.16650399595939 0.9670459011721348
33.187552917387364 0.9633631332141401
32.81913573746525 0.9559729382240746
33.23653394459932 0.9660506243749619
33.106851430141134 0.9627866507748986
33.624222171759534 0.973965236298694
33.54103947314931 0.9730784264103984
32.83126154094974 0.958878243791089
33.18114104200689 0.9657569812934241
33.46441836373444 0.9692635099332585
32.92203980901086 0.9608085404050009
33.65360876993672 0.9740025458123192
33.52042468322024 0.970061165033848
33.23595190507415 0.9647452600075238
33.17038215382263 0.9673880189651949
33.61329773130284 0.9734852111897573
33.3519503759999 0.9708108187464889
33.06895647535105 0.9644528107459163
32.945044589080396 0.962175235194311
33.39593150803575 0.9704795677504148
33.27094872197968 0.9674430145762004
33.51100919065814 0.9704644298614763
32.9515710536531 0.9590840924732789
33.14849737044308 0.9657267808470449
32.870267261948335 0.9610317195270475
32.99581273416299 0.9631206458244665
33.16441284987317 0.9639379472201987
33.674411602331176 0.9745183191170926
32.83954851154547 0.9586948396247561
33.284923018403994 0.9672860586060803
33.55310310261928 0.9730392426839388
33.362933865321246 0.9699536693083749
32.834817310243615 0.9556523397216508
33.336991902408315 0.9686683598952033
33.024268186696006 0.9601165566308975
33.08973135536527 0.9661023134302228
33.51228152158286 0.9721264745108682
33.21157595685829 0.9683838340382328
33.17966616451559 0.9678828760695232
33.38454837326562 0.9699195844177537
33.27574905260791 0.967691075917416
33.132515318115836 0.9643894529186736
33.0940927016713 0.9629522700610942
33.33695449376522 0.9711286973291248
33.096513583281435 0.9625947961060278
33.211419542637145 0.9660695005037558
32.93751150171408 0.9580710154447519
33.31033510764728 0.9678140402800411
33.28210819417315 0.9688198284811622
32.797863912167514 0.9553686065572657
32.86929815849807 0.9587910275445521
33.1636806860523 0.966896954260196
32.979931248609404 0.9602449893464373
33.29098871262268 0.968554580292956
33.643379003707686 0.9741352332757002
33.020123833575795 0.9617804343255546
33.069597147757065 0.9647868233931078
33.585450610486994 0.9735583270560952
33.62966457498394 0.9731980074451523
32.90744265649249 0.9569765791597838
32.92422797890736 0.9597509725114319
33.383010444540595 0.970901751015314
36.49949947896088 0.9865468632662464
36.57097552210336 0.9868347320930406
36.51844246979173 0.9868257599629404
36.530381846545396 0.9865773404383675
36.503743678529325 0.9866676540654314
36.388207022271835 0.986383614539252
36.5290218065953 0.986664933296087
36.43708427833461 0.9865650251705064
36.50625584291617 0.9867148278172564
