31.54598857834702 0.9548708673332599
31.757094347467216 0.9565379564433696
31.400608726448034 0.9531347255044521
31.618628306642623 0.9599519708042947
31.481614232911276 0.9542111919081115
31.348460159753007 0.9531864242851665
31.738680553353444 0.9629354169207692
31.592774061164143 0.9559248474327243
31.573302635427506 0.955963483378205
31.637949982690998 0.961987690793082
31.429999003475086 0.9540253704667584
31.822464016771725 0.9584853343106977
31.7058410052301 0.9568985525339505
31.666478628684978 0.9612034386431658
31.590772019090906 0.9577437396023297
31.511643739113644 0.9544137778298429
31.599775947485327 0.9543002143792938
31.472393976454505 0.9563271506350768
31.404477883613783 0.9542673287990068
31.480890555408134 0.9561374581686275
31.239015362847372 0.9508143348453175
31.740645080797407 0.9619710417285944
31.51980679358529 0.9499836688052093
31.44990833635427 0.9568702069193227
31.76378858061753 0.9625918335457027
31.844793659489387 0.9589931819748592
31.569986268644538 0.9571538603909985
31.64687715720094 0.9620600155922774
31.414382128564938 0.9537325415649922
31.52056285456178 0.9588850624979259
31.610044654292018 0.9540096340279159
31.832921316901825 0.9575466841497505
32.22307786263483 0.9602538975167159
31.41496552467583 0.9525743622538547
31.650862963959185 0.9604704162000952
31.800709339811647 0.9593953699221399
31.374955712462828 0.9547559392511983
31.42451082393396 0.956028902892725
31.602318219841713 0.9555499771033081
31.670360201450677 0.9615415587860237
31.531641795464065 0.9568038762510481
31.638002818593336 0.954602625777605
31.589355084255825 0.957990600777781
32.29658548232324 0.9632673277430284
32.0840151299833 0.9593525558610797
32.32449810183363 0.9628049766621227
32.34598530584896 0.9650244725178763
31.703778691358664 0.9615379386849764
31.876429136889413 0.9618241908033948
31.29396333613789 0.9507879984154546
31.44690638240153 0.9539371835530304
31.201154637677462 0.9479565725436223
31.426376655208355 0.9544522305502401
31.35940753187734 0.9495492583068574
32.24298853688485 0.9619328581955032
31.627962102680907 0.9593080997761912
31.718376413136458 0.9622756702989664
31.31153303514261 0.9538436926066086
31.67783644347393 0.9609381310896454
31.253547966752052 0.9505588870440151
31.529787979695634 0.9530967671138396
31.41205753510175 0.9553961146198579
31.41811533125893 0.9525861620914905
31.686437725461474 0.9527630948965102
31.47056096048782 0.9567115892892321
31.29224401013317 0.9515431424507145
31.44297476457624 0.9539537092472575
31.560370016091323 0.9560943050011929
32.1989967984533 0.9630910740428483
31.490016230856703 0.9543717947715162
31.424748315373012 0.9538878892370607
31.446080618937803 0.9562980029983682
31.48229261632698 0.9548719835157705
31.627314245447415 0.9547718034648706
31.261205852396422 0.9506261050593617
31.787399085971554 0.958427512704581
31.732554367268516 0.9560056253258562
31.472273456856747 0.9562213299560911
31.654259692345907 0.9598864776927504
31.59031369745307 0.9580604910098584
31.75326242484359 0.9576744337361558
31.34926546974874 0.9532423489822405
31.42440016162722 0.9549493638639382
32.354510113554795 0.9638633431220041
31.36940235443046 0.9525937021256946
31.423990766090736 0.9527998125233371
31.744058646561907 0.9619985710127026
31.67475966146535 0.9602765013541444
32.84415593805229 0.9707118499137376
32.716802446294466 0.968657209564861
32.881207306016094 0.970312003037686
32.84632889138389 0.9702641426549379
32.88857836168216 0.9711618241872952
32.79972300440393 0.9701638821696887
32.77280590676626 0.9685456446335745
32.72703093950406 0.9694318571878348
32.80593313522996 0.9695421410148324
