32.930553306762775 0.9719774664396487
32.86780686756175 0.9717395109523856
32.904095248811316 0.9717570500886598
32.901014244551405 0.971779044191234
33.319335844326005 0.9739732185590332
32.5796054317635 0.9710996843346754
32.574285231523504 0.9712157698340469
33.48510057160802 0.9763043699700065
32.88639014746659 0.9695707186469107
32.79486067498925 0.9699443960400932
32.78251084612806 0.9703380227953899
32.90995050738929 0.9710884156294972
32.649961529522365 0.9696054446512684
33.42843068397877 0.9750377913357008
32.91826229039795 0.9715051018905069
32.76263759685223 0.9699839470540959
32.64552277287827 0.9724906815089847
33.39774580468659 0.9759060572503474
33.3548835969707 0.9753843901091799
32.56189486914803 0.9714252515022093
32.697393682509556 0.9693802279334442
33.288533321637544 0.976407960321319
33.41545899941416 0.9765861064129974
32.93642148403163 0.9711390472025088
33.0079677343966 0.971776202815944
33.369171594383424 0.9755097810009791
32.534782226976894 0.9716528308791534
33.44442000763976 0.9753485501520515
32.967588177939305 0.971375357854334
32.63409566754162 0.9718151316209199
32.6449784425942 0.9724785788557508
32.85784265428066 0.9711235834908811
32.86546171358672 0.9711651890645385
32.75096683880989 0.9696668448646483
32.79216066383631 0.970180552877762
32.63972520591871 0.9721197980089223
32.6323677252834 0.9710292642294072
33.33611454148955 0.9742903570459837
32.65165200309553 0.9723624097112932
33.425083494468254 0.9753601289736422
32.813820074250955 0.9710931618103456
32.654943865268905 0.9690461563572049
32.672526339215075 0.9687826884126318
33.434863520987136 0.9763212721209611
33.42614528546698 0.9763383251451818
32.94529208064812 0.9716527213443783
33.48301973459784 0.9762929426871824
32.975555331906314 0.9714814082782511
32.814630759665214 0.9704349093226241
32.65370563491951 0.9723287052737862
32.841042801705356 0.9714976626852032
32.77690221629725 0.968773871815578
32.62319831165029 0.9723047697397261
32.90260481695928 0.9712724226273077
33.4383496141401 0.9758155557023146
32.93544570980589 0.9708730063980274
32.56622513662268 0.9693161261490687
33.40573840004981 0.976330376404818
32.708776521899345 0.9690046195827424
33.19294759226263 0.972799622826921
32.878787580091995 0.9702055218410052
32.95017080234357 0.9715524555801598
32.80560965928931 0.969867299913018
32.83033144120344 0.970689701921709
32.82219282664813 0.9704508531637893
33.48836981223542 0.9762184268249633
32.90215281753084 0.9715883111883881
32.687182483040395 0.9667461760762941
32.784626896690064 0.970190780398914
32.631983652539674 0.9719960441243498
32.91813501070452 0.970641599473167
32.74987590146149 0.9700759807317312
33.483098580538034 0.9761639039314026
33.39442553105537 0.9761664750951861
33.35416757710048 0.9747325071631916
32.75528280197226 0.9710353925195131
32.927669807211586 0.9710955263918245
32.88202469966133 0.9717937136727303
32.78724795967362 0.9681310643527758
33.34974380468981 0.9755517342210409
32.650381155177264 0.9726754432897482
32.80196509724044 0.9704880186184239
32.740452384999 0.9697210769398764
32.975600210841726 0.9720208824304595
33.348387640357494 0.9758673693131774
32.51322523438813 0.9710490351598512
33.43276013711447 0.9759769905756986
32.861773389187306 0.9708604598513503
34.47913154053227 0.9819703966238181
34.487806920249525 0.9822503092547686
34.512128517577985 0.9823566827983076
34.455157079755566 0.9825454291156404
34.44291355322221 0.9819326884790086
34.425528004714735 0.981945318862548
34.327022538331356 0.9811229867653648
34.4365610222802 0.982297657649431
34.39341015943425 0.9813693600266766
