30.434352315641423 0.8982515952981361
30.122055444583356 0.8802074766906397
30.324850307839043 0.8945138827222372
30.027212601469003 0.8741124590168503
30.062237526671225 0.8678973458585442
30.13774107411272 0.8854189214969465
30.2172395990957 0.8814143381892792
30.179116579650067 0.8818859036924344
30.366182390736448 0.8942612003186516
30.219404564817868 0.88700044152224
30.07859386822995 0.8799370998357059
30.17455996305867 0.8830896256548194
30.359493756651432 0.8965353662419457
30.0424443643187 0.8793873435847758
30.147022831267428 0.8863652244589173
30.079953231695068 0.8756825520758234
30.13382867721052 0.8784246705536649
30.00053921427409 0.878300349632449
30.14486548507028 0.8745568617374607
30.371787896317844 0.9013022625409636
29.990536267278397 0.8777562571870346
30.152398713411273 0.8846350141773776
30.323882695708456 0.890504914191183
30.14438460585687 0.877097335925171
30.06158350122362 0.8711564547744188
30.435344130769234 0.8991019589401025
30.008659457431513 0.8745653918105318
30.334099757622045 0.8959317140020194
30.287251863098355 0.8898247252698043
30.00391301918465 0.8758856308011054
30.376336716581616 0.9008776024665446
30.08396424504697 0.8780789363944079
29.997858079573717 0.8726453378960035
30.149287164509573 0.8847881729143335
29.975078354704987 0.8758422044354766
30.100849812484043 0.8782740940057606
30.42160052677567 0.9016274411891217
30.29878886213744 0.8947481631719667
30.068412628248563 0.8794918398749437
30.17065858266152 0.8824982633625462
30.159112333001854 0.8850724086827383
30.063538964941987 0.8719025212581746
30.43582337077825 0.9028451114463564
30.386274798227358 0.8960591280591189
30.42013524820686 0.8990216413128684
30.51663453578817 0.9016587270695677
30.501011385025002 0.9042859813759674
30.233055166886025 0.8884235992717585
30.126806447617092 0.8812443668116996
30.024446270235764 0.8734760172648226
29.999541527264736 0.8760801872617463
30.113852247966342 0.8848618308894743
30.156269147751658 0.8782391063726404
30.153693556215842 0.8844839186316735
30.018310608743985 0.8746821696678094
30.018086109357583 0.8765164688366394
30.253493822695674 0.8839569941422556
30.08657855552459 0.8804754485838531
30.046696117553736 0.8808626609934632
30.11640228251587 0.8781901350157967
30.097476920556648 0.8784782183367225
30.122800418364648 0.8757621609732003
30.043564641169958 0.874031743762571
30.221093872069353 0.888359974682423
30.035899706008106 0.8725919695688944
30.008590803620287 0.8707282396172039
30.211909263659727 0.8867846617870974
30.197310339185826 0.8835404231044367
30.095983188201014 0.8784135723008281
30.052662864730387 0.8769000231812062
30.355531896351803 0.8967301521241312
30.185301422529164 0.8801541251811781
30.338391786677864 0.9005891656286856
30.070057592178806 0.8749908592429101
30.192011508665374 0.8860143855284186
30.40661252379243 0.895367298119061
30.079368103062194 0.874010283625248
30.0177903965412 0.875796784531557
30.334226644773143 0.8934713369137413
30.331424606357356 0.8962036502099497
30.320406135425827 0.896098745920735
30.130863024696815 0.8786749452877602
30.27601079873872 0.8949275339643833
30.10022612887777 0.8827659188638084
30.113225567394878 0.8769974041062342
30.28553451921497 0.8950352788218958
30.39356790858772 0.9025703043556725
30.03194255278442 0.8767091426079188
30.771147253118446 0.9093158534804557
30.634289865137866 0.9075494044305831
30.66860515071072 0.9072397502669093
30.800091475027294 0.9104171917300149
30.684062050094703 0.907847540200372
30.836297404245194 0.910526289061514
30.705374319045752 0.9079625147217872
30.66305391210793 0.9075138597299676
30.752441258787595 0.9088276838857873
