29.33304998933943 0.879747532599952
29.141818093718225 0.8510051408910914
29.384043520339056 0.8492859122749638
29.2983406511037 0.8702959623749109
29.606817346951818 0.9006043411568727
29.28831622079059 0.8653733759816367
29.124413867818166 0.8479636952869262
29.587780738217077 0.89436196310469
29.306050177383796 0.8442472913691244
29.284185753953572 0.8390260621766558
29.263748954890087 0.8436938596731952
29.31868351777068 0.8453683828316312
29.229827673229813 0.8964353568298656
29.542520954208026 0.9124885090862072
29.189948464206683 0.8522267796439447
29.344011513410816 0.896999565983203
29.25673808102143 0.8266278639948235
29.362482431099796 0.8506466158406718
29.302903748429237 0.8510270058635654
29.343766053950453 0.8745691778914995
29.25773513387277 0.8421600058302677
29.534437034285045 0.8925407975768
29.25497663140444 0.8434703883567902
29.25945325958625 0.8413957144764866
29.375305968155164 0.8745172366162558
29.314854357108743 0.8735697104733098
29.254536935516224 0.8769423559976562
29.294955217485317 0.872037071995565
29.4643966296468 0.9066376838351454
29.201064157736823 0.8546691332036537
29.411788450103895 0.8955924190178397
29.190207069682494 0.8768279114422529
29.353298366159017 0.9016641993500396
29.33165081640153 0.82899167017286
29.333171284779787 0.8706961334166994
29.319070430691912 0.8476524829581036
29.336602108843756 0.844408536466878
29.54967826746725 0.8933594656302682
29.322229162000923 0.8675062083588853
29.242886335442087 0.8397636762647425
29.31780750609251 0.8753028838061048
29.32469798580375 0.8477430771152251
29.204148973095094 0.893658233037809
29.258696682118085 0.852493822430871
29.396232240496744 0.8987388629395042
29.17953922139882 0.8542034062116803
29.275021577948902 0.8795174174689577
29.32473689834859 0.90192620804111
29.301174333248937 0.8695864938294513
29.265042979578485 0.8253566343402903
29.493870441472737 0.9047227523107977
29.370371928404275 0.8846676395457563
29.594255352286293 0.9124211880766835
29.36383106445328 0.8864889132218126
29.190635925811566 0.8486549140704548
29.244844604004907 0.8561934940846196
29.27326886054981 0.863101825293053
29.306603695146674 0.9011583594521394
29.311777826363333 0.8468504874103739
29.332384619804706 0.8619272762588476
29.157751404978622 0.8521995572141436
29.226995300605708 0.849801781351928
29.54052315929978 0.8967985292878041
29.292111782220864 0.8650643626412139
29.292934106075393 0.872203899951808
29.352854657358584 0.8570547184046858
29.349902546564724 0.8736190822821439
29.308599527985137 0.8558933433327679
29.299512701430928 0.8660087288563006
29.54443226734037 0.9064493302348463
29.261449397559048 0.8394211635444689
29.320069129454666 0.8999388526492532
29.301510325958773 0.8672594178910018
29.56970483255307 0.890790023581698
29.49710340217674 0.8949941494381057
29.263851090960692 0.8676076530531988
29.20089917691543 0.8716006310702855
29.33676742512011 0.8472606109724766
29.34387443203252 0.8714516436395567
29.245771551339097 0.8362183791958459
29.520883113800636 0.8909466690048513
29.400317872372298 0.8772501558892309
29.401009994126536 0.8584937510931364
29.313172672719062 0.8432689076278529
29.507640166156705 0.9006067953434587
29.223887975678565 0.8628664384596236
29.34487243050897 0.8932423422233882
29.28329321142071 0.8682062645177647
29.976521895342934 0.9370445359892913
30.029095164719738 0.9396640346755932
29.931899925043183 0.9375508058380184
29.956374991667673 0.940650720610065
30.047601453248483 0.9394548744364468
29.981239787578488 0.9431515617853965
29.957364767362293 0.9388629570273687
29.824759697131608 0.9353558898990653
29.77827290063344 0.9356509296219285
