29.90808230688429 0.8765548014318895
29.54279490752791 0.8725476548398153
29.69606623064081 0.8945551834362679
29.939362976261954 0.9286228185512937
29.919808349804033 0.9265984545907697
29.50292429846123 0.8631135746357803
29.853509564224275 0.8851936125908813
29.600669722684387 0.8722751117059865
29.760063982100327 0.8523492576369718
29.642872053213132 0.877194314272632
29.87043817437592 0.8874991145698459
29.556068922503457 0.8717626859497644
29.62198644223012 0.8715319923937099
29.763466858886378 0.8894527984344357
29.891150534269716 0.8668551620324398
29.476016329583288 0.8631574035471391
29.57912423821793 0.8740166995459225
29.53113773119891 0.869208327806946
29.57782344417413 0.8831905618157434
30.30374484107306 0.9195478476491478
29.6562717514281 0.8820106521862002
29.929204644071902 0.8825463112156211
29.796230541078526 0.8936123696934748
30.042722687655704 0.9306916346118843
29.675063237323712 0.8897877210026457
29.71757377937685 0.8820989724767982
29.69657673795785 0.8897331175276029
29.781097637856213 0.8596571848064466
29.50049008163979 0.8632187716468621
29.580293033099135 0.8757521065287498
29.70179460142451 0.892304450156114
29.558841010414536 0.8748551944536285
29.477900343540302 0.863435172172581
29.52667553287576 0.8695057933333629
29.73066138561153 0.8721737197913121
29.55673079427983 0.8793107938526042
29.57904331335814 0.870893048433377
29.69012578389239 0.8770987693436195
29.9524203152375 0.8681372652432228
29.750086727907718 0.8610267196025191
29.527106440283998 0.8690297177361327
29.646817127887083 0.8715129953337005
29.479430233732504 0.8659747277182964
29.756424988490725 0.8913553542948658
29.623271134663945 0.883272456145667
29.71071763795006 0.8917279287054204
29.56607278782098 0.8693102731991339
29.536020327425344 0.87060444793116
29.863543249838504 0.8582880188695251
29.461114396615894 0.8604512532225741
29.6608114994811 0.8883062051607756
29.484074232672356 0.8664226212610199
29.53131476105068 0.8693449500887698
29.639034231340826 0.8794505763033713
29.830810011502006 0.8650615243696554
29.772870898243756 0.8911698978898868
29.63811379591322 0.864765294486226
29.733501578607466 0.8612450389023598
29.67248215757868 0.8827183598324632
29.621596136899825 0.8818814005844721
29.48480382314639 0.8618301882995723
29.56740843231084 0.8812398001853163
29.7017265304944 0.8686297537942289
29.63069459602415 0.8811041074490025
29.467393828478762 0.8641738284524676
29.496348275297702 0.8699979584484149
29.79872648150662 0.874743557295188
29.521097881632365 0.8676981760733268
29.893072938793527 0.8618042948633929
29.875357332189104 0.9260334505746988
30.066376922192877 0.9300130231586181
29.595571482232796 0.8724533338691406
29.814498623030914 0.8748997641084962
30.16136725334941 0.9265819012199895
29.517320933250744 0.866120958836172
29.631476677336348 0.8798636048305699
29.54634026767378 0.8835868672976002
29.7644452454095 0.8768756675580228
29.71796251676917 0.8913950167533704
29.725286292641382 0.8673387094212859
29.98412401032629 0.9272255206371585
29.647908094327953 0.8816788212718935
29.522596635240845 0.8622183311274109
29.84879089850971 0.8478114870992122
29.704173858605945 0.8783726499018079
29.602047510782015 0.8691483147955631
29.670677128321774 0.8685992874244969
29.620814826467658 0.8784963378784919
30.963937631480075 0.9669314446165612
30.83397931759455 0.9638134495109197
30.970953344528006 0.9661758999745943
30.852477240134913 0.9642741001095924
30.820228287593984 0.9647333780814978
30.834824002303197 0.9636620851236949
31.112473655604536 0.9622605733800962
31.057741087644906 0.9648157077397602
31.119934605091398 0.956658588266064
