32.72156126579457 0.9635135867140209
32.81679528790655 0.9635026822842944
32.53436181411025 0.9589657592809743
32.646805530051125 0.9602827046609065
33.14812014433201 0.971106489265414
32.36186745275239 0.9597740048358727
32.55947558885992 0.9605977637218203
32.55223886682127 0.9600142900745279
32.60439849620113 0.9596808162683435
32.51488289635692 0.9600738008846289
32.782377481106614 0.9643280322138504
32.75046415445153 0.9630414834847728
32.41342219698665 0.9596009437519062
32.44908162648889 0.9596589901156107
32.55648790159569 0.9598963990760759
32.776757369209555 0.9643870462908958
32.63044085979773 0.9607864771229743
33.188387957727386 0.9712317539721717
33.258233241871345 0.9709695988089817
32.49522607278151 0.9617379622565898
32.64841718740494 0.9625830207087992
32.624371209295035 0.9621569513750035
32.5151724938195 0.958995027250675
32.45446193261786 0.9604951976185592
32.38378109488185 0.9578731091223842
32.380664856164394 0.9605130571374356
32.67742602495859 0.96186429644923
32.538636333107426 0.9602707350356613
32.69316219411405 0.964538080924866
32.54493210890673 0.9601172148329872
32.56037795864764 0.9604957705106153
32.46318398181583 0.9587095029677882
33.13222982089851 0.9707667649905007
32.55726302263658 0.9603757345552454
32.559630787864094 0.9580846737510217
32.43347359848036 0.9583258939009136
32.606818122735184 0.960766705024357
32.48445604774285 0.9600744334789327
32.43260644076613 0.9600762650806185
32.52446042728044 0.9619434496190874
32.85879860062789 0.9628587830206774
32.763260360328495 0.9605903771441084
32.74972698929239 0.9636285951280399
32.37688648577787 0.958684808492273
32.33154513754513 0.9568680664728353
32.64657164903764 0.9613278435514426
32.52721040464324 0.9626138029285145
32.397742458625046 0.9593986816361814
32.55248471902664 0.9609964746738298
32.32206653757448 0.9580436367215558
32.4651515420168 0.9590362294109437
32.80266135671165 0.961457949808751
32.60757705957755 0.9602289538528045
32.78306143696052 0.9644290416431653
33.10093153002398 0.9699804086380645
32.710621224845994 0.9637884880496079
32.66658753402973 0.9618005635548369
33.320236237255926 0.9712283646332774
33.13439591268886 0.9712407489164299
32.495581463677354 0.9583061436970463
32.75277201728097 0.9603640923745207
32.58309826856547 0.9609185556876773
32.69903362958188 0.9628422493400178
32.64751371292877 0.9606643934433132
32.44295786978229 0.9614694725431955
32.54959347664601 0.9599659585953705
33.202038097863536 0.9722363429801711
32.453577824146976 0.9567237597500431
32.42316198912201 0.9602579986926116
32.46631003073853 0.9609142492959898
32.46760759499437 0.959752801220654
32.62646464828566 0.9601771494270622
32.40587198149532 0.9578383946054841
32.50883789429813 0.9605353692523204
32.60868367984255 0.958962181185069
32.43766723921459 0.9575210880836676
32.537398124989714 0.9597021849992452
32.46086897981131 0.9608753600381964
32.63457740717484 0.9633619554350993
32.5713282320912 0.9599659260526267
32.567246307331516 0.9587983571177346
32.49046757371086 0.9611450936249177
32.369573410521724 0.9596552186105163
32.39678210872009 0.9584780912987638
32.50607684012418 0.961273266054869
32.39416796662124 0.9579773448900504
32.481521842164426 0.9602038346631756
32.78514397672926 0.9613338407251489
34.223722139736964 0.9763280873762457
34.364415722561745 0.9766411066690457
34.26805757598328 0.9772119471472421
34.30817594233198 0.9780986418095958
34.324194133816434 0.978525096015385
34.39747955225187 0.977233241476625
34.23713237467587 0.9775976658761035
34.28250389817316 0.9778755202656455
34.33421808803511 0.9777901868004251
