29.44912702912834 0.8809462143465929
29.26774573119378 0.8645697550904203
29.570911679965604 0.8729044200707976
29.40553273414104 0.8760529757457772
29.73472506912583 0.9138077303716368
29.439643823697097 0.87475277631217
29.256958312465 0.8574684927688419
29.733713697207342 0.9078309414097974
29.4254292549478 0.8619199367839331
29.46030848073122 0.8590156213605735
29.424460853878685 0.8618493101209072
29.474788276520524 0.863034753977997
29.39714352204883 0.8855396290513602
29.67318788060018 0.9190274790923997
29.344049844101974 0.8618694118616879
29.469037786856354 0.8887530193879781
29.426823754741687 0.8464743229447154
29.579050887542138 0.8705365523604109
29.49457001161434 0.8692044002556626
29.498377108379582 0.8803073838652022
29.436554411160238 0.8632499108631849
29.64473476655514 0.9077495817999974
29.426729645110036 0.8584550157131591
29.445734534018904 0.862383172701812
29.494975653626767 0.8803429366376745
29.487814362933204 0.8856671297559472
29.349334408525273 0.8759499492931025
29.447706205639168 0.8794174562691924
29.573967794404016 0.9150877844523425
29.35939302057762 0.866554872919165
29.522414058245626 0.9022733392351968
29.28092913028706 0.8779755731739967
29.48422848764176 0.8915819826137759
29.545491482771755 0.8544568512389674
29.457135731445053 0.8760475569099752
29.512949265235882 0.8655643347058993
29.502387878185207 0.8723827410414254
29.66842255748674 0.9102591775804973
29.46732661449056 0.8744572962497607
29.40241925617423 0.8603901451496445
29.48418675440397 0.8888379558855098
29.501680977848203 0.873953425708814
29.322333434229915 0.8846593357112946
29.42719559433714 0.8635561427340451
29.51376422459516 0.8904224424623022
29.32146889585659 0.869038160758194
29.36147886148852 0.8764219368319406
29.470985850409566 0.8932042464866318
29.445370961026534 0.878268119186243
29.454506616929685 0.8507517937078178
29.618878659970306 0.9113347457441309
29.471225579751106 0.8848652538122018
29.714102204134832 0.919757670451297
29.457518703606883 0.8870599788828837
29.33205150250807 0.8562573081786747
29.404318512808743 0.8669583969284039
29.415839797253042 0.878821943999509
29.480391486879824 0.893616778947965
29.477047111236413 0.8602270736517428
29.449010576065355 0.8715836353821754
29.322704701266346 0.8644648118678124
29.43987642417555 0.8673644427263631
29.703631278985473 0.9081813483924943
29.44694434367294 0.8761459092627405
29.42207655294218 0.8785066060101331
29.526822052352586 0.8713207073329629
29.462584826805312 0.8827747632555367
29.514978996166406 0.8734502971295941
29.418901248815892 0.8732585424459505
29.671917865347655 0.9140113437198052
29.42604168674334 0.8592045789844663
29.440928783336023 0.8902084889814814
29.40868811783346 0.878890401861654
29.718107813472976 0.9050663338766082
29.633723851786282 0.9064173034311496
29.40431564090083 0.8767071338092028
29.289718095959497 0.873526259505756
29.487758152276648 0.8715064298599708
29.537766683983246 0.8841458266605474
29.423957309102878 0.8574840540809945
29.656886774498055 0.9061364033389511
29.54548238460129 0.8910345288213277
29.60705767148832 0.8810634355015838
29.491395778593965 0.8645857582475374
29.660507253188108 0.9111421375312816
29.37347619549073 0.8717542525783075
29.44743895863489 0.9019160572903785
29.39425705206577 0.8773704448174113
29.976521895342934 0.9370445359892913
30.029095164719738 0.9396640346755932
29.931899925043183 0.9375508058380184
29.956374991667673 0.940650720610065
30.047601453248483 0.9394548744364468
29.981239787578488 0.9431515617853965
29.957364767362293 0.9388629570273687
29.824759697131608 0.9353558898990653
29.77827290063344 0.9356509296219285
