29.323900449433545 0.8900753852597203
29.186777562240103 0.8698246675220558
29.418869743782658 0.8686920274957889
29.31840138029919 0.8830546683864484
29.62909436044949 0.9117285023071003
29.316944243419005 0.8801284051954962
29.28519900178044 0.8625003242357604
29.62252696937005 0.9067493235369238
29.447024004200436 0.8601987110875452
29.361503507123686 0.8585598691161573
29.414336746680128 0.8595335335203995
29.45808159443356 0.8611318646990371
29.420753916074894 0.9055693599007828
29.54945436092629 0.9177324643179975
29.221204112395604 0.869767540589191
29.565549374919836 0.9052252505394451
29.347741938490888 0.8432026060717409
29.39816129482766 0.8700861279028183
29.374176411269826 0.8709601045532789
29.409095016901567 0.8896299265876876
29.300043330133903 0.8632763918983779
29.532073232312005 0.905069311966337
29.407139643407852 0.8583623050201373
29.3187788817526 0.8600902801576769
29.408250403699938 0.8912136981871932
29.388136008178872 0.8871770990959733
29.261210783286856 0.8890617270526873
29.378295767263438 0.8876495744878898
29.476699207243826 0.9129059059029037
29.346155341744833 0.8702179287082278
29.422030222128683 0.9017802996602259
29.227076908866998 0.8914955830479011
29.571540598876783 0.9086812263645226
29.36621699575999 0.8502426050005462
29.38754205794773 0.8860206493649908
29.346059563637862 0.86856469199256
29.383584083161995 0.8680335422016205
29.57635869875675 0.9078952663668338
29.478234127210314 0.8798185777057013
29.259477703346974 0.8577325916386909
29.34572558471288 0.8900896040521828
29.328137734929157 0.869348218858321
29.375735238773252 0.9034101968105681
29.418169392118223 0.864463560135455
29.564758811177626 0.907443416528061
29.229811856089324 0.871229919906245
29.272043697704095 0.8930513289441067
29.510892423351322 0.9088555062916315
29.385196233663784 0.887471784201114
29.306509908512414 0.8493995818174636
29.510205717899307 0.908876214417885
29.419581544335067 0.8959123155381715
29.614633905907368 0.9178451461511131
29.345612438175447 0.8975940141918788
29.32308877809746 0.8646441193202581
29.28851251945858 0.8711801133038458
29.32520049200648 0.8797000523615872
29.550522722695362 0.9104411606160682
29.45373968813282 0.8626483705184523
29.42502928721084 0.8783715956662784
29.21123179051911 0.8709932732722941
29.28623298175033 0.8674574863614057
29.58876028471487 0.9069742756862578
29.364231316091956 0.8814555592399373
29.377578332198535 0.8848458726385187
29.51617721237065 0.8717339306488348
29.474628518915473 0.8856609118345182
29.357276172615734 0.8719978666317334
29.405396186714256 0.8814609996833974
29.58139772671968 0.9119445392224623
29.423353824714063 0.8568525491513292
29.52290396428406 0.9059067567376275
29.329355492148757 0.8836771756195791
29.587920545774647 0.9017835853561035
29.53622281904891 0.9032987747916534
29.397932256037997 0.8824873380513564
29.236313875401407 0.885399161962986
29.376980687004476 0.8674710883870689
29.42619774270711 0.8870025429837103
29.308663955170875 0.8577924746677266
29.56857149307627 0.9026656018449574
29.414501210458788 0.8916197282366575
29.46070065505139 0.8785961320410755
29.3468228245613 0.8615234690243079
29.541085254964372 0.9092699928625366
29.237587589603777 0.8787706942596284
29.362388188455295 0.9013163067099584
29.44393726089633 0.8822369354772469
29.976521895342934 0.9370445359892913
30.029095164719738 0.9396640346755932
29.931899925043183 0.9375508058380184
29.956374991667673 0.940650720610065
30.047601453248483 0.9394548744364468
29.981239787578488 0.9431515617853965
29.957364767362293 0.9388629570273687
29.824759697131608 0.9353558898990653
29.77827290063344 0.9356509296219285
