33.63325895232907 0.9705395316448668
33.42289838488558 0.9693471302431693
33.72010596556168 0.97308454442327
34.39164703382892 0.9775680746174856
34.386183477119516 0.9775058143008861
33.76598252497131 0.973831998584287
33.76920402448991 0.967272485529419
33.47969873137969 0.9711821860195833
33.6708975638961 0.9720758342848964
33.62605798639384 0.9687426813538504
33.77395461711659 0.9732199611609311
34.79489276557805 0.9797283760823555
33.47696169449888 0.9711352665180303
33.588363774009494 0.9696201639718752
33.3471111625012 0.96682504087177
33.67828601739891 0.9721810281442663
33.64035813165764 0.971134536143586
34.02177869836935 0.9739030654948907
33.704493945775184 0.9724565922649029
34.452239725765274 0.9785771518832322
33.67307911509223 0.9718349172817397
33.63371980314981 0.9710161531525147
33.717837603618584 0.9715094475887761
34.629532420261825 0.9784212837737027
33.728793256967336 0.9725839735952324
33.42480806083063 0.9710248353034068
33.76478729300818 0.9736826191071075
33.784686504731695 0.9687344719232629
33.31909297301656 0.9662467436388261
33.888661983307394 0.9716080584553436
33.75142228674343 0.9732074515577556
34.44259042237804 0.9785522802211297
34.3353859292965 0.9776650951968046
33.3992092205144 0.9697661164595746
34.58675542478273 0.9777595696977273
34.27164468791909 0.9752632806730055
33.384443529827465 0.9699329375420556
34.43173706345581 0.9784486065382322
34.34654689513173 0.9759885036434686
33.91803655558489 0.9696225213644775
33.7665329544557 0.9733239387714262
34.40907055530179 0.9780599840410055
34.732630093106714 0.9792660318013892
33.710845044613734 0.9714947773793684
33.477138241255375 0.9707976419385438
34.062744299435614 0.9745238206608194
33.96608116441043 0.973039683680137
34.32425892213295 0.9756844557249333
33.665502868601315 0.971830892985748
33.72388989384932 0.9726691468536757
33.40257593993829 0.9698100147805608
33.522586287272716 0.9718803224012327
33.81103783029365 0.9687119084601894
34.49067786429816 0.9787397731240433
33.35471670529471 0.9680013627305221
33.97362620196317 0.9717486349663041
34.33301422945479 0.9779214427855135
34.0190807037628 0.9742354317195513
33.340125428029886 0.966653571121059
33.97913013137691 0.9724127307219304
33.60342518119282 0.9687727465973773
33.6863731533422 0.9722069628367799
34.304934289622054 0.9770896144486022
34.6846042948239 0.9788838495880496
33.821193204285336 0.9742698683190338
34.05757055473888 0.9740670464952874
34.682187682617126 0.9791290642453757
33.82028911873903 0.9736052909167424
33.756282272703466 0.9734390464995277
34.736906056566625 0.9796252035639473
33.71908306531751 0.9726289165818219
33.87547529776308 0.9705379671936712
33.6278024255856 0.9706436513130401
33.99630390653266 0.9732459299701406
34.649542842308556 0.978881787228535
33.292927962894424 0.9653608979991807
33.37777131251712 0.9689209351938122
33.76315150300662 0.9736347540844814
33.54183264615411 0.9677640173485156
33.886250676672496 0.9725383762585168
34.434979065849575 0.9783669496227969
33.68912887370716 0.9724928483340443
33.686770386673146 0.9725533531354956
34.37640353948503 0.9778918283705135
34.42236661132516 0.9777988689204782
33.63697351329043 0.9708748122454297
33.44247306516958 0.9703618314129084
34.08546807650102 0.9749213914780325
36.49949947896088 0.9865468632662464
36.57097552210336 0.9868347320930406
36.51844246979173 0.9868257599629404
36.530381846545396 0.9865773404383675
36.503743678529325 0.9866676540654314
36.388207022271835 0.986383614539252
36.5290218065953 0.986664933296087
36.43708427833461 0.9865650251705064
36.50625584291617 0.9867148278172564
