30.112612499813515 0.891340184379762
29.89962673115369 0.8865751069946686
30.600926237725133 0.9477828493318418
30.179528079294855 0.9453335412550778
30.17442782595832 0.9347453217196532
29.823373311997685 0.8996417457873839
29.99536374624447 0.9283108066889105
29.853136102870508 0.9269445345656677
30.13449186213215 0.9203345359869631
29.99766272949456 0.9242020979631098
29.76551186293741 0.8728816776631626
30.006130764904704 0.9161401843428216
30.63160238221926 0.9524239557764639
30.22135430378338 0.9476017730081484
30.20844305080007 0.9398980337713851
29.855389885374947 0.8933087999796234
30.12418566837826 0.9407764475832726
29.818264338177038 0.9101925438854159
29.80160022390184 0.9113213281879041
30.118658376258068 0.9365323512727277
30.601012490005694 0.9494908467055657
30.513051919959043 0.9418392592697151
30.140222390312946 0.9204463570100785
30.63447895094024 0.9478793225131468
30.09899026382355 0.9058103597400529
30.175107757655077 0.9328469498488932
30.174603628624407 0.9461127560579394
30.035899706008106 0.9054430764752311
30.501541555577223 0.9421432870941528
30.570089117299478 0.9544693643751065
30.177273777610054 0.9060029868678108
30.643185045258853 0.9487724711473214
29.771049709303284 0.8960368221663887
30.59569503778107 0.9476562901349187
30.15460304327067 0.9340229123714295
29.63218404058424 0.8569771327749854
30.17610109737783 0.9122468056644647
30.130015065135765 0.9161217643490445
29.686509348040325 0.8647103124823093
30.52543796300548 0.9504309788897108
29.8859334419252 0.8805508179173656
30.077468320636047 0.9003372889152638
30.620440389894334 0.9503069546789639
30.193470218259144 0.9424755902192258
30.255503416107366 0.916586684972777
30.099469063623566 0.9241656110014687
29.994680451933373 0.9193779614661782
30.191133396983652 0.9457552834308965
30.19538284802701 0.9382166828651055
29.61885271077927 0.846696584617971
29.82422672793742 0.9241315161631348
30.19573891798295 0.9186481974880591
30.11281083573731 0.9356957842804631
30.528306302619733 0.9524156444494747
29.850987254138843 0.890455716855275
29.95458170663039 0.9255894793760153
29.966996407894126 0.8765840790225382
30.21447301629155 0.9147397169683054
30.635249103166416 0.9509464893283158
30.082097140091605 0.8969240526497422
30.179445913569655 0.9370016548346166
30.307289403008774 0.924507305145495
29.94194798923497 0.9090407107116362
29.968095862327218 0.8976191919535813
30.01224724880164 0.9233224409307649
30.164687963464058 0.8965159847036177
29.807970676001723 0.922050204192277
30.1674430879668 0.9132202263753971
30.211044641211934 0.9389562328894415
30.058333324440905 0.891761552988888
30.137956883032384 0.9444890542597754
30.13947941133289 0.9251191801682472
30.580490688119948 0.9445783651332552
30.05976228321218 0.9330170131607791
30.07379052551954 0.9228265029078254
30.19113729828952 0.9389321780041181
30.61072657161401 0.9498516374806456
30.217614089831606 0.9468920439710676
29.768261894384402 0.9110547120811295
30.018432566615036 0.9094594897358849
30.001275932407417 0.8936769881074461
30.623698712889002 0.9440210228769933
29.739418966722525 0.8895507863493767
30.03660546247433 0.9303378490044725
29.782558738600745 0.9079494116197672
30.191268567800257 0.9324806961806671
29.792749980645645 0.9025502173142302
29.953893933760675 0.908825243714903
31.260280791593935 0.9671278932848292
31.310986533658554 0.9685443673515388
31.250016778049932 0.967667205646891
31.210738597122827 0.9672476038892193
31.3519503157789 0.9688673548072819
31.178053557885246 0.9676638683490495
31.261574933543187 0.9667388487659533
31.17824395654178 0.968951610912501
31.307396481686652 0.9680780169037038
