31.72234580840037 0.9550111126514588
31.54137778021605 0.9497232519355823
31.72582311064318 0.9554272794087253
31.659750451886236 0.9597136121208051
31.706276225906205 0.9589902469898268
31.75824214771812 0.9554636768466536
31.47542841178895 0.9513276026689315
31.42423920330545 0.9483689495384557
31.804699835496933 0.9565935442190852
32.310307398603854 0.9597336104267313
31.518215319627885 0.948727212964652
32.27975404432869 0.9593506014267335
31.654513300490805 0.9591845137880659
31.435494738466637 0.9518680728507767
31.560145750387967 0.9502190899462515
32.286064046818105 0.9595713280879057
31.44287159069624 0.9515069908141021
31.41262784990902 0.9476756181232948
31.675685955722486 0.959345073182231
31.657329699696856 0.959718106024408
31.742315283708095 0.9553208089307292
31.537628517307354 0.9497139438175589
31.41212684441736 0.9480778614549484
31.566679992459168 0.9499298604773357
31.730667752259798 0.9548673780268577
31.440882681474996 0.9480755204516148
31.643531083333546 0.9504994199381585
31.73289899370043 0.959932296382069
31.562138126025086 0.949918128617876
31.73425714697342 0.9599531523450436
31.441675626123114 0.9520162920319143
31.445147496036295 0.9514374843706349
31.399968749028183 0.9475342257533907
31.75255779549826 0.9562058634609835
31.55449889107853 0.949744252236594
31.724860253520006 0.9553200658303305
31.824366206988046 0.9560666035612678
31.676883842465134 0.9597334044297591
31.696442040480513 0.9592985488485376
32.271928879323745 0.9596096660829143
32.282344397212405 0.9596582105351508
31.435959627687588 0.9514327615824637
31.457447039929065 0.9518234306455857
32.27803158731762 0.9596396570733301
31.412252698370846 0.9521661121056081
32.36151943234108 0.9599214371699183
32.34064541035683 0.9597343197008718
31.45778372172613 0.9514269809115473
31.545943433660966 0.9498762640158961
31.72260636258006 0.9551699139421679
31.542760035824955 0.949661240578753
31.55308526104622 0.9496914283802472
31.508210937727487 0.9526091458332077
31.445044270527145 0.9476573274548687
31.569373478471626 0.9499462582805543
31.648656129085243 0.9504992988972839
31.410840242584612 0.947647475050508
31.670632496425107 0.9590447958974909
31.660519042968396 0.9592659910809932
31.799007560076852 0.9556179671794971
31.591122998837157 0.9499829394809014
31.506953658757855 0.9523938631602469
31.48111972234698 0.9484751743398087
31.78392877847997 0.9552991817606149
31.422887449815384 0.9522595950437638
31.436308709373794 0.94839826817983
31.73671069011788 0.9560232426819275
31.416340678521337 0.9477216509726059
31.43809123627784 0.9479416637509326
31.442377186088365 0.9525969434542991
31.399009111226633 0.947949245927726
31.44579171540414 0.9514575736116309
31.570688057424128 0.9496802565406587
31.660019507662266 0.9594407206437501
31.73736229747111 0.9551732128819264
31.449060234235688 0.9521214473932004
31.507672059313613 0.9486598370947675
31.768681393090382 0.9561438289681178
31.55582091484975 0.9497628579796574
31.735623257578194 0.9596991652887067
31.76092635998083 0.954675969819023
31.509854090530837 0.9523956507503195
31.44011833541931 0.9475117062838198
31.671828021753004 0.9588582817973437
31.557088022500682 0.949805894500391
31.686324716965864 0.958633507632286
31.691206513724282 0.9595820644680347
31.403058549694478 0.9482295001368437
33.17166743791019 0.9709760115798451
33.17498267391509 0.970918467195091
33.163050095712386 0.9710851049455226
33.14158736273344 0.971108999868524
33.25925966049106 0.9719948924913057
33.19647579084651 0.9710880160402521
33.20918435491181 0.9715084179929193
33.21358177842425 0.9710468014113216
33.22554297085149 0.9714527033312892
