29.955173300159963 0.9227575232200147
29.880414738526312 0.923826156550352
30.294593589541474 0.94521390672356
29.982789059097193 0.9304354628126525
30.222523319229015 0.9407613596338937
29.982037536525695 0.9319058508311238
29.869732269154497 0.9224855667215632
29.975298894913422 0.9344951239853176
30.05498037911942 0.9338706953526
30.38678658353463 0.9453629158989975
29.906269732904715 0.92288107216667
30.106071365340178 0.9288496009038227
29.90518538774412 0.9257271858960422
29.965944732003432 0.9192032035057456
30.031912908217105 0.9324629829993608
30.07084928020394 0.9299063203776555
29.803957138435866 0.9182591209615159
30.34495429592266 0.9450803923661838
30.11081684507689 0.9307476494625475
29.895652190946524 0.9330535350164157
30.107128944791526 0.9240697329551725
30.300063153676096 0.9451678968056941
29.956972048165294 0.9273510935968099
30.303617899333133 0.951038335054261
30.05435679878254 0.9374998933044556
30.03541612863693 0.9349788586549183
29.99651429261875 0.9178688988392408
29.84497828937728 0.9202862690918723
29.877739041282343 0.9239908008308941
29.97106386062395 0.924365447367629
29.929520530651782 0.9228100041759227
30.182984796345437 0.9253791288574909
30.00123836862036 0.9156482763045437
29.974482733755544 0.9215785160162606
29.925458538329334 0.9247502704958659
30.095406671282674 0.9303175881343779
29.959025627192357 0.927078379765139
30.100399402797162 0.930787475254801
29.890820721985012 0.9220551517939958
30.054709942414696 0.9261339158239912
30.248378098858527 0.9258299125461844
30.047720017803318 0.9148482633722697
29.92490723993699 0.9266557758996823
29.892947380276837 0.9265966467796671
30.27548850273903 0.9478820508967835
30.306027599415224 0.9415138372024565
29.97766483845637 0.9203888329646507
29.892363345199286 0.9211198417096298
30.081963534415436 0.9192695341601141
29.966840144041413 0.9255933909839809
30.205639236326363 0.9279548374160248
30.19648974695977 0.9394436590046346
30.0203221381864 0.9225228335752883
29.938744733497728 0.9267414957279598
30.225348698812166 0.9457461082520141
29.917949069511813 0.917231986758461
30.16694737887029 0.9275895671161298
29.886683706027238 0.9228565931729914
30.319330311493424 0.9520200568490493
30.031052197858177 0.9363669650552939
29.88988924463509 0.9222542280621019
29.844673365859723 0.9237466986148011
29.814243595377313 0.9274988249994198
30.061847015297314 0.9153556935501642
30.216255271902625 0.9453192574864081
30.062481474868818 0.9289758647207078
29.988525998818734 0.9268618154066318
29.883172251624156 0.9222364451088088
30.026271957182903 0.916482416401104
30.04683263843971 0.9174224442903192
30.036944983927903 0.9289556955472174
29.886997584638735 0.920204212681602
30.0897544398996 0.9267975656961639
29.96574318624021 0.9158595436213932
29.794951476971168 0.9197527770961994
29.905334291880827 0.9234328752553613
30.220123687649135 0.945348235113832
29.940538421591256 0.9243228665553611
30.01791476547367 0.9198447398258274
29.915356760639597 0.9311104562016342
30.16875110040621 0.9425368877897369
30.285858888254502 0.9495103166142075
30.224791524153964 0.9336090940271426
30.049773651971833 0.9159975372627787
30.369640089206456 0.9509020963923781
29.980338122819596 0.9209103353509294
30.101944565684363 0.9367297937196304
30.081222847186034 0.9349232360680304
30.972611308181605 0.9640662317039936
30.884245672695663 0.9634471103854504
30.901503214689562 0.9633437492844759
30.956280956185907 0.962131164082716
30.89193242597375 0.9626931420218724
30.874837434160725 0.9627360537901475
30.899671710771663 0.962742204125362
31.002962599462943 0.9625319855764489
30.871611484337606 0.9632623721737908
