32.02850925002602 0.956941230448845
31.667923856813324 0.9548075046398606
32.00580664405979 0.9573533927026502
32.21462518751196 0.9620380988154286
32.228238005381904 0.9619373483526946
32.03838940629035 0.9571777165025511
31.851430476372826 0.9544643694297319
31.633965446574955 0.9521339582211896
32.10362952534088 0.9581968539625398
32.18454284626764 0.961792838274478
31.673027104398734 0.9523186323346823
32.167552486317454 0.9615681870365776
32.25921928936764 0.961599051032348
31.803179436039656 0.9547496099942977
31.67958805549685 0.955040376671196
32.16867946886863 0.9616954534256738
31.839500756529247 0.9541377326036018
31.660918519438756 0.9519701750475837
32.20902902255706 0.9617925944070106
32.23964615249926 0.9620968453658354
32.00710612251914 0.9571407826407483
31.68905587710208 0.9549850002451894
31.66839560239723 0.9522323196491648
31.725077179963208 0.9549357968021042
32.005549443617774 0.9570162975307249
31.677330711695703 0.952247626640748
31.7305509700479 0.955240570807311
32.28952867512148 0.9624103015096177
31.698318063835874 0.9548996245275408
32.266226238877316 0.9618222834791504
31.839422938233717 0.9552868320535631
31.851022840092536 0.9544558285126312
31.67168473496335 0.9518552884782594
32.04820023398696 0.957871366628012
31.700950537208847 0.9540518110327083
32.04346255080662 0.9569152850250312
32.07196011621886 0.9579375796480126
32.19322348984183 0.9621139357321741
32.21457837976984 0.9619780135994801
32.16730650653858 0.9620158131584191
32.15828795129919 0.961906900846563
31.81542394174044 0.9549262129602804
31.82418069675425 0.9545590180177478
32.17086806125963 0.9619261785063123
31.842137339647977 0.9549986706690232
32.20927445501195 0.9620203467800071
32.213220809084845 0.9619798025972744
31.828865668509607 0.954561438166697
31.711711373635044 0.9548042223141053
32.02771228360848 0.9572202228571376
31.713784953488574 0.9545117914112903
31.680005133143176 0.9550626160581931
31.881703927709275 0.955580779833234
31.6785497384846 0.9521674328166467
31.67544467385937 0.9548293355110965
31.72689076916744 0.9549896188135245
31.654407869704215 0.9521202278378024
32.2217260574592 0.9621079636751476
32.19313033504971 0.961913070885706
32.07333901201408 0.957411561097816
31.734624828152214 0.9549342331219619
31.89354244658858 0.954950771530279
31.675572580647383 0.9520737674763885
32.08807051402359 0.9571378149055564
31.83555156163189 0.9549590782183095
31.64157473492372 0.9522496344738837
32.03544991309815 0.9570579549603581
31.66188179190847 0.9512729920240617
31.62679040789935 0.9523322180209628
31.80332346856856 0.9551821017756662
31.654992271349688 0.9523491319677221
31.825389162480327 0.9545854372734712
31.734052529345547 0.9545432182772039
32.24382674399117 0.9617631003126177
32.00278706769131 0.9572729112808436
31.838364144214584 0.9552579376046051
31.673198198359103 0.9524162888508013
32.04797218341219 0.9578705935731759
31.658411857532315 0.9546728225899979
32.27027249054307 0.9617934256226668
32.03490147945057 0.9569774059362101
31.87335482169798 0.9550546915014242
31.632834669572794 0.9516582013365463
32.24347848371334 0.961404747205094
31.70158087862751 0.9543434231228952
32.19946030674841 0.9615151485993525
32.20470372625981 0.9617810227493335
31.64965938872445 0.9519589213353273
33.17166743791019 0.9709760115798451
33.17498267391509 0.970918467195091
33.163050095712386 0.9710851049455226
33.14158736273344 0.971108999868524
33.25925966049106 0.9719948924913057
33.19647579084651 0.9710880160402521
33.20918435491181 0.9715084179929193
33.21358177842425 0.9710468014113216
33.22554297085149 0.9714527033312892
