31.719209610213856 0.9343435285778657
31.612280336742906 0.9341076556085371
31.587049199009115 0.9371825332088203
32.03383884514352 0.9469835538240352
31.571949733836774 0.9301478704499557
31.580874862928066 0.9346460503827346
31.594131881478905 0.9365299456320657
31.778238509445554 0.9346022315160274
31.799785576230924 0.9409261409109042
31.55248960765531 0.9290719989678913
31.684383955494194 0.9327202028286447
31.66770493009956 0.9327171120523552
31.576035273862225 0.933433656663412
31.738150647003046 0.9349410111001774
31.957609826309366 0.9454956769244545
31.792640446030497 0.9406544842673286
31.57757923770952 0.9311659369803158
31.768328636000625 0.9396979813222421
31.720616686389107 0.933780728755705
31.596092658680828 0.9344421151989107
31.751465402156292 0.9380883426442652
31.72661982637361 0.9388373832379528
31.689612555187992 0.9387936541873702
31.750342065385727 0.9379882154580709
31.98084048851061 0.9462564299937359
31.946404466268014 0.9460993325173943
31.787574745658983 0.9353563527631393
31.61072589836836 0.9303193981488254
31.745418653595546 0.9337418737729566
31.78948823925298 0.939458609873726
31.97104599075172 0.9460665258853799
31.624695370081348 0.9313016846143215
31.5885704899993 0.9345914820744665
31.65444419160694 0.932770476141541
31.54718351558847 0.9339434909123642
31.635657203584692 0.9312226053570124
31.662949947705677 0.9329637076125137
31.63220367365949 0.9374785053394113
31.674796799866925 0.9321758891998649
31.70423451434091 0.9335137597423364
31.945533400297677 0.9459403372179004
31.676742973483663 0.931062660326124
31.707260675110497 0.9339455862388464
31.66955567600079 0.9326123848808181
31.70280998256681 0.9337766440674492
31.694652474217136 0.9324306581315221
31.67687414949892 0.9315276595279829
31.746365068066346 0.934565495946133
31.59178797416352 0.9310236204680452
31.576885806902673 0.9293985223210394
31.776646013825808 0.9375867006372096
31.678215861758797 0.9323185282966685
31.757406037233004 0.9390141576518535
31.716381174285733 0.9334801434655656
31.750050926030504 0.941058999426565
31.534754511280635 0.9294069486804969
31.67361724562264 0.9360125713590283
31.63915640256387 0.931934195068537
31.626528832192136 0.9321412669660446
31.612539145557818 0.9301750106161428
31.62752507595097 0.9328069130962606
31.608020007910497 0.9366597465114055
31.73903844876692 0.9332142745135206
31.74177443887389 0.9382555281000869
31.581244639490862 0.931691811801345
31.541944661659883 0.9328974096473251
31.95231403835386 0.9459947808352439
31.600662890846642 0.935674051078441
31.81137826079975 0.9398681914111455
31.76833919519816 0.9384678819249923
31.797860232291598 0.939038646019312
31.532173968640144 0.9335532870599655
31.63130259263161 0.9325822538761266
31.716314660371875 0.9333627960592802
31.61705821039576 0.9363678234935062
31.664118876219497 0.9333181256064312
31.758716234618603 0.9406207914652835
31.55200297206127 0.930417247118347
31.68862561836898 0.9323473941318828
31.959259404649778 0.9454339626250193
31.60192822556524 0.9303705087225891
31.77388202657198 0.9392899639661821
31.55035383993962 0.9303762900577891
31.564500084592012 0.9302985133740567
31.686671846973546 0.9330224506433126
31.72381954932532 0.9340092022796637
31.618575068341986 0.9305403340469911
31.609038415887134 0.9302640946894154
32.22766944759104 0.9509244346949473
32.2443598645572 0.9519321574825628
32.14770553577986 0.9507920809211504
32.190027166591534 0.9511553466989974
32.164237271869176 0.9507820474570546
32.16540533584897 0.9509358408449508
32.13674258305821 0.9512951177612046
32.24718192800785 0.9512028145238781
32.17505069889489 0.9508694623101838
