31.384235475222503 0.9316166078980952
31.41124809635088 0.9306357485126023
31.40971504440815 0.9339954436444996
31.86860880472964 0.9436470000095302
31.220102347187584 0.926074395227767
31.389353917783396 0.931711722254952
31.407989071490864 0.9333631347871206
31.42672405240042 0.9322910237336864
31.585847357135457 0.9393148006399645
31.232115032835882 0.9251433607944782
31.317674319597923 0.929815419910524
31.29574549266707 0.930214500892472
31.399803843553578 0.9308063889735017
31.370305793663658 0.9316707244812619
31.808477853396838 0.9423719289089625
31.589933330390107 0.9393158770548119
31.244364593639112 0.9278333732420722
31.587575861172994 0.9384650341158025
31.402844081897953 0.9313894992852911
31.414198122587354 0.931549000156829
31.533080344347848 0.9365050569021174
31.538462798118378 0.9371264368309036
31.519891867246727 0.9351205466080698
31.563918918602457 0.9369317746147532
31.83897584547814 0.9432635078410279
31.79295237451772 0.942823254464147
31.432194569528026 0.9332561701135647
31.258160148686155 0.9271188527386234
31.449872458831724 0.9319030319591453
31.575244244532648 0.9383669291200399
31.823102888657978 0.9426828485730505
31.288054580641663 0.9279131256338815
31.412999993337444 0.9315860325392319
31.328595556649596 0.9292058516595727
31.401446508766917 0.9311917443397165
31.25869710814456 0.9276464692709065
31.30845214113661 0.929961198241413
31.43576706398474 0.9340655203236348
31.336334764665153 0.9295503001167512
31.377986441593183 0.930915706634411
31.811842185826936 0.9431075506113651
31.333700154657187 0.9288889275550343
31.38105339310693 0.931985337836195
31.339782000297433 0.9296256092760279
31.336225131588105 0.9308446878624408
31.35951114447771 0.9300504340484574
31.34276733182892 0.9293668434728959
31.402426097307877 0.9321827847348828
31.259388504539565 0.9276644451246744
31.249930973058483 0.9265262415310264
31.548286247386308 0.9360265744530345
31.35711006964483 0.930203292884943
31.535459386350418 0.9372997750900159
31.354497328092226 0.9310462311236153
31.56967103656306 0.9398199794828611
31.2360514398368 0.925833452545132
31.4706879030336 0.9326706695628789
31.30411421029838 0.9289873487906036
31.300307925303066 0.9286608166063908
31.296757472347878 0.9273437590292116
31.288604999592398 0.9291816155121592
31.433794541930492 0.9332588145145652
31.40874747950545 0.9311991931944672
31.543999522333145 0.9366036015552432
31.25886261067351 0.9277753444573146
31.379054273371455 0.930121861658298
31.798558959695164 0.9432226837775478
31.423184586150107 0.9327163254409456
31.60708164283493 0.9389919942651676
31.570488480611974 0.9366781008453443
31.57631466222449 0.9374181515852665
31.37236384401949 0.9308448672032036
31.30962058074102 0.9295053988060075
31.370579180526633 0.9302700494501496
31.429156916324963 0.9330461061574236
31.298294095875416 0.9300258317571329
31.56885280086346 0.9389113959668611
31.234763421003244 0.9266187278427402
31.31989327359408 0.9285942317435769
31.82500335292559 0.9421236535370037
31.26457308143205 0.9266001080900895
31.582707303715452 0.9381613800702739
31.235962407437704 0.9261615470986843
31.25504914469186 0.9268272528185577
31.34610590400943 0.9301179953171149
31.399601054780742 0.9316716150609426
31.251992518810123 0.9276478647563008
31.252452238098435 0.9269722885293178
32.22766944759104 0.9509244346949473
32.2443598645572 0.9519321574825628
32.14770553577986 0.9507920809211504
32.190027166591534 0.9511553466989974
32.164237271869176 0.9507820474570546
32.16540533584897 0.9509358408449508
32.13674258305821 0.9512951177612046
32.24718192800785 0.9512028145238781
32.17505069889489 0.9508694623101838
