32.362954439536765 0.9230230560534152
31.50711615851796 0.92286294587919
32.303264853902746 0.9267366421805857
31.499009464283816 0.9219562425082557
31.23379904336696 0.9229310659866515
32.414326118965874 0.9239528465622535
31.53505127038105 0.9228165643855097
31.107131880004616 0.9208122118437989
31.11968678010067 0.920497074958509
31.47105303759431 0.9250709998054522
31.460926012269216 0.9256224507876606
31.050788073810867 0.9223587986660848
31.487555539693382 0.9250602126854884
31.05579574264776 0.9198724596222092
31.513857953102526 0.9246352686737231
31.526280579029304 0.925062440348749
31.01788626411897 0.9216035808600236
31.475019421063255 0.9260437785020942
31.023541820814096 0.9201177508559694
31.00416235583275 0.9196720023766615
31.57337866781924 0.9240176096971221
31.22901941757633 0.9248785048140115
31.02683620939588 0.918954636416506
31.0818430685516 0.9222394012147501
32.49087752337881 0.9307539366609874
31.242540537635428 0.9242733585235761
31.511821966915864 0.9219096782646912
32.47751487388426 0.9261866734688536
31.12397057192423 0.919723898933999
31.1934301137968 0.9232647777089102
31.488957278980642 0.9215445972253157
31.470763700594695 0.9226465176980818
31.49557206622851 0.921825519557489
32.56129398248119 0.9303475703599712
31.497842899256305 0.9247325222750483
31.56273573374883 0.9224279314227042
32.33525943392624 0.9279405852033087
31.009058339298345 0.9205658802078848
32.280999270577965 0.9264235537700365
31.428920404361797 0.9254687746727253
30.958458242197146 0.9212824029292496
31.099439412138654 0.9222343377969549
32.547139584669075 0.9307227283270567
31.548085188095783 0.9245749693356308
32.512022444568814 0.9303359308023307
31.113390178371787 0.9231569099627667
31.105028334026976 0.9212421202483384
32.28877087695434 0.9274260963673853
32.3063779431101 0.927681236604204
31.46346455304748 0.9237963056865484
31.537939867432314 0.9250580572919175
31.113352151599916 0.9221626504868902
31.09303903752131 0.9217465194692777
31.564693718919003 0.9223999482840342
31.2213313303706 0.9251015517227458
31.199640417657207 0.9233713091762004
32.426654069796015 0.9258895329911843
31.485624596745883 0.9215933644382115
32.30539837497327 0.9263398056621392
32.47260808181512 0.9299835969743753
32.29704498933674 0.9271704617804734
32.42012204356899 0.9243216796915964
31.05288537493957 0.9213185545488333
31.118669197521378 0.9217708331681373
31.1675298130858 0.923265832239135
31.11066586370609 0.9203557837228925
31.54054168684813 0.9252828548700573
32.50557473442984 0.930254268538803
31.49400028889273 0.9226184934184191
32.42113703982191 0.9237542043946749
31.07297062492 0.928867433230089
31.44526971576088 0.9221157418627871
31.446916494763997 0.9259937480481872
31.099644217014635 0.9218888618520882
31.1056044768195 0.9210036209012552
32.47360320335907 0.9312001042344302
31.537569691851107 0.922945699938507
31.506497884035415 0.9238617497994495
32.40622089916712 0.9243759066368568
32.46246844475585 0.9290838446420863
31.49455730161045 0.9232000139653508
31.506715046802466 0.9209294096391839
31.470244236527726 0.9218706452345422
32.451277976010076 0.9244701501548247
31.534133853115137 0.929405652507828
31.028787547690506 0.9215701888297644
31.127018371846084 0.9221790101713149
32.31742466312007 0.9263986894223786
34.035409546939476 0.9401802990828568
34.013279708955196 0.9423027037112369
34.02008532799448 0.9430077917924526
34.02636936133557 0.9419460912484233
34.077614070085666 0.9428041351326277
34.04131203630104 0.9418559172450326
34.06912739929298 0.9425588675976676
34.05666843741338 0.9410185533882902
34.069347673602444 0.9420279965352003
