30.0271538190435 0.9412430727347657
31.026006745798938 0.953164666612141
30.032297418388634 0.9414806892186303
31.760813043531655 0.9602035457583632
31.799346865661473 0.9596171973495006
29.98622133804119 0.940860546907561
30.800809965738402 0.946535273420779
30.654829834169686 0.944274983334553
30.021871291234163 0.941543818084782
31.878054591052233 0.9627694550758891
30.695671988554928 0.944464694551678
31.84074637445271 0.963026694677854
31.802336292932537 0.9595588585932604
30.772943181268925 0.9470064904165418
31.010026172139483 0.9536101881538159
31.88635781681935 0.9626654421665628
30.799922761807235 0.9462775935451417
30.680582183828488 0.944142968498986
31.801794572555853 0.9596608539468067
31.776821239111477 0.9600124791492631
29.99651802295587 0.9414040662995448
31.03754332237921 0.9531993159765058
30.64672350238442 0.9442582397184066
31.02908701784317 0.9531926739490101
30.031554092263555 0.9406911895679544
30.671798566494253 0.9441000849869904
31.042473474636513 0.9534074208246766
31.837501402877187 0.960350040352344
31.021883198104998 0.9528303711879674
31.822677186378122 0.9603884609071781
30.814237034769484 0.9473246904080513
30.814096643501028 0.9471069194443764
30.655934605207314 0.9436840812883915
29.990431962811268 0.941811066048679
31.011339311663786 0.9531724690869318
29.993932790107035 0.9407941627065257
30.01488439708874 0.9412185486128966
31.78840640843363 0.9604586736034202
31.809043390746577 0.9602027347990186
31.86332627613018 0.9630947300956483
31.864443464377725 0.9630079765739115
30.763683461448164 0.9465555351817699
30.797179385667278 0.9475044564819755
31.87579962294416 0.9627282568856396
30.779829467456953 0.9472015599065532
31.90258592531364 0.9628415980284575
31.903626452905755 0.9628714672612521
30.780351425787067 0.9462941805392852
31.009187722152728 0.9537323281128071
30.028791185035146 0.9411202606675112
31.0036805872641 0.9534731692374329
31.0291966802949 0.9532474712447827
30.82227577502223 0.9471538686137799
30.66655380902968 0.9439137809214613
31.013434838057844 0.9535239121205954
31.040385938297902 0.9535515138032461
30.64441142130113 0.9436569780975121
31.783306569762345 0.9597651621579024
31.757444876595912 0.9599681803403594
30.030325891916657 0.9412142617463314
31.05928481858969 0.9536853722198898
30.844101054685005 0.9473444599150219
30.689361466870608 0.9444129179314481
30.000077785740533 0.9406996695451255
30.777236900406145 0.9476952353722473
30.644440206455933 0.944008323096448
29.969409294843743 0.9416344228984571
30.653755212184294 0.9438762220337188
30.62748495464302 0.9438883024117758
30.792449720902447 0.9475274171459533
30.66381149336521 0.9441373379794282
30.782109094166316 0.9461296827633419
31.036938774187014 0.9531258368646018
31.794338736286356 0.9599814274889441
29.999035634023734 0.9412274385974289
30.79384870104908 0.9467597639344624
30.67653638249474 0.9443618297235007
29.995123100318132 0.9413177402220501
31.019188175721997 0.9532138034554384
31.834339930176903 0.9603207290534348
30.026462632760072 0.9408242230754573
30.821249124770027 0.9476910057158342
30.61805338347716 0.943743143947441
31.797268245975864 0.9593311757827854
31.01962306616524 0.9532917818993772
31.769053650538766 0.9593908641843052
31.79585869993815 0.9604720897861457
30.623456858653345 0.9444976866871578
33.17166743791019 0.9709760115798451
33.17498267391509 0.970918467195091
33.163050095712386 0.9710851049455226
33.14158736273344 0.971108999868524
33.25925966049106 0.9719948924913057
33.19647579084651 0.9710880160402521
33.20918435491181 0.9715084179929193
33.21358177842425 0.9710468014113216
33.22554297085149 0.9714527033312892
