34.212770628382366 0.9684149363895586
34.33973950024496 0.9709875843797663
34.38130972626391 0.968547214301189
34.73366586834533 0.973715938488465
34.512841725379026 0.9731334096845666
34.94283695091915 0.9755927101779952
34.48551708258856 0.9714685671682676
34.85278200237856 0.9729862103555498
34.58405943742063 0.9729646493469142
33.826983706768125 0.9629131781409982
34.88355234990361 0.9767008261687806
34.978777843755125 0.9772808089788744
34.07998119858284 0.9631142857654745
34.30470055320514 0.9706056917813448
33.89544780612066 0.9595135258172418
34.27329924435569 0.9677077728058109
35.18287021446074 0.9785445266953516
35.185084321519376 0.9780053655163008
35.054448094629336 0.9756934347267292
34.55070825920973 0.9717584616734755
34.15666917480874 0.9676061933519454
33.88034041684078 0.9599525967662302
34.26118864467579 0.9666183087121226
33.841227643191885 0.9636300319123866
34.72252629359916 0.9757442512142394
33.99156541152878 0.9620367507986944
34.847076896486904 0.9757426084634613
34.28871093055234 0.9684857072162222
34.29108922580447 0.9686601105588267
34.43448947136537 0.9731113200894805
33.891626617921645 0.9651686735649587
33.99461878527423 0.9650117180936314
33.89593464482425 0.9617268429730939
34.86615029367576 0.9748343325317981
34.20423451240189 0.965361202553477
34.62569084023431 0.9743027193953221
34.67232149231342 0.9729456795609233
35.21394975048637 0.9800753574593455
34.94822737928666 0.9757312126544097
33.91847775087579 0.9653323554443719
34.40885417785236 0.9683866224595598
35.18665139736892 0.9779990629563734
33.92929807510931 0.9658318508832058
33.99683250143647 0.9665925070146071
34.62472826881295 0.9736426423695209
34.57845567674861 0.972937565797804
34.77417061584097 0.9720957701396555
34.9890753148706 0.9750890620720128
34.10187385742849 0.9662987865046755
35.086599977132124 0.9782040940732784
35.19020586937496 0.9782373741592449
34.25037844439061 0.9701004775540515
34.26359235564295 0.9696880849988035
34.58484388484002 0.972559707250124
34.37023518772696 0.9686673104727715
34.58798877665202 0.9749494015434467
34.073385773067095 0.9675227087453041
34.18771641663379 0.9678524711141273
34.30404911631803 0.9691112720310437
33.895062789820834 0.9650814896216509
34.08643190531524 0.9638066521424233
34.695976469647434 0.9746165488633052
34.34895827891908 0.9710401460208901
34.30792367435507 0.9701467761728122
34.907186975709166 0.9769486633732273
35.01065150159451 0.9754696578789654
34.99759853526984 0.9738364825440875
34.25500968072086 0.9676046033232293
34.251089676783565 0.9692133161108512
35.1596150589348 0.9781873792485065
35.22754681729283 0.9800872086674306
33.97724587434466 0.9617742212202446
34.89365266058665 0.9772969062911973
34.72484096240727 0.9751525806742657
34.0100959725457 0.9630854108822801
34.40746101375644 0.97237957589637
33.941835663947955 0.9612523082693044
34.45842765370861 0.9702545797785237
34.35804810467487 0.9712923990701371
34.41418553507388 0.9705847897975195
34.51793192905493 0.9741260860274311
34.07023112507061 0.9623346197461164
34.04996488276562 0.9671280997990249
34.19206217321601 0.9644881441836577
33.97533665462509 0.9664567538917981
34.864216093198024 0.975869285145661
34.32845379321675 0.9707854589733276
33.999698727053314 0.9662480452039519
36.629387690065904 0.9843048401516147
36.53617641689106 0.9843201415920849
36.834841716134136 0.9840189180811428
36.873205161435195 0.9841179655631028
36.680492906504576 0.9839673833513691
36.737720625608546 0.9844728602835667
36.94098599343016 0.9846929140542362
36.73650022089645 0.9843531639714422
36.69873922286672 0.9835028539081799
