33.006267460380805 0.971927399249761
33.0274789243943 0.9709668577115089
33.038749825481844 0.9710224916025698
33.041113946380435 0.9701098343315696
33.283318934338226 0.97341770919955
33.17047101760908 0.9704859044786445
33.176830636738245 0.9715310143136573
33.38047665890392 0.9773954142252239
32.97371700133792 0.9707399667782896
32.92462371498088 0.9695008968118142
32.941359412548266 0.9691762628498759
33.046992677801484 0.9702379609483365
32.85244851393752 0.9693696287999606
33.37093417796847 0.974166492787266
33.04225135858802 0.9707746855931313
32.89285678251499 0.9695968382683107
33.2248756468153 0.972848292614739
33.37341369375365 0.9753267621133939
33.30351536597229 0.9771949883423657
33.1798008878779 0.9715457708430212
32.86860346269159 0.9683188960481419
33.33759900923292 0.9757350167011537
33.35397741901967 0.9756802463546493
32.93591068637361 0.9713143030598541
33.015427571854104 0.9720727514809111
33.324867554299985 0.9747595357772056
33.115887968566305 0.9721218420130251
33.363958649895785 0.9744307910558638
32.99036875326272 0.9713117677976094
33.252612938124734 0.9722840187340737
33.26137790977853 0.9730082574262312
32.9360436693285 0.9712296299545247
32.95141159632025 0.9705604315771676
32.886687252940945 0.9688419649132446
32.89715311578695 0.9693089923658501
33.2800905763063 0.9727931482559524
33.23102712481399 0.9713898849137436
33.273998069478175 0.9733743106346283
33.27384499120967 0.9723904699550604
33.362617569688446 0.9764043070620274
32.9237974039042 0.9718244253189477
32.838737383900245 0.9676732921207553
32.8721337886734 0.9685143658291261
33.3814433992859 0.975143052918301
33.33685552814934 0.9754087741273965
33.01799373952009 0.9721456194902035
33.43320697254383 0.9780374826630511
32.96497511317068 0.9718555691659749
32.939872561088364 0.969283217033556
33.2192563800622 0.9725280908271569
32.9431434415403 0.9722974141528022
32.896050933050304 0.968184270249569
33.213857484495655 0.9725620166127701
33.049682611247384 0.9700644178099054
33.40112436486887 0.9774179084668361
32.97927793784084 0.971211795863489
33.205184585455285 0.969986214585708
33.35419990480227 0.975453882481479
32.88655321146053 0.9676943419587267
33.13374018765906 0.9717327111149667
33.02952676669044 0.9691535689015844
32.987272701874005 0.9720351291724667
32.956277247005474 0.969786186396797
33.001961819720584 0.969515072256195
32.997039490429756 0.9690848454722487
33.40767952875161 0.9776994555870844
33.039554525756216 0.9708399113126646
32.89507349336203 0.9669052161887125
32.9403215884434 0.9698127359114587
33.219344406058866 0.972191578877531
32.98328570195399 0.9708984437206561
32.91589790516425 0.9699165699741013
33.42518449117898 0.9776745029461876
33.334136040136634 0.9770515836412994
33.3066567975453 0.9737842954637372
32.96930948549489 0.9709922324211949
32.97747551913264 0.9714120798998944
33.04021564111259 0.9708750697211983
33.01499753304122 0.9679521875197382
33.30899730816596 0.9743491459736185
33.24713440762467 0.97249238823139
32.974743669654075 0.9695325030994492
32.871391846075674 0.9683399943648037
33.001950860411206 0.9723540346493879
33.306981270526116 0.9749174186552646
33.11351023909336 0.9705853446651048
33.33734848450962 0.9750800595163478
33.00449109113441 0.9696444203405642
34.47913154053227 0.9819703966238181
34.487806920249525 0.9822503092547686
34.512128517577985 0.9823566827983076
34.455157079755566 0.9825454291156404
34.44291355322221 0.9819326884790086
34.425528004714735 0.981945318862548
34.327022538331356 0.9811229867653648
34.4365610222802 0.982297657649431
34.39341015943425 0.9813693600266766
