32.89494860225916 0.9271848295527526
32.66806731333379 0.9265684247764943
32.6141163730386 0.9351554853525726
32.65847556991544 0.9251901898601746
32.472863438372094 0.9260642946070794
32.9363700993009 0.9285292908812163
32.62441300388746 0.9253811882721198
32.41658655581513 0.9227932177174332
32.39928526020537 0.9231186599508276
32.50198582210923 0.9296320627578836
32.55697416605727 0.9296790558029273
32.76159722925623 0.924007302882004
32.48480199684481 0.9289557540164374
32.60565555741423 0.9201900807933002
32.51380696994291 0.9273674374480981
32.484144366920404 0.9281443127953332
32.59092935315034 0.9213679128409854
32.549787430351806 0.9302526384944803
32.62698535096524 0.9198276628008759
32.670047499567445 0.9198850960791949
32.68742467757994 0.9269389630395096
32.46591363008568 0.9274028785111368
32.626556319596155 0.9192733997155013
32.71812655521628 0.9240821054486685
33.02221313261891 0.9328603961973685
32.46090690802721 0.9269012633821297
32.62494833173503 0.9249241945035451
32.96182978216299 0.9304396614855279
32.385448263609135 0.9221439096316002
32.471482829055475 0.9260242570790641
32.5750528078432 0.9241115579876538
32.513334915939176 0.9248718988344314
32.60693219496221 0.9247309785720059
33.01647646471296 0.9318973317286906
32.543614394376725 0.9289643146772426
32.649284877603016 0.9259523814603811
32.648997514327895 0.9362690244953287
32.661325132430775 0.9203992501854422
32.64167515919497 0.9347540259679946
32.48977441036191 0.9294054932158177
32.6448811325733 0.9212162310136008
32.426384521502875 0.92386495397038
33.013540642393934 0.9321089045492946
32.4559902262908 0.9271629306082024
33.00805992108665 0.9321778559357166
32.765568807723575 0.9247017511723131
32.73364643077745 0.9231938236508761
32.60417248782159 0.9355190609574029
32.626025617781934 0.9350966120585172
32.48356075512709 0.927629518021055
32.49506691702288 0.9281165345674265
32.4232559905666 0.9238690376135534
32.722258727529876 0.9235062468705898
32.67253446622107 0.9263913415299346
32.51376465927497 0.9277282109894028
32.474670767397186 0.9260379925839164
32.934358368428796 0.9296945500307067
32.61486295275559 0.9242569248388103
32.644283591867485 0.934463046295397
33.008967845024046 0.9312505701801161
32.63772372359043 0.9354535819279077
32.92917059168859 0.9285317321518756
32.72321077712766 0.9228727303599953
32.78430917320384 0.9237422361125766
32.45910877839442 0.9261226045180124
32.38385865879289 0.922543322201954
32.508752587515616 0.9280133538360273
33.02353856420319 0.9320769437483476
32.45305316304931 0.9256579937922867
32.97075030544345 0.9281140821685736
32.837005852548494 0.928906588803474
32.62376563471225 0.9244506349884665
32.51128628691839 0.9300031256392237
32.43759987194453 0.9257499226622882
32.446716262895315 0.9235559135355055
33.01510437920005 0.93256176016489
32.46850076768674 0.926040567691634
32.51090650969198 0.9282538780445742
32.91897400742668 0.9284758020260184
33.023686593637585 0.9310803580431046
32.61895578349321 0.9260783701283142
32.60769795733309 0.9241267281692094
32.565769157352285 0.9243309591023855
32.92645171707157 0.9286038219374315
32.71723925497194 0.9290250159307254
32.62178675421814 0.9212581461520983
32.4199978215602 0.92388451291447
32.65224813180021 0.9350774437585135
34.035409546939476 0.9401802990828568
34.013279708955196 0.9423027037112369
34.02008532799448 0.9430077917924526
34.02636936133557 0.9419460912484233
34.077614070085666 0.9428041351326277
34.04131203630104 0.9418559172450326
34.06912739929298 0.9425588675976676
34.05666843741338 0.9410185533882902
34.069347673602444 0.9420279965352003
