32.83217286945315 0.9223873968088274
32.66331927674091 0.9252500453203109
33.16173324883544 0.9352545233946034
32.675524204324816 0.9238610146566613
32.630420335855646 0.9236177710929081
32.82544021299613 0.9236460595113677
32.69770224937772 0.9227363166641526
32.60442609803037 0.921743262613743
32.61604041980628 0.9218306195870931
32.684726643167636 0.9275973284705156
32.66161533923469 0.9279547596092063
33.14074452530214 0.9272831554998553
32.66834335649396 0.926967930628725
33.025390617116095 0.9238996095382498
32.61743366011213 0.9241467010830406
32.60445129985377 0.9248570197947505
33.04392107597183 0.9246684575414151
32.72064285859972 0.9285470678021395
33.06822242281318 0.9238941815510179
33.04369357073614 0.9230555245051689
32.73844066833548 0.9257994947412026
32.653539350478205 0.924795485082048
33.01672938035 0.9228005802583371
33.10252032805089 0.9274095463188042
32.934709706613454 0.9310186302721616
32.6449457364933 0.9242692431699969
32.67552583084717 0.9237225947257699
32.76886136003702 0.9253722870916922
32.61672033584245 0.9210395308735339
32.6267344408767 0.9231203997057534
32.64274570643617 0.9214197040309533
32.64868268947273 0.9226470392260133
32.6364496904959 0.9221558473646936
32.921369759900266 0.9301671303988454
32.68813584532452 0.9271071930643519
32.68272346188228 0.9245211914308249
33.225878517596016 0.9361710369585154
33.036784684446005 0.9240637466601361
33.169243946743755 0.9349145737471233
32.70070282569578 0.9277777072884129
33.020115029384236 0.9245235317373776
32.624130496346815 0.9227613940750344
32.92363724089623 0.9305621533488035
32.62794167648517 0.9247613476396527
32.94936820094285 0.9304655029141765
33.13958736143135 0.9280381314631263
33.09930027513269 0.92603726656831
33.135021903860405 0.9356261975560741
33.199315003229344 0.9352829555361197
32.66804539301128 0.9241066953256855
32.612880107576466 0.9249807180177638
32.612928605523 0.922804490349656
33.0862297853576 0.9269077551322221
32.69799285358679 0.9245274218781446
32.66691177604438 0.9249460917533624
32.61173114522345 0.9231972845545755
32.769396095471635 0.9254217225174165
32.64638503798857 0.9217743933692034
33.18139779221347 0.934685434982441
32.96222678770427 0.9298895569350134
33.17753306883697 0.9355395701150636
32.81643403823417 0.9242395987371449
33.09842840142099 0.9257482292481362
33.10362098544934 0.9269238953317795
32.64505354642476 0.9232569119583935
32.59294050042419 0.9207340341424878
32.67710506481763 0.9247388120770985
32.9138170217162 0.9298778741194301
32.627549147344816 0.9225806466539571
32.78361168072699 0.9231219183627888
33.25095574728487 0.9312783777615145
32.66770888935375 0.9222096818305642
32.71960428573769 0.9284852184792904
32.64069644267219 0.9216564441493279
32.637443573534284 0.9218686529092373
32.945629159156965 0.9310945731857572
32.61987260557058 0.9223502262139391
32.665485535633685 0.9262893101752224
32.81050250136684 0.9242247278279018
32.942970022175864 0.9291158090817936
32.714379448703156 0.9250955550465435
32.6171628398574 0.9212003513155762
32.63491135338021 0.9219159468477363
32.80098851243507 0.9239253583789017
32.84197393095728 0.929989322690351
33.0573699074509 0.9244701343217785
32.62365473570841 0.9225879833233337
33.19225457096686 0.9350151503437746
34.035409546939476 0.9401802990828568
34.013279708955196 0.9423027037112369
34.02008532799448 0.9430077917924526
34.02636936133557 0.9419460912484233
34.077614070085666 0.9428041351326277
34.04131203630104 0.9418559172450326
34.06912739929298 0.9425588675976676
34.05666843741338 0.9410185533882902
34.069347673602444 0.9420279965352003
