30.4811148638585 0.9020664097938285
30.3031758695774 0.8915025561309711
30.366938900467936 0.8981073879496919
30.21619064283783 0.889638456655038
30.252159575205944 0.8835972703448326
30.21250399325291 0.8900928373283912
30.39407309963666 0.8926069220173869
30.223987921569027 0.8882048785337808
30.396674284825373 0.8979417273912019
30.273831471170567 0.8916205363524461
30.25908013731408 0.8911054107874788
30.224151173828304 0.8888867029855456
30.41439551968072 0.8998295274747862
30.195651161257153 0.8930116501060092
30.196199095497636 0.8906315418915328
30.26162594698798 0.8875521305275302
30.32099581229271 0.8913256033020901
30.158316463460206 0.8919151184039675
30.331943954221398 0.8883877068503789
30.42587312538956 0.8993663918135083
30.135041421993037 0.890995821762354
30.207151131884547 0.8890444335174579
30.333260261282607 0.8938776228012237
30.31053633177899 0.8892514538083065
30.25184841836664 0.8856425010389665
30.497118549237847 0.899264934522378
30.18338406330665 0.886597851370525
30.383063833818753 0.8996019283854193
30.316453537798612 0.8935321614604688
30.174909299878014 0.8903568803760794
30.40959889417463 0.8983500619700833
30.283046619272863 0.8908642244188764
30.1853484047884 0.8856200786405697
30.208126485904202 0.8892327194101174
30.127709416214476 0.8906192650913476
30.2852573119471 0.8912479594932832
30.455965938053076 0.8989413347452683
30.34736968128427 0.8980014484322201
30.247832377241156 0.8935832955995854
30.345665738962452 0.8968530775496634
30.213233045901 0.8898452360761568
30.24174758964229 0.8880900543178832
30.48577455189799 0.9005942441221627
30.42713777027142 0.8997172328688171
30.437181990459656 0.902129848871273
30.54129640574157 0.9042620032189652
30.543604498851554 0.9025519532787378
30.27326617105182 0.8925321520016596
30.32455354106668 0.8928106421236434
30.200588049767717 0.8861549029077618
30.14895874595377 0.890078011148213
30.18113165204727 0.8895225939957041
30.333869235685654 0.8904571072573713
30.207171862213976 0.8877667474384033
30.1981687834557 0.8868877115648497
30.18973810171698 0.8902675568762013
30.427007897048664 0.8954692241088237
30.246934538876346 0.8912382928485755
30.216763336012676 0.8944857901944515
30.280871724598583 0.8898033487514737
30.26173790546303 0.8903005314213851
30.298856614166482 0.8894659628019406
30.237947791190255 0.8865387419481312
30.27082782744167 0.8922120615725597
30.217635331950877 0.8851498307625771
30.203809544960173 0.8852667815008106
30.260807804746825 0.8901971552437534
30.358712544188226 0.894655636908617
30.273149939311974 0.8925678785964782
30.225663745758293 0.8891132207641705
30.395822365827673 0.9001592338770539
30.350736480328457 0.8922375317295475
30.380772596615788 0.8986285580357886
30.271860607102987 0.8890851000118145
30.24982213882801 0.8910630470124412
30.446323102106607 0.8984539881888917
30.252270824422453 0.8865874646035065
30.15980604748237 0.8915985406199479
30.379294904356392 0.897179481471569
30.38021909223624 0.8998874284510753
30.350123946114774 0.8995978504276377
30.29973866323978 0.8901544394090103
30.329537604327577 0.8983337841064284
30.289114943869208 0.8968100261061215
30.279802369289484 0.8891347666078255
30.335571639296145 0.8982744277326418
30.433140647309717 0.9000629004451476
30.214835962042045 0.892432368643327
30.771147253118446 0.9093158534804557
30.634289865137866 0.9075494044305831
30.66860515071072 0.9072397502669093
30.800091475027294 0.9104171917300149
30.684062050094703 0.907847540200372
30.836297404245194 0.910526289061514
30.705374319045752 0.9079625147217872
30.66305391210793 0.9075138597299676
30.752441258787595 0.9088276838857873
