31.900877101052288 0.9496301488564127
32.11802545934364 0.9517294053026547
31.98688492868106 0.9505262444893804
31.822109536878717 0.9490429124262307
32.275296211139015 0.95519500563515
31.417439593379303 0.9447928555814744
31.699103578857116 0.9489024273296808
31.572032365775193 0.9471491081071142
32.08731297052802 0.9517902340723963
31.636018871340713 0.9456806606753414
32.0994541812908 0.9514794437891073
32.018447735549515 0.9493503177699865
31.489453920633906 0.9428944434932512
31.516361620222142 0.9444710530577642
31.660141811252792 0.9461288221071295
32.05240089878972 0.9527532688367726
31.7671755281432 0.9479975521319055
32.33813029571878 0.9569933826534232
32.34525377097767 0.9564625431205632
31.615310289517797 0.9477171271364746
31.916720195227537 0.9483964179069938
31.668581348142876 0.9501721940334124
31.980682823579013 0.9503981008396226
31.58708812677881 0.9472553898039064
31.38991974653928 0.9450630735551889
31.4919934050746 0.946401115717046
31.921432288556012 0.9467893546938346
31.557134854743488 0.9478941820959755
31.949077192108142 0.9515297454821815
31.733620081246443 0.9475653518243187
31.729684197444087 0.9463733330543119
31.504853826464547 0.9441564536185141
32.17996069220463 0.955164373100088
31.54376607329067 0.9483280737550581
31.966566448181034 0.9501921522284364
31.402204381608833 0.9443520843228541
31.669781792595195 0.9484113928403616
31.65829635875045 0.9476851956502256
31.49110515956593 0.9464113465467217
31.641907088527233 0.9500523008187389
32.18003869065483 0.9510010803046972
32.183216413695376 0.9533812809465947
32.07678710531648 0.9523379079430435
31.494813836499542 0.9444753636786857
31.388311364969685 0.9412900162454196
32.042812573473746 0.9524721720492342
31.683124138822123 0.9479399166148962
31.40817099229625 0.9450748589125986
31.679998666517385 0.9481878449147674
31.365287927278473 0.9435307144870279
31.543171070002145 0.9460842114043068
32.07222481892974 0.9481948981748854
32.06149712100959 0.952710531140693
32.05326195576267 0.9521708399955491
32.171660598609655 0.9533698391323091
32.029771733943 0.9527253298903363
31.895362887407952 0.9474262727185513
32.450075231856616 0.9577969187277626
32.258773002514786 0.9555862679552752
31.87816863929729 0.9489959401661603
32.23126325058929 0.9539553802587136
31.589272755361215 0.9497569310883375
31.880573148496758 0.9494099659973728
32.09806163016367 0.9536716023252936
31.57473327704292 0.9477293174812498
31.960529162058275 0.9510707226975633
32.348619625840264 0.9564048635450464
31.908426589836658 0.9469306852006784
31.53222240807432 0.9445327488136084
31.585819197898726 0.9482042438965196
31.68527701889762 0.9461746810247077
31.732985727356684 0.9468255392121347
31.46938630175552 0.9440350206295951
31.575391328467504 0.9469711943302482
31.960835104252784 0.9501751531699107
31.577293452493763 0.9414248853736127
31.494462189264326 0.9476059066254058
31.538630236870333 0.946398667500868
31.913922620941424 0.9506863192905579
31.960491912394787 0.9515293305774554
32.03290903417434 0.9503316269415646
31.65514433153497 0.9471757098433584
31.45889716930906 0.9441541051245194
31.433279175278987 0.9428547148624665
31.62264665286385 0.9478639855006059
31.50769319054082 0.943921135028984
31.541745461736866 0.9471707042063012
32.196224798148435 0.9544200671742443
34.223722139736964 0.9763280873762457
34.364415722561745 0.9766411066690457
34.26805757598328 0.9772119471472421
34.30817594233198 0.9780986418095958
34.324194133816434 0.978525096015385
34.39747955225187 0.977233241476625
34.23713237467587 0.9775976658761035
34.28250389817316 0.9778755202656455
34.33421808803511 0.9777901868004251
