29.334576976867698 0.8648231904170847
29.1669168073398 0.8475135095036548
29.475812343630796 0.8588768416127637
29.34352853792617 0.8570241481272278
29.628250214125835 0.9081017545177192
29.376212868845045 0.8618299579988111
29.10822802060857 0.8459567472970334
29.584862184843193 0.9034141563801626
29.235897797779188 0.856124358339009
29.41242217112572 0.8431336377485609
29.203171091787233 0.8551092660449885
29.29036278600988 0.8555222879692066
29.372844520153105 0.8666693337943335
29.474924298894102 0.9130516408524854
29.23858357231529 0.8438642822848952
29.433854061127633 0.8693407265044582
29.19470004035833 0.8317002433503905
29.484171543323562 0.8602839901280226
29.44152119745222 0.8507871177388872
29.39102604643518 0.8596608554686377
29.408757496890956 0.8467804043508533
29.552375951767047 0.9019569797841772
29.213187926822858 0.8456991929641463
29.399639057435806 0.847598687437625
29.37261225097194 0.8616858432907921
29.370990704366676 0.8721778998899482
29.242928211339674 0.8599040646437377
29.3565084213909 0.8615812437300212
29.38147464996314 0.9093442323905889
29.18669306567466 0.861439580744199
29.349898008728537 0.8957005610738593
29.153106015685815 0.8583759225423617
29.482642321629328 0.8736375026033921
29.46188030076599 0.8438857205493738
29.368336118542754 0.85665249863722
29.436842208117802 0.8487109028545072
29.453729811902818 0.8582304412722033
29.578198476116704 0.9038431213369965
29.32586626597237 0.8650256120488581
29.382095962377708 0.8441695802052201
29.359922488582626 0.8792771186547405
29.448784836247086 0.8597227635964522
29.311995618574787 0.8670705368624626
29.225826118179636 0.8514869435442604
29.46891399714052 0.8717116842649338
29.17108143391125 0.8555061684570947
29.209401195303503 0.8568542700287647
29.467185196548073 0.8776772043051182
29.360862007842318 0.8618370621289156
29.41368586129803 0.8321581848646741
29.44603492509856 0.9049862810118037
29.369982697572755 0.8660293195082618
29.561219827703727 0.9132872688177638
29.35359924354632 0.8686893018712032
29.176186429124694 0.8445096544036258
29.277460542453284 0.8545122591075939
29.285250229225927 0.8708699653113253
29.45486282007125 0.8761488007130386
29.280097912460967 0.847725023549825
29.37153013918989 0.853259082637937
29.212236583900054 0.8531777356545934
29.39544706335047 0.8499515084173216
29.557643660719943 0.9015623737781004
29.42813072300238 0.8599191986386253
29.347223212330896 0.8589000963486485
29.31487236260574 0.8607455291122083
29.314046999825415 0.8758468394123202
29.464529803198314 0.8637671491407064
29.347027076286487 0.8532375897830489
29.537479228091147 0.9062498646994187
29.237375707854554 0.8513011676091444
29.43266889785614 0.870413497021936
29.343432628936704 0.8611687265570646
29.614505092068274 0.8966938665051511
29.543303526144303 0.8996845618697743
29.255222488349748 0.8719789453889852
29.160907875078106 0.8570603826664919
29.44818195373568 0.8586383221722882
29.454539156297784 0.8727386215932263
29.3971024261672 0.841855215840512
29.55741993813738 0.9009177326370382
29.452987803326284 0.8798499926243782
29.53238320462781 0.8660214463198712
29.454225974998984 0.8549444251072416
29.57721453461364 0.9049330522575179
29.281045442760274 0.860752690984848
29.265568485922635 0.8949676573237694
29.24752428454361 0.8655274093802751
29.976521895342934 0.9370445359892913
30.029095164719738 0.9396640346755932
29.931899925043183 0.9375508058380184
29.956374991667673 0.940650720610065
30.047601453248483 0.9394548744364468
29.981239787578488 0.9431515617853965
29.957364767362293 0.9388629570273687
29.824759697131608 0.9353558898990653
29.77827290063344 0.9356509296219285
