32.760043778947974 0.9612582878021576
32.87879993742978 0.9619166932597742
32.54264411773521 0.9589431287593364
32.62956686720682 0.9589671398849764
32.653377118023116 0.9707350369762928
32.22639761489705 0.9575922832081051
32.51893156681652 0.9599173336790814
32.420725567718506 0.9591336247633508
32.67089474446121 0.9604648336183332
32.439210813379425 0.9571534064618311
32.83395645676879 0.9621865960732514
32.76875707975718 0.9609960245600104
32.16624895221615 0.9567038134887136
32.384212656778814 0.9581303864547046
32.51396407149264 0.9586413804968631
32.80549527524756 0.9622450601580192
32.62147550206839 0.9597727086794656
32.620655911184485 0.970799548647844
32.73132564051223 0.9701992987525577
32.30693112513044 0.9590197756268456
32.63878603941546 0.9606656569780965
32.39884151507744 0.9601056798343739
32.57849148227653 0.9598269805761871
32.480479029347016 0.9586085040655928
32.286981629023686 0.9570863389916606
32.216486203967875 0.9578082486626112
32.648097959834196 0.9591439503403444
32.40099618276454 0.9590307559932295
32.75281216847713 0.9624365543987756
32.51527673795755 0.9589168401619964
32.50259731447981 0.9584298810476253
32.290176461142714 0.9561719357236528
32.65122093250368 0.9701180730345631
32.2865986598802 0.9587312064612148
32.54474113388495 0.9587832266919771
32.29046596827193 0.9568023013483348
32.3677467801171 0.9594480863325878
32.508217306135926 0.9583565570737546
32.29790487880868 0.9580891231688764
32.333433646134736 0.9606683047516497
32.89354339720991 0.961568673425614
32.79684434308476 0.9614487579879332
32.80826564057011 0.9621737921950904
32.300490791079284 0.9565809906758451
32.209399733174195 0.9552585538111759
32.59566153860814 0.9608551134774974
32.35834541173518 0.9603810363611912
32.277483186975616 0.956775817521824
32.48560918885631 0.9588637493543359
32.258198217155005 0.9561701099135191
32.42078232017367 0.9583569646492758
32.812840820312125 0.959715791397063
32.62215787625842 0.9597310041685434
32.81176570017877 0.9626037344532337
32.58595016844729 0.9690566729501549
32.76218914628736 0.962429696179376
32.63796559428998 0.9592893078047388
32.70215827318465 0.9705785657150842
32.64481168443115 0.970757188150342
32.524798187832936 0.9585344367448263
32.770298273166574 0.9611964142949367
32.37320697905864 0.959145824041818
32.69604441980273 0.9606941040316145
32.667576162270784 0.9612229523151711
32.32429407558096 0.9595893915697872
32.61804437161224 0.9596294203265769
32.73969256874437 0.9718178536247507
32.47128807352163 0.9566926406292107
32.22084120097732 0.9581769202216487
32.28128148238158 0.9592395861503765
32.45505285544773 0.9585706037895202
32.549455225727954 0.9592038105713792
32.27341687058085 0.9558590591036201
32.462399917359896 0.9592273887974219
32.55813129081104 0.9591155905103497
32.37272379398373 0.9552245691691812
32.40124316390541 0.9583849775799398
32.27061105231364 0.9583179893645554
32.72839480434536 0.9613823296050313
32.576049826618 0.9601805212738317
32.59661138993137 0.9587662068462847
32.33654437352152 0.9594795637488578
32.21348183335391 0.9573405966098147
32.22573690767072 0.9559950997328782
32.30634432864789 0.9592039568774526
32.310847995573454 0.9564694079115197
32.317607771417826 0.9581288118278392
32.774186305034064 0.9621916381123617
34.223722139736964 0.9763280873762457
34.364415722561745 0.9766411066690457
34.26805757598328 0.9772119471472421
34.30817594233198 0.9780986418095958
34.324194133816434 0.978525096015385
34.39747955225187 0.977233241476625
34.23713237467587 0.9775976658761035
34.28250389817316 0.9778755202656455
34.33421808803511 0.9777901868004251
