29.337494929211793 0.8738220418863318
29.215160891714387 0.857967330362246
29.46248877480282 0.8647322609976963
29.29248066113928 0.8672774382079527
29.613583009086973 0.9044471081436575
29.394025544976785 0.8695840382045666
29.2636028915074 0.8587933234203787
29.607056066605907 0.8982233262151992
29.483914523123094 0.8646999289316578
29.389049026494266 0.8512965329982716
29.467570027310394 0.8634169855302612
29.498368695333067 0.8655780774867371
29.31066242164262 0.8897283080748999
29.541536367127435 0.9110911908356224
29.285405219213402 0.8580802058132808
29.376815164675033 0.8919065121099062
29.439576651769347 0.8493883712035817
29.473221699300296 0.8634276900181932
29.415767041540835 0.8610871381789352
29.336329360169074 0.8729489692114067
29.33310592796477 0.854476014532845
29.537585047552845 0.8965580555642922
29.454307705973918 0.8586454581882638
29.364925489213547 0.85437374826264
29.35727882418716 0.8748203059982385
29.404637306393425 0.8776110286666231
29.259757520136823 0.8709318018457687
29.299024931602254 0.8725462524279591
29.48067928077557 0.906078934098266
29.355513236020855 0.8702557834234711
29.419399788757296 0.89193583089271
29.189731604678144 0.872107695006186
29.428075664563032 0.8959103318057827
29.454061355666358 0.8463095675569623
29.336780432026902 0.869153020912748
29.39717238497026 0.8599788649449123
29.424351792436667 0.8627183663730522
29.56971974950317 0.8988897002000229
29.499702268815536 0.8791532483948886
29.355999628993604 0.8513491698328043
29.40799764579761 0.885126274000841
29.402068285158343 0.8636976823173751
29.266950236807997 0.8872741198373533
29.447065961910404 0.8667719597422937
29.407436993510775 0.8932272527243704
29.254144077058506 0.8603912019862455
29.271491967221188 0.8736560461946244
29.417047451327498 0.8950635042285503
29.286746337125052 0.8710448725169645
29.357038295366795 0.8439765332920791
29.503336401972433 0.9016388865766829
29.34230019455526 0.8796750551748865
29.602867539234566 0.9127591606885066
29.347963620696866 0.8802312339703199
29.328801136958383 0.8603312927791653
29.322815373542745 0.8610539777760565
29.334955887034365 0.8729818256026758
29.38451653796531 0.8969085161901206
29.50181725771357 0.8630007894680058
29.332636781544068 0.8635340190135835
29.246212391410317 0.858879039149962
29.34947147329637 0.8595837292282484
29.60466043784567 0.8974821734368527
29.42270735480891 0.8710568347169079
29.28734865207894 0.8710546697097649
29.538251611492235 0.8738656774577781
29.52077042393961 0.8879818203566823
29.428715810167034 0.8664238968841121
29.30139028551201 0.8653857599561384
29.53639275351624 0.9043272898736469
29.450238132889403 0.8609438736861237
29.381945864050138 0.8929848030598098
29.36409188775615 0.8722862924985131
29.575708368315937 0.8926420074541959
29.5240059629447 0.8948226300667045
29.42409059468536 0.8830044918297026
29.187202073094806 0.8672447004110174
29.419181538410648 0.863687364353885
29.44821831386399 0.8780499108702418
29.36869140013603 0.8494800129619376
29.552785048160008 0.8967837628468707
29.45581458166941 0.8869896712499425
29.49826930522638 0.8730078795498776
29.420386470982223 0.855709717499061
29.542562065869674 0.9005139659728228
29.311778576059616 0.8673790193966606
29.346719852079378 0.8925010469338485
29.42778979542573 0.879497520996939
29.976521895342934 0.9370445359892913
30.029095164719738 0.9396640346755932
29.931899925043183 0.9375508058380184
29.956374991667673 0.940650720610065
30.047601453248483 0.9394548744364468
29.981239787578488 0.9431515617853965
29.957364767362293 0.9388629570273687
29.824759697131608 0.9353558898990653
29.77827290063344 0.9356509296219285
