30.556160481341543 0.9365394327620493
30.425891777437148 0.9347843046164478
30.727433501513154 0.9536250786901982
30.569754077949376 0.9477351016833684
30.551340424408963 0.943187244707879
30.62988679958447 0.9410509880079023
30.461343026441305 0.9434273216372885
30.675169549241524 0.9489828329182316
30.55898974413008 0.9420228789438906
30.489422478501872 0.9401501361034835
30.618036925918318 0.9371108024792171
30.492109460896216 0.9374145955224287
30.758570617280668 0.9543457501225187
30.598503299155308 0.9493609871210278
30.57267740347963 0.94351056638019
30.61897434658022 0.9389179870513633
30.457564139963097 0.9447928403182199
30.621099105370067 0.9445904382251673
30.576174402106155 0.9443726761262896
30.502062423053378 0.9438603300902866
30.76560622732233 0.952402115557296
30.6733110178574 0.9492825473693645
30.532621428756016 0.9421528149694594
30.763773007506554 0.9514858064678146
30.5563596754291 0.9412800228265882
30.5991506284478 0.9454940781006249
30.506288861467986 0.9479349086409748
30.469599167184484 0.9360304285398623
30.647413237239608 0.9466472603383965
30.67381058351671 0.9559420424539233
30.82965760371096 0.9569896191225477
30.784892428458456 0.9531507330115603
30.585632976180342 0.9457006640979588
30.71917897956301 0.9521718591327842
30.521453845145533 0.945885439454521
30.504254793862707 0.9338665965155599
30.799110970585893 0.9584204503434806
30.53705044037003 0.9408539290182102
30.556632521256265 0.9372929720827663
30.66634386366982 0.9534691775250492
30.422933159378715 0.9329495497574524
30.520819726094363 0.9367960199872237
30.708077354895554 0.9532689086983472
30.53691872942297 0.9468443115728999
30.779818692543035 0.959677012767691
30.514044816990168 0.9445809429587564
30.466385683977933 0.9403741558867754
30.526423531912982 0.9472763607254526
30.567186801751596 0.9429702521485173
30.50800715106678 0.9354351454002425
30.652247768370216 0.948259496364085
30.59976653790036 0.9408744350054329
30.4678600493185 0.9416153680929492
30.68423069220222 0.9561298958235882
30.386426503155054 0.932131702655256
30.429498214285854 0.943924001089506
30.47481163900543 0.9353360082833884
30.738067816401617 0.9599126603439124
30.75656940573564 0.9532273865294244
30.81786096449087 0.9567216111076953
30.5680935357385 0.941906283377189
30.82222720997858 0.958354210482306
30.477397426161076 0.9364026719208698
30.485839144678188 0.9324298815298733
30.456516740188967 0.9402101254739434
30.8518498148892 0.9581378968075025
30.59344142721106 0.9480235555463218
30.551826403657074 0.9370447010296336
30.576473072159548 0.9444265177998103
30.779825262609315 0.9569126280550522
30.49751526072425 0.9478722984314294
30.523226948059502 0.9424348947109502
30.732353048282185 0.9500641132324212
30.552205949128883 0.9442908631903809
30.509382865048735 0.9471937703335017
30.5368575970199 0.94266916158404
30.7571332807142 0.9523451146206111
30.5991528972949 0.9487161471922362
30.582941017356898 0.9494112565640112
30.50713360634434 0.9377975965034129
30.439262874376848 0.9326087362187822
30.779978479373558 0.9512967550436499
30.601029387582965 0.9418104777692488
30.537353390708162 0.944203622297261
30.59036270349157 0.9433436519679339
30.596618325780547 0.9459051042805204
30.600230229375825 0.9429018717488761
30.446143006727585 0.9414792485067541
31.260280791593935 0.9671278932848292
31.310986533658554 0.9685443673515388
31.250016778049932 0.967667205646891
31.210738597122827 0.9672476038892193
31.3519503157789 0.9688673548072819
31.178053557885246 0.9676638683490495
31.261574933543187 0.9667388487659533
31.17824395654178 0.968951610912501
31.307396481686652 0.9680780169037038
