34.35262902023984 0.9705399395120518
34.21707311149378 0.9737918740559591
34.469962633120524 0.9704006495268837
34.77339538120931 0.9756377264717678
34.59911613161476 0.9727972953560702
34.9144891539434 0.9763357128807831
34.622429408275586 0.9733745857808107
34.92065108806652 0.9744972033232027
34.48987195615037 0.9752246332466044
34.10878817107679 0.9653850817559164
35.205413173446644 0.9789670974308294
35.33148082074493 0.9793997845908046
34.2866391661122 0.9662679628638741
34.20421890128486 0.9733625199080518
34.160033205727366 0.9607936790194468
34.428420158463304 0.9686111964474284
35.14786803213959 0.978966474058585
35.237047398412955 0.9786011755219912
35.03135461731065 0.9771841956872361
34.37956595352825 0.9741417881784555
34.31019698372942 0.9705484893214421
34.06102425434304 0.9627038164084104
34.25919613201906 0.9709134777055394
33.99844403807725 0.9674061795183483
34.595179247028206 0.9769359895396512
34.18097041397083 0.9659571600597862
34.84443485431633 0.9769884170946249
34.37120665831324 0.971079703615737
34.46239768933008 0.9691037785635547
34.53400065514549 0.9735625010337373
34.05766837921704 0.9683498875380879
34.19241562640864 0.9689925415098513
34.12748938207417 0.9656490791977991
34.922336358724834 0.9765222121623993
34.43994580691478 0.9686660157189994
34.69205304841851 0.9747398173527367
34.49248846079611 0.9753223408803251
35.517265791343995 0.9812126191512803
35.222711470875 0.978629710579013
34.15014021219615 0.9671253720486391
34.45720235538986 0.9701600900268823
35.187857169441166 0.9788791356915197
34.22411361040628 0.967370337687665
34.29178237861872 0.9682981079526716
34.642654574856486 0.9741997011851492
34.68372478416872 0.9738150981966209
34.85376760325135 0.9741909263169342
35.033643959771574 0.9760404895457717
34.18695328947914 0.9691662141573534
35.417174817548315 0.9803237085778392
35.119708329420654 0.9784548622828199
34.17171941257198 0.9733439595905437
34.12813418141345 0.9725635794949099
34.4731047461535 0.9751738963709985
34.30107776837111 0.9720391869644638
34.64903613989047 0.9737270286158108
34.28535298867605 0.9703326147302758
34.33939114935535 0.9707862847534324
34.50101229037186 0.9706633058319678
34.03292484320504 0.968624688103793
34.35857468855338 0.9660985467732196
34.54833745805515 0.9760034076614735
34.35214443382377 0.9736279039055429
34.50852702492438 0.9708287462611787
35.20505350873657 0.97951167188275
35.063104234434014 0.9765976117905142
35.028707845230876 0.9754149604072919
34.320860920196246 0.969379453104733
34.377594214457496 0.9715134104213872
35.14286216737095 0.9788281578409441
35.54102972874881 0.9813955393973128
34.28268051334969 0.9637085685030474
35.16499228742764 0.9792243048123415
34.574196209455465 0.9762552695881225
34.19887568069724 0.9661609375244238
34.48296519148268 0.9730854505534777
34.139746715976734 0.9617965771873943
34.37239410609791 0.9728124909595428
34.46948997566302 0.9727011151932939
34.56083393395356 0.9730400489265958
34.606453824587796 0.9731285370869934
34.1799698524312 0.9643209481665201
34.2853093961151 0.9687312734060205
34.38200478111402 0.9686193435663606
34.18444944654044 0.9696605653965206
34.87941328817877 0.9771669809294081
34.322249745379054 0.973226783618021
34.18738523177643 0.9694852350263844
36.629387690065904 0.9843048401516147
36.53617641689106 0.9843201415920849
36.834841716134136 0.9840189180811428
36.873205161435195 0.9841179655631028
36.680492906504576 0.9839673833513691
36.737720625608546 0.9844728602835667
36.94098599343016 0.9846929140542362
36.73650022089645 0.9843531639714422
36.69873922286672 0.9835028539081799
