30.001142593417214 0.932985890368465
29.97369008198586 0.9325416541376353
30.213969603297336 0.9493920951135905
29.959923095110366 0.9360266149171975
30.1221990984722 0.9457868286292701
29.98501923941582 0.9376643328612343
29.972624563347956 0.9313230384518199
30.16994166567255 0.939246721041363
30.209392883961065 0.9389966632134386
30.286461720809868 0.9492037416819702
29.95245485254101 0.9310787621356588
29.997050616321808 0.9355436400084296
29.924600969308102 0.9341144797461547
29.982826901128927 0.9302179516073669
30.177708209410742 0.9366091094442387
30.17660013967017 0.9386713134460116
29.87805355523819 0.9268234777888958
30.188278580879377 0.9483008166388307
30.218235926600872 0.9392123894350494
30.15640255479084 0.938181553357894
29.981534552740634 0.92890512054033
30.158281160662522 0.9480213611535295
29.982327544087788 0.9339712075616826
30.238676487708275 0.9532598414487033
30.047012452984493 0.942023399445316
30.034645704501788 0.9402099858761654
29.91681160661542 0.9262637276772175
29.9513367653751 0.9293307461328454
29.916341970251743 0.931128498896596
29.930324178817315 0.931500721669428
29.908617926265457 0.9312502276692382
30.29295768060676 0.9312645706983955
29.97582911066663 0.9253733891478223
30.11668200246708 0.9287203020134093
30.095824458813446 0.9315165405603177
30.022977221375985 0.9363090557416353
29.938638201077396 0.9339539851165577
30.2396492015636 0.9388370058244704
29.896942820592727 0.9295331348793595
30.188895543042136 0.9328165784797625
30.36278999259793 0.9322382952135472
29.96152376789979 0.9215373279387189
29.94114522056143 0.9338019897810862
29.957872136595604 0.9331255809760166
30.201591836104058 0.9509131034919052
30.16366918125291 0.945353441625074
29.98759719931215 0.9315838188012819
29.979892606865974 0.9310162557988086
30.194488207519008 0.9244554853281557
29.964547177355904 0.9333281578805153
30.311001522825816 0.9356473826703714
30.092142981418114 0.9451262194768929
29.931017307032807 0.9306396014793742
30.080858368036175 0.9332779093026734
30.148919655572044 0.9485163465189216
29.905856033813862 0.9268821695376832
30.079880086304534 0.933512850507276
29.9277627041037 0.9323457516690903
30.241467591202582 0.953703896869333
30.0507256221278 0.9405389673056707
29.969280419596622 0.9322521982033697
30.078212616123494 0.9310790422922918
30.087280272913684 0.9338246160933553
30.042080685803818 0.9237745431431359
30.188092133353063 0.9483489978947386
30.174954112131754 0.9374859800732587
29.980015239426994 0.9348066702490717
29.969557364358003 0.9317629038659577
29.991785924391436 0.9275051798931769
29.975039706732623 0.9253122260720952
30.173322192604598 0.9376370657938491
29.924690322989488 0.9288148058616391
30.227641522738075 0.9335658872033537
29.918924736764065 0.9239556104157399
30.008620509463096 0.9282686399380082
29.939464545399158 0.9331829142585641
30.154885007004708 0.9488541851766075
29.9750257324092 0.9330383546651565
30.13768281661024 0.9269959661114878
30.110333864283326 0.9367856549143448
30.155297403397782 0.946793741772389
30.239743421587313 0.9523430779542043
30.320812091225964 0.940826409494987
30.040420348123273 0.9246896935515043
30.249198321634317 0.9527631773501135
29.925813012238464 0.9305714846301967
30.061251625436 0.9415099953163607
30.01372368712189 0.9394590107806244
30.972611308181605 0.9640662317039936
30.884245672695663 0.9634471103854504
30.901503214689562 0.9633437492844759
30.956280956185907 0.962131164082716
30.89193242597375 0.9626931420218724
30.874837434160725 0.9627360537901475
30.899671710771663 0.962742204125362
31.002962599462943 0.9625319855764489
30.871611484337606 0.9632623721737908
