31.74168162630716 0.950534164218894
31.670393108230222 0.9417547011356618
31.696688386665876 0.9502824711963244
32.05268942545902 0.9562247667979645
32.055795383223355 0.9555797683650247
31.72353279519799 0.9510947101938209
31.784999888278556 0.9449765636992047
31.57183777322242 0.9400171494075765
31.804657909251066 0.9520486629091058
32.03025853476559 0.9533858325560486
31.64060377993421 0.9405498202801946
32.02598748352386 0.9536248338147676
32.10466480783897 0.9559768892381364
31.73323120935766 0.9458689272273879
31.665950690703504 0.9421323533470896
32.063130844071516 0.9534877951321932
31.777105912619668 0.9457553174603256
31.642056447610017 0.940195540425657
32.05247981016243 0.9557733287359538
32.09679693552143 0.9563358507466114
31.71068260700562 0.950272446662698
31.70221163653716 0.9423217101527293
31.614431815520785 0.9402976445126352
31.710959070197937 0.9419423690610063
31.716146097809133 0.9498095286943075
31.607840332349603 0.9404546980248957
31.75061514949474 0.9427176786516516
32.15286048506696 0.9564137264726857
31.69973462665415 0.9425659362209469
32.11771825461667 0.956465893047049
31.774161551205225 0.9462104845907913
31.79349664382389 0.9449441295581898
31.64307004558389 0.9391890446520635
31.768742773770615 0.9520001042282815
31.702604891073456 0.9422916683449578
31.762425445915166 0.9514805403920391
31.766006896028767 0.9516006750334903
32.06330636374147 0.9563387987643547
32.10821173667658 0.9562661612602885
32.02895526472706 0.953258661936926
32.03556395950293 0.9532079842667966
31.747060812587044 0.9452443896639008
31.773216328173305 0.9458333927699385
32.02011219691845 0.9532146210596908
31.76324505517084 0.945816619532905
32.111291609893584 0.9536671672694439
32.07857863040108 0.9533881694684833
31.738535371590103 0.9451809599029196
31.6869445189174 0.9426512459892047
31.736982590802327 0.9505002168511785
31.689653061326027 0.942504753154805
31.709054468864583 0.9422634048678181
31.80550516416583 0.9461152564477443
31.64128663024947 0.9397182663647342
31.661649002947733 0.9420626864728218
31.737343622596427 0.9427433143208147
31.58355092257557 0.9395129335198745
32.07742766073388 0.9557936105722995
32.048547963777416 0.9561585697632724
31.77141499419518 0.9507869788751867
31.742460919903444 0.9419594147938983
31.77344757659627 0.9459558398066978
31.641913178174796 0.939998387880893
31.777552302379696 0.9509213131913344
31.74219129998503 0.9457213162858676
31.55716817194849 0.9397395715411775
31.72239837509016 0.9513708479871966
31.635760899932276 0.9402969685651207
31.615689699982582 0.9399965538578993
31.708135024467822 0.9459573661048665
31.60745047784648 0.9401964521057867
31.725916891984788 0.944914139982986
31.730257556330468 0.941536726155988
32.119184735981726 0.9556103060676918
31.74102773108227 0.9503475645802609
31.723513526522076 0.9456598150813645
31.67066411472037 0.9405764722810523
31.72209343184972 0.9512461052356841
31.670821564352547 0.9414560575160364
32.1321244450541 0.9563268770973093
31.766202470743806 0.9497414726432128
31.78625614579525 0.9459175216589428
31.589267689018673 0.9395150538442997
32.11525603755573 0.9552289507153293
31.702949099266927 0.9420874818453706
32.065496188208336 0.9552755706476772
32.10809612333664 0.9562816179061898
31.60840164438302 0.9403429341666197
33.17166743791019 0.9709760115798451
33.17498267391509 0.970918467195091
33.163050095712386 0.9710851049455226
33.14158736273344 0.971108999868524
33.25925966049106 0.9719948924913057
33.19647579084651 0.9710880160402521
33.20918435491181 0.9715084179929193
33.21358177842425 0.9710468014113216
33.22554297085149 0.9714527033312892
