32.19812712510923 0.9576218389231099
31.73262440309472 0.9561373215948366
32.17295271922176 0.9573204988251932
32.21284904109793 0.9619115784468405
32.21159579237783 0.9613429360242854
32.2450160461438 0.9572661579142259
31.947833819214605 0.9554523609369562
31.691765737021914 0.9533592989941518
32.26513803371585 0.9583479854248355
32.32597720369883 0.9640075244875675
31.771195080499325 0.9536231756493053
32.241982681058005 0.9640298187159305
32.23286663341758 0.9615979218182392
31.876911566665346 0.9554001678306999
31.72645053656175 0.9570235852064812
32.28179099539351 0.9639057270845619
31.92214400513711 0.9553798837963158
31.693624821011888 0.9533135060546778
32.20417289759262 0.9617064495487948
32.23430713526718 0.9619923503162732
32.181004173499474 0.9575734156093285
31.71645486245815 0.9562177976250482
31.69137378688419 0.9533589838328336
31.771920904009402 0.9563788032564392
32.19786884344386 0.9568799673865298
31.731322706774524 0.9532755836460122
31.806176496438418 0.9568015255557567
32.28276933881904 0.9625047724472676
31.755674088956628 0.9563325926525029
32.24986941743767 0.9619362497337977
31.912866319329737 0.9557901891813283
31.90067094429669 0.9550873387416691
31.699530329913618 0.9529805521527448
32.238591061417 0.9582469803482255
31.750595103025493 0.9562649252429376
32.247973407356454 0.9574943482006418
32.2397531837253 0.9578688698083786
32.20409227568372 0.9622157026150393
32.23224055708443 0.9619891815630487
32.23690727137638 0.9641372819562501
32.266188863148216 0.9637685163142992
31.90171986005092 0.9552243405122813
31.92338893495464 0.955975877031289
32.25100690466233 0.9635912124863586
31.913975511012328 0.9558837516122635
32.331750631788026 0.9640371587751031
32.31780436867517 0.9639468926259198
31.91992753901633 0.9552215744274588
31.71150911821475 0.9567249276625754
32.22544581773976 0.9578745514137642
31.71472678013413 0.9565998234431115
31.71964552014046 0.9564423090254351
31.96200560969832 0.9564179558792496
31.772626700421633 0.9532029778488291
31.691702841068718 0.9564968095282802
31.777014656361963 0.956724195601134
31.720963630743384 0.9526403339252111
32.22034757628584 0.9618603113504897
32.18816727428053 0.9616174441524831
32.26099602481165 0.9577607955538395
31.73834005570072 0.9561252962367907
31.952849730556906 0.9558064181334824
31.756289389536775 0.9533194287368238
32.25348570440325 0.9576765258865773
31.888286170075915 0.9558821952510832
31.70901150287941 0.9535299274753533
32.19829579970642 0.9576435935615244
31.74245698372584 0.9530704619796462
31.683216031920097 0.9531691441387284
31.907768569106455 0.9558257633085802
31.718411969182636 0.9534779984988027
31.894930382926855 0.9544054974599586
31.731960090010055 0.9560618891023338
32.24206364143866 0.9617056467056851
32.17836874157674 0.9576494651827654
31.919307062829564 0.9558134680228751
31.775047822709503 0.9536927999958966
32.218628750127124 0.9580213965436504
31.7360585254524 0.956113627019441
32.24849782344368 0.9619389611608726
32.18733029181444 0.957428465341902
31.955960874289502 0.9559212213808833
31.727316663961677 0.9527388308381017
32.221218414931265 0.9613540296793507
31.74274761443137 0.9564973186046943
32.22100856273669 0.9614923458017209
32.23314022590009 0.9621377036817862
31.691390968406953 0.9530704313269026
33.17166743791019 0.9709760115798451
33.17498267391509 0.970918467195091
33.163050095712386 0.9710851049455226
33.14158736273344 0.971108999868524
33.25925966049106 0.9719948924913057
33.19647579084651 0.9710880160402521
33.20918435491181 0.9715084179929193
33.21358177842425 0.9710468014113216
33.22554297085149 0.9714527033312892
