32.88600470901545 0.9169641117689128
33.265794056147996 0.9263127609783226
32.86815498801387 0.921951991015812
32.83236763697807 0.9180827832661034
33.05293304662912 0.9404646614358738
32.93572892080447 0.9192222685853327
33.15955757382665 0.9403640191149427
33.09629271427446 0.94175997016339
32.76451528631366 0.9190733472304126
33.1438047791111 0.940216758709337
33.0237857233117 0.9194915737187148
33.11478869738244 0.9210552074270629
33.079029390592034 0.9215745486318818
32.858838047477605 0.9186129414424037
33.2487530200979 0.925558359584054
32.87996424158432 0.9179894314350086
32.818468349691216 0.9186629303631513
33.24573988782296 0.9243326917713997
32.805982580566535 0.9164697797500879
32.796873195522465 0.9229577707211934
32.92339614643082 0.9194538612067086
32.73111846532749 0.9186591259249137
33.101998589167 0.9419691622995675
32.76152713370309 0.9226100331476359
33.117252207651624 0.9249105717840863
33.01006875981738 0.9211520741497946
33.364266465986404 0.9234949815420543
33.50873018058301 0.9282918241915569
33.13205817021362 0.9243931635584663
32.93953333636577 0.9217780590010747
32.92969568700721 0.9094569444732126
32.79229349420324 0.9197649331432075
33.28937629825809 0.9163161344865531
33.13783387515296 0.918364774121324
33.22742966199336 0.9170553970169557
33.19633458951893 0.9245686047852331
33.36110452811217 0.9257007043394394
32.811187964528074 0.910583201622822
33.00110839148793 0.9180414124055549
32.86529264289311 0.9121478840402109
32.7098489854511 0.9221576151154255
33.31057654835327 0.9273614324452247
33.326629251295145 0.9267252724227937
33.47421611813775 0.9282326099345699
33.3350130014096 0.927438937877277
32.94976147009003 0.9218974060445924
32.918927989566306 0.9148827457028345
32.8155050084903 0.9243614803107348
32.98265763563415 0.9211398660851772
32.745749202022914 0.9199845569620689
32.88579087585762 0.9235296539271964
33.14195451439031 0.9383174798616666
33.10514971521202 0.9250241097323565
32.783164810773975 0.9234737022358698
33.02779025061827 0.9208947515403015
32.86348765004251 0.9071143212229915
33.05655834835803 0.9192711693862791
33.3984853756023 0.9258201340584796
32.889296763283454 0.9101487709355668
33.086296830162965 0.9413243741648335
32.77748789731329 0.9208271085564514
33.337207363524016 0.924070825245535
32.87581091237844 0.9108379398677076
32.78421452778734 0.9126207624090028
33.180534861087395 0.9282181364003396
32.96540457391577 0.9192924092972516
33.29913957700717 0.9214766459696
33.1784679955078 0.913112015121631
33.092661858480284 0.9217847508346683
33.076067936047416 0.9239333142824143
32.962969641720676 0.92129650828591
32.846013388389196 0.9269280455167308
33.03451522670213 0.9374118694457297
32.889434733911635 0.9189345657127725
32.78503096446342 0.9129607267254638
33.3179410519749 0.9242906608578829
32.95486116746257 0.9196657572938015
32.73051347150973 0.9204316444468408
32.754260343234556 0.9258725904866497
32.69139263781314 0.9175737398198559
33.26359310392557 0.9292008606717165
33.00276762391391 0.9133259583679522
32.836000682295975 0.9214051613027573
33.42384659611066 0.9266849480422483
33.37144295044083 0.9299092365993259
33.33018315775972 0.9284247610108745
32.717449464279376 0.9222444214501886
33.426298993610914 0.9256987359064748
34.52746562147398 0.9501291054962151
34.5184422100671 0.949566751701861
34.505031378105 0.9500845351547317
34.527451295596705 0.9501090836982704
34.56472722864465 0.9494296064595333
34.56988871006048 0.9500216173631458
34.63616613701101 0.9496114310995858
34.39404373107094 0.9502080719395324
34.461858979508484 0.9497742852208979
