30.883944181204516 0.819113199422797
31.018769433487407 0.8241123530072281
30.63820719790664 0.8363677907588549
31.071763797545632 0.8321700974621302
30.610750331767576 0.8132263889938077
30.933863991536303 0.8206476209505267
31.02308013314607 0.8181733150764946
31.035178311799744 0.8254465160579282
30.864644428552886 0.8115295752114992
31.116814236047308 0.8698761152964121
30.71871977499508 0.8606082656815073
31.059523054301774 0.8250870986104624
31.052240912224825 0.8278540982062114
31.048541929065077 0.8680866028543723
30.64061676329348 0.8508829737060624
31.028401551107315 0.8463688514207613
30.75142680569639 0.8587637307993562
31.079427067674636 0.8359920459021656
30.98585486358818 0.8107821173868435
30.975893393270503 0.8682496418597306
30.841331770683986 0.8415040458772571
30.656907833310342 0.8172470854926086
30.562934711008545 0.7983936332855713
30.970478266190614 0.8204050169597007
30.922078886377363 0.8224165987593648
30.98747276489067 0.8443917077976805
30.943787817655284 0.8277651839972989
30.769846547819895 0.8686063243282943
31.056887493500778 0.8334453720903331
30.67636418965305 0.8108485555730335
30.535287087523958 0.8064348454694097
30.827433128684866 0.8131986068021102
30.563016961978107 0.8060742078311605
30.76513003955307 0.8189041662157985
30.645140534182666 0.8067501669204344
30.964848564577036 0.8755500993554436
30.734920252042276 0.8239193444905784
30.647195293656978 0.8163321548495309
30.934881391411892 0.8193796744491264
31.001544127045065 0.8093375430359462
31.160787662343218 0.8770507723905261
30.712352928996985 0.804869586438506
30.617066546589705 0.8118909032329988
30.63406851305224 0.8138229237516001
31.052214050028084 0.834753023750081
31.111355362584693 0.8653383114159987
30.734177991413976 0.8158213839171181
30.79531090203723 0.8186270629484029
30.679531474215107 0.8100661497852887
30.758003417834736 0.8370548864684457
30.756141777470937 0.8142789607413203
30.603608425870412 0.801100692167196
31.08059237104202 0.8323311130788987
31.06231895606082 0.8172893687867218
30.77462015618601 0.8183749046170536
30.972622022728697 0.8305595614509544
30.977192675980447 0.8269876047822473
31.045265402371136 0.8486488374019631
30.875035945651955 0.8255282008268326
30.716863497499688 0.8649427651552859
30.594993822748357 0.8109158860701768
31.036087864623084 0.8182357982291191
31.065679671752537 0.8249663685708498
30.908446593461015 0.815116127352091
30.98540928863329 0.8373500427386283
30.631151582538408 0.8203681947241043
30.662263210894842 0.8198883828712903
30.610852198580126 0.8374338904206942
30.887653443040275 0.8122383527124468
31.039589595073412 0.8701275267616772
30.83445353434101 0.8277235558640287
31.010441023677416 0.8194212135077658
30.898676839958732 0.831477294413181
31.055137127818497 0.8285720786867983
31.045696765428517 0.8526816888788185
30.985662519502792 0.8368399231012601
30.946669657169 0.8449894720157418
30.85668423855266 0.8196070584678772
30.88249462242148 0.8659904530716814
30.879279115320912 0.8709866668531614
31.174371950503776 0.8820807097573337
30.852887734319335 0.8211326605457147
30.643454996551718 0.8071721419278605
30.74985558929043 0.8025660102123156
30.569141408411255 0.8169082132341139
30.848293802496404 0.8219042474412724
31.167384419993674 0.8828878748585272
30.60797430682652 0.8142240932610263
31.207771281457806 0.9435862144414255
31.090626964750363 0.9427321078435887
31.53111843565644 0.9480875419421091
31.293045469130423 0.9439699089934169
31.54821002568614 0.9488943897722555
31.46222815522504 0.9459848183197405
31.381664628470443 0.9457724276921138
31.139519632097414 0.9425084196799703
31.54916681479913 0.9482785112561792
