32.058140860875056 0.9484314198956991
31.956002219665443 0.958742462250695
33.20205324623867 0.9717180503000207
32.86561507234576 0.971413281944405
32.03266635505607 0.9548850633523829
32.270571416256516 0.960974517808165
32.07895183968531 0.9565668386008779
31.977676157416305 0.95310248725735
33.02039192975535 0.9718143445854448
32.05704113927781 0.9542865129598046
33.32722829660887 0.9791169561102191
33.046795573107055 0.973741831067357
32.84801506400744 0.9756304001866508
32.416566251840855 0.9604693772967591
32.043528292167984 0.9539619324693686
32.179197106948635 0.9632199865300006
32.50895098706549 0.9722776120908427
32.689032718843535 0.9759456428010526
31.746283976264596 0.9543316668687194
31.833052942030204 0.9504575435754364
32.46748782147945 0.9717205407535093
32.77609771009943 0.9638444673392406
32.032053054548555 0.9660797500416759
32.13526010810172 0.964977644562533
32.316908331811305 0.9658197533233491
32.51389355139081 0.9641464458783654
31.94582625696917 0.9660026438881519
32.397959119732676 0.9691505453155662
33.20475601106311 0.9761032401957183
32.334003816968824 0.9581488579313414
32.484148257928865 0.9662143187800375
32.922341085075004 0.975009346362042
32.19747726090865 0.9533150212658376
32.16242452084662 0.9575591442742224
32.781904901781274 0.9756424908281027
31.96556045653707 0.956045505739734
32.460083398395966 0.9674897850987266
32.11060141133319 0.9684226276568098
32.511411189985026 0.9618576158093549
31.782061095614207 0.95419939675342
32.62646304003433 0.9626448861374033
32.4020884266738 0.9685853576697958
32.29530895644483 0.9618825781370671
32.698928559570994 0.9608058318581258
32.64570894303125 0.9680809128482176
32.00706672810642 0.9661404650480357
32.3782730381804 0.9645877172958098
32.392622790675944 0.9652623835791108
31.960838898485196 0.9589338124440452
33.153001677495425 0.9740086839837143
33.083380444109444 0.9756543501281272
31.905166087735726 0.9562769288148477
32.384983110883596 0.9579495884196981
32.23574995242459 0.9663020760094785
32.992613502934404 0.9741135083328387
32.09187372368739 0.9684828912827677
31.96760791053942 0.9659273847618118
32.09225838756985 0.9659236379544149
32.52142097889418 0.9632979835144324
32.7299402671745 0.9658459698097905
32.300404631356 0.9530122902804598
32.98916529659636 0.9740542389125666
32.460353111562604 0.968294981522758
32.10428617383839 0.9566711861138469
32.01437859284793 0.9569647108765662
32.23302087135542 0.9568113082567892
31.923963138466014 0.9507839062622786
31.888839805661817 0.9663487652291561
32.1359757844046 0.9640691572510232
32.13964291673005 0.9575311085857614
33.25360226067175 0.9752453521464145
32.41811460646525 0.9607013347040658
32.144893737645965 0.9546780434980284
33.252051957678916 0.9753865884202761
32.68128835570733 0.9699296493492298
32.14763387729991 0.9561996703904972
33.03515481367283 0.9716407905413038
32.729591934256845 0.9698441218847114
32.21289327141274 0.9587871619753863
33.00339597434071 0.97098308061224
32.9966423547348 0.9727755559168774
32.8957018527488 0.9720502299340098
32.64846810435181 0.9669437249680685
32.40316375925144 0.9584661563592888
32.21170140364342 0.9546599839873776
32.76646437733384 0.9747849027485492
32.649926360427465 0.9665109708223297
32.26089733928252 0.9612143863975896
34.424292488381425 0.9828467519495642
34.92205191064079 0.9851000051443208
34.26458481643869 0.9822931801430187
34.197246344699835 0.982185217515255
34.6103419046281 0.984187085159139
34.46037879193852 0.982974409852779
34.199029292444735 0.9822578718114189
34.47128560990093 0.9825933666340695
34.734316456270726 0.9833672308389935
