30.437814458152864 0.9011087819286989
30.25757872074006 0.8908172422479952
30.351785821490367 0.8974778681280874
30.256373208667583 0.8881227525108696
30.202919610193373 0.8829860044630408
30.21575580656434 0.8920159306549892
30.36850179947223 0.89276885588331
30.258831885315608 0.8885061362225609
30.38819478446666 0.8967223279545868
30.296532006279023 0.8932069692758243
30.194821006042275 0.8900199500779844
30.247242089222368 0.8899168626866024
30.400218242046083 0.8998270823870125
30.245141277679473 0.89216733178792
30.214971641859538 0.8916240464647356
30.201327756164403 0.888403609237672
30.275889345273722 0.8900793217538733
30.191474659756903 0.8905884158457391
30.264213624918852 0.8868608708759841
30.382666887225977 0.903517340573208
30.16943767924074 0.889616979368765
30.215831507413977 0.8905590858668175
30.398684812087474 0.8951097525279829
30.271214448195547 0.8887801301439583
30.196372564978624 0.884919553713997
30.480339675301053 0.9017040447406003
30.13797297845507 0.8853957311449097
30.36226479471788 0.8986086092090633
30.361222465052265 0.8952708677215896
30.19834509006859 0.8889404950584944
30.371417814163507 0.903312441390817
30.217182112316507 0.8892839876745766
30.15122204253245 0.8848620075627124
30.235998705605915 0.891476900074189
30.19493676802847 0.8894050320795934
30.244666824144115 0.8905761810433879
30.400408724675 0.9029337947309218
30.331993735233688 0.8977112861804666
30.27124997976196 0.8918525439491009
30.40268986734388 0.8954483164644176
30.241702779391773 0.8927917524516615
30.275519857447048 0.8871689573858825
30.448390353049213 0.9048511222631573
30.41290199754169 0.8990844942084771
30.44321069337629 0.9012290593956088
30.53673806826266 0.9036498428551502
30.51785512962145 0.905650596131652
30.311958010250603 0.8940147437723286
30.252917895183522 0.8918578011996809
30.17126779245816 0.886968853337028
30.184624934345607 0.8894750502440464
30.193288828573532 0.8901138380476424
30.28186096628023 0.8888437682720429
30.225634599486742 0.8904588223869064
30.154710683439813 0.8869453259684379
30.224919189244588 0.889328374034163
30.40962182038037 0.8939779021411421
30.19394852637661 0.8896189343416876
30.269357393504986 0.8936068909741738
30.229496564894962 0.8894555710772291
30.2329590064664 0.889873036139995
30.24262275919209 0.8877678216387728
30.198716575668865 0.8873192627514483
30.275503478093725 0.8931841139358967
30.172580842178984 0.8852871782118115
30.156854029147368 0.885854432987904
30.281823473145796 0.8930571181545961
30.310947263696576 0.8931879299607132
30.310895836104187 0.8916443440780738
30.168371439464572 0.887156435005039
30.383085421078473 0.8997683981848221
30.29737242808771 0.890866068186892
30.3552542366989 0.9022174457718736
30.233748511772866 0.8889868449220046
30.27003459128293 0.8932262025382226
30.408266486228342 0.8976941515729092
30.21291036561779 0.8870746895471687
30.226075052890966 0.8909668651214856
30.37233267060759 0.8960153106388892
30.387187268063215 0.8999374295937471
30.337372021902326 0.8986856839504792
30.261684724827504 0.8895803024519581
30.297285650651588 0.8972932412873061
30.34078927187177 0.8953722606614449
30.246305093300023 0.8882143664137077
30.31309927577899 0.8969068806579406
30.36309368144262 0.9043907591548654
30.262646275289878 0.8907576096058938
30.771147253118446 0.9093158534804557
30.634289865137866 0.9075494044305831
30.66860515071072 0.9072397502669093
30.800091475027294 0.9104171917300149
30.684062050094703 0.907847540200372
30.836297404245194 0.910526289061514
30.705374319045752 0.9079625147217872
30.66305391210793 0.9075138597299676
30.752441258787595 0.9088276838857873
