30.65767916292611 0.9392377204488858
30.58608561019406 0.945799014665774
32.26400793584601 0.965915312362408
31.896839095080022 0.9660341385032182
30.775554451696653 0.9452705966985677
30.785572357032216 0.9515623266747515
30.792790263980592 0.9480818305541275
30.63328764453758 0.9441549696692917
32.19319656207942 0.9662493946829372
30.694215891296224 0.9471217472102712
32.34868826695488 0.9651650738091153
32.07128816936778 0.9690062784365565
31.8058629510486 0.9574968808342597
31.062860849205016 0.9511079493827406
30.739817825601385 0.9475737822781737
30.74154405351627 0.9530283156951856
31.48253792311943 0.9614061627175369
31.79650629034245 0.9606143241298866
30.444660910718802 0.9431715860800727
30.503604685243573 0.941526911804274
31.392344481514534 0.9593825927099806
31.181989391997607 0.9545244850630678
30.908647188617064 0.9498255809588485
31.10623792554025 0.9501239504107687
31.203956033352256 0.9500631242007554
30.969993904558887 0.9521753318028369
30.94993246181857 0.9509726812199151
31.28719496757155 0.9541307457608583
32.155615758520824 0.9577932886694736
31.027351713775957 0.9496252556346357
31.10666802075754 0.957974418478817
31.926151210988863 0.9562022774953416
30.84229146120657 0.9463722672753815
30.871263362503647 0.9496271810532194
31.84074201265705 0.9597765178129389
30.660484595422012 0.9444223588070476
31.013763482135698 0.9592691465322486
31.07894194533699 0.9551660457591126
30.90098135464567 0.9531303159963056
30.483626100044418 0.9416540414082444
31.111631362990714 0.956988283002653
31.20519117950235 0.9529487836634122
30.830235568981152 0.9525141329525182
30.98941504238769 0.9525707366903715
31.852925133702037 0.9608956997950855
30.987356156619136 0.9493464115317762
30.88584204203572 0.9569517174693449
30.99926331648399 0.9549704964672344
30.51846728738296 0.947114879973015
32.30299613817233 0.9700996796963639
32.11827009424903 0.9581477014488019
30.624115524750415 0.9441886942702918
30.904241642844333 0.9493906220006125
31.14489941703522 0.9498003290244054
32.110438250570176 0.9695429151356175
31.00911153263912 0.955341769355538
30.881542687546933 0.95081404694818
31.060342404630216 0.9500776052863957
30.991352118671923 0.9571819932272057
31.27467131744329 0.9589795855528553
30.71557091928025 0.9419414312015599
32.134674511920174 0.9697782672410146
31.334983214950284 0.9539904445862942
30.760489550547945 0.9450035986925225
30.648749942199274 0.9460295463565159
30.74875745885906 0.9440055510236036
30.532115500925183 0.9433032342070828
30.858263014565743 0.9518941467188685
30.76791875911313 0.9537391166036726
30.623118183953455 0.9469277640869225
32.335775695543944 0.9717083909477165
31.065162123852556 0.9511862647874035
30.674858627155327 0.9416784209256005
32.348437091011846 0.9709822006504908
31.829257844797723 0.9640453409928691
30.83950467970768 0.9436778887414571
32.18330100570383 0.9664673984778609
31.876253229126164 0.9647845957635689
30.670878380032182 0.9510300596832579
32.171074780449715 0.965527046308663
32.1725840200523 0.9675626354959252
31.96797343149393 0.9671674802577496
31.105612125246726 0.9595590728090195
30.936203877281685 0.9481530511001335
30.80408151189129 0.94515715007496
31.83670855624291 0.9553212799814996
31.205897300704596 0.9589037239135019
30.93455321578642 0.9489130667136184
34.424292488381425 0.9828467519495642
34.92205191064079 0.9851000051443208
34.26458481643869 0.9822931801430187
34.197246344699835 0.982185217515255
34.6103419046281 0.984187085159139
34.46037879193852 0.982974409852779
34.199029292444735 0.9822578718114189
34.47128560990093 0.9825933666340695
34.734316456270726 0.9833672308389935
