29.72305491674764 0.850030688083275
29.2848236627498 0.8264181482686674
29.497219782797526 0.857538113583085
29.57773337756337 0.8897221809120848
29.60267694696323 0.8847685443665944
29.343185125562616 0.828835553235274
29.63375614725017 0.8512939631371317
29.4696268565946 0.8419040294157777
29.686002678465027 0.8220041711706938
29.401269233403198 0.832135225339633
29.664751972023446 0.8512536335055698
29.345258850634956 0.840267013136043
29.395500945393355 0.8270914832722867
29.51764282484045 0.8452597274295602
29.679805868583212 0.82794234169424
29.32259121343977 0.8282252448267042
29.393151774215198 0.8298956718916448
29.30578701444677 0.835955074589806
29.3048136747595 0.8337128776118593
29.99285922459062 0.8761469036912595
29.41967338566998 0.8415590498660075
29.704723892238345 0.852369887181638
29.564228802780743 0.8497835193405433
29.648157589149772 0.8920476390166118
29.50628690452199 0.8565677934456702
29.450288635565332 0.8302275732546784
29.50078919434622 0.8486988910349775
29.628801602323215 0.830467035188007
29.367441681992375 0.8368354621353221
29.382087962082156 0.8379538213489325
29.521270568965612 0.8550897721601016
29.40508806110108 0.8361408424410682
29.35566734607692 0.8331687359907407
29.2628190895782 0.8287078679815255
29.52904723511924 0.835652527879453
29.30038166547833 0.8360586672853629
29.306488380928077 0.8190585159469251
29.46620239136136 0.8316185624600104
29.74139929191603 0.8368904536365241
29.656898544182088 0.8321798201850444
29.335897181899636 0.8228736687211472
29.410559632426867 0.8229512716467877
29.31068696795798 0.8249496680787117
29.523879415673026 0.8455409517583319
29.330215578978304 0.8315795116432982
29.51702146579606 0.8562241053066236
29.378218879957846 0.8283170791436321
29.28299027654717 0.8374832400065019
29.69318083228022 0.827847282640965
29.304024645586303 0.8319462949246303
29.46117841078676 0.8473783880917787
29.24254341101523 0.8223062673500877
29.318697972412828 0.8150876423764807
29.357202118667796 0.8370452230134735
29.654698573442317 0.832188316143888
29.551352290053003 0.8500871502411709
29.431781730833364 0.8222834120910493
29.55810542249024 0.8296729538794649
29.38026446973285 0.8305209869315164
29.32854242445363 0.8304945502650404
29.254785357297624 0.8229295415412724
29.309011766107705 0.8315262776953672
29.559389806823386 0.8375766911365304
29.34228792608803 0.8343493725693505
29.39456192676182 0.8373272909342284
29.27987445792737 0.8309472113130456
29.568648047316564 0.8351558659889992
29.327468791144952 0.8295894404479295
29.70362409974736 0.8236088290947973
29.494485564644606 0.886526555252662
29.706852261519366 0.88806099263793
29.346825091872777 0.8340702022601412
29.625930110747372 0.8416759396774876
29.808297617878804 0.8855335485090219
29.31444175159185 0.8166401070489654
29.384292219799516 0.8302719671166666
29.29836120410844 0.8383195610776438
29.542682833626507 0.8340004902388127
29.527632134316065 0.8591043631797295
29.508309013062693 0.8318866303588128
29.6023001961046 0.8882127249946831
29.365434759183728 0.8346062102190449
29.331855297267346 0.8306727823978746
29.67816052001259 0.8172634566512486
29.498411934652495 0.8474928262733972
29.358812650752192 0.8209533412228092
29.52228618022275 0.8365074503214761
29.361927623541824 0.8300434909274899
30.963937631480075 0.9669314446165612
30.83397931759455 0.9638134495109197
30.970953344528006 0.9661758999745943
30.852477240134913 0.9642741001095924
30.820228287593984 0.9647333780814978
30.834824002303197 0.9636620851236949
31.112473655604536 0.9622605733800962
31.057741087644906 0.9648157077397602
31.119934605091398 0.956658588266064
