30.53125446684382 0.8382107377070748
30.61221360106925 0.8446346480437367
30.430374951868956 0.7798350770469679
30.594676499708804 0.8293373796341516
30.212384764081605 0.7983976815547807
30.80838815388276 0.884564888227616
30.872328751600694 0.8856379264279621
30.573047749972307 0.816025000289149
30.46963219979383 0.838793730931387
30.963383541985156 0.8983803188563009
30.59946147154386 0.8872974773469853
30.614625987274657 0.859113173344691
30.91859353813362 0.89074172901301
30.893766603658808 0.8946253106547768
30.570214075064737 0.8876132093178521
30.758962653182564 0.7896274920516456
30.676261287801093 0.8916131793464844
30.63227422406547 0.8466798626764052
30.523904033889213 0.8108489782273332
30.88402278232627 0.8991180304272398
30.58446705142068 0.7893201407339996
30.54302736056499 0.877145876010041
30.189729154550584 0.7912649309896532
30.563512500781215 0.8377161851376421
30.791659879733317 0.8817295544975019
27.78772450718092 0.8230035756399909
30.53508438634396 0.8198499069856359
30.63889634467856 0.8901603656009216
30.93948281823274 0.9018854456364624
27.85262849509822 0.7689942172271335
27.86328590901934 0.7567302791969467
30.413414032021247 0.8185145982847369
30.21491949231253 0.8194193298422355
27.87030485670883 0.7919995339837385
30.263068333003144 0.8018318459565601
30.849740535070683 0.898064852395099
27.775973096057868 0.7819700263290009
30.554149083125424 0.8823836621852406
27.85527568884369 0.7771247662449878
30.571040539585347 0.834632791899737
31.01960945782213 0.9073414541373452
30.28308670135936 0.8017265272725949
27.867986259579446 0.7735730027780683
30.300724210285026 0.8303786143562621
30.61008585478826 0.8561561391422565
30.98676847653097 0.8997101063392886
30.584013329972777 0.8783524913453477
30.449515680242023 0.841284071014547
30.32288454658202 0.8304475617944473
30.511502346902923 0.7872735893281021
30.64389204761386 0.8804314432332782
30.211104352268812 0.8225477872860336
30.933585446354854 0.8918378882540442
30.599831083611623 0.8273359093178706
30.358800319222215 0.8127297523201733
27.769267109844616 0.7807111099630328
27.860797406935344 0.7993454839765812
30.778514337062987 0.7980276190326328
30.478068874944615 0.82644521751051
30.641287201125262 0.8942367416475037
30.48250098092124 0.8752109927081768
30.623999401610945 0.8490655362832854
30.59420181765291 0.8400596585798151
30.52354900279857 0.8393181477449252
27.77092377366861 0.7989429899006593
27.778378954405277 0.7861528217182552
30.24567318266369 0.8135693271914658
30.377032959930755 0.7785607730244064
30.51748970712395 0.8186227533964968
30.903431478717955 0.9015942714149682
27.770029522505972 0.800985586680946
30.871147685943118 0.8813728524350202
27.781005766694452 0.790967585849461
30.921795665293534 0.8929405889444534
30.759367279712627 0.8074733480340035
27.864423585984966 0.8204556038757732
30.673093822170486 0.7872693146647879
30.764530295371678 0.8874570008175822
30.787746790477946 0.8999195454668696
30.740972040798596 0.8956965585788097
31.010181355784255 0.9081046506890745
27.860685089513172 0.7912535964480013
30.257634880503158 0.8309556149573543
30.36629707735689 0.8296302470714545
27.78130524304395 0.7676601236046566
30.720831947788007 0.8831075238215136
31.000750725878376 0.9049090920064594
30.53687076774946 0.8787557677844992
31.207771281457806 0.9435862144414255
31.090626964750363 0.9427321078435887
31.53111843565644 0.9480875419421091
31.293045469130423 0.9439699089934169
31.54821002568614 0.9488943897722555
31.46222815522504 0.9459848183197405
31.381664628470443 0.9457724276921138
31.139519632097414 0.9425084196799703
31.54916681479913 0.9482785112561792
