30.347157008754188 0.8933684784899273
30.042668130440727 0.8758221284691279
30.224556324927107 0.8887567433189334
29.911709080349453 0.8597126200636046
29.88834407528147 0.8479155100144884
29.832283710201967 0.8568466153752123
30.07300142781692 0.8684930521757395
29.855254366297732 0.8444504720914449
30.240626311466983 0.8861295644307112
29.972255992296407 0.8640857619776358
29.96144127149803 0.87025541384156
29.824364656706997 0.8412789346531462
30.284883977836415 0.8923791420722674
30.00564741221328 0.8781338046707465
29.83886272210193 0.8575915561743058
29.94306322807496 0.8653719146234397
30.06063694264494 0.8738263405418752
29.918911804021818 0.8715748749534032
30.045447871923265 0.8660044130571042
29.994622546859333 0.8746683276051953
29.90222684242479 0.8708693902669989
29.89686711765261 0.8616275215732966
30.061209752977316 0.865683783716078
29.988920048526747 0.8614628319389938
29.84033386432479 0.8444250796114752
29.940432061779315 0.8588274053407089
29.831587992810604 0.8562070499291706
30.249224370373163 0.8912610345511939
30.02361044349147 0.8638455437115501
29.965942770972568 0.8743841478817261
30.025996011641574 0.8791139772321471
30.019910888950836 0.8731154474714468
29.846425431686665 0.856385996802688
29.91690510909106 0.8641876005543964
29.93456096993077 0.8723406680783317
30.04367533160357 0.8759650947608658
30.052831361454338 0.8781398473773007
30.20334441795431 0.8894207750792902
30.023266663962424 0.877458969571555
30.146645292138075 0.8805118503771415
29.900405334786253 0.8621729394571043
29.99381064110835 0.8666865630553234
30.11319491196032 0.8827080660294674
30.29932855519146 0.8914165733379535
30.33563878133129 0.8946487714664892
30.43740518954719 0.8971915654704871
30.14132303110992 0.8789023911965466
29.988430065502342 0.8668636688429995
30.073344253388083 0.8776793372629258
29.861806815271535 0.8609172773271935
29.937755944582698 0.8732801362595126
29.826287468690854 0.8566717517567152
30.071620126149675 0.8707247873426541
29.934588443098406 0.8643949971319852
29.846211975431814 0.8568965433059147
29.972305089653727 0.8726433319369723
30.18944560774869 0.8788648877646615
29.954877058646254 0.8700359152853758
30.01333090508577 0.8806402578562513
29.965082835328932 0.8662858830508631
29.998649886113625 0.8723244024332506
29.97927403194037 0.8611390843455357
29.911345642687387 0.8635317192468134
29.97749377106336 0.8666798834344283
29.91091059034911 0.8615422230012586
29.8883584155562 0.861665022392686
29.951666210643126 0.866090420885496
30.121329568199453 0.8784633197330065
30.03613487160624 0.8735083915448909
29.96113045480304 0.8695721479297933
30.265166865014393 0.8930033509841449
30.091995383457668 0.8714680866553381
29.9629090272991 0.8735766196751158
29.949332183387583 0.8651739262630672
29.921498472142822 0.8632122868090782
30.300645132355648 0.8883466090751272
29.92619104887758 0.8610459174379695
29.99423872592645 0.8773007705344584
30.240770227460743 0.8870909331232977
30.25801706581278 0.8929839141478163
30.234627633864612 0.8916253476919671
30.029904628204594 0.8710517651912417
30.176664410971288 0.8886662179929797
30.06756316758358 0.8812448180287658
29.974026029916125 0.8649485627154138
30.172303211135755 0.8888092843678672
30.06334308925971 0.8823981026785931
30.00841125262948 0.876133681419337
30.771147253118446 0.9093158534804557
30.634289865137866 0.9075494044305831
30.66860515071072 0.9072397502669093
30.800091475027294 0.9104171917300149
30.684062050094703 0.907847540200372
30.836297404245194 0.910526289061514
30.705374319045752 0.9079625147217872
30.66305391210793 0.9075138597299676
30.752441258787595 0.9088276838857873
