29.114674525004723 0.8512241504126535
28.914629820901204 0.8307762173471263
29.186457613013555 0.8487501466704628
29.130105373672862 0.8387670926716204
29.559571960656235 0.9015143949038175
29.055364072996177 0.8522376853870736
28.939192460278154 0.8314160847098143
29.516411787152542 0.8962708478969957
29.09905059315635 0.8467818291654141
29.080994346956683 0.8294849299247747
29.014357709729524 0.8444504507566134
29.11738563337575 0.8460886320429265
29.18268137128546 0.8486271934007
29.44612732756287 0.9104755554118122
28.969006920291175 0.8294593029173317
29.249028694780357 0.8482241029581112
29.063374466477228 0.8201691011403028
29.175607326484872 0.8441134993290301
29.093684260634966 0.8376860860701889
29.157035849700325 0.8390129102865928
29.045527509222154 0.8265154601365005
29.430540694818916 0.8938274994826535
29.039598539726246 0.8299372662441441
29.036892792458882 0.8340910966020342
29.166004362092565 0.8403662310163791
29.114770707068566 0.8645900689027911
29.042504144998176 0.8429887531118934
29.120988191591216 0.8422570722534544
29.384944813912554 0.9055909827117707
29.053989554338422 0.8521934700410917
29.328774041980836 0.8890485466036203
28.98398317557899 0.8391723394650666
29.285372618696577 0.8529402803207785
29.138919505824596 0.8276745073737763
29.12589346270918 0.8370770611467607
29.110202889003638 0.8309278724982283
29.158578890147968 0.8466098353773993
29.479461596762402 0.8968336522930219
29.10897832903968 0.8496992421261608
29.02069536681223 0.8304322817834093
29.138814502560493 0.8713790669012444
29.11290977421439 0.8478277100466037
29.11250857477425 0.8460324330943485
29.026579437559302 0.8375707019885932
29.284575006864024 0.8509132900427319
28.97905201238657 0.8429695436734957
29.050276943081688 0.8398958623017903
29.280362686545086 0.8646520243043032
29.129543884957563 0.8385089798690527
29.082460464988866 0.8163961143923218
29.401104695979782 0.8995029810068014
29.157316016426606 0.8449962122128893
29.518975057270676 0.9103920048189255
29.140502066560696 0.855355482131659
28.99997824001618 0.8317327335337514
29.05758513750436 0.8424034639383559
29.093673565982257 0.8613121831207753
29.248942793611803 0.8550079381387642
29.098435825385902 0.8336579790033299
29.15550474767185 0.8321118054855637
28.953720019664818 0.8405376924818123
29.061244559332017 0.8313611353572765
29.47446292984168 0.8912844517225921
29.08413551679574 0.8412225149854631
29.148619926227248 0.8380260294643647
29.149090008659183 0.8527192736319691
29.13961100582025 0.8710484053371306
29.113127844611114 0.8498616624408096
29.155038128377456 0.8305830976995193
29.46918820485457 0.8986424956796388
29.073212020269395 0.8417923797705876
29.224946957735703 0.8516544677069048
29.047417806473543 0.850036676947393
29.497549186199407 0.8856507592733398
29.425491013711028 0.8893052062763868
29.079796472204812 0.8628022145823354
28.991609712843047 0.8379801202186445
29.155722436123582 0.8497562701266083
29.155296109678964 0.8585047039023666
29.04937050220601 0.8257152122313414
29.465621941548072 0.8934751819137656
29.196573727556444 0.8736587082562176
29.22849206350133 0.8561124250734133
29.080282974574935 0.8370038911938622
29.44809240854747 0.8953676974002965
28.983381005749678 0.8482460062056624
29.24884359373118 0.8888087741505163
29.079959936607644 0.856440201688827
29.976521895342934 0.9370445359892913
30.029095164719738 0.9396640346755932
29.931899925043183 0.9375508058380184
29.956374991667673 0.940650720610065
30.047601453248483 0.9394548744364468
29.981239787578488 0.9431515617853965
29.957364767362293 0.9388629570273687
29.824759697131608 0.9353558898990653
29.77827290063344 0.9356509296219285
