31.946291018420947 0.9650607770222827
31.566989022004186 0.9645520563654415
31.95416617530463 0.9745450135995771
33.43911213082976 0.9777112398669869
33.54596415314883 0.9779848611594361
32.14128006011271 0.9701670707076797
31.402410628403427 0.9404972712180323
31.52285833395984 0.9672750070731887
31.86917310867898 0.9734622195859977
32.00936649596755 0.9616805006055359
31.920033807871224 0.9744180709511662
33.17296769377284 0.9817190588237251
31.499020318965144 0.9679847499454357
31.901126135134277 0.9622885666240396
31.39723012910382 0.956582612553898
32.05352622597698 0.9682428553637655
31.967025835285014 0.9669837516990828
31.59163653204847 0.9603967517543144
31.937135584356643 0.9735312040514158
33.539411390996584 0.9788922639966446
31.864416138410476 0.9726285614141179
31.84611772578913 0.9712242218774373
31.875739416289207 0.9716582195767087
33.0851152053675 0.9807324002117886
31.957942449458923 0.9740207972018985
31.53626916444013 0.9678971346970364
32.09473676679976 0.9692817696880611
31.513345133159728 0.9467105678172677
31.377540081267465 0.9554532013490062
31.529930408656753 0.9568653569772444
31.939933395710703 0.9745856764313332
33.57089104468234 0.9790313271286354
33.47992775207121 0.9780386378771816
31.49808753565192 0.9657372614311518
33.01837523121725 0.9802688458017265
33.40235913416639 0.976198829688267
31.453413496330505 0.9660335163251768
33.519414162750756 0.9789827324509391
33.440368418170124 0.9762014176434476
31.52407000571182 0.9509737985518731
32.0611285855098 0.9697268433173201
33.49442661238031 0.9783795983786902
33.08314282282447 0.9814859763670017
32.095956382520555 0.9655979937303081
31.46283523793221 0.9672816249602961
31.661487700073728 0.9609448185772249
31.574043140303118 0.9578751262333787
33.46947753275885 0.9764603956638968
31.914074127122724 0.9732658821716237
32.070024171980606 0.9680748852844874
31.463810007686163 0.9653964347248967
31.540394526023412 0.9676456310302002
31.50023714564788 0.9457467353367244
33.544046653090064 0.9790164631225367
31.39136686153477 0.9616737999768089
31.637536924156407 0.9559516048802683
33.43661469681574 0.9783239763394784
31.630400739544044 0.9610785569405
31.477286010450545 0.9606238388760963
31.53203646609318 0.957542489453536
31.998884623265866 0.961464994541484
32.047098100461106 0.9677828789628744
33.41529072795614 0.977460780446617
33.08507945773664 0.9811133515995687
32.10144497659732 0.9696513507194817
31.631511378655787 0.9599009669383843
33.088814441173774 0.9813165566338081
31.98165038739368 0.9744041335697488
31.97355403581373 0.9744764196129382
33.14911678149643 0.9817314779877903
31.87948599515266 0.9739368456455335
31.495101062018946 0.9534920215034058
31.80502927008461 0.9710051657414617
31.583753630534904 0.9582619709936311
33.087356722555576 0.9809377508955349
31.32876195523081 0.9518249885300236
31.434077454426887 0.9648356472389575
32.0742021064184 0.9699651864799365
31.902288142725087 0.9592336681621294
31.596364459788482 0.958468570890724
33.47785721768275 0.9788214592852096
31.921553976304494 0.9734928993191513
32.03904223390354 0.9676698348858479
33.473058470650734 0.9784016930824867
33.505498254939305 0.9785044112337746
31.892166157785596 0.9720020944045129
31.538106347210086 0.9659853033481932
31.625330703828112 0.9604840265247537
36.49949947896088 0.9865468632662464
36.57097552210336 0.9868347320930406
36.51844246979173 0.9868257599629404
36.530381846545396 0.9865773404383675
36.503743678529325 0.9866676540654314
36.388207022271835 0.986383614539252
36.5290218065953 0.986664933296087
36.43708427833461 0.9865650251705064
36.50625584291617 0.9867148278172564
