32.9731199291451 0.9196196340900796
32.83098548240416 0.9196373521645722
33.09449123692828 0.9244434843245185
32.85376676428668 0.918955469889364
32.86802789318613 0.9195441914279563
33.019858395043094 0.9206386234445129
32.84677977056439 0.9198750023502555
32.805116111599695 0.9180751829583456
32.79325141332736 0.9179584774263386
32.89430966082135 0.9210405965988414
32.86673250323015 0.9213789140933003
32.858942816656665 0.9214592032264033
32.87036762902895 0.9208635111166107
32.859314831287215 0.9192695077858606
32.90685419710121 0.9214351906001103
32.89100355034115 0.9222790926870607
32.84994781852311 0.9208349370790977
32.881728339378256 0.9218434224197088
32.83733505206773 0.9196805593432709
32.83019491410122 0.9185756904223489
32.827157453527 0.9203283809541156
32.85550033026726 0.9211131850954676
32.86633011001072 0.9188603462728693
32.886000013962814 0.9212821978866513
33.145651301256635 0.9277456551614609
32.84503023182819 0.9209263924822392
32.82503278904917 0.9183751207707231
33.040397852466505 0.922091900461926
32.77684436012819 0.917358736059477
32.80841783135019 0.9200491373224832
32.857495783458326 0.918842990004377
32.79134288586291 0.9193906116342777
32.79129527738422 0.9190409673309152
33.21494390915865 0.9269704578803054
32.923684600310416 0.9208473652946426
32.83471987044373 0.9193330153051971
33.13352555073248 0.9253099686394326
32.83371986794676 0.9192867448079355
33.133216492192766 0.9241034920417711
32.879848734802444 0.9210590447628548
32.8641424572079 0.9205242596096116
32.798626445320515 0.9190341407453588
33.20186412485832 0.9271826138478018
32.879306618555354 0.9218041803456078
33.143832407734 0.9273830896476744
32.88743522912491 0.922106267600027
32.88305081680198 0.9202638124316223
33.10183126916189 0.9254342864412207
33.152411210693494 0.9253785169094995
32.8445216149547 0.9209011644850382
32.879455779013526 0.9215513233976412
32.80277566613731 0.9194018880025179
32.864537427550886 0.920788457180535
32.85559823742717 0.9186082293982855
32.829603346249 0.9217286987830722
32.83015235560424 0.9201571949811211
33.048858750139274 0.9225576270189886
32.84647650052085 0.9189907330455029
33.14435964989015 0.9241436381739094
33.11870963976359 0.9268039434398995
33.10618099159929 0.9249072055775472
33.002149447386856 0.9207443504094803
32.88331911433934 0.9204108711313765
32.9307822927178 0.9206597337838757
32.81186892030422 0.9204204275194959
32.77305167622014 0.9172538462261173
32.8990427948205 0.9223620044239594
33.12117988153219 0.9267420346082244
32.8552727364377 0.9196374965812805
33.030960786930706 0.9205538711182224
33.03544990350319 0.9282821403979421
32.806845869525695 0.9189881545264146
32.86280704399908 0.9219393857480546
32.753965949569896 0.9188108480283187
32.76433142362519 0.9179245037926604
33.155008775495375 0.9280225864300023
32.87014520849696 0.9203192526765493
32.832541333134714 0.9200871304971804
33.005593065231615 0.9211659092227577
33.14435194915751 0.9261998473292783
32.82752464969002 0.9197748485963886
32.861379943358784 0.9179942437115512
32.75909066848475 0.9188156984061313
32.99222683173451 0.9210281549064151
33.04328196703644 0.9267814165538271
32.87071978272566 0.920585905626877
32.82428959134019 0.9195265157695726
33.12136552173347 0.9239659349585042
34.035409546939476 0.9401802990828568
34.013279708955196 0.9423027037112369
34.02008532799448 0.9430077917924526
34.02636936133557 0.9419460912484233
34.077614070085666 0.9428041351326277
34.04131203630104 0.9418559172450326
34.06912739929298 0.9425588675976676
34.05666843741338 0.9410185533882902
34.069347673602444 0.9420279965352003
