32.647210307265865 0.9660150519454328
32.58806302409637 0.9678296886116672
32.71763710110314 0.9671786167666699
32.93716641501562 0.9721513784962981
34.83324245021467 0.9743737793969258
33.07437645518755 0.9729716854071468
32.789247771519435 0.9718606379285055
33.093449301144204 0.9712295835454704
32.88274457691324 0.9689951177070532
34.23757865923967 0.9657178778611131
34.80151477649879 0.9717761670741947
35.00305532176754 0.9732714342800046
32.5763944056554 0.9632325595151187
32.55955595908041 0.9663708320224198
34.28614597838652 0.9636128568185294
34.7732932134962 0.9720045859576254
33.237165578122514 0.9763992282979512
33.26314382949306 0.9759435552945566
33.20959175401782 0.9739455059966791
32.840367393212176 0.9692332157897663
32.48589684078102 0.9674357793610681
32.44728221226656 0.9597466422554571
32.713858418188984 0.9636542425930009
32.238220424520435 0.9621103120072353
32.988981725548925 0.9731486857739291
32.61497924149215 0.9623777796639722
33.02716762048632 0.9742146103392049
32.665533001819284 0.9686814731941341
34.65486518650105 0.970566682648156
32.78651453664949 0.9718215760144054
32.41237417400606 0.965043220099348
32.35915098642634 0.9644719843671914
32.44413936749132 0.9622874248601155
33.055348838509396 0.9731263899059297
32.73577260980489 0.9669256259027931
32.85051295305927 0.973400415492488
32.90094357548081 0.9709094760082412
35.43893660349586 0.9792308980374359
34.75688598292652 0.9703430664772122
34.35425966170855 0.9686508662400999
32.744102676521216 0.9684209595798285
33.291279685537404 0.9761055428960476
34.453208897834486 0.9691591729334285
34.43122224723912 0.9691066391610049
32.75722858168145 0.9728034843021329
32.877936712811874 0.9717669220842857
33.09043191879914 0.9711853874437085
33.20143725492933 0.9733201733779262
32.50893768188118 0.9670701198004145
35.05287738109954 0.9743977764243392
33.23086908428999 0.9759767134638315
32.60535386154689 0.9665301251611603
32.63907030840042 0.9656967153186855
32.86628464659518 0.967845735495931
32.70970676737251 0.9639433947232049
35.059859240267876 0.977487947507547
32.54048819763449 0.9681288659663612
32.52808840694227 0.9683100140435553
34.82191683935302 0.9737126664744712
32.403414683040005 0.9645442712271397
34.521707936180604 0.9687086112059524
32.933979438463055 0.9725382097307874
32.64170985805816 0.9667102262683075
34.8334589849764 0.9741735608189777
34.77645955190313 0.9723388540988718
33.22965347357633 0.974128631789887
33.18462262445692 0.9725958135124287
32.65498190799994 0.9676214236898508
32.58808016063717 0.9694159589036192
33.21846791261432 0.976143622372084
35.4526566002632 0.9790869696464454
34.48870998255519 0.9666096816513017
34.84181919439115 0.9738673673200585
32.926257853800315 0.9728239442530145
32.507705563700426 0.9632566807002169
32.65815114709447 0.9711786937465479
34.383004795183766 0.9658375348703087
32.80126685649536 0.9673969860318301
32.7271675536127 0.9693173778637423
32.73181416824602 0.9712054046173982
34.95607190301637 0.9765077203593686
32.52998650457712 0.9631863330684611
34.51879838569297 0.9710318912144527
32.62572210157792 0.9658893449252305
32.400373257176966 0.9655610542003563
33.03612585846912 0.97425394999752
32.657389395509384 0.966006319790497
32.429957202687675 0.9664353082190287
36.629387690065904 0.9843048401516147
36.53617641689106 0.9843201415920849
36.834841716134136 0.9840189180811428
36.873205161435195 0.9841179655631028
36.680492906504576 0.9839673833513691
36.737720625608546 0.9844728602835667
36.94098599343016 0.9846929140542362
36.73650022089645 0.9843531639714422
36.69873922286672 0.9835028539081799
