30.04717384842828 0.9119243130968295
29.39614280454153 0.849477695178178
29.447996289741294 0.8500819452888723
29.377503550695643 0.8647440994896163
29.911962579447152 0.8959383271713784
29.937393134780052 0.874521561888984
29.67891489216114 0.8642566578678491
29.72358385545737 0.862662291142904
29.39133355772509 0.8411257305578794
29.457692951613677 0.8481624067183897
29.422729658533022 0.8400115550909146
29.415029378967237 0.8366622855394449
29.514975068132358 0.8507466781874179
29.318467830189295 0.8421927925021576
29.579112278784088 0.8350471536237783
29.283204395503763 0.8307653832796287
29.513166389547294 0.8453459085581181
29.355076305053966 0.8310499551447909
29.476530229797913 0.8643592183689618
29.390365476627856 0.8394955856492422
29.522622999363563 0.8842532769271749
29.571988119893465 0.8484441694482262
29.493915199641435 0.8499579690304283
29.590717442625344 0.8564875681034098
29.33987322284004 0.8525057095911475
29.325282838634763 0.8380595451708868
29.25354986293962 0.8346244879076594
29.37633879997997 0.8467525202394504
29.339674023073577 0.8360659021918821
29.351964159903016 0.8421792309414611
30.074990639804973 0.9053447120399353
29.93689269748776 0.9071781093496495
29.242611846164195 0.794738409290495
29.34704559356905 0.8387394478309924
29.387991423218047 0.8511484468638848
29.349709503639893 0.8519222087816533
29.224020035843523 0.789980619433837
30.268790339127865 0.9132320501178234
29.498346195405016 0.8575811653799607
29.427149208881474 0.844787658889288
29.372154211495086 0.8418740741792029
29.432454797303585 0.8519541552291907
29.529192455314657 0.857536427840047
29.555496161633293 0.8670499884896024
29.536595065123695 0.8450556295456843
29.938930305356696 0.9009939760494805
29.571025877391513 0.8535885772369934
30.119488771188262 0.931499532546676
29.25128323799068 0.8131760419836335
29.9761776732539 0.9060522420689696
29.337891629583808 0.8396330118096821
29.283866927800666 0.8265266767322507
29.51943606790927 0.8557651783216185
29.30810362047839 0.8298638440891091
29.893262569031705 0.8996540057037898
29.359425992004592 0.84782466967318
30.433064701791572 0.8839616063994462
29.58918081444012 0.8654694250751492
29.89332192392631 0.8951673739506705
29.2455066626853 0.8379373126626544
29.4668580880735 0.8485514438393504
29.256655913494786 0.8206623215796286
29.524477349539122 0.851599380146661
29.432250342091972 0.847406335326217
29.676298909360103 0.8697300286978695
29.25016127120191 0.830304047434595
29.44050595566978 0.8413489314054909
29.21630978785853 0.8146247100639552
29.368788628170634 0.8459367409639686
29.41673024161814 0.8411124753718249
30.021414873629993 0.8840427240743438
30.896221297796625 0.9136850185810548
29.51642062815841 0.8580149175966911
30.327934190421427 0.9125191437233804
29.524847605950626 0.8522457680965452
30.051150243671295 0.9093144027043946
29.58657578364193 0.854893006666833
29.33075543163348 0.8375946846332503
29.27954515788126 0.8305297465471772
29.300788824389436 0.8305252144149384
29.530297824866114 0.8487839586979374
29.405955234858588 0.8588718670867819
30.28803088517451 0.9154208528188097
29.595663720307645 0.8570084317809238
29.680884545473543 0.8621009690821607
29.298770229131257 0.8400905975903699
29.46841654187007 0.8671275148321406
30.059113527967106 0.9003731179124385
31.137000863458816 0.9683162793107422
31.180835763740184 0.9653648576575596
31.47836496093881 0.9624300452483758
31.25350546877883 0.963232048535519
34.66881380311537 0.9831722857399794
31.53589318843448 0.9610430064676453
31.265290100209803 0.9652537087546773
31.421675953524165 0.9663861741981326
31.457578207562168 0.9643975365785269
