33.13166339938298 0.922436482902429
33.54509819271735 0.9323960962308835
32.956581341453955 0.9226059072602397
33.08959045108414 0.9232330213717639
33.64926524745206 0.9392672990914698
33.126702013582346 0.922853806605003
33.75454698167317 0.939809575823332
33.64373878343757 0.9404508594817191
33.16820806398594 0.927256057914751
33.721082030794385 0.9393600159472157
33.24026029013221 0.9260402632005915
33.43741519265941 0.9294053558914329
33.42041990888727 0.9296102130048995
33.08233670462449 0.9225556077286463
33.011015761010505 0.922707622952781
33.056408750353604 0.9229575909816337
33.16906581562727 0.92563905519776
32.97932852448347 0.9220182913369352
33.073159745404276 0.9196878394367451
33.11501725808087 0.927352108466226
33.10319154780808 0.9230005589290594
33.084260917501474 0.9266964827090522
33.677402487870964 0.941346620873688
33.080667778691826 0.9275198395351324
33.43885034904263 0.9298224556816282
33.15117380550769 0.9240850667474796
33.03808230269163 0.9205204621844664
33.231645478975224 0.9271772860204953
33.25429677896394 0.9275659936502928
33.13544636364559 0.9244241928369268
33.11094276366148 0.9130687820162141
33.0619610899374 0.9234962530835653
33.057730451715656 0.9149012353542497
33.465530787570884 0.9262663478747156
33.02136848565069 0.915608190061747
33.447807884769105 0.9301466962011392
33.086029997975245 0.9239867224840665
32.92491268107276 0.9157099065499839
33.254693563677385 0.9238353728225561
33.114130077920876 0.9167206304129872
32.972947050480094 0.9256580547960187
33.07781985257619 0.9252601455746117
33.53942230569927 0.9318386987057019
33.15995488849603 0.9258160016781056
33.5529463334814 0.9316891632575965
33.16966629702784 0.9248739306952884
33.1576937713792 0.9196494437181438
33.10090910620491 0.9269274379499393
33.13473669380465 0.9227789311448245
32.997408197970884 0.9241915395695945
32.99507562119992 0.9249133298399306
33.73287472136784 0.9373428866498283
33.38816822055377 0.9308344638286209
33.01484408369153 0.92824587970663
33.19191794818135 0.9226046628759204
33.0683394889774 0.9158701053639393
33.37344712007817 0.9275702291972916
33.170391723681504 0.9253046515330576
33.159535299823936 0.9196687423278608
33.640597814717495 0.9400247524040195
33.06130865518362 0.9242640103955132
33.03785996523012 0.921609056969509
32.95509534170811 0.9144775441319892
32.92007385034858 0.9157089003380495
33.44603519572769 0.9335379336912438
33.06969911198608 0.921266700852621
33.04926024657282 0.9215443549850992
32.96778998410601 0.915022840556763
33.435820161629486 0.9288094982340377
33.182994369883176 0.9255031719505608
33.06872097742376 0.924282320295658
33.079158350517744 0.9305747920162268
33.54323023390552 0.935812634509925
32.97861295271347 0.9221943545884871
33.07866885859218 0.9211778626642393
33.05576868889566 0.9232337244811744
33.18024025208419 0.9236972923788842
33.02191982157116 0.9246898088187269
33.01575738507107 0.929476201496197
32.99298795944169 0.9244110133191322
33.49185791762265 0.9333122246903639
33.37601550851527 0.9232929931820628
32.93318629575165 0.9222983669953565
33.09673401547739 0.9246768885260336
33.59433011817848 0.9348505301397678
33.56915782231584 0.9311729309836239
33.04063403098587 0.9271201430748047
33.165498809215 0.9226943380501954
34.52746562147398 0.9501291054962151
34.5184422100671 0.949566751701861
34.505031378105 0.9500845351547317
34.527451295596705 0.9501090836982704
34.56472722864465 0.9494296064595333
34.56988871006048 0.9500216173631458
34.63616613701101 0.9496114310995858
34.39404373107094 0.9502080719395324
34.461858979508484 0.9497742852208979
