30.96341232767469 0.8641120680840426
31.1050634555887 0.8670371693716763
30.80508032107545 0.8864150854307282
31.126587964522663 0.8707083891983307
30.681068457426356 0.8560871247736566
31.010480377050143 0.865712006507373
31.099767557207294 0.8692211669654919
31.08810393946846 0.8676491821018784
30.923799247055147 0.8599201376102112
31.180600867002774 0.8934642852752551
30.759137629259968 0.8862950312992515
31.123563506812452 0.8711615943441385
31.15963534917331 0.8757006819218269
31.108206285537282 0.8892767002350405
30.689686041826224 0.8777321123008267
31.161233523479034 0.891059617528711
30.840410667254336 0.8815952899852082
31.142253256682586 0.874519885833263
31.034709811725676 0.8538954026020649
31.02567912072788 0.8922225004009844
30.980151816264346 0.8883288713296672
30.754898078598487 0.8651007882020679
30.659485003400924 0.8434249212531406
31.017579515150217 0.8632335106875481
30.99755038576191 0.8671865088204314
30.946975261761857 0.873528588434541
30.996479525488915 0.8629235507062396
30.833165126791165 0.8904023489507955
31.160226240811177 0.8829435330831384
30.634285290583353 0.8486376650914986
30.49138714641662 0.8447233679940638
30.895417216476893 0.8558763337830836
30.632416987971123 0.8498049566139833
30.723887071331045 0.8570891011282838
30.698316117362342 0.8512908648504104
31.03944870161246 0.8960565738428967
30.696794160786794 0.8566839830838751
30.75777959187282 0.8639833807622048
30.85308497774738 0.8553576557181741
31.06942446913784 0.8613495487666273
31.2125057918404 0.900792989677166
30.76801966237251 0.8490142432812513
30.567024645714305 0.8501395442754542
30.706642417385087 0.8570457773082111
31.111901139845113 0.8744440054291953
31.1583697921234 0.8922400018526286
30.825917577088596 0.8651912437497193
30.877621452905796 0.8625860486806393
30.778377722973772 0.8544002657662033
30.88854662733892 0.8892254392888463
30.8673224334628 0.8637097100588071
30.664578931773875 0.8497495823411417
31.194020996110822 0.8792206734059727
31.116780439351746 0.863424425566426
30.843947159239107 0.8579654658858217
30.911649372147338 0.8659884534272194
30.912024587859122 0.8624825120696344
31.190704539267347 0.8950192725685613
30.945125030761854 0.8675256444513034
30.782961369850526 0.8881683303367884
30.690164583170546 0.8623654071847021
31.13213813749528 0.8644865873368955
31.1372248533852 0.8671920174562521
30.97789898889414 0.858815679979795
30.93340057627881 0.8670900795215042
30.569237797357903 0.8554589121647239
30.743423942817884 0.8577768052945621
30.766288644602117 0.885910511608105
30.959795871899296 0.8556769496234745
31.08447493479254 0.8922201190264261
30.771844969294268 0.8642188512896756
31.100217099622284 0.8661344845707976
30.821075077348404 0.859388458886154
31.153665258040807 0.8739833732664191
31.213293539831334 0.8955542455947056
30.941863924973116 0.8685059775964622
31.07540919766823 0.8896824331768457
30.94832411157774 0.8677414302688633
30.940578439713974 0.8897291973003708
30.95050998465731 0.8935903604481444
31.229098690039685 0.9039184087479011
30.78214064721137 0.8569215765274437
30.720133305971697 0.8513568962671089
30.813586240283968 0.8504387739919896
30.536757699579127 0.8499743080647262
30.944147260690794 0.8674646310612654
31.225224775533746 0.9015755481632964
30.703303216365917 0.8627202937155308
31.207771281457806 0.9435862144414255
31.090626964750363 0.9427321078435887
31.53111843565644 0.9480875419421091
31.293045469130423 0.9439699089934169
31.54821002568614 0.9488943897722555
31.46222815522504 0.9459848183197405
31.381664628470443 0.9457724276921138
31.139519632097414 0.9425084196799703
31.54916681479913 0.9482785112561792
