30.109975493008285 0.9354978612006366
30.058629807529215 0.9399439919247675
30.287912145675328 0.9450617734052531
29.987270053395072 0.9358020293479711
30.206573716806343 0.9406791020592702
29.955804755417546 0.9381296396869006
30.001950158781465 0.9365008488113696
30.048547617491455 0.94186566701659
30.090638076313354 0.9417893095200912
30.415246982265103 0.9463951918909469
30.05334822925885 0.9354442352633261
30.113869381510895 0.9344939375364434
29.926346072844105 0.9337520598183314
30.063863884018943 0.9294329877693457
30.05770748215894 0.9402473548867727
30.184046382221453 0.9483093470408387
29.91792622682557 0.9326627495600897
30.35367298763781 0.9460861483831886
30.219979530131567 0.9484883739380631
29.992588463106213 0.9422898072745511
30.1236277645959 0.9306086075642866
30.287512069086723 0.945352346814469
29.94508465105872 0.9330604947259981
30.266539207245255 0.9507215605352457
30.06900989321522 0.941516858079818
30.00615979416728 0.9392205527376517
30.01832339982467 0.9257591030335052
30.02429234236811 0.9362778423270001
29.911306266720633 0.9363368515265457
29.97869182140851 0.9300121997431261
29.9844559522628 0.935237679335263
30.18974773714756 0.9362908789461292
30.10709765708893 0.9286226435052499
30.020224176144183 0.9348533175215546
29.998824643016224 0.9378923989405503
30.093609812480892 0.9368676123408345
30.001753745768177 0.9335566979424882
30.199753271306623 0.9473290980666279
29.96475585609561 0.9345526229190857
30.077231129802758 0.9373249705555151
30.33089489285082 0.9441066147208504
30.111985772753386 0.9274675338324805
29.966841451665385 0.9340276045696438
29.913148712802112 0.9353557345244763
30.20663221487901 0.9471232206961253
30.31989643918625 0.942746197930131
30.10738465705466 0.9329917893392182
30.071359143870772 0.9369785033303951
30.158202584497875 0.932296222143835
29.98216810314448 0.9319596709104312
30.27923090508226 0.9447732979267598
30.214154396614123 0.9403331029656534
30.032703646781314 0.9285770046755806
29.99709187473475 0.9390984051359412
30.242298816765725 0.9450552074861607
29.981323754251562 0.9300517187663729
30.17778851199043 0.9349146852111964
29.91962704249595 0.92830071247962
30.3295264691126 0.9521106274437319
30.009424844881238 0.9412458357846889
29.996607113135553 0.9330647496948673
29.954150559176842 0.9370407425999321
29.955012462201353 0.9404707627760162
30.20125437791707 0.9306572235832982
30.183802840556865 0.9446494399849718
30.173690401023702 0.9473716623064818
30.03877682006998 0.9342026679556926
30.030915508594237 0.9355055017212043
30.110343325145035 0.924837461593114
30.100988046381563 0.9268274447828664
30.153565465134974 0.9474694811651782
29.921956156063672 0.9325031843144801
30.123799037274615 0.9361568510557451
30.062527147058805 0.9292142900784786
29.901427302926287 0.9347514378974967
30.0903687734976 0.9383953830470636
30.222061730855113 0.9456608322966542
30.037100246874488 0.9342718198229442
30.097737455663566 0.9335689243475854
29.989336917123964 0.939854065065904
30.15478896887491 0.9434227165720575
30.278169680078733 0.949654373301964
30.29167044066378 0.9487682686387896
30.169218930337628 0.9300146250956458
30.3721508323288 0.950801648137309
30.0002587494887 0.928792133982521
30.118731500613094 0.9412855956137373
30.067428223922462 0.9392514252849549
30.972611308181605 0.9640662317039936
30.884245672695663 0.9634471103854504
30.901503214689562 0.9633437492844759
30.956280956185907 0.962131164082716
30.89193242597375 0.9626931420218724
30.874837434160725 0.9627360537901475
30.899671710771663 0.962742204125362
31.002962599462943 0.9625319855764489
30.871611484337606 0.9632623721737908
