33.76299950143314 0.9704740310607828
33.659593060740484 0.9703265287810636
33.810173346647325 0.973085774424827
34.28118539850151 0.975593259380292
34.30157442866382 0.9758192222696923
33.92752753448572 0.9728270088719925
33.848955577831454 0.9728443751247643
33.69928797353863 0.9715120372642049
33.744280310689255 0.9724740163823243
33.77220230646823 0.9698528285201661
33.782591418180544 0.9731890098064844
34.22647944817872 0.9814377812605316
33.70874348663081 0.9715917904642528
33.772936232825316 0.9694763883889741
33.60987462799229 0.9684823982526982
33.829489083217936 0.971893237755996
33.80884606286899 0.9711728878288751
34.068630842213345 0.9764867366454864
33.761133084273816 0.9726506288009099
34.350283167543324 0.9765968130475255
33.74522332987758 0.9720689359460961
33.70458052437335 0.971795865398736
33.76369478235651 0.9718937537226411
34.16196469595081 0.9806774187992664
33.83269117533906 0.9731343204795447
33.7101349520286 0.971078884200232
33.950052428086224 0.9731098871170193
33.93775050516701 0.9732141002376771
33.5382838515587 0.9672063275946146
33.91059171983267 0.9749350380046126
33.823320241283305 0.9734296044210701
34.35567118446966 0.9764915277202523
34.25751240434428 0.9758911419120812
33.63055567078137 0.9700389571447737
34.09993672733415 0.9805550914900195
34.19629916277877 0.9738228496747933
33.642269362450705 0.9704555273689037
34.333322161514566 0.9764774871812044
34.220237051038666 0.973811821279721
34.00052122758054 0.9742507259640226
33.88413342161006 0.972247990780612
34.32709569578278 0.9761201169547459
34.22105538632528 0.9812881715082457
33.863955600986856 0.9716522844834727
33.653587377678 0.9707209633389496
34.179850835451674 0.9771601621441913
34.04603155936962 0.9758030257146368
34.22236272116307 0.9744121883488113
33.77928290450004 0.9724331815173684
33.9030878761639 0.9722358392071648
33.660546435873115 0.9703907367072596
33.676283608441615 0.9713180276271534
33.88599382188439 0.972526845483114
34.33773805657911 0.9766945862933203
33.5834825225806 0.9688632409467455
34.10357456920331 0.9756837166656092
34.28522044508459 0.9759796025262572
34.13174625932106 0.977388392801171
33.58464893060599 0.968646915402952
34.06254730462395 0.975866145697421
33.82031717008655 0.9690433153318841
33.859667413959485 0.9720304029296251
34.209840216981185 0.9754636330738774
34.1583193983871 0.9807924836059828
33.918594147289454 0.9729970243135934
34.164766711594865 0.9772086706036063
34.22053650904163 0.9812912784096991
33.817494948209244 0.9732307001632569
33.85311960468497 0.973486983289361
34.25019846320585 0.9815881875521889
33.807586204934864 0.9731414856794048
33.92615088593645 0.9739904642418905
33.73392993094589 0.9718493677625373
34.062096824502824 0.976029423253784
34.15966234800402 0.9809949848634386
33.5658586677305 0.9679376123007853
33.551868014693596 0.9694454341632499
33.94077170548451 0.9728979854876634
33.72182547723662 0.9683108574364596
34.03635565363783 0.9760225054515558
34.33833553048829 0.9763089227723943
33.79869578732067 0.9728647125374549
33.87591219020077 0.9719778337216999
34.2959825954959 0.9762974048872207
34.28942080348615 0.9756611636287019
33.72398151893241 0.9720693949571233
33.65004535634539 0.970336928201744
34.15131727167519 0.9772183086283805
36.49949947896088 0.9865468632662464
36.57097552210336 0.9868347320930406
36.51844246979173 0.9868257599629404
36.530381846545396 0.9865773404383675
36.503743678529325 0.9866676540654314
36.388207022271835 0.986383614539252
36.5290218065953 0.986664933296087
36.43708427833461 0.9865650251705064
36.50625584291617 0.9867148278172564
