33.1832292908862 0.9274825066428949
33.554872746745815 0.9364357551154265
32.9869341232091 0.9272054444871873
33.073297443800904 0.9278484612762489
33.86050441333052 0.9444188819731106
33.17240277322202 0.9246825779826123
33.94647223121037 0.9438470712330073
33.77845512136285 0.9444692257859159
33.026010347676845 0.9288521417396229
33.895387493620454 0.9435420602676983
33.12011260434053 0.9267943946694606
33.46402827818404 0.932121129657813
33.42238934414559 0.9331448623982427
33.13004674912449 0.9281955031635912
33.15713901175246 0.924341515741473
33.07815354612616 0.9265634360822601
33.06494718505311 0.9288993140066243
33.1234545209683 0.923853287339409
33.078126332189264 0.9267974633341128
32.97755223966367 0.9315850867450193
33.20994216621257 0.9293891946113867
33.01034633803169 0.930249757469283
33.814944145955266 0.9447375189450735
33.04268321969225 0.9299502845242038
33.49537043586477 0.9347435354715568
33.28440556755899 0.927920565112562
33.232360531852 0.9231921989938916
33.410018793382235 0.9280449250028461
33.316108886990456 0.9300673877208769
33.21163668389756 0.9280500850494382
33.17917297565739 0.9220783456755653
33.069420830983795 0.9310584277049127
33.116996970986115 0.9118802141882998
33.49388898987111 0.9309572830266585
33.14133838728607 0.9173636762551456
33.46982367837847 0.9338857794846747
33.20112653836745 0.9255785032475938
32.90212368553212 0.9144981565072641
33.340128745127814 0.9292814907094679
33.19532385043574 0.9254548452289556
33.04601344355798 0.9303296412946646
33.22479396896637 0.9254816055863361
33.563357634766014 0.9357802030885877
33.35971244309429 0.9263682914143213
33.57473518031474 0.9364044423495821
33.16860799295449 0.9276478141857817
33.0566813155616 0.9243027790485099
33.10127462889379 0.9312724925333363
33.21850431444683 0.9286519909940093
32.986170998167495 0.9289356842930081
33.03015547112019 0.9278281757878895
33.93033371197857 0.9430280092629083
33.46591954471436 0.9355107822453356
33.01234217334725 0.9336910691252307
33.25127840648782 0.9273256337646545
33.10764234837659 0.9200400711827154
33.43540212007489 0.9312572557186407
33.29942405478715 0.9254143091237353
33.216279755344516 0.9255515629882668
33.846815951429306 0.9439930337180362
33.03984107042324 0.9301979506172726
33.201755796903605 0.9252798345291867
32.93917771902315 0.9140598371666363
32.94262709603859 0.9203438521251366
33.40360242903638 0.9371686571541245
33.18613257377785 0.9260994456498421
33.18009135653191 0.9214476732858481
33.05174228289413 0.9094093369115313
33.464148225760304 0.9325830155033406
33.30153756637933 0.9283560287420045
33.093338719282116 0.9264533988076874
33.04008075656374 0.9340381024275691
33.72097856886568 0.9413369063725624
33.03550512463566 0.9252809231061667
33.06977614331858 0.9247398713530064
33.21100047229946 0.9227028006204723
33.16605509305666 0.926308193780935
32.906752554392995 0.9300679849165947
32.96768038131752 0.9339843213355575
32.93062877160998 0.9280779526275004
33.49661510359647 0.9366845429188437
33.39883167254828 0.9291439592460743
32.9475162434527 0.9267488437990425
33.325882922428654 0.9263520268606285
33.64503993067468 0.9376321573038404
33.5852430318922 0.9371675978788135
32.958007963124174 0.9312470194616049
33.34127566513751 0.9254586389989048
34.52746562147398 0.9501291054962151
34.5184422100671 0.949566751701861
34.505031378105 0.9500845351547317
34.527451295596705 0.9501090836982704
34.56472722864465 0.9494296064595333
34.56988871006048 0.9500216173631458
34.63616613701101 0.9496114310995858
34.39404373107094 0.9502080719395324
34.461858979508484 0.9497742852208979
