30.72006357757672 0.8674321439654071
30.852900562887807 0.8707186733420837
30.890624968425556 0.9199280161659801
30.876682947024243 0.8769788430790115
30.498758327695228 0.8585738311247793
30.82428652601974 0.8880781314216002
30.88309500294568 0.8846966882719306
30.840268627890595 0.8733833887413992
30.69821011496729 0.8673892935412328
30.957329355753103 0.9026893776583373
30.62072489205221 0.8946409529557542
30.861753019170738 0.8798691661392426
30.930394207076105 0.89510425433459
30.89836489238277 0.9006816924417435
30.545790803800173 0.8875004815356787
31.2552230111654 0.9237751319047826
30.667215715410457 0.8908495696042833
30.889594972330542 0.8824657197764766
30.816412089812157 0.8625945925768568
30.844397925604593 0.8995376276255231
31.065064459040748 0.9210394579427821
30.57489845216416 0.8838373676366713
30.475523851109525 0.8530098917452958
30.791095193150486 0.8650870259182647
30.824672590553647 0.887799948918555
30.99781952374702 0.8787959413564531
30.795085145096394 0.8690336957185884
30.668288294724647 0.8977623743231542
30.951649129634053 0.9028192089246949
30.6572397003124 0.8544178592964857
30.538967162354716 0.8491883031039282
30.66085151108442 0.8655382073501913
30.452987011762502 0.8551629797061693
30.773405793707028 0.8613168922099438
30.51854127672427 0.8585972952601423
30.843432969293552 0.9051072597698506
30.734309321215587 0.8602347375731488
30.590929057041713 0.8855775752301253
30.908726779545958 0.8597676271720249
30.821471735220385 0.8657451640086349
31.00278111536817 0.9087092334256881
30.593085449097202 0.8586775192839637
30.611820937394178 0.8543100202787356
30.51536730196519 0.861440634935613
30.87774644107079 0.8783095963454803
30.934968273592155 0.9001059319570598
30.652285792605703 0.8848425387585388
30.652925364202474 0.8652899338504952
30.555946819644188 0.8580304725950547
30.965519958465528 0.9192000987788365
30.66827164569609 0.8803929166896829
30.475620144680974 0.8547021167519877
30.992454557906232 0.898427703600278
30.87549559233527 0.8709515402162082
30.647890202231185 0.8678363494796721
30.95303854187612 0.867847137616561
30.98648513949925 0.8671130303704403
31.261102209950657 0.9250883549448089
30.72316381397794 0.8727922836981322
30.6207069042757 0.8955613352108686
30.550445905975423 0.8795265220173187
30.862602320009067 0.8705655109328161
30.906188709865056 0.8767107849079365
30.759002669511236 0.8660611291534419
30.999198357609657 0.8701159462561368
30.63176468156003 0.8582968294070156
30.54171782236372 0.8641196282792043
30.847326378753873 0.917106040574088
30.753251424709575 0.8660983317580597
30.861959235894297 0.9020000051942744
30.81543160368713 0.866753125285931
30.884733756413144 0.8824532780428338
30.89109300863386 0.8627506917457798
30.94898858367622 0.8929368383049733
31.268043200194025 0.9256501050534921
31.00100347022492 0.8741942741221727
31.159587737133634 0.9218578259909047
30.768680702227567 0.8880994552025734
30.73886723475152 0.8976609622866275
30.753039858099488 0.9026573256075328
30.998322751522455 0.9125761918514745
30.851920890027976 0.8625709966511362
30.531434403644578 0.8605029314526222
30.612206521178077 0.8582425950781924
30.56971852222599 0.8516312025691064
30.754909314459795 0.8880370367153709
31.01707571657471 0.9098533678816086
30.56301071184975 0.8778323677317528
31.207771281457806 0.9435862144414255
31.090626964750363 0.9427321078435887
31.53111843565644 0.9480875419421091
31.293045469130423 0.9439699089934169
31.54821002568614 0.9488943897722555
31.46222815522504 0.9459848183197405
31.381664628470443 0.9457724276921138
31.139519632097414 0.9425084196799703
31.54916681479913 0.9482785112561792
