29.765436127990093 0.9115763071327867
29.718253732477077 0.9113260887144806
30.058312179648535 0.9381326190857253
29.808929509109817 0.9197911387920468
29.98697511765807 0.9334892794234685
29.77704834727158 0.9226555915655544
29.71730812444566 0.9097077179740719
29.95707990106314 0.9247550178542979
30.018431463906467 0.9258574927147668
30.155901047534197 0.9390511637064562
29.697632959837602 0.9084925822832263
29.921174110859678 0.9190693640632158
29.69304537047964 0.910778482883332
29.722512239426333 0.9031165005701208
29.97575900841251 0.9234381917468556
29.85797894178517 0.9152001740854884
29.644911631310205 0.9062934198474792
30.13162784653371 0.9396664116780432
29.9074710805276 0.9187500642822016
29.978853757268254 0.9256150852188236
29.905206874317333 0.9130768324254821
30.03382495467025 0.9378133587659382
29.73862402906147 0.9180183000151634
30.018740453800596 0.9456652825842108
29.882674602936717 0.9276125553414402
29.837463366671095 0.9257506715363688
29.763114161336034 0.9044081272505824
29.65066366036275 0.9031608216860393
29.69402521059168 0.9131940627154811
29.778949693265993 0.9116982900555965
29.748324182695832 0.9118587739850817
30.055224809675778 0.9156487390275835
29.809298347449147 0.9002942285588673
29.91214980814483 0.9124460622400506
29.885108023050396 0.9163875572851061
29.892426758266602 0.9217267440557463
29.794974100876708 0.9175680113844794
29.890371874855163 0.9176583767619366
29.71770424638509 0.9102612850113474
29.99777445110462 0.9197779104141379
29.97334411988874 0.9104324941777763
29.838170181572682 0.9009701850689156
29.729023895307765 0.9118339056508089
29.702213712223745 0.9142050117107232
29.99002703979678 0.9428515410236334
30.08489283596773 0.9348185423998902
29.73882957391579 0.9044313956198152
29.672332677146052 0.9070667042793237
30.0036448645736 0.9091067278884406
29.77320854807051 0.911152303863264
29.95013950635287 0.9133979355060247
29.98342366763292 0.9337096371975775
29.850337545007818 0.9123763023726715
29.917154817965304 0.9187288551101311
30.01458339352791 0.9397322514945339
29.73248016710853 0.9051303463904016
29.970457229641156 0.9169800121807375
29.722676848502733 0.9115552318556345
30.08138126755042 0.947035761773974
29.82921456135133 0.9276912583665924
29.660297258500226 0.9040293443049282
29.882545710963527 0.9155136345963228
29.906192147891147 0.9199171102922807
29.827883321213847 0.8987667512260815
29.937508078997055 0.9394307349147953
29.89657482661604 0.9149642704957417
29.804591127695154 0.9149915956047306
29.68328585415201 0.9066829058971547
29.81409799224487 0.9038155201766155
29.8251309371144 0.9020420205485944
29.834332424330935 0.9139469484783161
29.6806123516797 0.9087935105386695
30.003360682717393 0.9183863726364524
29.80378858004539 0.9038753422406336
29.828569578800284 0.9123571723616024
29.725147145916342 0.9110858871382742
29.994252981525975 0.9390520941875213
29.725477188587238 0.9094377996628077
29.954636472374673 0.9118555314554732
29.92938786413236 0.9217351915162948
29.9229400593849 0.9358916400000598
30.03853331346623 0.9449244032478218
29.974909790928706 0.9219118740651291
29.831362801157614 0.9005218270127725
30.133685091080388 0.9463986393654272
29.75090844321015 0.9062956602457871
29.91831284470695 0.928577538710068
29.897380765480758 0.9257678608589401
30.972611308181605 0.9640662317039936
30.884245672695663 0.9634471103854504
30.901503214689562 0.9633437492844759
30.956280956185907 0.962131164082716
30.89193242597375 0.9626931420218724
30.874837434160725 0.9627360537901475
30.899671710771663 0.962742204125362
31.002962599462943 0.9625319855764489
30.871611484337606 0.9632623721737908
