30.11120705348834 0.9214046665107127
29.658168233956275 0.8658933087763881
29.701935667471375 0.8724956145090573
29.606954960209375 0.8853752601662239
29.942475015506883 0.9084897447898022
30.462286796407348 0.8929384471143011
29.829270935900354 0.8775382263107722
29.893749217395786 0.8763319243551196
29.69971235992947 0.8630921021507465
29.69095157029239 0.8683644328035505
29.634920761038387 0.8610066652164675
29.63966116863847 0.8571144850974459
29.89400252755519 0.8701843252335216
29.529011374163247 0.8650918365999626
29.818037098553592 0.8552717922899895
29.424636473561463 0.8521210762632629
29.720100885775864 0.8617679935554162
29.481046601297717 0.8496746215109724
29.76222443435663 0.8867696410888524
29.596997489731052 0.8612397559859308
29.78854067457167 0.9061126371702357
29.716699504620095 0.8679416844333746
29.750846026372187 0.8727633852923763
29.878855636899978 0.8762786674602012
29.63619514858415 0.8779958352584348
29.530165575610976 0.8625242646937705
29.45407820465258 0.8481732915730034
29.6001114793155 0.8672591226351601
29.52920486920658 0.8569417062938064
29.582863973428076 0.8651148850279978
30.129482431145686 0.9160574790098772
29.970918139300483 0.9168399179888577
29.52401639391075 0.821957059463058
29.552939583701672 0.8575354500291864
29.681048808602995 0.8686067684481578
29.522141584225196 0.8703613051804814
29.406010396643914 0.8146201961576955
30.31985861624659 0.9228219454161563
29.795287286491885 0.8758605696273809
29.52298896565647 0.8628377403445711
29.68984932982009 0.8634179770359779
29.534025717207722 0.8662950279930044
29.878827873345138 0.8735378220278406
29.877180103916764 0.8877849480784862
29.773755721582333 0.8618808293947169
29.968891200315863 0.9133711350409828
29.73376471461867 0.8699291492632826
30.106705116867047 0.9349071838132823
29.43747689481709 0.8290526176135932
30.018434772033018 0.9155516620218227
29.513974517176674 0.8574409077101731
29.4410919401776 0.8486057188255159
29.6379260954895 0.8712392592793424
29.501975668851024 0.8487382998736488
29.92412142612839 0.9087670514299916
29.57522979528268 0.8672903078065766
30.59380725407386 0.9054091171869235
29.936313543614304 0.8878787467435278
29.937300488924834 0.9079820695813494
29.39173730672469 0.8531719460676326
29.59412374122454 0.8670784460419024
29.468674201041352 0.8382873712938512
29.763646961961243 0.8707974589572537
29.75435146778594 0.865147914743106
30.061413996394293 0.8903315301452187
29.438938184281756 0.8515929063232204
29.57903852966979 0.8598303826144624
29.367682218141766 0.8339891431883453
29.603960349547762 0.8702169723114948
29.54776306158426 0.8627586331160204
30.395715556935464 0.902204380813749
31.117563795069024 0.9315321575207927
29.65218774102563 0.8741533947732044
30.360474585966234 0.9198990369191699
29.69817683917472 0.8728560561888008
30.082689351417038 0.9185123894217891
29.865360430082983 0.8738152309993618
29.551705037866295 0.8565523508494154
29.503729542860228 0.8521285312318236
29.56676361454881 0.8492337442433149
29.80321452302831 0.8669014600586901
29.70552475578767 0.8818721934313031
30.301650894389706 0.9227505644766408
29.940226714562694 0.8726949674060555
29.887121045496258 0.8785378016660935
29.58963495236204 0.858902431476381
29.77513177677374 0.8858575185015757
30.08750680934471 0.913627187228374
31.137000863458816 0.9683162793107422
31.180835763740184 0.9653648576575596
31.47836496093881 0.9624300452483758
31.25350546877883 0.963232048535519
34.66881380311537 0.9831722857399794
31.53589318843448 0.9610430064676453
31.265290100209803 0.9652537087546773
31.421675953524165 0.9663861741981326
31.457578207562168 0.9643975365785269
