33.33613395230703 0.9276248368972325
33.18365437480549 0.9283054903247885
33.47621939636278 0.9383133126047069
33.18318358541525 0.9275558040861029
33.108530001123654 0.9270106053078973
33.35642443842542 0.9288922718779761
33.21143702394695 0.9268653973579651
33.02277206391303 0.9248717393437418
33.0313703417842 0.9246624800518692
33.118398031459726 0.9309947902153346
33.15574901632849 0.9318092100961792
33.10872678272669 0.9287931262508028
33.123767844827626 0.9308848861034572
33.045103055653584 0.9252659358127009
33.06061277355185 0.9278293737796809
33.054964085267365 0.9286219203039553
33.03587004352978 0.9262891064568523
33.14468309299202 0.9319167013590406
33.02840855951887 0.9254212147183368
33.05119956260916 0.9249522357021007
33.20853746894083 0.9290471931184882
33.11137746405141 0.9280785298644414
32.98701057414882 0.924503084868992
33.06826826964225 0.9284121691557706
33.466783519878035 0.9342915904970576
33.108961314913124 0.9282236942354336
33.16153814383231 0.9267063067242134
33.370142501449756 0.9311920102731454
33.02445810250991 0.9241252811399002
33.100827932948036 0.9269029008389078
33.195595649659936 0.9264042490339776
33.18239067205448 0.9268741339124673
33.20268401639879 0.9268348487396344
33.4608235892173 0.933396037742185
33.16396279795374 0.9309791158901374
33.17498404248547 0.927837171873374
33.47536967454513 0.9389215627011904
33.045547155873145 0.925749385601995
33.476923549605154 0.9379088017906966
33.10915497076674 0.9311934470123706
33.0411166004379 0.9261509548487358
33.07284871460958 0.9259837684785288
33.4848864658568 0.9339712467854573
33.04313061290524 0.9284568957369496
33.477324087700154 0.9337698441368792
33.10050684255965 0.9292559921563378
33.10424704429078 0.927942740824244
33.4540647013896 0.9386760853417614
33.479622393832926 0.938034046091626
33.0458234684578 0.9278842693242855
33.0303571170099 0.9287821427293504
33.05889665328141 0.9253395114017101
33.06019956327929 0.9276808819583156
33.21203281064727 0.9280171582408197
33.16024766993415 0.9286090717555434
33.102836183249366 0.9265392994104249
33.36214507454537 0.9308596237756441
33.18409367190347 0.9260892878626127
33.47134626549372 0.9375431251290295
33.47132135679145 0.9331904402465045
33.507810538370606 0.9388024117634007
33.348970226298775 0.9292127152104546
33.087177895071434 0.9273553510858632
33.120233330013555 0.9284807397926466
33.09446033794325 0.927056229616729
33.0717255352823 0.9246282524616579
33.12523062246166 0.9291275010033746
33.454432973056505 0.9335806419162017
33.06426984259617 0.9262303737617287
33.36160072098929 0.9289814295428468
33.2179053357468 0.9310169243542611
33.2089140027863 0.9267533733425334
33.100271421255606 0.9316118476778074
33.08248585870509 0.926574655599127
33.081502161490384 0.9255179639147973
33.467787234781966 0.9342640175142576
33.0513387834043 0.926605884722005
33.10999035100938 0.9300307815900262
33.3358659960066 0.9288924057364717
33.465982958841934 0.9329651898315172
33.19816322685091 0.9283049762014249
33.211172511650574 0.9262023514557892
33.183039159288526 0.9266718302965071
33.356677017366565 0.9291799862120914
33.330766143706306 0.9312814805452337
33.02952941367619 0.9256071989114948
33.072851833719014 0.9261498747380155
33.469465327845626 0.937986856723653
34.035409546939476 0.9401802990828568
34.013279708955196 0.9423027037112369
34.02008532799448 0.9430077917924526
34.02636936133557 0.9419460912484233
34.077614070085666 0.9428041351326277
34.04131203630104 0.9418559172450326
34.06912739929298 0.9425588675976676
34.05666843741338 0.9410185533882902
34.069347673602444 0.9420279965352003
