30.763614077613997 0.9387319381534373
30.66283236823149 0.9329982683801088
33.17907480122631 0.96344165118056
31.788022875760404 0.9438757736142439
32.24567453675579 0.9524658223752505
30.831156378144673 0.9274788675320285
32.58272648887762 0.9637473691314038
32.35457695951475 0.9503228096727058
30.213780896139752 0.908221350086032
31.76281034969581 0.912527513408837
32.885804533548956 0.9269374252677426
30.027749193620764 0.922531711435154
30.935559064037548 0.9268187937119654
29.301568664570222 0.8606912503847622
30.000655183080394 0.9237574573934761
30.903315212556443 0.8483286160132081
32.07063825966344 0.9447769449757106
32.27378718722781 0.9665985345974649
30.892458324184318 0.9364963924105345
30.805964084737543 0.9442343369877937
30.890589112586525 0.9408101110474312
29.11876781755714 0.8304051465145466
32.33360728285195 0.9518516146795232
31.01832185712091 0.8535161645420813
30.158181403340233 0.917188981527662
31.672039733410156 0.9144193154926371
29.711715653508147 0.8553644808635307
30.10366458237002 0.9071613088457093
31.71653050825427 0.9140385068825526
29.319803425748606 0.8358188553432795
34.295690880894895 0.9723836140669618
32.59385463974453 0.9527890467009922
32.31757818898182 0.9475480356324555
30.71133046352985 0.8805295556452657
31.09696158595827 0.9462242781450091
31.06178498258448 0.8590964750573984
29.967166626382735 0.8998301122613294
32.98737668358774 0.9273940327893765
30.907107364194207 0.9293844835982221
30.51251021077258 0.9504928728717729
31.02312627190971 0.9573067566662878
32.85311860276827 0.9248900821538256
30.149289891964884 0.9322760075466059
30.18002888896987 0.9117583243903882
32.77147167542222 0.958723098273419
30.61757538009183 0.9554126553796695
30.958217271634187 0.942255842248279
29.503060813211242 0.8630291816014889
32.40040951571494 0.9492988152666324
32.35734951820825 0.9483980704400948
29.33519500747991 0.8489820828746784
32.025873338183985 0.9175682124453858
31.696724739328292 0.9625309109198399
32.71989800247859 0.9291144587929756
29.64804701581251 0.898235515524243
34.36593857167488 0.9709604760891056
30.248061632422505 0.9349072637313177
31.56036970154506 0.9479129602384748
30.953500501635027 0.947402967806102
32.840906359878744 0.9643708639039151
29.756189750104603 0.8728017820702759
29.992637790864045 0.9234226174170743
31.848831273852674 0.9111604965789465
29.64939292117927 0.8932978471450126
30.88742687556971 0.9584684045230983
31.674111889646355 0.9424294576033868
29.414569147139552 0.8486914738393122
29.331705607291486 0.8397945849146627
29.361328336567926 0.8688489678773172
32.97166526318014 0.9302606624523929
30.625117405933004 0.9398945453564165
33.186017777241815 0.9667903448818783
29.87254229053887 0.8943205267852693
30.73841817832674 0.9174160503297886
32.47512698842509 0.9577942792047663
29.90293912334942 0.8830673683139694
31.98663335716599 0.9161646488658938
32.592459367756426 0.9618257976899576
32.475267552986566 0.9580861679044962
29.418184949993318 0.847116959639209
32.51387317913013 0.9585739230762781
30.89170644415138 0.9416849105007987
30.62004368870184 0.8441929365412126
30.103498150152074 0.9384382039806808
33.327589747984334 0.9726821694873161
31.686096766083452 0.9202593700873404
31.34135276698135 0.9390985516546582
34.49329485467276 0.9789901286564575
30.94202105684238 0.9260058223024836
32.098558994890276 0.9681495497930892
30.78371622447563 0.944300053375649
34.12837621891627 0.9664753782303381
29.290063087409454 0.842297698389176
29.90414749798874 0.9207379832513553
33.04102857506376 0.928996698673877
31.931770807360085 0.9148264393773692
30.919646176775583 0.9451453015276471
31.128576393068617 0.9424142257134976
29.939679819184303 0.895249441219776
29.911093685700582 0.8903989887480745
32.338802305553116 0.9736539258972207
30.98775478790865 0.9575252144574491
32.533778499622 0.9688885078019279
32.303134226123746 0.9521183113675156
31.608392739149856 0.9416550235188064
29.304624122537536 0.8535042339688146
31.621426945850576 0.9590798913535673
30.85042267990973 0.9525159914362729
30.759605836094075 0.9405884452634258
30.852347365289393 0.945756909133196
29.81454386464895 0.8771293078100505
31.659204989235334 0.9200392674462753
34.57864789851445 0.9798757781195303
33.12247412111646 0.93592075967714
30.88928394589796 0.9469718177709829
32.46920256432814 0.9629398691822589
32.09857359271116 0.9224235780117761
33.44545497938369 0.9682182992126372
32.81398757271252 0.966780833548108
31.659407397764603 0.9193343270112014
31.31318008376231 0.9379928838904596
29.58408466078766 0.8484265843719931
29.65193517685958 0.8578314300858387
29.46175826697067 0.8494040958447658
30.964376347229994 0.8571881109497308
30.998748924100575 0.9423834789511343
29.649957130486804 0.8288870639604549
30.172422258981587 0.9386513266574994
33.14844477445226 0.9345096102055523
29.64346798601184 0.8457945083720331
29.362021287377527 0.8472014496474155
30.89632468662591 0.9286879595166903
30.10783984412839 0.9218275439789071
32.56326212676584 0.9691909157867113
30.626572332827852 0.9519878198461754
30.82129290303949 0.9281668480002658
31.923238813262135 0.9277760960912554
30.776567729271164 0.9483897733181993
29.428704642908755 0.838328159236337
33.748613231663406 0.9681560334716873
31.03803276689826 0.9483638954527851
32.35936194995945 0.9617158933013017
31.459986313628487 0.9396088177496631
29.428745268762 0.8466166441585925
31.100825711039242 0.9589496768111434
31.361188210412113 0.9483004273547389
32.41712177215866 0.9521172161074596
32.810619953713584 0.9603476623607224
31.05930331642407 0.8579907729304912
33.91188614501664 0.9696196675453311
31.664802534367386 0.9441742521882514
32.417852868560296 0.9513943470447169
32.14303508435888 0.9481083556236667
32.67583976106712 0.9626906730200843
29.12005557513241 0.8440748893246847
30.811290300187505 0.9369555146171397
32.083195495814316 0.9428676892915941
32.1654678872885 0.9696208407231773
32.20450452109257 0.9513206466715765
30.043591703500383 0.9149706200969593
31.90362781457068 0.9282120850260077
29.369835106716113 0.8339097730020242
29.371289199822947 0.832274926496155
31.672696557045448 0.9190683521030302
30.00121925734463 0.8972125137184318
29.87598027548952 0.9133928986638838
33.274915718797025 0.9643707439438292
29.952575843877618 0.9196053597310594
31.497814994839608 0.9542479951096189
32.82587587902662 0.9644547142431996
31.8363415155914 0.9225097655412811
31.45005184940839 0.9431869667674136
29.470535008442624 0.8531342178306534
31.79971644313906 0.9654639276749094
30.617949322116168 0.9379359509975913
29.303211255501044 0.8573795001962236
32.42008907071409 0.965737819418873
30.180954211225504 0.916055883016203
32.90054142611638 0.9236549796324323
31.348720191448148 0.9398572643710643
30.335123498729352 0.9281978780727707
31.016193724041212 0.8542959236464317
31.990729018508553 0.9588919981378704
30.015458477086728 0.9072632900509665
34.77056589461479 0.9827376771702385
29.304696536871816 0.826746346906651
31.150880361387692 0.9598345377261007
34.67215405792123 0.9759450698311353
31.918966112005545 0.9272690113365812
30.704953251734366 0.9173849268388733
30.923280676959386 0.9584778004615386
30.98529438896277 0.9205881756316784
30.963809863850983 0.9604516323697677
30.11501387498182 0.9207013001040747
31.669471812639177 0.9206153945073974
30.477323399096466 0.9443253548406361
29.90082237864527 0.9129254134610097
30.875280403933342 0.8472652982085768
29.88011543475553 0.8825553094593804
31.180155606828723 0.9007568402003966
32.80708812415371 0.9603101241775039
32.12837976396715 0.9694862419185719
31.14162481623601 0.9400754657566528
31.9413990796231 0.9230853548306602
30.969685028666262 0.9206132011589643
30.939131394431275 0.9266408148566888
32.03982933946152 0.9387729423357534
32.94667258080007 0.9300560712768207
30.940783797244165 0.9400178690624107
30.75282621240178 0.9464124554476413
29.29238307403752 0.8389182620283122
30.3823023519223 0.9268656223806148
32.04744222323527 0.9388995042942743
29.907995444289792 0.8938234397015866
30.77759358868545 0.8940717268165866
29.994798457845366 0.9175948545244774
31.814608100605742 0.9114676112658813
32.31136435467957 0.9473260992080522
31.07069190557615 0.860624518956982
29.66798594345683 0.8586817891914562
31.515745452857743 0.9400290760249252
29.286212299738253 0.859310870261926
31.9330822480605 0.9351471863925677
32.49720937739862 0.9535572112522868
33.280681833843644 0.9672458821740493
32.09851983024738 0.9207771216574638
31.692603247789304 0.9083855203205756
30.847955820372164 0.9462888917001947
31.045977844982442 0.8634292293091864
31.692293580197052 0.9426643745543779
31.904294741275834 0.9228959912808188
29.667846382712682 0.8492873899420555
29.90241966425753 0.8942491071661295
34.47949436296781 0.9739732819543881
30.726788574987967 0.9367599468125463
32.59033440440205 0.9626055052232046
31.115038987475316 0.9007465488383889
29.36383523750282 0.8570553223726206
32.1873361061601 0.9650453804109225
34.541011621249005 0.9740993568872489
32.37808621506504 0.9482804707459853
32.63370781735415 0.9631966038115587
30.083000932651665 0.905198546772976
30.234614421379746 0.9234059431048346
30.713164449444044 0.8882433006483846
30.865527800001157 0.9371599568522093
32.02807589234255 0.9387202119832813
32.38841682979811 0.9525680117855184
31.003733438069865 0.9220460407018394
29.228621873439295 0.8236323675135385
30.331503772672388 0.9259756152765733
32.27832919213138 0.9536627887368929
32.09140236135669 0.9211056754268304
29.279921157300052 0.8619734010243378
31.040584070193034 0.8867202887933724
31.665298753299137 0.9231286640546799
30.853998347633418 0.8950709897217802
30.035293250109962 0.9125425848196609
29.453632212719832 0.8366081618833329
33.1978564132243 0.9625661732777933
29.99983929406559 0.8939768197540304
29.338461666991186 0.839042581287053
30.805642863560067 0.944248479159995
29.410471051329896 0.8278761452446933
30.09259679805811 0.9371797937544853
30.34182765876199 0.9218625740442016
30.60457302596216 0.9226411497537785
30.03868730377149 0.9097538227751155
32.116788904878064 0.9647436284437009
29.560556477594666 0.8576097600227425
30.83637088778033 0.9567680794233989
30.332445820356053 0.9424257273673852
31.925164799807607 0.9288371051510328
31.539639700693243 0.9474945830926287
29.31683071837806 0.8267876613762678
31.638443783282995 0.9434938711102375
32.65266474249329 0.9554950177169527
29.51985288724103 0.874090692762261
32.50175609514881 0.9600985974769076
30.306828616020507 0.9239905794865166
30.899882167442453 0.9560764560379028
29.68192920161148 0.8364178108428765
30.19127820662699 0.9278933920291154
33.31669281449962 0.9666935810757437
30.79936227965144 0.9185254855732452
33.25349309900083 0.965923772273772
32.617183702447015 0.9694647160546811
30.981706750569895 0.9477705370782801
31.08106753733159 0.8679181422909494
29.321434145087153 0.8387647729148426
29.882892424103368 0.9121430335545555
29.77554759801169 0.9200363721785901
31.532644010222334 0.9408333130992832
29.340169964434814 0.8332156538660931
29.914579563413014 0.8936963920092531
31.65048560658654 0.9432761632646977
31.44079699948199 0.9464453160550632
31.72366637192898 0.9209916663092675
30.62097875566034 0.9520694355412574
30.921797022972793 0.9477494023256581
30.83240242702269 0.9272405341705642
29.38572923829782 0.842584410931717
29.191195525536333 0.8329491929434145
32.390832522197734 0.952254871103335
32.938654068244794 0.9718976603297643
31.809842862452467 0.9611262942858055
29.32399949913186 0.8584479429151505
29.31257295198286 0.838029049299171
30.43880390591783 0.9298402612815225
31.304213250241972 0.9484178311555939
29.29028408281928 0.8347798857341839
31.591444860792475 0.9410651636049655
30.001413888752275 0.8863229390600548
29.272345684222202 0.8361153376117108
32.2325530331689 0.9494213326903038
31.64354551159116 0.9210638167996645
30.876045835387927 0.9455925870751616
32.01161932179736 0.9186539033301088
30.12053878560205 0.9170268113435116
30.954195311620506 0.838153017557677
30.462847440106785 0.9385128924450529
30.38944778284251 0.9433737084267667
29.42957096086692 0.8463481104296515
31.680962946748636 0.9223537385418874
31.090732263772402 0.905728360633548
31.632262835625603 0.9420193303685775
30.574622701677704 0.9369744144128078
30.31355175871823 0.9238682093775834
32.098385605014414 0.9679426252189595
32.723055787647056 0.9634251012585144
30.743029137647852 0.9520641174081894
30.882718779891345 0.8824719014445943
30.121749857068906 0.9385324446547407
29.993060497911284 0.894721728349775
30.173289738735104 0.9218375818207566
30.989084926297185 0.9504195666257782
32.00670591980054 0.9166923601270893
31.3314168449416 0.9412369124613482
30.540717584278127 0.9497915168646799
31.76106142123873 0.9131080157551494
30.140340335174344 0.9276158371319341
30.56568283667318 0.9549702214534804
30.69052629141877 0.8532280951072216
31.297571607846596 0.9441978867651881
32.064852090688774 0.922176696034667
31.78461102566841 0.9077665202793294
30.054880520184316 0.9145166888342781
30.925344730398567 0.9266867726944984
30.0587689300694 0.9250608176695726
30.068070414813114 0.9225531648727118
31.123582849364535 0.9421095317312128
29.546188340592376 0.8918290643463885
31.671092597581172 0.9426092445460937
32.1631949198571 0.965355221343942
34.589370951057695 0.9802120054311833
31.65623784285693 0.943550739762998
29.428907005784705 0.8502112481774055
32.30785574259073 0.9718707000712267
29.720976257483372 0.8597223672445958
31.314856293906615 0.9485914200942531
31.700233228999277 0.9204786071115102
30.587446560923446 0.8332395577873905
30.8376490611877 0.9363991964500405
29.492663317618018 0.8406166248752203
29.57123179845762 0.8594421296958784
32.595388080631 0.9698180308802108
32.586053735373675 0.9688288454870257
29.70318823966593 0.8998443592144426
31.008810666384562 0.9413744605798853
29.34063181241281 0.8320432492184912
29.960922385468244 0.9079598193750953
30.97994541437454 0.9621461655368142
33.23740992694033 0.9680817547894107
29.896880842733623 0.8929005765563607
31.676487094728394 0.9188696772792275
30.376737875161552 0.9352208709426257
30.960853888058647 0.9295357501361236
29.909350182479137 0.917245931554062
29.45764081215563 0.8493669275866701
31.60589649547413 0.9446916119186428
32.63121681644391 0.9600548264632117
30.948801690622638 0.9480785469650728
33.01339559554574 0.9285861366295479
32.68434483896075 0.960648325142994
31.176748068505308 0.945827176407848
29.33323664257837 0.839964773670946
32.69106656297774 0.9616907554993996
33.20250680388338 0.9701976059283983
30.032540354330862 0.9210238292877573
29.556992160286455 0.8525483625512961
32.008481316050535 0.9181429995894999
29.54489321975271 0.8686354490567917
30.990447472103977 0.9576309511991069
32.47605510931866 0.9601128699507702
30.939742655666738 0.9492863027467126
31.99828233699987 0.9380966869086199
30.9498280621948 0.8430976444020477
32.47655225982073 0.9558521112036805
30.937145525626974 0.8535541688818562
31.738779856541967 0.9446260199062817
34.420062397520105 0.9793011006633441
29.465265631564144 0.8376860154739488
29.523808763357135 0.856320419006517
32.70739750256395 0.9620121303220819
32.85462604514009 0.9606702605409487
29.394058780384356 0.8608773332298869
31.135433827812633 0.9414362931555057
29.624356805751212 0.8347273069843167
33.160919232352654 0.9368563805060094
30.108942891386803 0.9244439119031138
29.27282415111751 0.8311089738801574
30.837061320987708 0.8720137866161446
31.252995232481418 0.9434246155716985
32.19189149353458 0.97034799383009
30.96279690378468 0.8508509038909299
29.954742311305704 0.9176139205500874
32.12537946372609 0.9234644463097224
30.266857490092963 0.9322813281007674
31.676236399862216 0.921228452880246
30.16586646367973 0.9266752616057191
33.412343418721534 0.9676347508212759
29.308398199189742 0.8351132577356246
30.04612521816869 0.9137979330619057
33.185742460863736 0.9673637077376078
31.641426674294575 0.9429490467826294
30.84207391276733 0.8990782188314513
30.05609455132823 0.9138265027070361
30.786826188666883 0.9374373321734609
31.166979873525676 0.9411763392107809
33.27301062282647 0.9693026389338332
32.11553411556714 0.9448300762694858
32.96765428582319 0.9288270857627937
31.02567244611066 0.939832243535865
32.80597126675342 0.9657473179748002
31.00523566601444 0.9576548194357564
31.824423365792114 0.9093380140812936
29.83887965084252 0.9164638467466785
31.539342940931448 0.9482148655835065
30.870408072927642 0.9371927313850145
31.51516548230176 0.9470195792855894
30.865314981105175 0.9471102881350452
29.245274090846163 0.8431273037186445
29.834192910345003 0.8860601835877072
32.63978005403489 0.9549893533501833
29.225532126229353 0.8380552515181567
31.030351922561753 0.9431223607156302
30.694054075584955 0.9405487692382958
34.35924813799413 0.9737016185455303
29.28569658555659 0.8393738796347517
30.721130103742652 0.9426033030765392
31.090788725425526 0.8737416489602796
31.298718761725826 0.9450078204440515
30.835808876845295 0.9285333854615664
31.190050274564385 0.9419511248026522
29.23910293752971 0.8291841619976202
29.363365225585834 0.847749169000381
31.137540741615645 0.955305249287316
30.084107092266052 0.9298919416250838
31.995185935121366 0.9160147962036962
30.07976444304772 0.9342602737707968
32.654565479649655 0.9698973835365209
33.08917000199055 0.9312218420496666
32.130172977604545 0.9447900604307462
30.41551110489365 0.9035335825032125
31.14977417128561 0.9412465589954149
30.068180616196145 0.9192176025148999
30.226860993796834 0.9152926879730374
32.81451109952775 0.969323104474648
29.40121240989068 0.847168657796317
31.834316143230343 0.9479359879873464
31.839030178374912 0.9006347709303233
32.813030525648 0.9643243340725856
32.0322424005233 0.9153985396460252
29.86325234172196 0.893153729918515
34.647809024774226 0.9806068363681196
30.097773617374827 0.9276189590845322
30.88500460866047 0.9493312293832197
32.2272183224361 0.9597963882182212
30.354733285456703 0.9422513081968918
33.247542599227955 0.9685243404683032
31.64557171491492 0.9196429666226398
30.2169210072462 0.9219857305555008
30.277369483739108 0.928632558075414
30.78823020430779 0.9193544269024896
31.78768942543916 0.9593386340296501
32.376757041129586 0.9556036665425649
29.347366446368056 0.8431168205389555
29.29427661796081 0.8314476497537684
30.811221210436525 0.9553790514425798
31.634582939907254 0.9209368128986859
34.50921545153075 0.9795370650633887
29.40777517735972 0.882838541260994
29.322800341489096 0.8435482700101864
31.88573974478905 0.9122085780326878
33.273305060032364 0.9675821126087083
30.489638300196994 0.8405334708036799
30.81916791097496 0.9267604297323195
30.405919720756344 0.8373660708966207
29.201808385009834 0.8460146117937054
31.95455571008765 0.9127931103796544
29.513834910041062 0.8585602080380131
31.837024671821176 0.9490296889405132
32.09998910228246 0.944056119560256
30.098332028356836 0.9172565501612567
32.6033881499787 0.9692339844921811
30.012847851718575 0.9003266968959881
31.329280575221144 0.9486488979669652
31.47468109208468 0.9402299824358573
31.270532634505926 0.9477393174545805
31.89608291773836 0.9140509524148078
31.870433348257755 0.9128526486998043
30.72483464808592 0.9461321438909158
31.808283029845917 0.9027046153336193
30.871915878953992 0.9534173142929347
30.826000447222334 0.9366411641601972
32.70857082931765 0.9584586628594258
31.895293575072095 0.9128352648274572
31.153587064152855 0.9380562647978997
32.504433872045574 0.9600880135280733
31.563169751092612 0.9441683999679922
31.36633158476744 0.9404560689202273
32.12012569089317 0.9251932684785105
30.87766069611429 0.9571073722376126
31.123552413328802 0.9592509398690939
29.38732540268202 0.8470529508055951
31.1780287865103 0.9455796549360993
29.272430749405896 0.8443583296213726
32.56585360903089 0.9618324713966072
29.268811937012828 0.8436734684175176
29.31450514025451 0.8337454651401166
32.23519253537358 0.9547348191299116
30.834839439154116 0.9517390586186595
33.068225983714605 0.9282238975475859
29.66850943792825 0.9144136400012499
30.895315198674247 0.9508700056307473
34.40697996389315 0.9792510540032968
31.153129386042394 0.9412490804340014
31.095497669086182 0.959564928980508
31.920925406893478 0.9670265718610829
31.935891852625385 0.9269727861643146
31.64741754354604 0.943809820847303
32.33363471959176 0.9506789774364797
32.05387825887983 0.9120202621093859
29.933525120372924 0.9158680369460973
31.994569561485267 0.9164357419602276
30.828045077914513 0.8420131989584997
30.619663234116107 0.9391820516925823
31.15980027443062 0.9425551526777969
29.541895432943875 0.8393551889721961
31.153648072450217 0.9471299375973615
32.00315416839502 0.9574731509023462
30.290464821422596 0.9305048682881258
29.954920309082198 0.8919953524449973
29.309226047993423 0.8370800924833242
30.873760419020073 0.9521787431050359
30.069773048290944 0.9040195803641713
31.521035069882444 0.9479668444335061
30.368527856538968 0.9268698077960407
30.74287904292028 0.9183694011074031
32.055320164860454 0.9678322169465846
30.016783448068914 0.9143120266819664
29.238811362896094 0.861280421251408
31.111627391637473 0.9594236989783964
32.95777970687729 0.9273407920209036
30.561510191357584 0.8348925452786328
32.54411499989895 0.9689641901540123
30.24336640875999 0.9200491655057901
32.072775508882884 0.9450316672020049
31.708438338236277 0.9403654455716853
32.065150631968045 0.9440294097713026
31.931099305653024 0.9086883271952829
30.89309488105098 0.927941891129986
31.283498503121884 0.9362726302522316
32.386451383069264 0.9525567184419208
34.35783305635638 0.97748761647871
29.726430144592946 0.9339592421451128
30.89555918174551 0.9468223739635256
30.927694440348517 0.9614031639558751
32.76115883956307 0.9303332796339248
30.19075498697104 0.9209010552933076
30.09769814979719 0.930289682716716
32.01408840987997 0.9386215859763282
29.1151565313937 0.8361542294390129
30.97113048241116 0.948878804730554
30.881264787743437 0.9403975626445662
29.352810383573363 0.8221565456516543
29.50646860875895 0.8392338875043268
30.72084465140684 0.9286867495160276
34.333676578434556 0.9720226445669775
31.905827801302888 0.9608072982944956
32.630738266628526 0.96985342138192
32.12178198049622 0.9654173857553758
32.141325724912164 0.9652689681093318
31.502393096527875 0.9399318230479131
32.43354320933403 0.9562299661847139
32.019928623883125 0.9380411572165208
29.738669727830942 0.8435336843653043
31.623570833735716 0.9220150988821854
29.246837360739754 0.8081256532866518
30.603151438720957 0.8468367618066454
32.47604306966075 0.9586523997483426
30.647277371710654 0.8401588331667132
29.617985010832918 0.8385097092376452
31.551103624627352 0.9405198598489677
32.72307099857145 0.9286749090603729
32.54608642390945 0.9609418011321293
29.377890221103527 0.8672896273510906
29.295614129868966 0.8338732798318867
30.446395872493103 0.9350217035784258
31.02894034168449 0.9515824604181592
32.784546838188014 0.9598566673953074
31.16057507672062 0.933977550077652
32.8456674610467 0.9237357744061732
30.925622203975806 0.9207804951848882
34.64662066758023 0.9805066862624353
30.92514472126368 0.9252581188754374
32.46883226522738 0.9617220253619269
31.053412657423216 0.9091203758854274
31.273283172404366 0.9475054772914503
32.050348297755654 0.9160891184458272
32.56363779188959 0.9580221532855248
29.98613377410186 0.9040554524755412
29.381959006970572 0.8412944663182372
30.816292564656194 0.9189884557093727
32.523556457926865 0.9596010571054113
29.355749136436103 0.8239878472989477
31.873692548401593 0.9281036886748975
30.707122572437868 0.9348867346980472
29.418979820290865 0.825666580186375
29.30016538951449 0.8413183154219669
31.49886277367971 0.9428318664404928
31.62775284828414 0.9098213888009058
29.323690892526955 0.8398736297573689
30.593402655901567 0.8524646128366256
29.551846461936204 0.8532414450591327
29.352557237008273 0.8521336521565416
30.178029428638794 0.914838436236965
29.402493128278184 0.8416860948842776
30.964858711506288 0.9208295997462851
29.885710334491023 0.9129445483380477
30.964786586550844 0.949965661237479
29.319885482331365 0.851330183539904
31.135988344874455 0.9330769495723858
31.59664706217466 0.9401938089903837
33.22109930698831 0.967154630613952
34.64127771991616 0.9799786871911309
30.805320344388605 0.9539563298872371
31.104248085480926 0.9466006297741085
29.22509650350197 0.7978160719908672
30.3592976650772 0.9177494584694939
30.83294138409571 0.9458394436099906
29.788610538270007 0.8842575648017004
29.318838954627253 0.8323234155077243
29.525204900835735 0.8665274039117983
31.898235905396277 0.9113093680727498
32.176254297479915 0.9695621424554641
31.7686741330673 0.8958091544184782
30.243807735103957 0.9212618476320549
31.03101764868443 0.9515040178902365
32.545142427893225 0.960131331143658
30.913384847246107 0.9299737377880618
30.23782368601267 0.9214165982616414
33.7368982394826 0.9673468209284929
30.717097140144546 0.8560366901422386
33.34987773464692 0.9717025911779547
30.692669097309036 0.8441286083271293
29.34550023901085 0.832661080346843
31.008545555662064 0.8453822333858755
31.241467457074492 0.91541834208748
29.49918914189244 0.8646996952582653
29.921008273259897 0.9146085249123133
32.00365262518654 0.9418898560168621
30.776880504044136 0.9291111771473354
30.73390936282329 0.8351758446901928
31.282105764065548 0.9475889082669464
30.809035524072932 0.950723139113846
30.771399572120153 0.9299746105243213
31.54165995891215 0.9471909934905148
29.990633342804117 0.9005093850342722
31.11791376612687 0.9475772821077197
30.8083408020249 0.9427616909096589
29.338592354319655 0.8462867949520638
30.80064492152349 0.9572165657535887
31.622740785220664 0.9591282718174904
29.91275286854133 0.9011510064186069
30.222058957312615 0.9172206631568314
29.398237962429707 0.8457905716511942
30.766591247806932 0.9284500764909759
29.84706819550557 0.9175462890866624
30.868481001283413 0.9484503963172484
30.831789331616896 0.9640861105880492
32.42218104239346 0.95690022490125
29.365239127179592 0.8677232433253105
29.265640437400098 0.8280622092810505
31.543811508697992 0.941531345663142
30.20686851826347 0.9105544694057184
32.135428872117664 0.9648513824620012
31.292509569460595 0.9477911294764878
30.67118978621472 0.9380900096029973
34.63668794689957 0.9753372733257091
34.32630233034895 0.9765482298626059
32.19216760998101 0.9653920078718026
30.828358393156734 0.9271266531340308
29.40022146615387 0.8378388011427635
32.02261620843026 0.9145835595899523
31.15516353006558 0.9551026692121851
32.19491263089101 0.9652503789841621
31.60148777739968 0.9229920758106768
30.430129806361972 0.843543357117784
32.956486336764385 0.9695236811942421
30.814456901912738 0.9511614633968966
31.220477550142064 0.934726082537855
30.798221738366255 0.9292637339758771
33.36457525698816 0.967613846055884
31.7241602169333 0.9603570171786827
29.404487384333407 0.8469640122912738
30.700541991387936 0.9561310968677634
31.28300302633012 0.9430303154366169
30.934195655139803 0.9402568483852989
30.656182361747145 0.8460485387604455
31.04245337323292 0.9510733404080697
29.373914031012944 0.8633486358467546
32.233858993232765 0.9750277346032682
31.86004922985275 0.9669978838628076
29.380993203493404 0.8498711183427471
29.49918385829211 0.8554296546973421
30.051868261829288 0.9047762232044502
31.608986249275894 0.921797605080557
31.63303169468105 0.9584925239438219
34.566313176532574 0.9801046816722692
31.309727762816763 0.9486855783354978
34.676851109291796 0.9821553449222961
33.341694698235244 0.9661843693978058
33.064637631334975 0.929023144623111
30.967545739558496 0.9217425161257193
32.76652334110808 0.9604482962482498
32.08210927538088 0.9587229181632302
31.565678711386735 0.9417373999726995
29.238695807443257 0.8327674526475172
29.669898540212507 0.8294067601586324
32.03365854937539 0.9243920108371027
31.048415002875057 0.8627764768136005
29.282543267429514 0.840498980884737
29.500250297390565 0.8569683053915337
32.464355889657845 0.9614772757476076
30.686277799417212 0.9251162401267391
31.122216566844067 0.9415821200202037
29.19812905657931 0.856244026903084
31.989185835846875 0.9374083390115767
32.073067162179456 0.9716010864280624
33.10073734359089 0.9727138706572023
30.068689497312352 0.9226422415183665
29.602871547574026 0.8761264889252278
29.26466400176581 0.849542122893118
32.931159218680335 0.9265997927537518
32.14462564815725 0.9729437593207398
29.48389814298858 0.8334337019404919
29.904947968187155 0.90097786122039
32.99171074056271 0.9709012373782969
30.790046646620183 0.953420353938293
30.782238989005787 0.9291542879787437
31.16836577413892 0.9011097161850933
29.258742228574846 0.8257887723317173
32.017797297155504 0.9136453060143542
30.01064010301805 0.9184506668919653
32.33690958084007 0.9559268114730598
31.03704584670104 0.9575201520167814
34.20145661718476 0.9674833691205557
31.909737817036195 0.9223273253769531
34.4159985107033 0.9780183689459948
29.489999921012647 0.8433407081524353
30.199202589339684 0.9185872908660772
29.341368644627217 0.8183759350376041
31.034943916093617 0.9422332486072034
29.38846086503424 0.8621712142888929
31.144570702513317 0.9473532961055822
30.45147845566465 0.9288101659933642
30.97952906281457 0.9557129392956278
30.745901219563816 0.8512922619341227
30.36392750246045 0.920357107186002
32.86634158216274 0.9233913739872438
31.124325896139954 0.9418637353814283
30.41526583037424 0.9423755181329093
32.98621292943339 0.9281376074459415
31.67196840866555 0.9195114897075776
31.71270585170158 0.9173551927036265
31.98968616421201 0.9357216520449746
30.95054825201643 0.9339270153545495
32.147544936006994 0.9686060143107974
32.592490484177496 0.9525077468182205
30.737840851102472 0.9365697916966148
30.774109384450018 0.928863153705858
32.653793027835164 0.9670315070272998
33.26801476702078 0.9687592896803431
32.1940273968303 0.9600965642928977
32.69917263661522 0.9621762067128103
29.203870339500945 0.8557818934967745
30.821811642795282 0.928128394162801
29.991630519529508 0.899617237366407
30.187733479439846 0.9090598899975213
29.17459226667491 0.8391003779108773
29.233855377752874 0.8197657179942394
30.805060495954358 0.9305479790163659
29.98278993405374 0.919115049237718
31.858039385530187 0.9205879662725714
29.96698224148325 0.9117362843900446
29.409982353905697 0.8402083007559467
31.110370640767286 0.9675752982385999
30.80730844823315 0.9189545273368154
30.79014569445959 0.9184752467649938
31.7908287172809 0.9201725969150379
29.977858635584944 0.9072774708865902
31.66599452193909 0.9422809261529993
33.249121919898094 0.9686642085305742
30.111554710952962 0.9168195889091876
30.093075117837827 0.9185625451466234
29.392245148360065 0.8821359597994903
32.704635455089324 0.9298338828887258
30.67916682876089 0.9341402134583464
31.13489763379212 0.941028647045824
30.232411048567155 0.92358372923708
34.36207428894817 0.9690787821430719
29.294084911802372 0.8440588345265915
30.406386078619796 0.9406600438432907
29.282722921957372 0.8317034198457725
30.964539780176487 0.9475385306451448
31.3534340169858 0.9492288077467653
30.23998083726335 0.919997417253006
29.658275005482473 0.8329090348993554
30.832924623810904 0.8478206553452668
30.81278354267491 0.9292576836378648
30.902283554324686 0.9379929705033446
30.023727913255026 0.9145572676417626
30.707971372474184 0.8403198410560625
31.01949698233321 0.9418095373610238
31.117421769405468 0.9512718187791946
30.783037112406465 0.8788531022325483
32.12117958774321 0.9442695959554323
31.020031336287815 0.9403439482560081
32.482697153576076 0.9533570028469851
30.865007028648108 0.9535015836621784
29.243276516389244 0.8191729731507668
31.15212999387942 0.9413012595303488
29.413188168659012 0.8448704318985056
33.40987818045654 0.9738701901239148
29.935862999732407 0.9014148334241788
33.34243616354304 0.9670825276385654
31.115001514040635 0.9335072619990878
30.09547087459803 0.9220017734248366
31.668938350554747 0.9435129537335873
32.095859597700375 0.9206286796800764
29.26055243891276 0.8262733166198835
30.59537312975383 0.9357860306403184
31.88076514685632 0.9058053185102337
32.72561443867135 0.957456493179274
30.8084275700688 0.8564235472087476
30.720856577286906 0.9230225936117924
31.082662977894305 0.9359292356482636
30.573184320079484 0.9379680535297249
29.30770326517166 0.8232098271432694
30.00836460579274 0.9081744178930895
30.114510585380305 0.9114137945134916
30.042715812521767 0.9009348470322419
29.91056163327614 0.9125379370414523
32.30044640555382 0.950848271258384
32.76816135915833 0.9316108882443941
31.025679398837156 0.9486924819180684
31.875072463568298 0.9214080203066859
29.563465688415505 0.8572851606104406
29.84263480615771 0.9409711682989519
32.39191383228294 0.9647612199523208
30.119337080783527 0.9082791416594723
31.53259400338048 0.9414075333286294
31.006861081749584 0.921682403594828
31.630334570531225 0.9435333713905784
31.14401480283195 0.9348208119356547
32.006321787768 0.9176124488822398
29.47076129843098 0.8274598140752832
32.1304010818472 0.945247781946878
31.54572210608759 0.9415238463043168
32.060385961465 0.9389130543564331
32.82907673326686 0.9614224947876182
31.918469082355315 0.9226854597657147
29.899714499499666 0.8968162775914955
30.700563925586266 0.9172162052196304
30.322400104648185 0.9255485187086263
31.62111465639807 0.9221949390299481
32.48875726973982 0.96000038655492
30.56801669501745 0.9332761170445004
29.566039600695678 0.8337890420923478
29.98067108730107 0.9075990483042424
30.89416725877337 0.9370161171745007
30.462093336162695 0.940695799939612
29.42444854345534 0.8370196436183392
31.72839482533645 0.9199894948649913
30.632321980863853 0.9550194133219918
29.34241910611041 0.8466057773016331
31.648020583699452 0.9179282932308876
29.323154548084325 0.8502032443889037
31.008662457246132 0.9334454427526855
32.05914947771707 0.9165890850012463
29.89524829130577 0.9298090047597212
31.48334963517196 0.9432455647454657
30.13173718246958 0.9230406097225646
29.894816134563147 0.8926139240912714
31.1234872752401 0.9417596364252534
29.38366697263037 0.835484824594657
29.293532987187014 0.8621215013596544
30.678252781772287 0.9419971580841622
32.02266694016396 0.9420927931721611
32.02144604430912 0.9371936769098239
32.790393320609944 0.9657826202945191
32.51236628860565 0.9605263562118322
31.018655869111758 0.9448176730043718
29.210732593923446 0.8479760494326352
30.096064014446462 0.936089228538667
30.19409159275948 0.9138721286672753
29.99649081351162 0.9005254415152361
31.67498830988325 0.9220167665180029
34.03542400674893 0.9720022218087634
32.33588136189668 0.9472921098529181
29.31031204279968 0.8598710117504844
29.253969854597628 0.8264273942443074
34.65132990460862 0.9760906636658818
32.498244895051904 0.949973620017381
30.699250133502346 0.9607229088655863
32.95349973771431 0.9257430052211404
32.96315341995087 0.9301336228415809
29.937274730264825 0.9106667849497421
29.87811462440385 0.895059841940847
30.120780837398897 0.9151719919474641
29.305119632867584 0.8339240005469427
30.51526888670931 0.8959850184822112
29.65360549454021 0.8754792664709569
31.051944597809417 0.9496130501555884
33.409809320307716 0.9737394499736327
30.277355906489337 0.9208407447726281
32.113775518323045 0.9260476076483565
29.28433530489204 0.850150552861153
31.04458799182018 0.942284877484247
30.04956329138649 0.9236567983757809
32.06371958694816 0.943376285965118
29.548053573822074 0.8449665512700867
30.561006134812033 0.9562693019789975
31.948463200006884 0.9131440282224692
29.383775207697088 0.8376509657692753
30.975559904657 0.9264130035497073
31.17629254996895 0.9421637353399132
30.106932668831597 0.9250936267080148
30.51366364819332 0.9327676989348805
30.927867103374147 0.9202662319576899
32.13179005051114 0.9504158393390847
29.983018741241203 0.9218508567147858
31.078432948931848 0.9418075306189623
29.352692133154527 0.8672307417748009
30.948526557151496 0.9521655962182293
30.599107772669573 0.8366356624426137
31.979790305424316 0.9696138838451349
34.62378183149085 0.980594031078753
31.34734142216883 0.9488936269599574
30.817983449162067 0.9370903700427275
31.745497431530175 0.903232688200045
29.829294583869125 0.8921886577677213
32.059011524335055 0.9655577273605744
30.79041387255417 0.9413716018204599
31.649635628856917 0.92083586888399
30.88476767932793 0.9198818303071299
33.07557923816508 0.9309897636252688
32.47811749030296 0.9533622631951235
30.04614031096579 0.9323716039686543
30.122739876003664 0.9381041287682996
29.315307330575607 0.8456732590500434
30.78916163854098 0.9556691281958563
30.91866544268276 0.9554184832274111
32.18951776191699 0.9496522832749771
32.340622823166754 0.950323396638034
30.092231811787904 0.9025417638559807
29.217003452483677 0.8337717962592589
30.762950143468892 0.9495399686851914
32.49577184968728 0.9575337503923446
29.327361385981202 0.8362075403332009
32.1339400252808 0.9684535453381616
29.382583817772346 0.8392287490325734
32.464002270138195 0.9614053703016575
29.332512487893553 0.8419926596579954
31.96971958126128 0.9132036214169575
30.16210030902768 0.915385856834694
29.252617371457283 0.835450987869085
33.247501314469616 0.9687059721280925
29.12549716696454 0.8293219613178954
30.08878401473009 0.9127375453909028
32.2716735816313 0.9487775873775733
32.84740414210197 0.9203801123367126
32.5508924601878 0.968643154895454
31.101455916036297 0.8707872287572789
32.58922447662985 0.9696191616223514
30.415259547662107 0.9276943987148122
30.953785250867103 0.9601300839920279
32.60082134400752 0.9554692583145962
31.020031336287815 0.8503758696770464
32.4315041890904 0.9647513604578516
31.39390561983767 0.9473738305984284
31.891732274100875 0.9695583988497908
32.99016108618765 0.9703653514435119
30.970570257071515 0.9474623821800509
32.084425005082984 0.9233808257826602
29.584962578614228 0.8383040545475497
31.824578132879815 0.9065810679619952
30.8184068697554 0.9329411822353522
29.2192612424881 0.8207929579400429
29.93534153515382 0.8948576589655315
29.320996872682134 0.8294552351178278
31.97406882761147 0.9365320334610514
32.16915929401723 0.9539096817326254
30.022794866997238 0.9088604118474958
29.496856372640124 0.8499496756312753
32.462868790249914 0.9529872670790885
32.311003532478 0.9554884531083606
31.017653355003418 0.9576741624854865
29.399875071786404 0.8481156759396027
30.783646519856966 0.8513763087630299
31.67791109641143 0.9630501955721735
30.019281073581038 0.897657186702703
29.744486080047842 0.878418682613928
32.98567920958123 0.9315024226967688
30.05251349051563 0.9080568863838887
32.34637090936814 0.9503342852297384
32.72680997939476 0.9638408784372454
29.232138698247997 0.8300568442162718
31.17450980697128 0.9417672360840436
30.858691183581772 0.9189479321880809
30.20133741734262 0.9162390645132239
34.534891537507654 0.9798772685070584
32.182076216125324 0.9703856732707201
32.73738463221316 0.9285951266738588
31.687903540440274 0.9451070400706024
30.013868648748925 0.9039661846421319
31.740454587955803 0.9610897775464939
30.60860485908186 0.9358949644218444
29.379883489861378 0.833885198594649
30.768329463131344 0.9483423586116514
30.73081392186005 0.9411572993304428
32.98884492645698 0.9721491651225244
30.797065137914338 0.8576110339698344
33.049198645923596 0.9641852371507712
30.72599059800309 0.9615389408178455
30.654798426619024 0.9420162687796075
32.48962636282726 0.9566426038991237
30.33960104994566 0.9421527518374923
30.779862580774356 0.8566381181739187
31.068217222404826 0.886209248109436
30.90545392628728 0.9205964598151357
29.27848505574164 0.8342903186988695
30.65855336582917 0.9337416527541381
30.86457770056981 0.9424043128085289
30.894599791944405 0.8570564665419735
32.70644932236805 0.9575836191098159
30.814162335454142 0.9019846232135401
31.334382097155327 0.9484833555606003
30.12210310281536 0.9093886413887506
32.00557105065691 0.9183051203600473
30.91963342092621 0.9290984186313849
32.94295315632287 0.9703049743958687
32.98426311713044 0.9279900299628892
30.34174093884793 0.9335038959073528
30.61615358040433 0.8498885161019896
30.809161464263642 0.9299798907458657
32.31822530396701 0.9498643091918763
30.756767028132185 0.9509809006725934
29.174840334177144 0.8100244820761536
31.854895583960136 0.9656431938025185
29.952240465039512 0.913795429931696
29.831398501494487 0.9216937731718166
33.800205411309044 0.9697093313041723
31.034919668983967 0.8511325373715733
32.50056624146658 0.9618688590448359
30.846554249496506 0.9467968981829625
29.881993634900134 0.8938351871435466
30.230457729991794 0.9126003515909306
32.732203876480945 0.9295342852797602
29.341203530510263 0.8471056547299537
31.11690455119653 0.9507685244601298
32.01566492000139 0.9083827182901323
30.89386939447631 0.9376116228184183
29.29373306808715 0.841120697341343
31.563467199193482 0.9429485425751694
33.18547539321419 0.9617006571718658
31.055469222982136 0.8594454966105646
32.340416155832415 0.9463612314050045
30.113247657474503 0.9129473332453728
30.769359932429822 0.9459397371687296
29.395984194022333 0.8624213807026214
32.40388716185037 0.9525047133163005
29.337492101154815 0.8461044447325315
31.11335158403868 0.9499402098113398
33.021948447152454 0.9292871592352415
33.31691999718212 0.9657349940857242
31.122719345231268 0.9591847924130696
31.41781306253501 0.9401245148130875
31.021319721822344 0.9484278682023978
30.860550997356437 0.9319491476261406
32.595940204011676 0.9628863260515894
34.4322434096985 0.9786134692631459
32.11068103029854 0.9450294451113612
32.06356276940974 0.938738627779366
29.68453060756118 0.8307928567371299
30.702579247855745 0.9475985382284987
31.681444843725927 0.9179179598944678
30.892632558866136 0.9470985609345628
31.6751514068591 0.9434035293504814
29.546993931260538 0.8945876526959805
31.25168049998078 0.9479874843290942
34.44837926620712 0.9803064991341685
34.71192535252725 0.9756750174816905
31.7000318322358 0.9119932974031981
31.438226713776057 0.9422058534369019
30.847097901735214 0.9379811504839716
29.96821467412669 0.9210560716314302
31.70075495501635 0.9175349375301342
31.09120995252284 0.9591022721194413
33.40457000292896 0.968346983886236
30.57994828240142 0.938419311876477
30.704510787563155 0.9456495736019304
30.821103731017452 0.9403752998572914
31.64672314015239 0.9201223900605325
30.721139696926304 0.9189037796791926
30.933437604117398 0.9258917961267656
30.054481774543188 0.9020614378017702
29.426846849441457 0.8891309520642853
30.919974856367563 0.8412629030675312
31.67834675906187 0.920008744046585
30.864978083847937 0.9374457523399478
34.21252268302602 0.9689264757136039
33.05059351643685 0.9722029684077063
30.82284771570988 0.9412208542925552
32.258548029261476 0.9470985331288622
30.79954232302803 0.8630950349330734
29.931995698696024 0.8969966530591141
31.854031235417402 0.9501742551267622
31.918242278103524 0.9225545582749634
34.491063888602795 0.9797290378299435
29.345001988850843 0.8365011342454349
32.83568761632465 0.9651438679468434
30.836509072143148 0.9366545409441679
30.62656903484825 0.9408974190294348
32.82091944370781 0.96419543063835
31.61649545984732 0.9049650225588783
30.75047184350555 0.9446471913626613
32.31237219827579 0.9463895300990864
33.00217487418961 0.9278577139631747
30.504976538278473 0.8507956478403986
30.04102973737258 0.8890228149551507
34.64059297226773 0.9819385412769995
31.70578831330996 0.9463597679835896
31.266092478777693 0.9477873332740296
30.84602534145034 0.9366325261692768
32.80897674848311 0.9643463390825332
31.876354036934266 0.9207346096156818
30.70761441168579 0.848100112102837
32.79200904168487 0.9669582065474494
29.75027270436014 0.8961585905718565
29.366337323155996 0.8396972848104016
31.50204983524763 0.940018904081471
33.35332048692139 0.9729297094889708
31.033662070620743 0.9253304858109699
32.69291967940588 0.9618151913495542
32.951951955053914 0.9715545978244864
34.46380797745901 0.9740674725532151
30.838910294677326 0.9461456263543345
29.797638051631388 0.886618858499424
30.071585297838656 0.9181887676846016
32.548730467929246 0.9655278791037943
34.80675377195937 0.981635208542704
32.8572829253506 0.9292990848728037
29.44252025865658 0.8480116165292965
32.31956964900561 0.947510280389973
29.391734634031067 0.8576335541382731
30.189580955449994 0.9217930861533028
31.564935852688333 0.9542918712683964
31.10332386350429 0.9400257232780831
30.82963607107257 0.9334071104542607
31.25972514525783 0.9478392238757087
31.531438068209173 0.9479565927955569
30.851559648007353 0.9479294928753449
30.887934715655373 0.9279463670498257
30.059827965621192 0.9162698918995886
34.399754272649396 0.9791404487135372
30.03596967862178 0.9004079465284653
31.736145649770066 0.8969312183602867
30.39145376506125 0.9140306483619087
29.472019133548674 0.8437827720477512
32.64313396102709 0.9563814856816112
32.00219851746909 0.9357769306004357
29.943173553895434 0.902044114142102
30.096775350277237 0.9197606156346787
30.646990360195403 0.8790601028280429
30.232917994115848 0.9221455462115654
31.452528196367954 0.940579638091826
30.070455984944537 0.9108101720883458
32.06610044770739 0.9396884156792211
32.492813226692874 0.9602309402038767
30.167137941740734 0.9094194330280672
33.94283781919846 0.9720624327212812
31.648000042369915 0.9412782005053885
30.906307758671158 0.8401589714691216
30.071628610011327 0.9189581912598955
31.676157899161566 0.9433549850540183
31.985184242013283 0.9141418635148151
31.68456326556012 0.9428378861554526
31.102340677802886 0.902754437742126
31.197014801660345 0.9340118370779646
31.575076335056877 0.9447565272226011
29.305435531499363 0.8330887664800407
31.155146625069907 0.9414048417959437
30.67535426597147 0.8600374946098711
30.953791542367384 0.947284570108692
29.615420134967728 0.8434079313759446
32.65005329390409 0.9584783170815979
32.61449405737051 0.9663979502391064
31.00645183275221 0.8522182629778524
31.93190854656294 0.9088783692621495
33.39129718732601 0.9677547988046936
30.29343274033565 0.9408528733796808
31.45587057364457 0.94057781756548
31.963241313008783 0.9590462755955766
32.5891084768457 0.9689960624615044
32.08141128623977 0.9429571826089027
33.176764917909566 0.962737396272486
31.00230143630279 0.9369111375128882
30.294413097067068 0.9195748903639562
30.895588600984315 0.951944209772301
29.96686498896426 0.8964458559866325
31.275583541438937 0.9373028233111959
32.425055839170724 0.9645357417232392
32.901466982181255 0.9271332460034513
32.012108978417224 0.9382369257241953
29.953850910831363 0.914227557710396
29.84813685249911 0.8918167501476411
31.883887750655624 0.9097912823772745
31.764985301480216 0.9196641506917932
32.0658368247453 0.923917147849371
30.187999256575843 0.927157431926024
30.159942980906408 0.9325682612538444
32.98165134762981 0.927296242651436
29.992866898239 0.909796432327384
32.938170654641944 0.9709273783755029
32.57527134558022 0.9600749025621356
33.36750462150979 0.9733152794862063
30.91640712305025 0.9391735633703202
33.351668613502994 0.9731670997605757
31.644121398520962 0.9416811163449953
29.562592899237742 0.8537521637766697
29.28913652106609 0.8355071007204348
34.585211860325 0.9802090885150979
31.705698543362836 0.9437029131842654
31.671335251202724 0.9113114015582812
31.395765917006084 0.9383773227445459
29.997238915883415 0.9282548867055084
33.09666456916783 0.9290811833140793
31.93834947516969 0.9702956818891272
30.78987226469039 0.9433099465599196
29.896654384443426 0.9375361430275103
30.998030922052546 0.9573122609152585
30.900708153085347 0.9257884364365975
31.888675268107853 0.9547050010488547
31.313544099233503 0.9494199417344786
31.76849263643443 0.910556023209609
32.191882762866065 0.9624240726230684
30.73998968839055 0.8547983100517867
30.00886520532073 0.9220551795798523
29.325442648190617 0.8541601462781568
29.32809352427207 0.8210151629182023
30.903451758018413 0.9201746784822914
31.974541811765068 0.9435001970233363
30.93442549272414 0.9208383617977606
31.880957492348276 0.9139795135448463
30.859964968361666 0.9497475407689939
31.90905130767049 0.9282376109688244
33.23661445541243 0.9673988856222325
30.174190537936315 0.9134245987787647
30.55058575582024 0.9206910702289316
31.544145551872372 0.9183820258356503
32.00559126379085 0.9138602798850031
31.08299267580028 0.8665881153910227
30.795510559016897 0.9422717274317369
30.90809334111663 0.9379188252120545
29.324944437809656 0.864054061650226
30.712094443964 0.9627087366157632
32.336551143305726 0.9524751905976245
31.026992829457768 0.950669501889061
30.359363982161348 0.9366371026085164
29.994110208326312 0.9217361720262423
31.055270410853673 0.951782662905504
31.088096321813076 0.9599040710519722
31.768205557248056 0.9168208514696363
30.125777749014336 0.9289555500155107
30.020656858504044 0.9086476889338424
31.640081220424875 0.954588958051345
29.868016579429714 0.8908669616377793
29.94437778314949 0.8958825278808119
32.294748312794844 0.950266381118044
30.996910490133892 0.9471170523818079
31.128840959126357 0.9418145886098307
32.69087476568672 0.9609909064413531
31.72373038570615 0.9471979638178046
30.90791767306197 0.9285573740290581
32.42703461445686 0.9607850149814307
32.241326589649425 0.9447302337619117
29.28708550173086 0.8578023737356608
30.986740638124353 0.9490581574282961
32.56353079534859 0.9659868941370248
30.862458749451296 0.9572721128338066
29.843614669805095 0.9191169868282731
31.00165198991148 0.9419566019396027
29.25255025754577 0.8340430912770821
32.087785665008845 0.9432431500546421
29.457396017046594 0.8401436611549045
30.979338099311434 0.9212397119898871
30.884440307337716 0.9426856034679272
32.263085209861224 0.9540323377558999
32.27482194294933 0.9649198615465971
32.63044568897467 0.9697531925247344
29.282354312395896 0.8360355259093384
31.653372662478073 0.9207026755489149
31.621048628715585 0.9434918965784365
31.001005959027943 0.9574342994437711
31.89476663363387 0.9709250500108192
29.31315936135704 0.8449176540644465
31.295861507618223 0.9481241766203792
29.55594441146511 0.839873847711842
30.95381971745869 0.9623619363225316
30.86263740980371 0.9576486418206569
30.84508590127088 0.9373478595243206
29.777747274777354 0.916698668338234
29.88576851672481 0.8934325409894961
31.063072071212865 0.888554592793547
30.73437251697106 0.9170971563761339
31.022159405981498 0.9510248436901272
30.07897358834438 0.9349281824677218
32.07343175634537 0.9176029903868836
30.097550362922945 0.9099814762819477
32.99878915886748 0.9292399417696571
29.480032404517097 0.8391372139099422
29.338886556636375 0.8747456780296508
30.914014721194427 0.9209835626521176
30.306759089748088 0.9227427173751693
31.07570796143002 0.9427065154279965
32.1696406198611 0.9699443617053521
32.6212706902421 0.969580841140961
30.85379651832161 0.944482111435455
31.524087785651762 0.9471524052600391
30.359069379836264 0.9342379124627712
29.46118966185974 0.8669651079913755
31.47984988197889 0.9399202561883228
32.36508455712692 0.9482316476531336
32.30982555387849 0.9449288163916499
32.066848997978504 0.9242986091193784
30.072599228535854 0.917800529381768
29.541741882728818 0.8625063371485079
31.027658597299798 0.9432389402885702
30.803238028756326 0.9187914780492838
33.209033544167596 0.9678857403694849
31.91109854430647 0.9206907789539278
29.53000396499936 0.8366458889154356
32.55140497024461 0.9608697334848199
31.647934567530434 0.9432773184006604
29.661612837537344 0.8971814141023013
30.3912103260394 0.9181045314533121
29.41513187259472 0.8441268364396526
31.079798477695565 0.9377481884598268
30.957511688143565 0.9509466931088253
30.653908129805657 0.9578302735788448
29.536230318919987 0.8528986885635234
31.913035528662657 0.9264078467072652
32.056471989289875 0.9182026786636922
29.127890574946225 0.8402544619881208
32.79045302769916 0.9237656140981293
32.23268522723414 0.945446180602694
29.36778701785252 0.8479260940997014
30.92106963922925 0.9601132564253558
31.805161716486907 0.9639748228044938
32.31126377014036 0.9462444436165469
30.784614593548646 0.8637932416468171
30.72511387497763 0.9169047850624957
30.73859753500498 0.9177874798863104
30.939409204996693 0.8816029949458972
30.880866397070633 0.9384721233471216
31.096127666663502 0.9360167767756455
30.54499004332927 0.9523566817136448
29.457622980216975 0.8741805554909879
30.96506796292738 0.9468517747088218
30.78795294567771 0.9346839932906189
30.34694196792612 0.9299345850960123
30.997395929091688 0.9205754134285075
33.045037971999136 0.9292623635949708
29.30669748380631 0.8311409449932978
30.769696572178052 0.9440703437969722
32.979554863316125 0.9276680779803698
30.89100619091388 0.8620454474263465
32.1749053908292 0.9489600428385772
29.64840426289363 0.8209220842081438
30.89614328540067 0.9426346563151135
33.29749926424432 0.9662002267909725
32.84046031372771 0.9254893920234732
31.210235972036884 0.9400295025914271
30.197331022594923 0.9152540656808844
31.722676238163615 0.9181674456093301
29.278433536051406 0.8229479699307448
30.482365269628243 0.9462955437133002
30.034330489888276 0.9088570351571543
29.79614861102106 0.9145752827001583
31.871484784731514 0.9567087922061176
31.140559531773885 0.9411698476126262
32.245888162541455 0.9453872015811832
32.11487647908609 0.9453131672645585
31.509246306443135 0.9393982041271337
31.924179296680574 0.9109272727518357
29.45532927923764 0.8751559211152586
33.22301681784783 0.9678779962159904
30.820925179290853 0.9272547006302222
29.452404083486 0.853374119176515
34.525297346011385 0.9793879664515123
30.566339803435213 0.9543945074202118
32.42906654224834 0.9582501001349192
31.223895716262806 0.9439384955510615
32.93961155016166 0.9250549466645528
29.337438556956883 0.8460591499501464
34.523901803378806 0.9794653046354774
29.910540765585072 0.9085676276954494
32.141968678728865 0.9722906503642053
29.51041681921624 0.8484115263441131
31.082655369776546 0.9466922223766973
30.313674978201806 0.930531295953695
30.986312059434844 0.9036976828860518
30.942712668323118 0.9055331817576009
31.25867363311929 0.9142684018724059
32.70283298414101 0.9622494196514725
31.720014903215482 0.9441191883892346
29.844473768034995 0.9266640278550036
31.168038152489817 0.9329543773756417
32.002917325679505 0.9173576362290646
32.915816679162184 0.9262966765264091
30.681985666760994 0.8479884902197852
29.611096029101923 0.8511124701962676
29.389577924729245 0.8247152892019419
30.481898533685076 0.9289915566419805
31.951116888085856 0.9123085606706455
30.384937527719437 0.9330041807087233
31.243130830361302 0.9364687505514316
32.57771773195848 0.9693545085893327
30.67147814518328 0.8381312944401585
33.27730410287948 0.9688602510350718
29.28522768907547 0.8440266245890562
30.766967762789797 0.8388988365114244
29.98137273556057 0.8997613200131376
29.210939151072782 0.8388838992407013
30.438344985958118 0.844750105528379
31.079953921795365 0.946513208290269
32.054602852840354 0.9204661878154248
29.631148658070398 0.9310521410651373
30.71747767818811 0.9297708556938193
30.595990770878323 0.9388133276079816
29.31162264201935 0.8783850508260627
30.31213050240522 0.9227897838408887
29.964581593409548 0.9056431021330538
31.915951331263457 0.9139848432744591
34.324220286782 0.9731172192542378
29.522755806146783 0.8764830295684152
30.053509638003018 0.9016202281754225
30.098411101201776 0.9246877589720184
32.28415403056641 0.9483392094850501
29.52686203097145 0.8453181687721084
32.746510905406005 0.9596981216369084
32.563434500715466 0.9690451370953567
30.866328510608817 0.937416119666761
33.049808929753674 0.929496193280226
30.782763866829384 0.9416760479476257
32.360909707290254 0.9426948198699762
30.045306068701002 0.9246221254194372
29.377036243039424 0.8378851739930464
30.799569514978536 0.91888358618647
31.642270879823474 0.9234455907169881
30.87262755843348 0.8572671274214305
31.205267989256825 0.9092333455681252
31.681629854622667 0.9217690412261522
30.62938743744041 0.8540615199804097
32.724672554766485 0.9290930952758141
30.78891407927638 0.9186234767187327
30.918039234724727 0.9367964543649197
33.04238321326439 0.9734818616495168
32.25836739414863 0.9713423382473273
32.08349494594924 0.966156035249109
32.30193226175845 0.9476429031501646
32.0949167702121 0.9162020844128984
31.703941572679902 0.9456902640111374
31.065157914117098 0.95120163629815
30.972611308181605 0.9640662317039936
34.47913154053227 0.9819703966238181
33.17166743791019 0.9709760115798451
34.035409546939476 0.9401802990828568
36.49949947896088 0.9865468632662464
30.963937631480075 0.9669314446165612
31.207771281457806 0.9435862144414255
32.84415593805229 0.9707118499137376
31.090626964750363 0.9427321078435887
33.17498267391509 0.970918467195091
31.53111843565644 0.9480875419421091
30.83397931759455 0.9638134495109197
29.976521895342934 0.9370445359892913
32.716802446294466 0.968657209564861
34.487806920249525 0.9822503092547686
31.137000863458816 0.9683162793107422
31.260280791593935 0.9671278932848292
36.57097552210336 0.9868347320930406
36.51844246979173 0.9868257599629404
36.629387690065904 0.9843048401516147
30.029095164719738 0.9396640346755932
31.310986533658554 0.9685443673515388
31.293045469130423 0.9439699089934169
34.52746562147398 0.9501291054962151
33.163050095712386 0.9710851049455226
36.530381846545396 0.9865773404383675
31.54821002568614 0.9488943897722555
34.013279708955196 0.9423027037112369
34.512128517577985 0.9823566827983076
34.223722139736964 0.9763280873762457
31.180835763740184 0.9653648576575596
31.250016778049932 0.967667205646891
31.210738597122827 0.9672476038892193
33.14158736273344 0.971108999868524
34.364415722561745 0.9766411066690457
29.931899925043183 0.9375508058380184
34.26805757598328 0.9772119471472421
34.424292488381425 0.9828467519495642
29.956374991667673 0.940650720610065
31.47836496093881 0.9624300452483758
30.771147253118446 0.9093158534804557
32.22766944759104 0.9509244346949473
32.2443598645572 0.9519321574825628
30.047601453248483 0.9394548744364468
31.25350546877883 0.963232048535519
30.884245672695663 0.9634471103854504
36.503743678529325 0.9866676540654314
34.02008532799448 0.9430077917924526
30.634289865137866 0.9075494044305831
36.53617641689106 0.9843201415920849
34.5184422100671 0.949566751701861
34.92205191064079 0.9851000051443208
36.834841716134136 0.9840189180811428
30.901503214689562 0.9633437492844759
36.388207022271835 0.986383614539252
30.956280956185907 0.962131164082716
34.455157079755566 0.9825454291156404
36.5290218065953 0.986664933296087
30.66860515071072 0.9072397502669093
30.89193242597375 0.9626931420218724
34.66881380311537 0.9831722857399794
32.14770553577986 0.9507920809211504
30.800091475027294 0.9104171917300149
32.190027166591534 0.9511553466989974
34.505031378105 0.9500845351547317
33.25925966049106 0.9719948924913057
36.873205161435195 0.9841179655631028
31.46222815522504 0.9459848183197405
30.684062050094703 0.907847540200372
34.527451295596705 0.9501090836982704
31.3519503157789 0.9688673548072819
34.30817594233198 0.9780986418095958
31.53589318843448 0.9610430064676453
32.881207306016094 0.970312003037686
36.680492906504576 0.9839673833513691
29.981239787578488 0.9431515617853965
34.324194133816434 0.978525096015385
34.26458481643869 0.9822931801430187
31.265290100209803 0.9652537087546773
30.874837434160725 0.9627360537901475
34.02636936133557 0.9419460912484233
32.164237271869176 0.9507820474570546
34.39747955225187 0.977233241476625
34.44291355322221 0.9819326884790086
34.197246344699835 0.982185217515255
30.836297404245194 0.910526289061514
30.970953344528006 0.9661758999745943
32.84632889138389 0.9702641426549379
31.421675953524165 0.9663861741981326
30.852477240134913 0.9642741001095924
30.899671710771663 0.962742204125362
33.19647579084651 0.9710880160402521
29.957364767362293 0.9388629570273687
31.002962599462943 0.9625319855764489
32.16540533584897 0.9509358408449508
34.077614070085666 0.9428041351326277
32.13674258305821 0.9512951177612046
32.88857836168216 0.9711618241872952
34.04131203630104 0.9418559172450326
30.820228287593984 0.9647333780814978
34.56472722864465 0.9494296064595333
32.79972300440393 0.9701638821696887
33.20918435491181 0.9715084179929193
34.06912739929298 0.9425588675976676
30.705374319045752 0.9079625147217872
29.824759697131608 0.9353558898990653
32.77280590676626 0.9685456446335745
34.23713237467587 0.9775976658761035
31.178053557885246 0.9676638683490495
33.21358177842425 0.9710468014113216
34.56988871006048 0.9500216173631458
30.834824002303197 0.9636620851236949
34.6103419046281 0.984187085159139
34.05666843741338 0.9410185533882902
31.261574933543187 0.9667388487659533
34.63616613701101 0.9496114310995858
34.46037879193852 0.982974409852779
36.43708427833461 0.9865650251705064
31.17824395654178 0.968951610912501
32.24718192800785 0.9512028145238781
34.069347673602444 0.9420279965352003
32.72703093950406 0.9694318571878348
31.307396481686652 0.9680780169037038
36.737720625608546 0.9844728602835667
31.457578207562168 0.9643975365785269
31.381664628470443 0.9457724276921138
36.94098599343016 0.9846929140542362
36.50625584291617 0.9867148278172564
31.112473655604536 0.9622605733800962
34.425528004714735 0.981945318862548
34.327022538331356 0.9811229867653648
34.199029292444735 0.9822578718114189
33.22554297085149 0.9714527033312892
30.66305391210793 0.9075138597299676
29.77827290063344 0.9356509296219285
32.80593313522996 0.9695421410148324
31.139519632097414 0.9425084196799703
30.871611484337606 0.9632623721737908
34.47128560990093 0.9825933666340695
32.17505069889489 0.9508694623101838
34.39404373107094 0.9502080719395324
31.057741087644906 0.9648157077397602
34.4365610222802 0.982297657649431
34.461858979508484 0.9497742852208979
34.28250389817316 0.9778755202656455
34.33421808803511 0.9777901868004251
34.39341015943425 0.9813693600266766
31.119934605091398 0.956658588266064
34.734316456270726 0.9833672308389935
31.54916681479913 0.9482785112561792
36.73650022089645 0.9843531639714422
36.69873922286672 0.9835028539081799
30.752441258787595 0.9088276838857873
