(30.81239111965003, 0.9139329639369809)
(31.64949082490685, 0.9108199449683392)
(30.325162715824806, 0.9049662433262824)
(29.23725797976758, 0.9179727056224564)
(30.450061036716708, 0.912884446970276)
(31.643133523536857, 0.9111931376120542)
(31.713771593403347, 0.939303555601349)
(30.942201383580095, 0.7948738421707973)
(31.865055476146935, 0.9095279477689254)
(29.710476233592846, 0.9200679133180347)
(29.287988516858867, 0.8532787713290054)
(29.15714400746956, 0.7714693556617875)
(31.82282754740912, 0.9414021627808532)
(30.851605870346898, 0.9121318308788662)
(29.658228520978277, 0.8736282509574453)
(28.786816817587745, 0.8409586160255772)
(31.952453463446837, 0.9197388057079174)
(29.08309786874851, 0.7452077358434736)
(29.236249775852833, 0.7870110538127522)
(28.544731245660877, 0.7419937092489458)
(30.60053055842785, 0.8004882165476925)
(30.833188539297073, 0.9147298362677181)
(29.71222759276547, 0.9079452154784464)
(31.195963900488323, 0.9209638101790235)
(32.34849705511963, 0.8892287175659326)
(29.06435748525667, 0.7721379652344141)
(31.146254269281567, 0.897967279236366)
(29.479822385295368, 0.8164917500945864)
(29.169787529106625, 0.6973938943015198)
(31.832348308440572, 0.9510461998138301)
(29.60781102864843, 0.847673488128048)
(30.988864035557953, 0.9185144292908706)
(30.496210755575312, 0.9018274239854391)
(29.710660316041047, 0.8942000930897892)
(29.648134704693266, 0.8452407638874857)
(29.338238772136698, 0.8381989588786868)
(30.904599991272896, 0.9159293440875023)
(31.455949183771526, 0.9341118002413521)
(31.66733126478185, 0.9306588106301394)
(29.137673318646094, 0.6733673673029065)
(31.479317289533093, 0.9382496457440611)
(30.400732636569924, 0.9277560904293102)
(29.275413727538556, 0.7798303401796052)
(30.085261685187877, 0.9065683092199279)
(29.318011336189812, 0.826200739236119)
(28.778009819583655, 0.8325164082023919)
(30.16740497204576, 0.9004687936064578)
(32.594210611599166, 0.9176238315561709)
(28.448245542545063, 0.7468706835574764)
(29.23124593240186, 0.8490651853870737)
(29.432138772572152, 0.8174902964183719)
(30.293034974124865, 0.9442389109574926)
(28.86664848799861, 0.6928580841710245)
(29.6563435774102, 0.8444275913773116)
(28.543647686483276, 0.7087053557426047)
(29.357887592077493, 0.885156445606361)
(28.852907095506687, 0.7241001513126695)
(31.66228107173913, 0.9110248333666088)
(28.821640828376147, 0.8289392460505962)
(29.20637612461451, 0.7853753438377369)
(31.791998740217938, 0.9387164447042797)
(29.886251972784255, 0.8861111940280516)
(28.473558350461637, 0.6976231703865352)
(31.65877446001746, 0.9360981072018819)
(29.266771233551747, 0.7777022117979782)
(31.523991400533802, 0.8932833178309021)
(29.537460670466213, 0.9037006423829588)
(31.83693281826356, 0.9098596003639831)
(31.039002057705115, 0.929442643122769)
(31.045349771826608, 0.8101041869106528)
(32.37717006275822, 0.8867839123022165)
(30.0375379366421, 0.8974739070350954)
(29.163579357012424, 0.9205880126478294)
(31.909410228772373, 0.9070884454284184)
(29.41683546357837, 0.8224162055942359)
(30.71669436050147, 0.9172204290419176)
(29.005880579111167, 0.7430456988589059)
(29.322746226526743, 0.8761600258289765)
(29.518620436758873, 0.9238699573143081)
(29.243295703496123, 0.9114215586744543)
(28.603767844320565, 0.7595544640759097)
(31.47868073428033, 0.9392194055506407)
(29.323515173229353, 0.8536160659778097)
(30.532037804766574, 0.9033852597627543)
(30.702828647061217, 0.9267007016004116)
(30.733729159537653, 0.920571448964084)
(30.513994388069605, 0.904166326833193)
(28.93741263986538, 0.7096775431113658)
(29.386639081164844, 0.7941545547838195)
(31.55201647153917, 0.89555503746995)
(28.8524993641016, 0.7109393392794812)
(30.43981399217639, 0.9445314989154924)
(29.570810615758862, 0.8333913258795987)
(31.779827288181266, 0.9095905952734882)
(29.506858700707134, 0.9061529234353195)
(29.562857001231862, 0.8689066622673118)
(31.667719438892302, 0.9130656011051334)
(31.891896588018056, 0.9107231231368307)
(30.99701658029828, 0.9300173200763768)
(31.668732594904387, 0.9068225446283565)
(29.881800862965076, 0.8788670023776655)
(30.72144046694431, 0.9202486868994323)
(30.9321064338653, 0.9163475295978845)
(29.134960316704127, 0.9209664680040394)
(28.558581366411104, 0.71241119702802)
(29.777954053698615, 0.8959257194622897)
(28.8814433507422, 0.7184298746420384)
(30.981751625942515, 0.922152875721664)
(30.633932047870417, 0.8967319767079557)
(31.90381232411569, 0.9155729076862195)
(29.571307205812097, 0.8846576015416877)
(28.504976501689686, 0.7221908018171642)
(31.736589486864524, 0.9090284414988703)
(30.72175033370328, 0.9229111403393067)
(31.903985947266836, 0.9094990532357513)
(28.41224756366616, 0.7141105427300682)
(30.150717950031268, 0.8939246881765812)
(28.88804865819938, 0.7190401679896712)
(31.88449064666894, 0.8927169288188757)
(31.13957930109985, 0.8995454765552882)
(30.662127391561114, 0.910375772671446)
(30.394317661106214, 0.9368203846346136)
(29.529639377780388, 0.7995261667058661)
(31.105512980012282, 0.9325064164721347)
(30.799462596154555, 0.9060043495685803)
(30.997617254217452, 0.9148443178474261)
(30.66874373444314, 0.9206150975390787)
(30.228346734279118, 0.9227808834279866)
(31.238242795892226, 0.9394166514535275)
(31.026589189587696, 0.8063314201334177)
(29.722322297782455, 0.8799155991158967)
(29.931859929899108, 0.9048246000082937)
(31.273041161141094, 0.9465475209640657)
(29.51907511896113, 0.8767214434666366)
(29.337070364206003, 0.8813912935853991)
(32.346678889067604, 0.8945961662139762)
(29.22770390996945, 0.8467453537461145)
(29.527136967796164, 0.8814714544822065)
(30.644137844486195, 0.9041506929095915)
(29.553449391857797, 0.8661622573431654)
(28.859187248836843, 0.6965219859024033)
(30.56881570470795, 0.9105217320859993)
(32.00081103870061, 0.8997508070511497)
(31.285701536024227, 0.925576403124786)
(32.38982153705836, 0.9043526245861628)
(30.313874450101984, 0.7734131365759234)
(30.610458646964904, 0.8569026810141457)
(30.65645542115164, 0.9051687911075903)
(30.976258253098898, 0.9319550453325847)
(31.84912574957906, 0.8960000604186608)
(29.41697697961418, 0.8209959825266214)
(32.437447048354635, 0.9041527800289888)
(29.24492138065769, 0.7893589054218904)
(30.682465159157694, 0.9243426395370373)
(28.97764711146033, 0.7487820334081934)
(31.751410510313455, 0.9320666741499489)
(31.901874343909185, 0.9085313022601933)
(31.604576619481023, 0.9421083290984889)
(30.365951354178463, 0.9442619741214591)
(29.53593112358498, 0.8334684218316735)
(30.317127488868415, 0.7800318580735052)
(29.301937225642813, 0.8750902221859477)
(30.422602504430003, 0.7766499086650777)
(28.495527556340605, 0.7172073998600965)
(29.253695403666683, 0.7831289386136335)
(29.244453913075688, 0.7872920435687898)
(29.392141666036494, 0.8130729047801748)
(29.91174781439816, 0.8936351477987379)
(31.066317990922848, 0.9286401304510785)
(30.78499767359621, 0.9157800958125375)
(32.000054988442145, 0.8932863603693)
(28.89241495741262, 0.7052149301985751)
(32.01704632101289, 0.9199617410588029)
(29.231105189488797, 0.8108944889727999)
(31.781986285838496, 0.9519336401541422)
(28.840723556088335, 0.7058148410007915)
(29.424342367502344, 0.8189044547328533)
(30.361545615388955, 0.7876499530015754)
(31.281689504409066, 0.9252970139636337)
(30.214704670471807, 0.9318841758442038)
(29.531269812921522, 0.8313353790828185)
(30.48147085914102, 0.921951943620221)
(29.51309826709835, 0.8336645814730838)
(29.399616489474468, 0.8134218122062503)
(32.46562342420089, 0.8981687111981834)
(30.106141352532198, 0.9135821931419136)
(30.551230968141493, 0.8480512780310134)
(30.748334251725332, 0.8481673466261203)
(28.531553247317177, 0.7014850918473501)
(28.87636506419209, 0.7572056308971168)
(29.157022827541894, 0.776867039190254)
(30.008830656598487, 0.9065599046475946)
(30.733947328682664, 0.8561825376664325)
(29.579687963560744, 0.8694552407628917)
(29.305654128837997, 0.9102810624274531)
(29.79904958301561, 0.8787335228292014)
(31.93007786287767, 0.9092947922645992)
(29.226095689538987, 0.7882164665935024)
(30.198985324850582, 0.9415424818004132)
(29.541841482249676, 0.9148239053136116)
(29.7639820234656, 0.8800247567896675)
(30.462993781244773, 0.9052179795608338)
(31.90175558820807, 0.9370118709176051)
(29.827878466501865, 0.909093992550682)
(30.64749735874077, 0.9169056247301123)
(31.795961975833148, 0.8830627811717578)
(29.331195382115002, 0.7650489860534778)
(30.8252647644713, 0.929882041947209)
(31.125811517401644, 0.9145591773081012)
(31.600861636712697, 0.9370066367660207)
(29.015664242391704, 0.7375144621066004)
(31.889370778634373, 0.9098018732270363)
(29.18822627845539, 0.7738601574981024)
(29.751636982478136, 0.8941972427027314)
(30.452611895312657, 0.9053365068598251)
(29.355227938593508, 0.8770297786430207)
(31.72225243063221, 0.9355998306496759)
(30.030561419359962, 0.8853419159555439)
(31.99073040775888, 0.9198929935833057)
(31.686669580176407, 0.9320078150984367)
(29.4344217973925, 0.8891934272147203)
(31.24341621113704, 0.9421891401444864)
(28.832672511710737, 0.6965778473249354)
(29.618232591356733, 0.8421443801998965)
(30.523879009812056, 0.9300091953177235)
(28.644350600569712, 0.7833344054985409)
(30.0599889473872, 0.9298906007893649)
(30.50521040327753, 0.9024280043431512)
(30.15467996134358, 0.9004427808159237)
(30.983294739856, 0.9270016560469853)
(29.624151371371518, 0.8633841167534262)
(29.14476136097378, 0.7062783591724058)
(30.50835227310052, 0.9043431861408443)
(30.479743659210527, 0.9375795270868402)
(28.586626237054094, 0.7383402350315673)
(29.065612737570117, 0.7675184772245548)
(31.126962006555065, 0.8987378287954257)
(32.36951656538671, 0.8950009574780085)
(29.222945120343653, 0.7865814575977198)
(30.706525358566882, 0.9234477323506235)
(28.986717711886886, 0.7269881906739594)
(32.04288252309635, 0.9013951952827537)
(29.917044935673665, 0.8950538909967116)
(29.59588401916795, 0.8840869853664338)
(29.268038883869224, 0.8301858463687298)
(30.415543003681563, 0.903175408030583)
(29.249547832625975, 0.7371799263744075)
(30.685885068831936, 0.921622812613143)
(29.09583584731466, 0.7701635227703795)
(31.85679317649635, 0.909213834707172)
(31.114445979911963, 0.8986256377091586)
(30.76342295052028, 0.911598953293783)
(29.253117338027906, 0.7893782907344903)
(29.42877434247322, 0.8164561285296826)
(28.679333823717393, 0.717691696947315)
(30.7019377432383, 0.7932086015408494)
(29.287252112068288, 0.912464701040301)
(30.65565263970294, 0.8984562822705475)
(31.913987454020713, 0.9290859878401007)
(29.662845297601987, 0.883564375602614)
(30.623545080650565, 0.9036051581751583)
(30.668815973927643, 0.8975869721215668)
(31.85226302080735, 0.9072821018414486)
(31.53159617472688, 0.8905494608499512)
(31.025235559103066, 0.9329619756128799)
(28.886627679274252, 0.7698252696852117)
(29.49318974417305, 0.830947534581895)
(32.037466344195344, 0.8980076472825831)
(32.610285255255185, 0.9186605365176271)
(29.517568343529366, 0.909325330746603)
(29.18804192916623, 0.9118620469556399)
(31.24844122353625, 0.9392164946240179)
(29.29031541472428, 0.8526251660693739)
(31.479186389853044, 0.9359359691045626)
(31.04255108926242, 0.9380911653705292)
(30.789573829687782, 0.9250875597919792)
(29.151768499587437, 0.9216906916381812)
(31.317966723466654, 0.9415317043938551)
(30.46346142187579, 0.9140733423412049)
(30.68308965788631, 0.9209666080124446)
(30.69967451816417, 0.9240001196553567)
(28.52139152222701, 0.7084377083233595)
(28.891000714989296, 0.7314941061194122)
(29.413025481198815, 0.8572597813916494)
(28.96116059855929, 0.753648766631094)
(30.85403924928596, 0.9104671986285134)
(31.621348153645883, 0.9115590247357336)
(29.280299236049345, 0.9203489065010426)
(29.195871821319663, 0.8445001850671899)
(30.676499428463032, 0.9162834531438078)
(29.815916277417568, 0.9368463009192187)
(29.073046148657987, 0.7470509164151087)
(29.990854016913744, 0.9079734888490931)
(30.460814809950737, 0.9390362721095022)
(31.603453149977373, 0.9116092160352517)
(29.23056121042068, 0.7880293546605204)
(29.06990146379868, 0.7632904410733097)
(29.553317030160354, 0.8258378085531474)
(30.989910677319443, 0.9287076917451006)
(29.422678129412766, 0.8201991017533805)
(29.76714131640557, 0.9007166280757111)
(30.23840480718551, 0.9104172788285061)
(28.48121199620158, 0.6936415314267952)
(30.019339087780132, 0.9108020379084866)
(29.891045805447234, 0.8979365911436753)
(31.667111723191574, 0.911952802506956)
(29.238262547946245, 0.7910638434830192)
(31.277615747446802, 0.9409635362946244)
(29.985384955620404, 0.8926240270641643)
(29.144260909877172, 0.8495363761482936)
(29.432138579881162, 0.8217019796337268)
(29.27905906734567, 0.7715624357913061)
(30.658150357127163, 0.9217855686820293)
(30.56470682661834, 0.7986938298540635)
(32.12833602755387, 0.9038397126693122)
(29.530036286640573, 0.9133705923307526)
(30.709918501281585, 0.924363325399602)
(28.933062554817436, 0.7210221082347957)
(29.74155261704825, 0.894094397075706)
(29.660987395245296, 0.8492343159307586)
(30.518571714177092, 0.901158053836176)
(30.419527360776723, 0.8895090609417241)
(30.864470241193857, 0.9062123771366415)
(30.49231262580433, 0.8871140802817006)
(29.842024462432548, 0.9328745116279855)
(31.867502022866038, 0.9120099104886942)
(32.37396599916676, 0.9032260435024633)
(30.71066412775254, 0.9241551009793385)
(31.30838921581074, 0.9278054890445666)
(28.919058382035917, 0.7088923251609588)
(28.89840166156343, 0.7188301809393212)
(29.583248219500256, 0.8073883860266288)
(28.744514831627388, 0.8275213388716975)
(29.598894689358083, 0.904658287935892)
(30.62602312689783, 0.9172318643318907)
(30.277581341152153, 0.9094099269617225)
(30.38009804502748, 0.8893205382830118)
(29.245907047669743, 0.7920054967985295)
(28.702434400492507, 0.7577500826626633)
(30.704306489197783, 0.9208805855029385)
(31.627632092319566, 0.942333348841968)
(28.47728218435472, 0.6856542177264365)
(30.695708848325168, 0.9229382364026557)
(31.514709467524334, 0.9373685983696545)
(28.433162850545166, 0.7408626616974029)
(28.37921695823369, 0.6966522632378087)
(30.723536582586256, 0.8039078911644953)
(30.949572539672747, 0.9194598820192998)
(30.73075701426845, 0.7918643268681843)
(29.31944348418185, 0.8078582229954175)
(28.409967478443146, 0.71395525226114)
(31.382950163572104, 0.9300391803683309)
(30.456860722040744, 0.8866896161580988)
(30.588717652713214, 0.7914422547395648)
(29.348860103275975, 0.8763374186761841)
(30.927174317476304, 0.9204294141365618)
(29.290380876755293, 0.8338240689962727)
(31.429818302657946, 0.8773200349961804)
(30.650194698804654, 0.896658510420777)
(30.348036550935483, 0.9364297178770882)
(31.021266378743544, 0.9294087721052187)
(29.142035998394253, 0.7714528783349797)
(28.824432644495634, 0.7021852970443055)
(30.42456453299076, 0.8857731961904465)
(32.02705765445511, 0.9206535674523975)
(29.531212839864935, 0.9261191825805126)
(30.637481282628837, 0.9198102450266035)
(30.68330401271868, 0.8985544647658111)
(32.46146851659909, 0.9012098311232203)
(28.989497301656435, 0.730763457873502)
(28.82044158524141, 0.8334545772782759)
(28.782554854858127, 0.7092369290684536)
(31.0308138270878, 0.9107475399303254)
(31.50405112632417, 0.9348222379341556)
(30.23354040398783, 0.9418058249947862)
(31.365815739993735, 0.9305548902930393)
(30.575661870975296, 0.9184061653633632)
(29.136674466090383, 0.7350796109487042)
(31.12638473144638, 0.9264902906172752)
(29.171612024552434, 0.7911624486321768)
(31.7184047927095, 0.9342280815492664)
(31.019494482910982, 0.9318778943395345)
(31.02226889364333, 0.914337895362206)
(30.698462358489973, 0.925293456787932)
(31.683254537000476, 0.9128793771105188)
(30.680212313271507, 0.9194138056454624)
(29.137933511720693, 0.7216464639579695)
(29.570613666680355, 0.815401933452832)
(30.742433740304588, 0.9037334262236185)
(31.955648729404835, 0.9191210738600222)
(30.68891904412507, 0.9152174599220892)
(29.323413315672397, 0.9125213627613618)
(30.827221636974002, 0.8025758322872675)
(28.870363094793973, 0.7093829282730123)
(30.631579015677502, 0.8959531385314424)
(30.567572947678183, 0.8544505665204754)
(28.721984750517162, 0.7535652727272805)
(29.948085783911914, 0.8925744705577879)
(29.110868536120368, 0.8481988692358277)
(30.1262708156749, 0.9170588583595731)
(30.35980938248724, 0.9087828409435368)
(31.785476574019714, 0.8769856831413874)
(30.545346084637576, 0.7843691073645476)
(30.236611353380567, 0.9399387309418642)
(30.725219757526943, 0.9216703005485251)
(29.18787762443865, 0.7957769534774803)
(30.444107474771478, 0.9262226489416876)
(31.295597814852947, 0.9394117492815759)
(30.703158103163638, 0.7867827024889109)
(29.035031161596937, 0.7602243068129078)
(29.395654761285993, 0.806459885343492)
(29.176323768431118, 0.8453796576019553)
(30.58859165846025, 0.9189419175972746)
(28.5899876912514, 0.7153179595577424)
(31.1692016086812, 0.9173822989324583)
(28.91902208364039, 0.6934801108407436)
(30.994713293560707, 0.9320423815599239)
(30.73843561907193, 0.9191775058555081)
(29.97715209340165, 0.8997432148901483)
(31.339814588009606, 0.9288668445865682)
(30.670595698939884, 0.7971814577150528)
(29.353374245848972, 0.8416817308306667)
(31.861934577966487, 0.9020080258787418)
(29.064980550768592, 0.7668963464045724)
(28.810955238896547, 0.8394024603871764)
(28.83915844678649, 0.7434932617760116)
(29.16036682533614, 0.7804048580041532)
(30.695303665795315, 0.9244802134830445)
(29.414630367827183, 0.8939057515794414)
(32.62958255889331, 0.9194596016186252)
(30.68348342093925, 0.9216631840748544)
(30.759530501084274, 0.9112871279901226)
(30.439629306462855, 0.9044586413955368)
(30.917688727918073, 0.9214623435674573)
(30.62012145549261, 0.9286651021760631)
(32.061837797059965, 0.8999508514372468)
(29.08121579716541, 0.7339851722814094)
(31.012930688141537, 0.928838097658178)
(29.43164955768818, 0.8632215002511012)
(31.300805084126097, 0.9409060914279392)
(31.29984400124108, 0.9407902881703161)
(30.591216413473244, 0.8984120944385375)
(32.13309691883859, 0.9418897221319599)
(30.17491593023335, 0.9065922051621821)
(29.276602658994623, 0.8455293982615784)
(30.273783989678765, 0.907267137057559)
(32.4599247514162, 0.9053157411792206)
(30.541820819421233, 0.7869698498846833)
(30.753508191612685, 0.9119011304110021)
(29.148641587893795, 0.7080732222515971)
(31.64928727275063, 0.9098137882074578)
(31.934242896666678, 0.9153889071609265)
(32.0203894943304, 0.8993485788016016)
(30.616690402535497, 0.8970422005824403)
(28.63850287466766, 0.8338981879586056)
(30.715256573521014, 0.9109942671999992)
(29.704788727349246, 0.8936850491961443)
(31.64265970544463, 0.9441243194997903)
(30.368022998819868, 0.8369845213570468)
(29.659203581864336, 0.8835401526196404)
(28.619437060668638, 0.7051724465686166)
(29.09526949940063, 0.7643559345853839)
(29.599304987439858, 0.8407720887936673)
(30.705087058884093, 0.9030516030634614)
(31.49786057214628, 0.933669315356683)
(28.807540554464435, 0.8446097456601457)
(31.62148723720744, 0.9319910029953846)
(29.055834416900474, 0.7448097063115724)
(30.2204173309828, 0.8931912028967067)
(32.22121218880397, 0.9451672273872368)
(30.989990668224316, 0.9171512443431342)
(30.580440234753652, 0.9195067087152093)
(30.434109857851944, 0.7709798943877275)
(29.10263439564071, 0.7520907499650683)
(29.422534889361383, 0.8208026664319467)
(30.90417295150396, 0.917072751460392)
(29.281069263939102, 0.793142266439774)
(28.434030225967135, 0.7181646559595375)
(31.38473478366663, 0.923488186100459)
(29.168556210226523, 0.8555526363466445)
(30.770922224213834, 0.8573810442794895)
(30.445048479502166, 0.9160868774415961)
(30.59841684464172, 0.9337842671718759)
(30.43358688438461, 0.90566298192798)
(32.33915264978621, 0.9003935259400542)
(31.648408640506894, 0.8923603717697509)
(29.241680409059413, 0.7838286614112056)
(29.669274956188953, 0.8718884512030088)
(29.63147244076724, 0.8821747672337613)
(30.658930341870928, 0.9215914334890439)
(29.523725517117306, 0.9258403379134338)
(31.624040339334623, 0.9481698431519541)
(30.13031399328614, 0.8992705371631334)
(30.96989643468268, 0.932705500478503)
(30.670435529696796, 0.9017623255763675)
(29.41095616043495, 0.8641394987198614)
(31.743973660261542, 0.9081429206844216)
(31.02833142419231, 0.9355203855201008)
(29.47507783999656, 0.7676650229695725)
(30.76803302895414, 0.912707619293369)
(29.476550280925235, 0.868087354432615)
(32.03675092170789, 0.8948483404811579)
(29.338639312198925, 0.8549269245065494)
(29.434539209501054, 0.865789252387283)
(30.65728747694207, 0.8977536717999619)
(30.46274532183312, 0.8915168285907219)
(32.548394000242354, 0.9067278313655756)
(31.896096170949164, 0.8900529199736507)
(29.0339404801978, 0.7488528607076038)
(31.045024595258642, 0.9333012165851219)
(31.26806525555807, 0.9469919664556391)
(30.67355335644458, 0.784641411848503)
(29.038168463251818, 0.7405359900573971)
(29.11873931262409, 0.9221745650050563)
(31.03272516946874, 0.9310800480112044)
(29.56402698750209, 0.8680092854407829)
(29.22892986579867, 0.7677540607598412)
(29.752402982619568, 0.9313828876586143)
(29.2257645619678, 0.7849207481861372)
(30.717094290768287, 0.807120725681061)
(29.35866259712828, 0.8679425693029031)
(30.596972325893972, 0.9020392803450468)
(28.551725360092487, 0.7478706655061249)
(30.431437166452735, 0.8861407630898851)
(29.365263035176874, 0.8840966662114389)
(30.806525684021018, 0.9155178933928672)
(31.0596390938403, 0.928949499522418)
(30.781552746462978, 0.9161706750583932)
(30.789928635122354, 0.8684562624411235)
(29.43312314973174, 0.8590485515611572)
(31.132137282462878, 0.8989528480634931)
(31.280427988685744, 0.9469705303012869)
(29.765852894626313, 0.8956115939808158)
(28.664999211678605, 0.7451246821987243)
(30.737444471120323, 0.9234521593745348)
(31.25558102796852, 0.928606099908027)
(28.970452342758605, 0.717805222204983)
(31.55044139706802, 0.8901010150115358)
(30.47718294724008, 0.9239609064883655)
(29.608996802651603, 0.8306962709005269)
(29.514373728025678, 0.8354263023132131)
(29.923596838050575, 0.8850249699953256)
(29.29447859991332, 0.7921235761247237)
(31.34085901914353, 0.9329231996055168)
(31.941962275491257, 0.9114326438887084)
(28.457935253686824, 0.703648853987952)
(28.842195868780337, 0.7788484573461749)
(31.411742313266515, 0.9331362445470668)
(29.28614373305141, 0.7896215877307559)
(30.813342316806725, 0.9147685577721377)
(30.399474693236993, 0.889787380243344)
(29.74869184741843, 0.8920786074183594)
(28.961826785204412, 0.712921684929447)
(31.04513885126103, 0.9318870458216402)
(29.321604332590027, 0.9123538750681218)
(30.79144590678886, 0.9157990856061482)
(31.81957890340929, 0.9065404144461977)
(30.51438176642276, 0.9329407668639319)
(31.07384707105625, 0.911890071607811)
(30.071291500894965, 0.8980494581377497)
(29.493536040233653, 0.8862883965938059)
(29.478537748522847, 0.8628262771792727)
(28.91756817144544, 0.7323411304862908)
(31.07540919766823, 0.916542262905793)
(29.628414312839105, 0.8442458122446846)
(30.043067123618915, 0.9090596687378321)
(29.49179741244938, 0.8729292722355654)
(29.41441485180546, 0.848193868245563)
(28.978879282618472, 0.6843103066252828)
(29.181446755576445, 0.9154975333177188)
(30.074950868977943, 0.9070063924537399)
(29.191134458217782, 0.8489915493933433)
(30.85515978358789, 0.9155622754288392)
(31.600749563244975, 0.8921662029314049)
(31.320805224017928, 0.9285518567707813)
(29.34136845592178, 0.840030406466494)
(30.59620086948733, 0.9121013489135341)
(29.32241422344392, 0.8452583360658663)
(29.56136970090107, 0.8316326150470804)
(28.517394294221976, 0.6893585815942399)
(31.555610394582537, 0.8949661923756991)
(30.700371166481403, 0.8128739634521311)
(31.24779957067737, 0.9382709755790583)
(29.23724084589889, 0.8368968023392541)
(31.87686047934846, 0.9091326401839189)
(31.369138071519565, 0.9268287885121071)
(29.19381165357342, 0.7858495565628093)
(30.70824253753341, 0.9312959257815614)
(28.855433421520075, 0.7134439511015247)
(29.76279538565916, 0.8986572082783523)
(30.735351258352168, 0.9221364815380151)
(31.012816721765954, 0.9336925364455491)
(30.800568871260214, 0.9269724736380519)
(30.07671767055591, 0.8980893887710143)
(32.352504458069795, 0.8971160070906229)
(29.385105118531783, 0.8211532259007103)
(30.898135064824864, 0.9135131918338069)
(30.144576224620025, 0.9046363527032347)
(29.64511481206971, 0.8794285650343101)
(30.66800014746814, 0.7963433010877059)
(31.16721662057822, 0.8993328790458279)
(30.575086975300575, 0.8988731024092316)
(32.59304862297713, 0.9026200267612821)
(30.283350877346788, 0.9208690204088665)
(29.09072177935829, 0.7399342701860269)
(29.698354664595414, 0.88997016830692)
(30.617534367421566, 0.8979456803285749)
(31.30302462351046, 0.937396413573546)
(31.77456831481292, 0.9089443940600469)
(28.869866535529894, 0.7864906444452792)
(32.577343232240196, 0.9067583758421086)
(30.89323056603938, 0.9124391250183941)
(31.321834672285796, 0.9479547567280839)
(29.24464657818254, 0.7885553136963751)
(31.45805990629993, 0.9365279549260034)
(30.3224753220687, 0.9146284805717493)
(29.861426683848183, 0.888390978585345)
(31.814152550369524, 0.8916172650139531)
(29.831319285167524, 0.9016536586651366)
(31.758992150680186, 0.9090528760978857)
(28.91896232892364, 0.7238418642911906)
(29.225331304418948, 0.8316657880477186)
(31.649878692017033, 0.9376861669398797)
(28.85579536126835, 0.7011624062850118)
(29.08672511637966, 0.6847281535605708)
(30.71690804922926, 0.7949087539047801)
(30.52090044051855, 0.7775920075629031)
(32.10995058995114, 0.9359739740579676)
(29.244102930223285, 0.920039281736068)
(32.252743760470416, 0.8822167993411958)
(31.331493831123986, 0.9306559825410119)
(31.894395672595945, 0.905477981101023)
(30.417407556556924, 0.8900924789274263)
(29.234983267030362, 0.7887743958725352)
(29.333609973124204, 0.8476990322591783)
(29.36111715548632, 0.8401947081938279)
(29.97187501566794, 0.8868565244133217)
(30.68004357029395, 0.9132930679752539)
(30.204508825161138, 0.9431591490087672)
(30.448378178413495, 0.9045607491466743)
(30.692763373114897, 0.9149149651998646)
(31.261605765130092, 0.9256600687197287)
(31.8715516906533, 0.87676277616843)
(29.59282704547169, 0.9012068622232312)
(29.151419328086487, 0.8049395162214927)
(31.046093243744664, 0.929576236930107)
(30.818253882097792, 0.9155210311397767)
(30.799715509623734, 0.9141261015556053)
(31.03438988949631, 0.9189455379521184)
(30.35121623612483, 0.9167975832110958)
(30.428070015392667, 0.8446596241244216)
(29.3484516260034, 0.8515271581784818)
(29.548255835642028, 0.9091085336882436)
(28.38337908475795, 0.7064486718227266)
(32.06945826943323, 0.8969324943371408)
(31.587883215780632, 0.9419475115963509)
(29.82188682448974, 0.933556306374894)
(29.80401381582764, 0.9097353189610435)
(31.992436742595057, 0.9154257861613191)
(31.077509700625043, 0.9328575974742797)
(30.408367331494638, 0.9249587508904519)
(31.97958383278418, 0.9163178621551445)
(31.76054689326721, 0.9099627719687516)
(31.023122102724177, 0.9369667508570398)
(30.432389742792715, 0.9044120522824651)
(30.449480608297055, 0.9040014293407406)
(29.494268199442217, 0.8780077942559471)
(29.188365638595872, 0.9155042032315458)
(31.00347555436171, 0.9193552178810251)
(29.072055485977867, 0.7662119440260706)
(31.059101806383268, 0.9118702762071791)
(30.62386908370651, 0.8979685004069577)
(30.471992601831698, 0.7907000102761406)
(31.79646045769247, 0.952591940078228)
(29.14748969816076, 0.9111079790182629)
(30.462034469288266, 0.9230257066708456)
(30.634288594427797, 0.9057804136776959)
(31.04930300486267, 0.9298230842961901)
(29.11442700479522, 0.8529487790010761)
(30.614434222091074, 0.9241730817156294)
(32.44051378744225, 0.9007135651849509)
(29.89034639303659, 0.881966068485141)
(30.621316503404277, 0.7818307758821116)
(29.530244412238037, 0.8995555625812848)
(28.922042736839984, 0.723125617899304)
(29.52013740906905, 0.8893229377341442)
(29.324795737786296, 0.8509763839391479)
(29.752653159780273, 0.8991830706363222)
(30.000201648462628, 0.8997252271490106)
(31.71633063666019, 0.9070545336456171)
(30.069938639407336, 0.8926559022839985)
(29.508298815854662, 0.8366593673553294)
(29.542880101440716, 0.9235237832464498)
(30.957945648120713, 0.9157594577116238)
(29.20663333194261, 0.7844493784352485)
(28.99442884757136, 0.7468220841111006)
(30.539336883010883, 0.9326135467283021)
(30.40920916719291, 0.8906447744281333)
(29.78856410179437, 0.8812468891305025)
(30.135226285457854, 0.9374017435602087)
(31.90362475082521, 0.9080048402734894)
(31.272802696080472, 0.9434612228372756)
(29.17423471846361, 0.8569079735783396)
(30.572983851672163, 0.9023072475623086)
(30.633062024330428, 0.915613648755529)
(29.394500224203046, 0.8066747690791667)
(29.541400811197995, 0.8297064643266554)
(30.825539369375985, 0.9169312839570972)
(29.2642502046637, 0.8342194119545261)
(31.948403009374854, 0.9082096370213343)
(31.914573725493668, 0.8984216907603687)
(28.554165809923354, 0.7185593831551088)
(29.760530527181594, 0.88888635525875)
(30.469875180708147, 0.8863825148828786)
(30.43116334245181, 0.8864203738398442)
(29.661223220490648, 0.8469256527174741)
(29.184000234659734, 0.8452133823572642)
(31.104067133157617, 0.9145896138862101)
(30.386384735763396, 0.9212747527671696)
(30.376839428046665, 0.7774940342380676)
(29.93235913892688, 0.8965234162364307)
(29.233484633855433, 0.915482100604813)
(29.12814533162041, 0.767830924415017)
(31.811320273655717, 0.8768273774087091)
(29.318034797910716, 0.8317940768163825)
(29.17879861840962, 0.919225307823759)
(29.61687640130608, 0.9176276935332182)
(29.77795467968406, 0.9367623335571786)
(31.196658687476507, 0.900056988206284)
(29.2874522765633, 0.8092097427847188)
(29.371094253935453, 0.8778642961896714)
(31.24005920369566, 0.9477405091928514)
(31.658199200594048, 0.9353563468956397)
(30.44216991001032, 0.8416529229575841)
(31.78169996829153, 0.8912748741505225)
(30.591323610846786, 0.7877296198960613)
(28.83203675203631, 0.7443094768611153)
(30.891612872782037, 0.9100284540803182)
(31.08735634439278, 0.9323470614004765)
(29.60119999013682, 0.9208623086943999)
(30.432013975351037, 0.8860018665009892)
(30.343461880726345, 0.7758233210503824)
(29.54349864750045, 0.8795469411415898)
(29.463315473694422, 0.8232777049405902)
(29.06724232671288, 0.7630309224547294)
(30.78218824015466, 0.9114328867308914)
(30.269001311155694, 0.9073291165320352)
(31.921784371998672, 0.8961369742802945)
(30.74016989122503, 0.9296935084788068)
(31.867294068491248, 0.907558340051725)
(29.30544451473484, 0.7858631398635679)
(29.65322754388351, 0.8880297802332915)
(29.499599521156142, 0.8930462881900698)
(30.388994048560466, 0.7931210151525309)
(31.88409209557715, 0.9099346971378055)
(30.49453428600806, 0.939669203685495)
(28.687473298455338, 0.780249787129428)
(30.71924014139755, 0.8066257961307156)
(30.402404357815918, 0.8887122890148818)
(28.827675882467368, 0.7037723687101993)
(29.406644041285873, 0.8885055265562977)
(28.947324863014536, 0.7421263016895604)
(30.99010789893637, 0.8035286888562249)
(31.935230343436128, 0.9168936249215546)
(29.515070520365462, 0.862247432270517)
(29.239504760188346, 0.7847530732005579)
(30.54636556992932, 0.7892699552081426)
(31.770584267543907, 0.9089551151532661)
(29.060183534838696, 0.7260909795445356)
(30.330231834742015, 0.9116536168558521)
(30.427585814239272, 0.8905230140999193)
(30.671239254437218, 0.9112692244838559)
(28.758208189210492, 0.8427824533531534)
(28.894576173621978, 0.7191911729022772)
(29.825626254413827, 0.9330050514300257)
(30.4369308748404, 0.9269332820186876)
(28.982101346289383, 0.6909132088643816)
(30.662130972430653, 0.9169362031752581)
(31.904271249008474, 0.9156484234579629)
(28.834371124534904, 0.7389782020111828)
(29.190130160736963, 0.7463337030415038)
(32.06300265209483, 0.9001349004521996)
(31.046591198020618, 0.931994454571973)
(28.58789698798322, 0.7155443351419749)
(29.41735930718609, 0.884965792119531)
(31.476661168858, 0.8856576542398211)
(29.221764360630726, 0.77982925350026)
(29.8199354094887, 0.9017054951079273)
(30.437463480643, 0.9089870401002701)
(29.880837986274386, 0.9268182964880635)
(31.491274187761213, 0.9354711264653836)
(29.502709839908654, 0.8236411323477985)
(29.24603793301673, 0.8791654054180916)
(29.370249019634272, 0.7113993606640993)
(30.507811396609718, 0.9051429527816994)
(29.491788230715848, 0.8580799093954358)
(29.42833690958324, 0.7945246163389642)
(30.70036058691207, 0.9133856887061379)
(29.529911534316366, 0.8965959614976318)
(30.805127373058458, 0.9173140411998514)
(30.7114380801386, 0.805010930179879)
(30.661254770532818, 0.915091446902631)
(28.816046188213434, 0.8343669361181381)
(29.504996376359898, 0.739990758032412)
(30.705735487829028, 0.794690569856233)
(31.45962087894951, 0.934900281895068)
(30.405786863746865, 0.9369825905290993)
(31.098332953948816, 0.9319748589249841)
(29.74861184556772, 0.9002261620763852)
(31.686293632050095, 0.9129852741035236)
(30.574347720673845, 0.9032011184287908)
(30.6476926288699, 0.9090759070404566)
(29.515973295844816, 0.9030168865107291)
(29.21872901808198, 0.789004320874439)
(29.444357717506175, 0.821619822837293)
(29.53155271788821, 0.8912460916328541)
(29.137410980580935, 0.9185211304649253)
(30.704461972035656, 0.9270496350502516)
(29.201302048094313, 0.7800546076450469)
(31.00865054532936, 0.9295488051335292)
(29.39890890949225, 0.8662614760054144)
(30.6376173507093, 0.7836942459745251)
(28.86773111444953, 0.7642778517080174)
(29.278270425394837, 0.9071792539120324)
(30.445390824200782, 0.9039019079281371)
(31.672398634064365, 0.9400969673100261)
(30.705276410795115, 0.9032118409567648)
(29.569235074284826, 0.9175948119292302)
(29.21627018465714, 0.8255559228399797)
(30.813425477017656, 0.9146866930721481)
(30.77271937115762, 0.9102526774797339)
(28.67241942270173, 0.7552681954861586)
(28.776981971584227, 0.7483121480949994)
(31.30077160263259, 0.9174969803926685)
(29.23900267198336, 0.7886596592767255)
(30.304876647119308, 0.9118254221181286)
(29.177541300515163, 0.7827613489316537)
(30.65663168002518, 0.9244827079412952)
(30.463207804876827, 0.8867775211455486)
(31.13085178914474, 0.8984447323140662)
(29.996219386694456, 0.8861309763724515)
(29.242509286074345, 0.8368889253723601)
(29.84419811775671, 0.9363104671293335)
(29.747653803191028, 0.9000649608259357)
(28.82582553902374, 0.757392978159996)
(31.606007430366848, 0.9422475717908712)
(32.23133336555768, 0.9501730825072904)
(29.273291710259382, 0.9074676524426103)
(32.08065951285741, 0.9280442247756289)
(31.70543477356622, 0.9072029236535343)
(32.59185343984487, 0.9008510322942446)
(30.79252352054153, 0.9134438713046815)
(30.90325086192612, 0.919199950736499)
(31.009847717802824, 0.9203347626430316)
(29.25821754752492, 0.7817666693861705)
(32.579004078308074, 0.9096074886356706)
(30.041220840299687, 0.8921208133736269)
(28.933365400407816, 0.7352610962560931)
(29.73164706651371, 0.8788686121004927)
(30.686856029313763, 0.8519027757714248)
(29.297524775387235, 0.7903595080817116)
(29.104337439083366, 0.7632948761974293)
(30.40534033966434, 0.8882834505308109)
(31.673915252214226, 0.9127012027898462)
(30.77272356913094, 0.8627623664197867)
(29.062113490510036, 0.7425047322529906)
(29.213178765970508, 0.786519751843783)
(29.856377093145056, 0.8991044322613256)
(29.64840770589396, 0.8480189683048831)
(30.75743367794236, 0.9223572163082567)
(29.121827358865172, 0.8533234822552798)
(31.34051005013957, 0.9302261792676112)
(29.640591029536154, 0.782274132819746)
(28.63690851616195, 0.7648042710240309)
(30.70142228485119, 0.788375380436686)
(28.755895093317466, 0.7338337314783783)
(31.28735269825487, 0.9284661427797052)
(30.93473105393942, 0.9144578256522266)
(30.62015539974013, 0.9200680351448454)
(30.635887187497445, 0.794738890474825)
(29.466418162141125, 0.8537806552669025)
(30.66856442176697, 0.9044937534737832)
(29.77786120019016, 0.9039067864872359)
(31.214831700778298, 0.9349594706361464)
(30.152052774564897, 0.9031742160024391)
(29.203009321098016, 0.853231443872869)
(31.299605837257882, 0.9403699992833948)
(30.549643289860317, 0.9164100491429905)
(29.137066022042394, 0.7069673458050082)
(31.96378284197958, 0.8943695290262101)
(29.362007446238167, 0.791866144489719)
(28.86253936692701, 0.6960630008425294)
(29.86497615557086, 0.9299765396219228)
(29.733662267306165, 0.8888840546219656)
(29.20215779373145, 0.8439492646130898)
(30.282171703089467, 0.900906695278626)
(30.524126779306037, 0.9018559751331079)
(30.474277372853805, 0.9044132107146086)
(30.42910863687794, 0.8912791347759784)
(28.83392517015906, 0.7423042485759055)
(32.116175764521685, 0.9443553731970225)
(29.58009844470411, 0.8763183348845613)
(29.896395558794424, 0.8892508612926714)
(31.6060299991303, 0.935252866784741)
(32.2592525410517, 0.948015181835927)
(29.032838999457375, 0.7575711668526591)
(30.483691397319173, 0.9012030206469931)
(29.44564735877303, 0.8664583896620518)
(31.2541004782509, 0.9258784021969905)
(30.814214518883134, 0.9174093766344801)
(30.474741330625697, 0.9009634018571936)
(31.66344531079442, 0.9119562016453098)
(30.570500314518384, 0.7852693292239524)
(29.74489690646445, 0.8788837558877702)
(31.976953551557443, 0.9204777392563314)
(30.613440366462193, 0.7905913794537559)
(29.00682638310411, 0.7013027322976658)
(28.923718395793152, 0.7172892382292589)
(31.042834757391734, 0.9201237985824409)
(30.85087358464877, 0.9166931391806229)
(29.824969992247944, 0.9315143721322708)
(29.51923376766323, 0.8862018571457551)
(29.21627403495254, 0.7550813764205507)
(30.682283223334032, 0.9026729898168943)
(31.569825182192158, 0.9006248002869705)
(31.04758392370129, 0.9109546459207966)
(30.684430706117535, 0.9179708145078973)
(30.303435618426082, 0.9159024803375861)
(31.91142898817516, 0.9076819192508117)
(31.309017025809098, 0.9484944730530037)
(30.702166712079936, 0.9010011204433709)
(30.778588163003665, 0.9124933904523821)
(30.5993976876507, 0.7880458710128014)
(30.733292854124254, 0.9047190504542928)
(29.420454307615962, 0.846415412616099)
(31.86134390707356, 0.9518119857365036)
(30.574243949323265, 0.901834222411594)
(31.32501654882313, 0.9397643041016718)
(29.487576838832354, 0.9075072622411443)
(29.576837595432373, 0.8758664557777261)
(30.32760026969229, 0.8372167953256011)
(30.174693247286335, 0.9042090235654522)
(29.367292279110476, 0.8718730638231235)
(28.83662812754844, 0.7307739943936905)
(29.158635701865904, 0.7664106188634798)
(31.305881552773236, 0.9254644120794883)
(29.18198716372879, 0.7934649574825311)
(30.36770677551202, 0.7815715257845852)
(29.50165787335247, 0.8656625955068987)
(29.872773253201824, 0.9368042453248248)
(29.993395754901982, 0.9032222567161213)
(30.845897794053943, 0.9276351397437516)
(29.969898663100093, 0.8913826669123803)
(30.796537473665136, 0.9105821082693799)
(30.419785938385274, 0.9233542995384885)
(29.549463071486606, 0.8759631210595816)
(31.32412784301875, 0.9492064777118159)
(31.533749621053616, 0.9300625757908705)
(31.868235344053847, 0.907334706869592)
(29.201634056651162, 0.9124440217245688)
(28.784424530444902, 0.8300108281736607)
(29.806662944517708, 0.8825132718171895)
(32.07320273099856, 0.9034634705425761)
(30.785807620265896, 0.9257708251427416)
(31.79332705015745, 0.9097266801792344)
(30.658411017963832, 0.8957778409066555)
(29.241197984728046, 0.7870232255628873)
(31.290402693483, 0.9373985881702146)
(30.953299465150216, 0.9340390445717749)
(29.03328634343817, 0.7020485453451343)
(30.708675299304808, 0.9154232717913623)
(30.65420096037832, 0.9286614569357078)
(28.95993672749485, 0.7605753233417832)
(29.66160410225701, 0.8479933999959055)
(31.904086039061013, 0.9130804256149792)
(31.84101983423492, 0.8951831005320828)
(32.19721246184723, 0.8823790996778708)
(29.759882988571317, 0.9027425115293786)
(31.033354483996668, 0.9113152341851972)
(30.089144900590096, 0.9344085690690593)
(28.858727932167074, 0.7180473202105172)
(28.803750885158507, 0.7649340083512235)
(29.182710662880563, 0.8051329232900329)
(30.29729811451274, 0.9097361290917405)
(29.287124637812937, 0.7892545836457494)
(31.73953765069325, 0.9073520512052261)
(29.20092968784637, 0.9165933921872675)
(31.69851580930012, 0.9364341315120885)
(30.43855391121294, 0.8858611959889414)
(30.612127126046115, 0.9047880581196214)
(28.911497234469334, 0.72969150983149)
(31.366926010174883, 0.9266572099470528)
(29.012402671029818, 0.7292041915910625)
(31.13102559773969, 0.899257041212878)
(30.291313698431807, 0.7794403871027915)
(29.274281050772647, 0.8327304234826187)
(29.12810490731424, 0.7675422003502422)
(32.377452139623244, 0.9029118277718833)
(30.651707298792275, 0.8975090908308916)
(30.564640049734358, 0.93116483355068)
(31.970682285394577, 0.9137722155854787)
(30.421640456244955, 0.8918698371752478)
(29.230788212677695, 0.7878259893868356)
(29.26269918721607, 0.7798571631088119)
(29.39038914165247, 0.8136693597041086)
(28.85552875470473, 0.7701128820539724)
(30.403234194470773, 0.770772761572884)
(30.98725691800312, 0.9264178924479074)
(29.48812548646052, 0.890463860936394)
(30.866319395562982, 0.8032606997612057)
(29.461485497944416, 0.8876246426266257)
(30.40768823932663, 0.919145874891576)
(30.764504893188807, 0.7921996124157402)
(30.39394300912704, 0.8898248801247209)
(30.63598150990749, 0.9224672937701923)
(31.338246170636566, 0.9412967911401436)
(29.253717225949664, 0.8084887956447512)
(29.214466971487504, 0.8602899431321769)
(30.635202585146683, 0.9106626098017641)
(30.99914639120974, 0.9338992810061665)
(31.953337281665426, 0.920390580827585)
(30.31560894343668, 0.9349066949175288)
(30.81868104136312, 0.9154465386490991)
(29.5483728034786, 0.8320112094663347)
(30.627782860493355, 0.9068181161534423)
(29.108717181958728, 0.7160019680731254)
(28.944955178332794, 0.7215916272292143)
(29.817959810307105, 0.9343200202852286)
(31.813607687004467, 0.9528982494692827)
(30.462284109400493, 0.8853383450905927)
(30.6096724088242, 0.904649611610444)
(31.881473955047, 0.9056802821047623)
(29.696707190087437, 0.8789360123158712)
(28.71803274782771, 0.7550007104734494)
(31.259679945248983, 0.9251623823668583)
(30.914444085227686, 0.8002006152761942)
(30.310979347273694, 0.9436764656701566)
(30.70238588296651, 0.7786647908357361)
(30.65483774992967, 0.9217379312206653)
(30.78828760669166, 0.7998843887999618)
(29.29313919816127, 0.8777420665691141)
(30.451318613542337, 0.8859288763205746)
(31.305805315911357, 0.9477015203122446)
(30.67519007293466, 0.8994503474077912)
(31.162383390799416, 0.9003892854813415)
(30.53699502188101, 0.9012491819102242)
(30.5090159324526, 0.9029846148419451)
(31.24549660704051, 0.9253921852643087)
(30.17308930718276, 0.9378987088813474)
(28.71333571513897, 0.7529015374671272)
(31.512815262085503, 0.9363211420525173)
(31.543423912940234, 0.8993631486035786)
(29.587539680613133, 0.9048906715200794)
(29.203782950232142, 0.7810234398565198)
(28.599178560449033, 0.717793408453022)
(31.816606950114906, 0.9538152876309323)
(29.217944651785924, 0.9187816358493741)
(30.4234732509939, 0.8863441539489414)
(29.030602092100217, 0.7196625570645572)
(31.049244563382224, 0.9324919461673543)
(28.53053982443584, 0.7108458003204979)
(29.4342876160123, 0.8804161086490494)
(30.864509365746127, 0.9169906658193097)
(30.524199378445466, 0.9056725036881608)
(28.593765886645706, 0.7032190161351458)
(28.684413185263537, 0.7544867438794975)
(29.361997586823335, 0.84185710604425)
(30.290275343729984, 0.7675374582042019)
(29.302392220120375, 0.9180384152374707)
(30.240907880607306, 0.9094438336872566)
(29.432354013748476, 0.8564703233121208)
(30.681771633922622, 0.915879763742356)
(32.009761362534675, 0.8996902191137056)
(31.724024991884754, 0.9071676952840807)
(30.63629932286444, 0.8565079139093899)
(29.826811827902816, 0.9270288296656418)
(30.75734556972638, 0.9105330260212515)
(29.96038049434698, 0.8905633231724468)
(30.65536635106882, 0.921808469381404)
(29.120106146504725, 0.7820827602905303)
(29.640346214239692, 0.8488238597342062)
(31.070784357777313, 0.9315736504331492)
(31.128230972087426, 0.8989242501393792)
(30.465493091309277, 0.9004319817144484)
(29.694498838299594, 0.8907881275421108)
(29.32471659610778, 0.8048875385145612)
(30.68977793620781, 0.9032521211945874)
(29.86620552782356, 0.892772726825267)
(31.884303567111928, 0.9063265348522777)
(29.29099022453589, 0.8686433695031109)
(29.7433494695441, 0.8931010196189745)
(30.799370727267615, 0.9183342874803943)
(31.34251752847621, 0.9296987654990932)
(30.6365357907939, 0.8993779475362783)
(30.92752613449437, 0.9151848017356733)
(30.679176586479997, 0.9189862015622746)
(29.843401775311666, 0.910517227330972)
(29.572351304459485, 0.8659717237222309)
(31.332796835299852, 0.939795779177108)
(31.065434923410162, 0.9320488215231948)
(31.298019595487126, 0.9267221113188763)
(29.037669059487598, 0.754700138703828)
(31.479361438192267, 0.9319783719396466)
(30.77860602854445, 0.9147181062205875)
(30.71083665131498, 0.9239149704899967)
(31.945035039389648, 0.9144954980580867)
(30.442344004995938, 0.8849556095669586)
(28.688213579672784, 0.7637082856617858)
(30.609721686686612, 0.8986306159413603)
(29.473681185615916, 0.8154226915486578)
(30.350071576424973, 0.7697772189854073)
(29.170319231604616, 0.9122303508806332)
(31.754108920343374, 0.9396326545203485)
(29.776211868493384, 0.89674154018821)
(31.74276500040613, 0.9084344785994329)
(30.66307386696108, 0.9138938864186671)
(31.668676803908014, 0.9348281873929083)
(30.731104188164036, 0.9117267766387973)
(31.75510920790868, 0.9453392764921963)
(29.224612060036478, 0.7727461441811921)
(29.29045529205729, 0.9157006747829894)
(32.612375119817635, 0.9179920362534468)
(30.34251482680919, 0.912732449458155)
(29.238410710091, 0.7904574008424888)
(29.972296797616647, 0.892093230281746)
(30.622340042000403, 0.9058486885947549)
(30.91056183611895, 0.9077871625691921)
(30.769574917419952, 0.9274017194008377)
(31.0024021257847, 0.9290824257398169)
(31.90423720246973, 0.9099372775067487)
(29.285589090710694, 0.8529134268599244)
(29.213814208504807, 0.8402490012444058)
(31.881555917397417, 0.9104112011501155)
(29.204924085367917, 0.9184476115239485)
(30.32173928809177, 0.7713133695782026)
(31.328915536639975, 0.9493423892247376)
(30.72738468729888, 0.8501696522811378)
(31.957394755057415, 0.8940630653335204)
(29.471362462779748, 0.8293763143078821)
(29.187378190805568, 0.8613373067158736)
(30.791075168282816, 0.9171548668495514)
(30.600180806937555, 0.9134255721342243)
(29.08099879006816, 0.6858195304994661)
(30.591907706871496, 0.9182284217267889)
(29.62181372930449, 0.8429461454839775)
(30.57896680317083, 0.9226334752077266)
(29.66902587323719, 0.8484894067959198)
(29.37438252397978, 0.8113094424213615)
(29.537422765776576, 0.8611988450818481)
(30.447642893694248, 0.8868329705796414)
(31.633944651695558, 0.9097560318955706)
(31.865855539998613, 0.9087001175014857)
(30.115665396928343, 0.8927179775463286)
(28.514889703455957, 0.730462267072492)
(29.347088863853447, 0.8523036644578338)
(31.714948416089914, 0.9413328874341459)
(29.149353594805312, 0.8514037122213387)
(29.115193431894735, 0.8494044358004881)
(31.9468912943093, 0.9082834662699205)
(32.017067635901995, 0.9201107937481614)
(30.634682786523122, 0.9043270259353062)
(29.18345848416726, 0.9138812324218702)
(29.570640920717345, 0.8315208185494974)
(29.643853990197066, 0.8481660350191432)
(29.169211455487947, 0.8508177717503126)
(30.52204100160152, 0.9038204173290227)
(29.525542340184323, 0.8725478980525625)
(31.861540114178688, 0.9018218290686842)
(30.828949209345765, 0.9159337444071997)
(29.615380136750517, 0.9260409284538009)
(30.420575312135295, 0.8909261032561536)
(31.236621582366784, 0.9392245545179955)
(31.859063228551136, 0.905773543610252)
(29.3485716512021, 0.8062593201136359)
(29.183778940435957, 0.8444525109785809)
(30.45245517984207, 0.9132991613536692)
(31.143189515937337, 0.8995734810482147)
(29.32613252892123, 0.8672923768171519)
(30.57233865680623, 0.7824792587801453)
(31.046179585259775, 0.9098106386835498)
(29.121929081693146, 0.6829293518319965)
(29.842558773237293, 0.9314046359347518)
(29.543213579535013, 0.8281474572413191)
(29.713344162604194, 0.9314062930379696)
(29.323100052881614, 0.8757308980859149)
(30.714017796320597, 0.7896371743975156)
(31.718991345409755, 0.9461578936254535)
(30.674797830636386, 0.9072184957219873)
(31.85297223907522, 0.9079086405212882)
(30.293991272163716, 0.7671124585209247)
(31.680871748103264, 0.9329125182500649)
(31.027886478605918, 0.9356416480858122)
(31.79593242074418, 0.952167038067498)
(29.52153964446344, 0.9280479869914169)
(30.82647724682176, 0.9323650258947666)
(31.71107109327435, 0.9343445578570093)
(28.748612183163033, 0.7612296087379443)
(30.659998575781714, 0.9141325321912083)
(29.871111576772243, 0.8822659755658887)
(29.305656374758165, 0.8534102660230295)
(30.40393379959138, 0.9241178118878344)
(30.7100542718032, 0.918758014702177)
(30.629987846799605, 0.904945329272375)
(28.486700463270715, 0.7157907538800511)
(30.673483346130396, 0.9143464312395043)
(32.604909358477485, 0.9175958050831107)
(29.88770544598284, 0.9005634210936027)
(28.942504154879924, 0.7495730269950468)
(31.85524770047371, 0.8948238256615609)
(29.532694973910125, 0.8787722118292538)
(32.46729673335779, 0.9056659779912567)
(31.315741915011273, 0.9297880693668249)
(28.923131207507396, 0.7293675126634694)
(30.775658683129503, 0.915881837693413)
(29.10700258694873, 0.7437582929306324)
(29.027704085114205, 0.6866281434482338)
(29.370756634439946, 0.8079326597598678)
(30.786698525527868, 0.9108807784391818)
(29.471130114169828, 0.8463005486809498)
(30.671497882452773, 0.8980092784937872)
(31.87876904947305, 0.8927877948475079)
(31.873785182737805, 0.9340843134080793)
(28.704472453501765, 0.8220201989700989)
(31.483975130817385, 0.9337414744903165)
(30.546415130883137, 0.9204043088242648)
(28.893908817174548, 0.718736391255599)
(30.4909730441182, 0.901895145731668)
(29.658968069281023, 0.8873115766073597)
(31.6913264570032, 0.9329171744974362)
(29.092828771628916, 0.847467055906095)
(30.384837225033262, 0.8502302931079404)
(29.202383498932384, 0.8544798677584936)
(31.02295783999945, 0.8150870643661998)
(30.992102409224383, 0.799476098381517)
(31.305233730400733, 0.9479395176680394)
(30.283245392549713, 0.9168788113310652)
(29.072387337239462, 0.740157758518917)
(29.04083098334125, 0.7475864764123026)
(30.937411491070385, 0.9151534178186865)
(30.815773423715616, 0.9033355349363231)
(28.721525483276377, 0.8336387199176134)
(29.4888044142991, 0.8645188261616034)
(29.431212991017027, 0.7954302374261022)
(28.667626005877757, 0.7790109376938866)
(29.44634422977396, 0.8551791448439832)
(31.762504532948547, 0.9402605029095289)
(28.429626242483153, 0.6956643220933157)
(29.080196437845732, 0.7303633288684879)
(29.50934415424665, 0.8269885733708949)
(30.279029036930233, 0.9376672645249374)
(30.281642807641962, 0.9177154586308784)
(30.498874105956748, 0.9037434591451049)
(28.652165955450954, 0.7507074313929475)
(29.379926517398104, 0.8724097799323658)
(29.092128109092034, 0.733288289014321)
(30.604267369411843, 0.7875375407026072)
(30.670446292884797, 0.9124626588165748)
(31.903972329513927, 0.9093915219275577)
(29.164172075414236, 0.8570328546210413)
(28.81402998331001, 0.8355171909162628)
(30.659574471572633, 0.9177047761329219)
(29.065454062428678, 0.6832057609006076)
(30.996307980308927, 0.9289488625419664)
(29.61741850476379, 0.8952356395600787)
(30.99797123207668, 0.8116507364559947)
(30.678276400789954, 0.9218284660093464)
(31.14546286301232, 0.8999896282985667)
(31.864740350165018, 0.9101832000891192)
(30.643026647689197, 0.9115553925320454)
(29.14071648169344, 0.8589946088077564)
(31.4106338989739, 0.9213758903555085)
(31.701949703274124, 0.9340100453355997)
(29.334356730506997, 0.8506535843908745)
(30.41270106465487, 0.8904175164559851)
(29.742136171104114, 0.9083825317956788)
(29.54149170829266, 0.9108219497304476)
(31.079903796097426, 0.9317061972453633)
(29.540025335666897, 0.8324833669981068)
(28.941399459756664, 0.7206878597457747)
(30.84169322921884, 0.9270681765643813)
(29.163809043908053, 0.8495824625257331)
(30.85260070500884, 0.9290328349176158)
(31.04292494316884, 0.9321284744343912)
(29.229464997003276, 0.7918781769343359)
(29.567319575347355, 0.8726356713347666)
(31.561769028686065, 0.894645356785742)
(30.983456958372017, 0.9175084226580337)
(29.781696763367247, 0.8932230889930263)
(30.968490366254358, 0.9174460351226038)
(31.592538926261536, 0.8964278818953116)
(29.641417559990888, 0.8154015577585317)
(30.63953496514266, 0.9139841093532481)
(28.521231381220048, 0.7611333409843681)
(30.697430780204567, 0.9234565715183313)
(30.617598418243162, 0.9057525274894466)
(29.698493775040685, 0.8480219870364288)
(30.607741157041875, 0.894426951412931)
(30.6061526363467, 0.8959020409800567)
(30.62756869102006, 0.9174958821409719)
(29.51533351586891, 0.9263691615001299)
(29.92187591769545, 0.9028493670092335)
(29.184583733853884, 0.7790385238723103)
(29.30694553742883, 0.8351136537645943)
(29.124056836870462, 0.7776737999832022)
(29.85404125534756, 0.9318587274918412)
(30.631542696193684, 0.9161047228817806)
(31.886493445050842, 0.9120018478789372)
(31.059797181679066, 0.9096581118625633)
(30.66876243461996, 0.7812446032210979)
(29.948257649883573, 0.8879888970243474)
(29.256464195311366, 0.9118434351838595)
(30.27163570297229, 0.9096878314111616)
(29.58483424265576, 0.8822107632280878)
(29.167612236015525, 0.8482636407536838)
(29.539031636994743, 0.9082044096804618)
(32.18701196826879, 0.9406408100248304)
(30.45743872169291, 0.8844177869115751)
(29.92846903285308, 0.8864798799100422)
(31.49105408091119, 0.8897609374341102)
(29.164875399432706, 0.7697409480966201)
(28.854322480206225, 0.7098948276396928)
(28.872932125235756, 0.8386322509544494)
(29.5103891557271, 0.868908513210006)
(29.471747080517193, 0.8178177237434997)
(30.637667201017006, 0.8961731181793549)
(30.208763095100515, 0.8982041421685347)
(30.62738599555165, 0.9045418502915479)
(30.78642347028049, 0.9267041781253889)
(29.533706948608422, 0.8291610722989916)
(30.645022064117523, 0.916335517485472)
(30.461675178816968, 0.884651477564037)
(29.990889299514166, 0.8882397077728853)
(31.327156683620416, 0.9279350438295928)
(31.653182103253855, 0.9126819906072565)
(29.559483660730862, 0.9116505510037078)
(29.278931461318834, 0.909811619251841)
(30.398179325023648, 0.8899328042693943)
(30.758471240886614, 0.9129977585108935)
(29.248212055818513, 0.788435099260532)
(30.73268995114072, 0.9177305293733607)
(30.630480422164368, 0.8973699213747082)
(31.68729849984032, 0.9119680024776453)
(29.012696579287773, 0.6927327453406538)
(29.264012734079255, 0.720862969251015)
(31.845661881653214, 0.910286350021111)
(29.601201993536705, 0.9191945665376595)
(29.132153877209674, 0.7891884646604241)
(31.837226153034575, 0.9545794048195528)
(29.23114879170756, 0.7799659544198402)
(29.629285712341407, 0.9205481826919726)
(32.56113793191023, 0.9102517432158613)
(31.36067327656881, 0.9171514920881526)
(30.408070833790028, 0.7857178605073365)
(31.350301087784178, 0.9496161946511994)
(31.178813762147325, 0.923580117973242)
(31.99649336785169, 0.9004912617049655)
(29.515683742970875, 0.8738885509469917)
(31.899234922391216, 0.9126545947228154)
(32.603217782208176, 0.9174410027387359)
(30.351028375060633, 0.9201092691094198)
(29.460442110832005, 0.8708714565930258)
(29.623231064074524, 0.8713247531326616)
(30.952660586485578, 0.9233041491222216)
(28.785911917170775, 0.8325851014603979)
(31.90295214081128, 0.8830670762761635)
(31.01645624935091, 0.91939729042548)
(29.309988857432693, 0.7842278112219969)
(31.821565010559357, 0.9394679099410002)
(30.53583512361861, 0.9351875150072042)
(31.642290753001163, 0.8968608342201146)
(31.834061195548088, 0.9087834388201)
(30.570878990971625, 0.9007361782556653)
(31.808580430675967, 0.9511846794780108)
(30.50267235864778, 0.9263746756824056)
(31.011572159605908, 0.9328033605540452)
(31.950895599434634, 0.9124563936130313)
(29.24161936540472, 0.7394390468318873)
(30.526248512651186, 0.9142165186581789)
(30.987876645162146, 0.797602147562643)
(28.892219093434697, 0.7529152093695612)
(29.822293022929905, 0.8886932426498554)
(32.1566526844378, 0.9428674638616692)
(31.325209031363332, 0.9400432990518534)
(31.0259872767254, 0.936112993678673)
(28.7087550074232, 0.7542130636540966)
(30.44104988751508, 0.9042629734450475)
(29.092796515861146, 0.7423574106277482)
(31.79208533510608, 0.9105522227053665)
(30.3842383366305, 0.914086970063579)
(32.04526077746402, 0.9152292506847023)
(32.07693554420709, 0.8973816869794387)
(30.526711362211984, 0.9027915335750316)
(30.60197550459678, 0.9255107551478359)
(30.071810793776514, 0.898772008193535)
(31.12537297720426, 0.8983220929716197)
(29.973756440011236, 0.8988437265649486)
(28.951349776367486, 0.7109833001895735)
(31.330165563251803, 0.9487375353413646)
(31.6490005821886, 0.9326500419167162)
(30.63554932160594, 0.9026882981427445)
(29.33752528380598, 0.8363741954467085)
(30.410985302583175, 0.8882306362123789)
(30.710993661473175, 0.7936961347785798)
(30.683383434641325, 0.9003436659556668)
(31.641661266199872, 0.9377265697468959)
(29.694143510339526, 0.8819926134157995)
(29.690206351482423, 0.9006262217776986)
(29.36930784753148, 0.8807973990243781)
(31.91695613948327, 0.9103097703400469)
(30.25601585984344, 0.9092234353704427)
(30.634644407770836, 0.895573476332876)
(30.098037090359906, 0.8964825104139788)
(31.68050729604053, 0.9354888455891797)
(31.90943579408507, 0.9075105463901483)
(30.69243934080167, 0.8177074397297013)
(30.657214407015353, 0.9109093273437505)
(31.32297485219933, 0.9277997677109454)
(30.58248845981714, 0.7795182588076932)
(31.28723543351141, 0.9474096525664639)
(28.871428527043843, 0.7666963316491476)
(29.5175569454467, 0.8366980013550646)
(30.53499396877088, 0.800329149832798)
(29.59773128759541, 0.9203838632697815)
(29.577360178968817, 0.9239631629893289)
(31.827996448337828, 0.881027083009227)
(30.954863966024703, 0.9226628984149081)
(32.03624865180315, 0.8810696900917716)
(31.879921704097832, 0.9095836741411478)
(29.60342313036454, 0.8368908338727684)
(31.934567563590683, 0.9108538391477976)
(31.662370592738874, 0.9127676197848558)
(29.709701364911567, 0.8731350393443993)
(29.192800354301962, 0.7731324955783779)
(29.57183489496743, 0.8766581422802594)
(29.22183044972282, 0.854158728728074)
(29.173676936665103, 0.7726421692206746)
(29.304553767648258, 0.7771511063727159)
(30.67584636915981, 0.9202615065214571)
(29.737496807123982, 0.8961704835516902)
(29.508042912992956, 0.8737229468538238)
(29.063808857927565, 0.7237195235907316)
(31.74451970161472, 0.9083839082266956)
(29.536710929771395, 0.820299687232877)
(29.917195324295708, 0.8973661092895812)
(29.00931731015109, 0.7271765533358563)
(28.511191013377868, 0.6885182375434701)
(30.485530434249366, 0.9261784734975405)
(32.57307772558707, 0.9184848465103312)
(29.668097635971257, 0.9160334821898061)
(30.67360362095591, 0.8027958372944944)
(29.733366505560426, 0.89920819686654)
(29.30455507743632, 0.7821660135430603)
(31.05407129069912, 0.9118423163643041)
(29.279955949589393, 0.9181047066559073)
(29.5536824216548, 0.8304594366208471)
(31.041416601992367, 0.9377469925530356)
(31.689990411118636, 0.9485445419764704)
(31.143348102873393, 0.8970661250852222)
(29.645499748296483, 0.846984737323888)
(32.56424138101419, 0.9085154155790769)
(31.744651628152155, 0.9371695502799559)
(31.009561208630885, 0.8009867890617195)
(28.898312539559452, 0.7629311108444635)
(30.68885084451166, 0.9225052064171089)
(29.106897101017665, 0.7616125445182859)
(29.284723081126266, 0.8314880212544039)
(31.917450605493443, 0.9263921792985121)
(30.84831249105898, 0.7932354993145576)
(29.1818169033495, 0.8527006192069613)
(28.563983945936158, 0.7471700818937059)
(31.950794078865368, 0.9155300347529494)
(30.454451470361533, 0.7779433110058532)
(28.78481878191726, 0.7007077591979987)
(31.27361618074947, 0.9291413901945405)
(29.445226970568307, 0.8745045960049117)
(30.788263118425935, 0.9179686107687103)
(32.60166078649167, 0.9186825332153736)
(29.209621419129007, 0.7752185367076391)
(31.984977512780958, 0.9362416834140913)
(31.903391912493273, 0.9113516325437417)
(31.518394128848115, 0.8937299101111941)
(30.67157785776154, 0.8964385094660602)
(30.076268639068058, 0.9140354487752441)
(29.444198302465615, 0.8837859286262898)
(29.318988764978332, 0.8740527253117746)
(31.00405360041708, 0.9181656579111926)
(30.54578233727667, 0.9011630603264821)
(31.13398654099146, 0.8989058417459982)
(29.831254223238375, 0.8861866648849819)
(30.465446645329127, 0.9251264760871388)
(30.450767008474212, 0.9042215632605859)
(30.58754989395936, 0.915985255006188)
(29.452657696729933, 0.8068549999502618)
(31.89297666540892, 0.9076981487579566)
(31.92419400403861, 0.934444167598174)
(30.53451309814313, 0.7832263310243951)
(32.14770553577986, 0.9507920809211483)
(31.17824395654178, 0.9689516109125018)
(31.139519632097414, 0.9425084196799663)
(30.970953344528006, 0.9661758999745937)
(30.972611308181605, 0.9640662317039942)
(31.310986533658554, 0.9685443673515395)
(34.734316456270726, 0.9833672308389975)
(30.820228287593984, 0.9647333780814972)
(34.324194133816434, 0.9785250960153831)
(34.013279708955196, 0.9423027037112368)
(34.364415722561745, 0.9766411066690451)
(34.487806920249525, 0.982250309254767)
(30.852477240134913, 0.9642741001095918)
(30.83397931759455, 0.9638134495109192)
(34.069347673602444, 0.9420279965352067)
(32.16540533584897, 0.950935840844946)
(34.035409546939476, 0.9401802990828552)
(31.53111843565644, 0.9480875419420923)
(36.5290218065953, 0.9866649332960852)
(30.901503214689562, 0.9633437492844759)
(33.19647579084651, 0.971088016040252)
(30.66860515071072, 0.9072397502669075)
(30.836297404245194, 0.9105262890615126)
(32.164237271869176, 0.9507820474570516)
(30.684062050094703, 0.9078475402003718)
(29.956374991667673, 0.9406507206100645)
(36.834841716134136, 0.9840189180811413)
(30.634289865137866, 0.9075494044305825)
(34.455157079755566, 0.9825454291156408)
(29.931899925043183, 0.9375508058380165)
(30.771147253118446, 0.9093158534804564)
(36.53617641689106, 0.9843201415920882)
(30.752441258787595, 0.9088276838857867)
(30.66305391210793, 0.907513859729967)
(31.307396481686652, 0.9680780169037029)
(36.43708427833461, 0.9865650251705057)
(34.44291355322221, 0.9819326884790109)
(34.505031378105, 0.950084535154727)
(31.210738597122827, 0.9672476038892196)
(31.265290100209803, 0.9652537087546783)
(36.50625584291617, 0.9867148278172588)
(30.800091475027294, 0.9104171917300167)
(34.30817594233198, 0.9780986418095929)
(31.47836496093881, 0.9624300452483678)
(34.461858979508484, 0.9497742852209031)
(31.178053557885246, 0.9676638683490512)
(34.02008532799448, 0.9430077917924515)
(33.20918435491181, 0.9715084179929278)
(29.957364767362293, 0.9388629570273684)
(34.04131203630104, 0.9418559172450035)
(36.530381846545396, 0.9865773404383726)
(34.39747955225187, 0.9772332414766256)
(31.260280791593935, 0.9671278932848282)
(32.79972300440393, 0.9701638821696894)
(34.23713237467587, 0.9775976658760952)
(31.293045469130423, 0.9439699089934216)
(32.84632889138389, 0.970264142654943)
(31.25350546877883, 0.9632320485355174)
(32.13674258305821, 0.9512951177611997)
(32.716802446294466, 0.9686572095648629)
(31.54821002568614, 0.948894389772245)
(32.80593313522996, 0.969542141014833)
(31.137000863458816, 0.9683162793107405)
(36.51844246979173, 0.9868257599629402)
(34.56472722864465, 0.9494296064595364)
(34.424292488381425, 0.982846751949557)
(29.981239787578488, 0.9431515617853944)
(36.388207022271835, 0.9863836145392505)
(34.56988871006048, 0.9500216173631386)
(34.26805757598328, 0.9772119471472427)
(34.39341015943425, 0.9813693600266788)
(34.46037879193852, 0.982974409852784)
(30.705374319045752, 0.907962514721788)
(36.49949947896088, 0.9865468632662466)
(30.871611484337606, 0.9632623721737908)
(34.197246344699835, 0.9821852175152543)
(32.88857836168216, 0.9711618241872927)
(32.881207306016094, 0.9703120030376844)
(34.512128517577985, 0.9823566827983067)
(30.029095164719738, 0.9396640346755935)
(34.6103419046281, 0.9841870851591384)
(34.06912739929298, 0.9425588675976748)
(36.69873922286672, 0.9835028539081807)
(34.28250389817316, 0.9778755202656515)
(30.899671710771663, 0.9627422041253617)
(31.46222815522504, 0.9459848183197606)
(30.874837434160725, 0.9627360537901477)
(36.94098599343016, 0.9846929140542358)
(34.33421808803511, 0.9777901868004252)
(34.47128560990093, 0.9825933666340742)
(29.976521895342934, 0.9370445359892908)
(34.39404373107094, 0.950208071939534)
(34.52746562147398, 0.9501291054962197)
(34.26458481643869, 0.9822931801430205)
(36.503743678529325, 0.986667654065434)
(31.119934605091398, 0.9566585882660641)
(31.53589318843448, 0.9610430064676402)
(34.63616613701101, 0.9496114310995839)
(30.047601453248483, 0.9394548744364475)
(33.17498267391509, 0.9709184671950779)
(31.112473655604536, 0.9622605733800957)
(36.57097552210336, 0.9868347320930425)
(31.261574933543187, 0.9667388487659523)
(30.884245672695663, 0.9634471103854504)
(31.057741087644906, 0.9648157077397603)
(36.737720625608546, 0.9844728602835666)
(32.24718192800785, 0.9512028145238796)
(33.25925966049106, 0.9719948924913029)
(31.421675953524165, 0.9663861741981246)
(31.54916681479913, 0.9482785112561884)
(32.22766944759104, 0.950924434694961)
(29.824759697131608, 0.9353558898990653)
(31.381664628470443, 0.9457724276921077)
(34.199029292444735, 0.982257871811419)
(34.327022538331356, 0.9811229867653616)
(32.190027166591534, 0.9511553466989966)
(30.834824002303197, 0.9636620851236956)
(31.457578207562168, 0.964397536578537)
(31.3519503157789, 0.9688673548072827)
(32.84415593805229, 0.9707118499137384)
(34.66881380311537, 0.9831722857399837)
(36.73650022089645, 0.9843531639714419)
(34.077614070085666, 0.9428041351325973)
(33.17166743791019, 0.9709760115798566)
(33.22554297085149, 0.9714527033312916)
(33.21358177842425, 0.9710468014113174)
(33.14158736273344, 0.9711089998685252)
(30.963937631480075, 0.9669314446165606)
(32.17505069889489, 0.9508694623101802)
(32.72703093950406, 0.9694318571878332)
(34.05666843741338, 0.941018553388289)
(29.77827290063344, 0.9356509296219281)
(31.250016778049932, 0.9676672056468928)
(36.629387690065904, 0.9843048401516175)
(31.002962599462943, 0.962531985576449)
(34.527451295596705, 0.9501090836982794)
(31.090626964750363, 0.9427321078436093)
(36.873205161435195, 0.9841179655631017)
(36.680492906504576, 0.983967383351372)
(34.4365610222802, 0.9822976576494287)
(31.207771281457806, 0.9435862144414314)
(30.89193242597375, 0.9626931420218726)
(34.5184422100671, 0.9495667517018807)
(30.956280956185907, 0.9621311640827159)
(33.163050095712386, 0.9710851049455196)
(31.180835763740184, 0.9653648576575525)
(34.425528004714735, 0.9819453188625479)
(34.92205191064079, 0.9851000051443269)
(34.02636936133557, 0.9419460912484229)
(32.2443598645572, 0.9519321574825659)
(34.223722139736964, 0.9763280873762349)
(32.77280590676626, 0.9685456446335771)
(34.47913154053227, 0.9819703966238174)
