31.265179894952734 0.9193789543854103
31.14733611019974 0.9218550689647219
32.067372140855646 0.9625433080720107
32.624438321961186 0.9544915565755857
32.715685171387406 0.9528824825817304
31.41233873107059 0.9338798426147631
32.448006441830536 0.9531297337908371
33.13468245629405 0.9596697609667773
30.254881344083984 0.9150442942462613
32.5905864102758 0.8975958885996658
33.00770786626068 0.9114905990601145
29.70061601785392 0.9099571874030533
31.336804993503534 0.9269491568767986
29.137183405692927 0.8087827127851575
29.586164090910945 0.9075597178154883
30.90193620883796 0.8159951170423283
31.339600231122766 0.9541622110204393
32.312604839557025 0.9630928498631803
30.94667375360311 0.9405152977330943
30.94688049199615 0.9442801571579643
31.11360075055318 0.9171265566308294
29.02680357148206 0.7862619620191847
32.07465815007593 0.9469914420499393
31.048987877580014 0.8164518125661142
29.991543065642023 0.9109043918208727
32.64945302020739 0.9078804840748458
29.308775019394876 0.7450243644493191
30.368643083240418 0.9140526219459676
32.64351982846025 0.9052334693907003
29.12150785344911 0.7722831145563466
33.994824293178375 0.9669929424102575
32.365847838548106 0.9516175752766884
32.00977217652347 0.9597372671302673
30.633289677205337 0.8173583408405525
30.76415163493289 0.9343533658192262
31.0735228469158 0.8327249295853252
29.95634368434205 0.9018926982438478
32.76006243696001 0.9208356415568004
31.32081653531033 0.9261075045451265
30.398763528938836 0.9496808384130045
31.636315589414888 0.9603562750933142
33.09169285981203 0.9105127084679823
29.935639259957835 0.9251040540619786
30.244183826996334 0.8877190453330722
31.679286426623282 0.9570093687089825
30.166821634776895 0.9406428224823149
31.3574858911878 0.9314441696655834
29.282030036317344 0.7946475520950115
32.07113780055425 0.96110181731111
32.05103180336723 0.960768384290381
29.42138548691951 0.8300955101215722
32.083652130053494 0.9126321947840073
34.0903834194352 0.9715671972791614
33.045358972269476 0.9252681767731731
29.329928927178422 0.8198344350829325
34.195218323310755 0.9705351875844254
29.876801399617932 0.926112215266247
31.912142819106574 0.9451955737645141
32.06564883530288 0.9505467266840097
31.402263828209627 0.9613637880463612
29.92597622676213 0.8668507815764934
29.592510329773177 0.9069360394593395
32.584279895407555 0.8968838535865575
29.403193444654594 0.8278919468826587
31.814552071352423 0.959244720196459
31.833086769997642 0.9503692644624677
29.327177806422423 0.8128453122708486
29.21999831862967 0.7822943560484062
29.103020036381345 0.7977509943080502
33.296386363304016 0.9187937049919435
30.872438553339528 0.9417853973748339
32.54346055557127 0.9718598674290403
29.69459729548751 0.8768897179831302
31.123467933113677 0.9187826762687319
32.76151303177584 0.9640323604914774
29.775725074463757 0.8082664643084615
32.06014103632511 0.9098459214672933
32.51601631614992 0.9562505534127606
32.755159381865504 0.9655908720550254
29.354977301242684 0.8340635624514462
33.58180488803056 0.9722866023569855
31.30302907024791 0.9323268684542578
30.608009671917454 0.8019966872715515
29.998973060179146 0.9365585381623844
32.95853395284841 0.9678384004695855
32.000849332040644 0.9196543119770296
31.542086550195677 0.9437083387766336
33.02591954236394 0.9734472466638905
31.33487391461697 0.9271672455279311
31.968916742060696 0.9664108426354
30.858066070992596 0.9420561138091154
34.01336436757407 0.962982440282179
29.129602295093164 0.7778707932021327
29.64561835276877 0.9217808101796325
32.67344478714392 0.9204644945137345
32.18015913752509 0.913222837430622
31.101842517207462 0.9469906652190831
30.84086026712082 0.9474355352708238
29.89403596045657 0.8747112695173836
30.21596906477415 0.893633473719429
32.388898718814225 0.978711576361165
31.62437550354356 0.9605057199699741
31.769921715168024 0.9711039721431152
32.857162932250745 0.9599972699218623
31.779482226027675 0.9490392612979507
29.18324758916694 0.827454624270858
33.43341370394742 0.9542505037179246
30.635968543632643 0.955118690665553
31.163871467367418 0.9231932261287312
30.99141640844485 0.9454602968599386
29.78935128810264 0.8508740380592557
31.94447110129552 0.9155156230155853
33.125467851698794 0.9751728090152653
33.32705396022904 0.9204432534353895
30.983690244177705 0.945785211257958
32.4327494810227 0.9556047659793251
32.83109126765092 0.9125338552303153
32.31709254159428 0.9692943471294538
33.16410932136535 0.9615169608993918
31.996470762612454 0.9146061150910515
31.54994714609892 0.9481159269264388
29.52880764226391 0.8432301181197046
29.270802913246214 0.7600508638088135
29.31661850018603 0.780789936785461
30.92402337325316 0.792279837134264
30.70037839156795 0.9280780383472438
29.485616248659138 0.7698689833766735
30.100988046381563 0.9378251308046193
33.45516279781387 0.9228814137844937
29.58443828126741 0.8471195875799475
29.457331864790767 0.8185477696412664
31.326299728233025 0.9262319677745832
29.94132071197005 0.9206405987510587
31.775100039722446 0.9713026011083938
30.471202884478554 0.9527244837209583
31.4266041835041 0.9346702344969113
32.15202270923597 0.9192876099749128
31.453837031185973 0.9372223442080059
29.213943030710666 0.7804059444438373
33.67012085864934 0.9557979374367482
32.115601671911065 0.9518978870942542
31.999620284332178 0.9466083260550826
31.66239635451957 0.9439970612071266
29.29533908854357 0.8099709109399221
31.738920458009076 0.9622382887321704
30.973638926073967 0.9560420593533794
32.19608314946471 0.9491712279171974
31.728750566162592 0.9605543639205661
31.002260773904524 0.7915346918443371
34.03663323962243 0.9638090029291368
31.67935108271 0.9383415065971623
32.145377420141834 0.9488390232686812
32.877990393051384 0.9453447495394992
31.36376319459798 0.9573568479859812
29.12760942572406 0.7965036026081099
30.607307476166273 0.9465477299954225
31.347483682039417 0.9500041645744337
32.03762046682318 0.9693772922100045
32.59156107695578 0.949158446023626
29.84170873534188 0.9064366336044989
32.1154815724706 0.9201743263735971
29.335048970969805 0.8117020734608859
29.298889262836234 0.8062189644540881
32.57439567152034 0.9173972601459508
30.015471480161324 0.8861736716785097
29.641881844718718 0.9160298249618561
32.11294703376127 0.9588059424008023
29.680292433557497 0.9000640100503687
33.27522709148716 0.9484821975908599
31.446590459541955 0.9614461330001153
32.82573359874418 0.9111110003324646
31.408279723227306 0.9392773420947764
29.592352380449277 0.8293892904650815
34.298396192958556 0.9682959875662045
31.074723975370823 0.947360083320552
29.304669030509608 0.8284509949319957
32.425273867218166 0.962191376141106
30.201317634953128 0.9048380491438592
32.969101952814434 0.9133850530631722
31.68849700261078 0.9434386546038521
30.52179285578444 0.9263971358991031
31.044448053365876 0.8203216020592191
31.398396945210592 0.9304774374045123
30.0834634213017 0.9220666829505548
33.363881937517036 0.9745605468916594
29.203962301237055 0.7893645863044197
31.757342183442148 0.9632605773520213
34.720706443653924 0.9808757161690276
32.12817363308637 0.9192240937476485
31.122415623724656 0.9166456888917763
31.966242488599285 0.9617576255362554
31.259012272645986 0.9220061674327062
31.813134571639328 0.9622500935823768
30.074306096161916 0.9269783783392609
32.56470552399238 0.9196605480389781
30.656369848770865 0.9488469461648538
29.76216933923996 0.9105606131984912
30.842198681862985 0.8017175119293348
29.755436989849624 0.8457062829403468
31.153357073441455 0.8761916693805901
31.665718005816363 0.9602814629506922
32.057157517419235 0.9633705634268269
31.51675147918955 0.9325774991786624
32.20610535277197 0.9216845167947946
31.245056637062532 0.9225443256311339
31.335076391176912 0.9270361185816041
31.68765607253418 0.9542918561939082
33.02719804438866 0.9132042573637861
30.980778787756144 0.94219257130393
31.47617277504201 0.9364859782585123
29.14925357461705 0.8025418556749297
30.664604012076204 0.9229735453671329
31.68743679665722 0.9544940866596253
29.893517350827892 0.8748773216643198
30.754491778029504 0.8638989339668421
29.68285713391075 0.8955292918102219
32.58260747833615 0.9026205934018504
32.066115643620606 0.9604884708260456
31.059013245818043 0.8105682856972001
29.341865723189173 0.7670784477623165
31.648095046833458 0.9453641799968477
29.27170422009748 0.8323199169121684
31.59233549097106 0.9536261763731219
32.24497075096318 0.9524589815779733
32.58601111330107 0.9724463501915231
32.81565871307291 0.913485490808568
32.51465013512828 0.8983433007521628
31.04952391517095 0.9498531679784988
31.04708920939766 0.811958196422041
31.737618511755016 0.9497623369782169
32.187313939008995 0.9217631778801458
29.23262508629837 0.7122377889780799
30.095842419414875 0.8928445317588339
34.80444749008501 0.9807083211823756
31.289070975042307 0.9327738679049383
32.51677248574655 0.9580739225041426
31.07519006104505 0.8704558426530149
29.3163351834852 0.8328315268758155
32.2166544955569 0.9643328780892754
34.39818989652427 0.974754188929155
32.097547948156084 0.962103513715315
32.55015995636657 0.9586052245372659
30.3337027552299 0.9106468367605322
30.262743561904543 0.927030561217656
30.659636844759838 0.8446754261806831
30.65400718449397 0.9470881313239865
31.628831175388818 0.9532493611074042
32.90553216991564 0.9584866420544088
31.28622950889924 0.9236671435757663
29.147005172728324 0.8027473497121365
30.392367083409823 0.9100265638828433
32.947153045853035 0.9559345599381692
32.80459120264593 0.9078040221263907
29.216059157020517 0.7986269099954975
31.00108338916771 0.8205591014528707
32.556032943469134 0.922056225926897
30.78490979373049 0.8550936489273563
30.07997067940139 0.9166853036978876
29.410777258161666 0.8183770678517053
32.06202173793344 0.9580717432381859
30.246485689289806 0.9003532795120104
29.215825590167228 0.7952787425293051
30.903751091507374 0.9412322885556624
29.129679397675055 0.7487430286711321
30.066358860046712 0.9342281168764037
30.51070813014761 0.921232425901897
30.336869348890882 0.9007767077804503
30.04432111901075 0.909678017706449
32.18407039664878 0.9638112833160559
29.273794062704145 0.7839321681333883
31.67357624306575 0.9569163907632263
29.899582311175394 0.9120903240549316
32.14516220356984 0.9200466484305183
31.8414953261671 0.9447874630941644
29.209517255345897 0.8019697905898232
31.698162536372827 0.9383975910937845
31.595624261917266 0.9520505861726497
29.398143514255437 0.8218473553586455
32.81781871174196 0.9659441539405763
30.370282645745014 0.9079748257639177
30.657466580109038 0.9570074913620713
29.240875291941816 0.7270817397278414
29.99752291691161 0.930725211824203
32.21434471429006 0.9659181540198623
31.167528663714208 0.9221121784689176
32.11229228908605 0.9646285689012671
31.82638928424587 0.9711965774033476
31.359131543997893 0.956029310360629
31.076990741105295 0.832430374937349
29.214602777575717 0.7845216029905333
29.653088862084598 0.899629284682963
29.545019787534507 0.9303397391932274
31.636406817492805 0.9452037683331813
29.293316865376816 0.8119668940577197
29.983060960328324 0.8827511212334223
31.684982439812085 0.9374055102062305
31.56110768975106 0.9366529052870636
32.57052916326407 0.9208888246380984
30.384109260124774 0.9524322485674315
31.200735061893457 0.9518965582209605
31.43357549599351 0.9336287483990183
29.23310858387375 0.7830244231554762
29.09295138137424 0.7901707015725303
32.04771001043441 0.9471722892661546
33.53725974586819 0.9722408382443027
31.547604377336604 0.9399993653789105
29.22683172109599 0.785681541962792
29.15102340554299 0.7823013167933612
30.91205384791976 0.9210199080436919
30.950063648149985 0.956225908512592
29.101260906850854 0.7665515302740618
32.36345659595609 0.9410364746382076
29.649146191276078 0.8176730444308178
29.240308148326516 0.7775340617692197
32.52810491539996 0.9427596870213952
32.55957733860133 0.9194954818598784
31.265598395902707 0.950918927687595
32.122138516102005 0.9124182088164016
29.93622979344834 0.9112345678840371
30.979472928579177 0.796825993025033
31.043024065920125 0.9218395451107025
29.99398739642592 0.9184604855076556
29.185834899521073 0.7835799219513041
32.05851090679568 0.9207911360285582
31.00940189110841 0.8726344005590582
31.70971072946535 0.9504781005255954
30.77339687161713 0.9373326002891061
30.486411434463236 0.9196406596424929
32.09953217166013 0.9666250402638266
31.341065363623013 0.9581391542233115
31.47285019345852 0.9484524494935184
30.836500019468417 0.819091745270171
29.95985498982982 0.9356965227873438
30.08568969704512 0.8848129286729903
30.041294667696175 0.9148449541202824
31.273756929353645 0.9536886455738749
32.822305548277356 0.9125413940300329
31.51810068623059 0.9338414850928045
30.341998014977584 0.948712572312158
32.63461325782898 0.8992159377803899
29.843274890920494 0.9198830336796784
30.373829536755256 0.9620869216874856
30.65134370625652 0.794404596958618
31.74819381117734 0.9369132780507221
32.80437505746405 0.9151295697674241
32.63982482029017 0.9012296103431564
29.953857864003183 0.9164689810555329
31.336560014058108 0.9268322456832623
30.06725202280918 0.9398702493596696
30.032541903146406 0.9341563873935631
30.813091521609547 0.9482663165903189
29.35736216011405 0.8288424523312456
31.67519080942336 0.9377703363146985
32.240636016088736 0.9641144724531755
33.18641706273344 0.9764900846199538
31.67071896332959 0.9375657927822674
29.37474723814834 0.8098839456864086
32.30643359429169 0.9762903375565455
29.31295575884796 0.7505943381344584
30.95877042848903 0.9560707575519458
32.56674263196381 0.9199274446327175
30.574097069476288 0.7851175070846995
30.5721735524358 0.9462192988240964
29.430028355562797 0.8206638998670462
29.277980486682914 0.7831481121963496
31.776812642989164 0.9713364113311187
31.817647436432523 0.9712493233317727
29.4056327056666 0.8218755241868465
31.076384053614508 0.9182121808817834
29.24064167732741 0.7975718771967945
29.825104780530992 0.9002324378072244
32.04162817052161 0.9671804634533178
32.50469345250097 0.9724823380790932
30.06696944683548 0.8835411066960375
32.486093420375845 0.9177625514783052
30.539513176503817 0.9364355143717327
31.39661276145446 0.9278590858273708
29.598414355451432 0.8967736927048975
29.362236873557475 0.8148114066473976
32.38438225142905 0.9463995545301921
31.357331596299698 0.9578191629674384
31.99962689679898 0.9506916499843823
32.78540003754002 0.9254754407697389
31.2869849642607 0.9515117961498467
31.101387712519568 0.9167670923134068
29.19143178211548 0.7830045602292768
31.30750093809261 0.9535779210503538
32.79822529352681 0.96630775446633
29.67729944373763 0.9114112428861078
29.44590579691465 0.8196635480623573
32.74338930711397 0.9099618929849901
29.25769089370688 0.7957753822367357
31.614626096496114 0.960457081863451
32.763078625316396 0.9640021634981906
31.13613497284693 0.9589027866479954
31.58711629424438 0.9505366573354862
30.953655046211836 0.8048182877292607
33.13601644360108 0.9706529427389878
30.91657472733307 0.7990047503640257
32.50658760843352 0.9468866458310571
33.01807029917984 0.9672012891862396
29.171070002610108 0.7526419417405279
29.264001426280064 0.7917853318789991
31.364953228007444 0.9567700002835604
31.729369258400485 0.9612550557623509
29.19940111636044 0.7859289745412293
30.806279248274997 0.9481407262733416
29.25527077340302 0.7239348865971702
33.4160009838993 0.9246468626987706
29.888631960012056 0.9089770902985694
29.17345489698491 0.7745622580595148
30.959269151571313 0.8441679389321317
31.092408358134136 0.9161008557997898
32.045071566439496 0.9691686305835208
30.96506220357903 0.8188355333044726
29.79033343141728 0.9119077239222131
32.817063724273986 0.9114928222742046
30.486047665570727 0.9334645755876233
32.04477756715159 0.9196742129663368
30.17018420286981 0.924024773629826
32.27998420236644 0.9684860751159596
29.16920438201099 0.7973875406883056
29.713745268721308 0.8965161840969196
32.471249666588776 0.9744263611740028
31.681516324274458 0.9373376020447057
30.812054331402376 0.8727678455879323
29.80293980009996 0.9047048427039857
30.604190895538714 0.9461818241321501
30.81424233264206 0.9485916654214465
32.52452837002518 0.9743189274303422
31.33946659975637 0.9551952970471639
33.02318260931297 0.9184286216554353
31.465797751665256 0.9258596034075391
33.2786368457313 0.9631027493671839
31.650499094540343 0.9601364487290446
32.60173914273609 0.8981927609277457
29.574649125789655 0.9156766537007136
31.864072723011407 0.9443638406584952
30.646903699700573 0.9465288019841831
31.84555708121789 0.9438914599713898
30.707228792593785 0.9530427680089845
29.19173003794078 0.7862642953168487
29.839247655649576 0.8576840220210258
31.5302805663767 0.9499420131701537
29.19593697008658 0.7827867221691314
30.965684805923566 0.9195347250394662
30.901279707138507 0.944451734677372
34.273738685825556 0.9744223561798396
29.278918068483865 0.7941603116762128
30.501500884693353 0.9413622124815921
31.054407503691106 0.8155185958302037
31.460738486651636 0.9267504462667481
31.45660944217173 0.9345481445307313
30.844061313397653 0.9484133332852851
29.17596498772347 0.7911821700222975
29.259012554774735 0.8088379504401924
31.529707396957683 0.9676676072056708
29.91296897480234 0.9141466219140174
32.09012005973112 0.9104640979830042
29.89687505245978 0.9186370724552789
31.866272670959255 0.9714532916539509
32.68186209693703 0.921577102734306
31.341506495211252 0.9561260709640929
30.102140616335234 0.8672076416254931
30.78694016738246 0.9484550308984852
30.079958376524264 0.9292235773262989
30.294556926400507 0.9294864966172361
33.30094675017109 0.9674269004625705
29.24297433063684 0.7871028677995864
32.88714447650177 0.9637223273168465
32.49361683985066 0.8926244874716887
31.39383175729742 0.9608709019835528
32.798084334488955 0.908537437261725
29.90923017432351 0.878254288561048
33.16435050420563 0.9768273220417238
29.89802811260556 0.9174760887721866
30.689272669859776 0.9450189065774803
31.625276744737537 0.9284434824322741
30.003813228567225 0.9152559544067247
32.522172594867136 0.9734219551488934
31.98321100356331 0.9146322397308413
30.246966385482562 0.9272089542168007
30.29352601978834 0.9343974382638668
31.176726472047015 0.9217092166665674
33.97740007497955 0.9649678401024753
32.69299357555076 0.9656551729202062
29.17860885240382 0.7785858236995172
29.19691304116087 0.8029263436787945
31.615275886177695 0.9534021214077688
32.07053920738971 0.9192430749612435
33.0720596518929 0.9758044602149211
29.254303694640956 0.847674372612848
29.19598149809737 0.8023881507737434
32.66920285616028 0.9043254552478489
32.530454079733836 0.9713610916586967
30.58213739605017 0.8014081274826885
31.43379362539728 0.933616129811666
30.453051849988555 0.7955942066444218
29.086166005065195 0.7990625593329451
32.095928983657736 0.9125086411240001
29.31302737484854 0.8046122089026105
32.90581343683993 0.9693002496286657
31.328934921087335 0.9541757498461356
29.976442826687965 0.923134293955678
31.847168331428186 0.9714754736971849
30.06177127842326 0.9053882966745397
30.9611676166549 0.9558957036713251
31.742881783474466 0.946631080069411
30.950501784552795 0.9556903075586808
32.121835315788296 0.9131548147281315
32.56293839924065 0.9003018332619049
30.42588644827252 0.9340434316132649
32.590778215685596 0.888459558833926
30.697480548231102 0.959675637343685
30.65999499666996 0.9464493662502961
31.645736597990236 0.9569416280229835
32.10731402997188 0.9118594401940054
31.565240034656192 0.945137504285992
32.84343017117382 0.9669718519228065
32.41384944034558 0.9507885393149356
31.475454630456838 0.9433188662776579
32.837427485650366 0.9045832855544826
31.897282327181273 0.9614609228477633
31.721747376593548 0.9625886711863467
29.21924014307116 0.7831108925972365
31.415160210264723 0.927510453814579
29.22335408212277 0.7933871537314378
32.886478935478905 0.9687667729708366
29.141714281936082 0.7843224855093327
29.10615430230528 0.7749691466102953
32.91455980372929 0.9532088131395042
30.527423210533144 0.9332936666664904
32.816701192074525 0.9249309389741517
29.468884070486094 0.9266344235079635
30.70002979484293 0.9547150458832943
32.89098560315809 0.9658487792183605
30.828063679545398 0.9478897988757915
31.707891282295474 0.9627165104030598
31.88590078086538 0.9583348740980671
32.180830363489406 0.9193262826391567
31.691828309673028 0.9384337092678758
32.004785947749724 0.9435170495537181
32.82196360698582 0.893275935645335
29.78341190120096 0.9075164146984532
32.093967389672315 0.9113509278102931
30.82982056405293 0.8031352464216338
30.995700306330896 0.9467952683105564
31.462134670798267 0.9326951436583317
29.283439566139428 0.7671783191009883
30.80402707163087 0.9375306937201204
31.470528301112566 0.9285380128788463
30.478095597763364 0.9331252012007469
30.05160935270816 0.8818497848680464
29.04669198736145 0.7647057632767685
30.609089456239897 0.9525555231227661
29.894217488458416 0.8949224371244172
31.8475057080297 0.9439869232377731
30.490064321423237 0.9137885144168829
31.159716807126323 0.9195041475045577
31.942111328571098 0.9630682309062469
29.845594982629837 0.9008784854594709
29.250981603540957 0.8460833569269592
31.73422440750511 0.9630495858399709
33.06701589044802 0.9068132960088402
30.56272596554136 0.7913689338582064
31.766595625654475 0.971055947697184
30.278754820399307 0.9335671162746902
31.260392927473355 0.9522036303481259
32.482794786402685 0.9429558229188604
31.262533164114114 0.9526496293750096
32.764136363368344 0.9008266970885123
31.304884942990952 0.9253624935406667
31.500994150973973 0.9489333264086248
32.16026184656086 0.9498938494794618
32.89693573773154 0.9679486621980408
29.388007636331555 0.8998983222194997
31.383467745682758 0.9261092069610447
31.882199138466593 0.9634741835695777
33.07294986401415 0.9264627630036709
30.32623288350386 0.9131636051269445
30.094603312138418 0.9280411654197227
31.607588481067147 0.9535376720146501
28.987322257828975 0.7830789591022149
31.19743372883493 0.9518986148395892
31.346487062498156 0.932611147285557
29.11957535577367 0.7470577819021526
29.15246746884074 0.7393283405215546
30.43189729756374 0.9090607230483925
33.922940943922434 0.9675057018761575
31.44375369931719 0.9354245711272784
31.785858556644083 0.9709425493299819
32.21624987505001 0.9641138563885558
32.2254898099287 0.9636971163508561
31.782353395719998 0.9464392659152147
33.23132473720217 0.9615509144493831
31.684844544820464 0.9547795541228196
29.38523321399076 0.743729233476468
32.58875770597107 0.920129076498321
29.14545054495892 0.7287520008205707
30.712588140458855 0.8114221468245633
33.630302862662724 0.9750143697107938
30.65233045236782 0.7914720547556714
29.41894101464146 0.7792452216363045
31.75332161496783 0.9433120298098493
33.06505348804284 0.9251186309171827
32.88364757745201 0.9686764982218152
29.27682148312659 0.7973891849228011
29.24988502834806 0.8090198295729492
30.07513185152641 0.9072525836791926
31.24475155107424 0.9573380785751711
31.667121072019846 0.9592343363404706
31.437647829323957 0.9424657762747263
32.94899965172228 0.9111369522480438
31.26938642912063 0.9239308212669198
33.1482987785744 0.9767096330574996
31.301182879927666 0.9268745589234388
32.33374258900258 0.9565609135563492
31.029268491217927 0.8870156074993318
30.92935745700119 0.9554845755563486
32.70495804697338 0.9071063140315612
33.0792676794056 0.965237055078521
29.859310511056787 0.8957410525973366
29.342218090857777 0.7965475641606955
31.158880214901426 0.9223420782538951
32.84205885785133 0.9677225322097628
29.107391476709687 0.751238588450533
32.115326091520934 0.9195491808568714
31.08352841782633 0.9228734503126885
29.164313202140093 0.7489635496188145
29.153764897853975 0.7819500400016239
31.67557064263764 0.9472896000996953
32.51418856810834 0.8843853849285214
29.212722396766928 0.7809889344320274
30.680629704204378 0.8227079105228469
29.222327618798886 0.7738917267868293
29.457886590247433 0.8337703050032402
30.264587987117196 0.9077514926875521
29.07653610984021 0.7484258590249426
31.241753897749067 0.921980747565811
29.79465151188294 0.9134851922040957
32.05357943432492 0.9518377189764698
29.110990582492683 0.7915525405388736
31.503373371676147 0.943199727179756
31.611424435642736 0.948647483573204
32.54751464735658 0.9730691787746228
35.09872638059968 0.9799372703382436
30.50053820516387 0.938156572714752
31.742481584894378 0.9494114983626322
29.035303215259447 0.7141096663395442
30.181461367792913 0.9140950057124013
31.015202043297933 0.9449668307474373
29.940425346685128 0.8796747830237518
29.21506301035402 0.7780241141011527
29.149392411924822 0.7324211025707736
32.664630827380606 0.8955665230643957
31.999767849143787 0.9629673387762498
32.48357826233982 0.8872801384120794
30.258415133587157 0.9254416631828011
31.40579386699201 0.9626825869354608
32.82865296150915 0.9671748560579226
31.324886046938136 0.9260131451020438
30.390866458629556 0.9156210155353004
33.58665767101251 0.9523841228748405
30.635738462252444 0.7943709446329814
32.94578840431688 0.9687635994256907
30.854794261386054 0.8079908467811389
29.26563561587208 0.8163799275497676
30.996891979875954 0.7958309705712335
31.203865048677564 0.8815971679152016
29.300114172756366 0.7978746356388594
29.733847748286184 0.9165736236972682
31.27742182623484 0.954418424945463
31.44102038821962 0.9342770928403729
30.703765700220423 0.7913680923961122
30.87709089802996 0.9556139017752613
30.6187223727364 0.9522388427816795
31.375682749893457 0.9339205144702681
31.852979977863967 0.9450110467243943
30.00837978796291 0.8866392588971072
31.246519768080148 0.9325262078299655
31.66772975628551 0.9371990568005698
29.418558355716613 0.8185745034164953
31.628952603804883 0.9547099512672358
33.533791483303425 0.9599659997387299
29.96901461284891 0.9009422019203494
30.47388963624316 0.9131069860014993
29.3489313686335 0.8297613476643484
31.36262638286672 0.9316058718690872
29.602198799593676 0.9187830209414027
31.026936356564082 0.9516844380363026
30.23144713483241 0.9538346755826186
33.29996113954605 0.9630260960087385
29.302155085936814 0.8185050139927927
29.17068897645529 0.7906709710633997
31.74397989472126 0.9472120782162076
30.1479743209299 0.9108415057698828
32.19590218087595 0.9638073039186368
30.920705314368263 0.9556274371166247
30.91092124815888 0.9131277596803792
34.68868905616763 0.9800966902188023
32.98979780198543 0.9704939458886978
32.29399891418752 0.964384416077923
31.44623227800771 0.9340612588554611
29.25685004603201 0.7827563485663973
32.531415342711895 0.8982608511339397
31.9900056267674 0.9475129080690424
32.25746322332664 0.9641904738191347
32.59578010895113 0.9219719943194068
30.509812803313032 0.8026893714274146
33.26526444034701 0.9644044189605927
30.648360845436706 0.9561994814301632
31.550002687688192 0.9454429608985891
31.421188220587126 0.933919636122164
32.22377224592889 0.9683939777750764
33.64460634104243 0.9597885115404157
29.286530739110454 0.8174900756888371
30.33876879945747 0.9437459468530238
31.425364817177343 0.9267356666492311
31.498400405065127 0.9362642627080193
30.650773246265175 0.8007562567515399
31.861412342565725 0.9401756416023599
29.301233228255747 0.8683455998259276
32.3185447776435 0.9734108303356876
31.78482963239082 0.9557172215513158
29.32281706465204 0.835752553425535
29.642227663941334 0.8437952000276941
30.406367510157118 0.9161649967774987
31.979175073625182 0.9166605122207655
33.56954647561282 0.9592777298735407
33.135856849838234 0.9761915268472883
30.962036859142884 0.9559370925631963
33.18566151568066 0.9733966867983836
32.23610972099448 0.9649156356250601
32.80430426806666 0.9247972356698666
31.247181718129614 0.9230868093791837
31.70727987181074 0.9606668467054573
31.757308611207034 0.9387388667113112
31.667787147232637 0.9484955529931756
29.174390517976004 0.7853054350268015
29.467072143208433 0.7673168256777955
32.869458455989296 0.917521540991897
31.082798235545827 0.8341208081346908
29.17603546989774 0.7833872885834706
29.204752740549097 0.7767439042216693
33.49847048759323 0.9731232183361226
30.453760746070433 0.9073280084629469
30.80951046467299 0.947951297594864
29.11232257832662 0.7900544186150338
31.571506323648364 0.9509919628455361
32.17436732224805 0.9656986798970538
33.59768366412113 0.9739451290238516
29.928900446702755 0.9202985205683825
29.493713693793502 0.8256820173654198
29.22376234776057 0.7915237064335421
33.058892211706535 0.9147643833494159
32.13805812869452 0.9677677702234941
29.437336252591543 0.8206121310124045
29.750370360736397 0.8874737635720598
33.435935457109686 0.9702866322115251
30.546123252403603 0.9403979614515614
31.410673708244513 0.9345981770751776
31.139046877019698 0.8595895842778477
29.046276759111368 0.7455121995921243
32.777799709972086 0.9074263219463993
29.67455912378922 0.8924748994534659
33.48981258963593 0.9713977448853738
31.654515229126595 0.9606407101141755
34.04196811636639 0.9640456620953631
32.18240906044055 0.9216335581474214
32.95806307622132 0.970330904016093
29.415604833325098 0.8299213576415962
30.23337239551236 0.9270997394537486
29.078536758976625 0.7418821846496418
31.022831659316907 0.9200247704101042
29.250916363060874 0.7903202923088928
30.801134791072382 0.9366599740274514
30.576258910356657 0.915121995701051
31.788573489437432 0.9482825736537999
30.721731403970143 0.7935729504133157
30.755526808928806 0.9210690269250994
33.05201056429254 0.9160260790387924
30.797463303028643 0.9474253753107895
30.134479856860267 0.9325781111500021
32.801119520274284 0.924844342549564
32.541711909753246 0.9173887524846196
32.48362378142324 0.9153365923817922
31.632877848011923 0.9520626025900291
31.458670093774117 0.934524467789934
32.01139004327073 0.9654323465744525
32.206849226897276 0.9517819277263271
31.036511068134516 0.9135337563827161
31.40426091819133 0.9341689557923906
32.44695891381891 0.9576122495356442
32.51623817497063 0.9738657604081101
31.823784299640923 0.9340458008666908
31.369867748172254 0.9560958691474852
29.11843419606673 0.8141852461150869
31.405252978693383 0.9344563857209879
29.96940100833379 0.8834427149765983
30.514985028062434 0.9061640024357064
29.08331782587062 0.7875241224092759
29.024348733306603 0.7412298980357591
30.582617290763523 0.9136190236331381
29.631242058327413 0.900308402492445
32.73740278066534 0.9099799005466706
30.05589122527576 0.9184929304747652
29.203711467849033 0.776628294150189
32.22457083236232 0.9738008363959165
31.14259979478888 0.9221233240092145
31.18631289037441 0.9212115039400796
32.733123083775155 0.9017946446397285
29.787584867981074 0.8966147814136894
31.70133295508199 0.9366801177110267
32.58439337716897 0.9745545418342703
29.95096369932666 0.9211136951734572
29.942452476890153 0.9091278809542449
29.307640162954808 0.8225380992265054
33.05924844043872 0.9262694260505338
31.037078192042156 0.9208153168706346
30.806333452362857 0.9478337471403978
30.412873982302635 0.9188061454530708
34.19305456749256 0.9721588034914014
29.132823796841443 0.777260964546315
30.54463328435949 0.9412518087624615
29.216072357406084 0.8068681909894042
31.699982134148613 0.9367022808362145
30.99738763998026 0.956634076433597
30.265515162603958 0.9219524856101855
29.3552050323136 0.7658162879564415
30.804851676842475 0.8113055487008446
31.44507398206911 0.9345893238384063
30.87267883822272 0.9384463767352568
29.795912887379416 0.8992248651261067
30.699991350285107 0.7991566331100318
31.024658301600162 0.9432352140526236
32.12748612290402 0.9557373436339769
30.738787832990017 0.8135987655918511
31.322801825744023 0.9549339867259389
31.170414832187102 0.9448532833168287
32.244003093619924 0.9515622793638728
30.659916768249886 0.960438504365524
29.14495073588767 0.7921007307578307
31.189880153002775 0.9211782287705376
29.337971954507708 0.8313651754125495
32.99091004591125 0.9702716237328447
29.91473352743259 0.8965081488537326
32.253792701869415 0.9672756778206267
31.54220087876802 0.9432980044810982
30.009401515956192 0.9088577140907573
31.675170785124713 0.9381639130681368
32.73177379877873 0.9055944873127928
29.204917684959653 0.7974649818718433
30.842098972939034 0.9413950978556841
32.53592439659376 0.9003474605388727
31.722318382553922 0.9587254460988236
30.728622348945073 0.7903172077692159
30.511793143139542 0.9046901364392544
31.39906487717174 0.9391207672202418
31.039748349815987 0.9497634311027742
29.2265870985168 0.7652165009287134
30.09009567578968 0.9217608335602417
30.14354285485435 0.9123402382277092
30.062355600343427 0.8888712545020817
29.86941984894406 0.9132892472824702
33.12043154362052 0.9567001931547359
33.09524721101431 0.9265805823736973
32.05490069037648 0.9530109301347705
32.158350400310226 0.9197903363370042
29.294499881368456 0.7915435242932416
29.471200109095452 0.9111943029104903
32.64510563532808 0.9683583872690424
30.42051095695749 0.9172496867960452
31.623464236543665 0.9458520740934994
31.246794251479592 0.9234133955555132
31.677637375247336 0.9384898599918878
31.519071427734616 0.943719274779223
32.65136003503573 0.8955907423890924
29.20366978557023 0.7351827912633715
31.324234787930045 0.9552640750479952
31.759435694499953 0.947099121947048
31.660078406066706 0.9545338348520273
31.74294247254492 0.9628847784370558
32.16307024470757 0.9218992973632367
30.001808011115315 0.885363899042681
31.145530904560992 0.9190054891353152
30.452836376312582 0.9117793953179105
32.020256613159454 0.9166426894715785
32.79256000260078 0.9674269039483475
30.745636036758786 0.9363318562329054
29.183015052453364 0.720665382116555
29.767482892395662 0.8939121537710046
30.642489106725925 0.9467347238958086
30.062499520896246 0.9132267593236143
29.10195340092941 0.7616534422435438
32.602136942416 0.9113111613090382
30.20425607692722 0.9422825355208936
29.235540691671677 0.809306685314106
32.499541103735325 0.9165843562979776
29.154532153496618 0.7901047435444778
31.519561242327136 0.9432176138091332
32.09177987371457 0.91020470836982
29.630983649134564 0.9352479515028205
31.558119706052455 0.9450730807451284
29.96920104655895 0.9140578850629417
29.868533004882458 0.8737210691266435
30.79981609830176 0.9481281458893839
29.054651409995667 0.760305151964792
29.153169622550653 0.810487750733458
31.01959335004254 0.9544320782952379
31.29499679724158 0.9539620861321743
31.701978300678523 0.9542299325732071
33.21693792924574 0.9610575416193242
32.81300954013685 0.9664586830722567
31.231795689983798 0.9338938020083883
29.211107260684955 0.8012874760264416
29.86070458959898 0.9225864136047977
30.27558420550458 0.9019234581964021
30.028027239848385 0.8874728983112837
32.04578836103147 0.9209220457699194
34.105875063301305 0.9626016139239838
32.00263417626685 0.9595428926818208
29.19124620294818 0.8198888514021411
29.12272428827146 0.752239939877567
34.648864476625135 0.9799013623382216
32.110875977963445 0.9490327943763736
30.219318869395075 0.9501178418592142
33.21427683062335 0.9100558416232606
32.993405761525715 0.9187377359966149
29.786030719693105 0.9021426068351978
29.931849769029284 0.8801078626945558
30.14727863154304 0.9242470441458496
29.144082925497656 0.7657389608875772
29.647384242347936 0.7347014814807751
29.569732677568034 0.8271733918131109
32.124387226201804 0.9534642973048897
32.959616945820244 0.9695833989629683
30.454795044814137 0.9086305472493589
32.80113458852198 0.9090410722390604
29.22859760273106 0.8531595412846139
31.006047882557336 0.9153210432584118
29.804707649034086 0.9063322073515496
31.33568118932225 0.9530578325144311
29.338375675742725 0.7791455481924401
30.472793481728047 0.9644647425567799
32.64258185888448 0.9012081425425813
29.09951676826953 0.7569674440929077
31.379511651129967 0.9293183969220725
30.851159965520857 0.9485433579115697
29.999239828629985 0.938143744761016
30.88419317936873 0.9407134689699639
31.283615371878657 0.9239659312432126
32.443808207328885 0.9466073929891385
29.6100506051338 0.8993599911868821
31.141775919293888 0.9212710756406038
29.218174664078514 0.7953125538502297
31.937335931875012 0.9502168201665513
30.591807290114854 0.7825468564957964
31.940810549301247 0.9619775478236566
33.19686411817059 0.977141754725149
31.781979665566425 0.9429647810904629
30.626075634577607 0.9460340567064747
32.539129666114064 0.8858484230541904
29.644151204427892 0.8757283820485309
31.829575426462057 0.959404066124741
31.52212494557859 0.9254192886027014
32.06727068862914 0.9192398642711711
31.259652062361244 0.9243570742612414
32.7512726152044 0.9225813417186449
32.26575481017036 0.9502295355042584
29.787339362126705 0.9168298090152116
29.819914129989872 0.9217945671574937
29.279730455852132 0.7898361522611412
30.531965322702494 0.9393585402629775
30.660538799826213 0.9557399667464983
32.386651502119406 0.9418074074300145
32.76987396450402 0.9564637326639677
30.45029342468669 0.9140389848742789
29.0694435969464 0.7815469533364706
30.396042727608172 0.9243886534474406
32.81085654594121 0.9633804639445299
29.20375113951227 0.7704060730899598
32.09099147183138 0.9683427455764663
29.31542306677812 0.816867631862299
32.311788405821325 0.9524425099419099
29.278608184697298 0.7986909611354933
32.0959691924378 0.9126103499805669
30.18695917234772 0.9042123712202805
29.102296474610966 0.7831261416753864
32.50533074140681 0.9737143776500035
29.039982848544202 0.807090009347167
29.920913172889982 0.9023999360497469
32.59026223452735 0.9446804064220701
32.845842958638805 0.9080518626757317
31.79563090391374 0.9710079233018751
31.09647393574359 0.8158078313958589
31.771140268909388 0.9712381471010991
30.733396076178483 0.9260900660993782
30.629875882563752 0.9480339393724305
31.570594731264507 0.9554829851900493
31.039906552318275 0.8077265634412094
32.658778548441276 0.9681820472805214
31.36603981663958 0.9237102361195548
34.832128536137446 0.9796120389347094
33.46938868177458 0.9695379863626484
31.15601287590438 0.9523433981696288
32.963434098639205 0.9135265325907312
29.13322166111195 0.73300404343838
32.62715182815823 0.8921343944495307
31.20640696196991 0.9214867446452313
29.234838720290625 0.7889111994468138
30.099070696703492 0.8929286118891051
29.129005829766264 0.7597748354237293
31.653728738209274 0.9510734185444664
33.07293114896873 0.9595280986312511
30.001763192723185 0.9053890187744867
29.4066756493191 0.8162056192568764
32.2845096558798 0.9518807921729907
33.19503190293323 0.9643540605609506
31.6889528443974 0.9610260475292571
29.509200969201515 0.82914985263128
30.788050365971316 0.8156778727856766
34.2009654972353 0.9727149030191354
30.056850767524182 0.8998277476636578
29.675734732444674 0.831064870929337
33.255846954114354 0.9173675274927467
29.7356662118497 0.8915856398091406
32.02148976674485 0.9463989156173647
32.65646623934848 0.961602139876994
29.033594677273044 0.7655296941300388
30.87156048556266 0.9483784307624611
31.237420725287656 0.921941853615619
30.26394057558825 0.90713373022278
33.07993040524205 0.9752927806328087
32.071244296517214 0.9712297870141647
33.072624144617414 0.925174290670072
32.291070720871524 0.9432085065230282
30.086078550245364 0.9175924962315043
33.925286499924745 0.9636614297575532
30.831714861714353 0.9401377921013371
29.28011354168452 0.8073311868118545
30.470367790984834 0.9238966061743021
30.93746899188851 0.9423318798352974
33.51336583577116 0.9720510080448985
30.895825311653624 0.8292395114844394
32.30336823924461 0.9665223272433906
30.176720220274763 0.9512743510721638
30.982464738569146 0.9509955826810402
33.0713767449647 0.9701803374688491
29.886143297441087 0.9139260613503788
30.880160358886137 0.8207570024990735
31.02566966502318 0.8313543427475962
31.25868478374047 0.9244329955287638
29.19785409521511 0.7785383728532708
31.074614844854217 0.9229967115149433
31.20494858553851 0.9483742806328282
30.895614241767827 0.8280424265785741
31.555219231034215 0.9505478684993195
30.745000915462025 0.8633068946731405
30.985104824928214 0.9565190625644155
30.099440302689764 0.8875710600032176
32.67331310392041 0.9028043132396653
31.28901305780768 0.9255094515330665
33.47034661075281 0.9709759548080178
32.79277764933268 0.9240697706260491
30.531696504240273 0.9385532488298455
30.593499836590553 0.7868650456060347
31.44006632316243 0.9347432914416605
32.61961207033015 0.9499807566062344
31.6377357637098 0.9517641731596905
29.05485350185262 0.7634981084943543
34.49567536225176 0.9737012838397933
29.862338033940127 0.9180143278887504
29.585055789222782 0.8996924744853863
33.55796774785455 0.9566862520052124
31.057507151983117 0.8037571290034906
32.425357933772915 0.9561759033094172
31.982757181506187 0.9501094471517733
30.094129985672183 0.8910122314213539
30.26594053441061 0.913750885677523
33.073233718757486 0.9258196492834386
29.214729790351534 0.8002189444675868
32.230755960301394 0.9565320325970744
32.68433465254194 0.9048418719706719
30.636665472221768 0.9471968587241395
29.136058129530646 0.7736689120300453
31.699921392814375 0.9495207117341455
32.09375790651833 0.9589504362224079
31.08372655484232 0.8176498635710274
32.083569456892164 0.9610020870038538
29.929505837743232 0.9070179366685235
31.1798907779297 0.9601957493629143
29.364983168059315 0.8383351270660988
32.113837687834284 0.9489487799734219
29.205850049528784 0.80492565564226
32.13352580949596 0.9545903141908403
32.70474557576717 0.9202223907250922
32.25749276841758 0.9669247910066039
31.700726690544194 0.9624141620853452
31.582795831731705 0.9454737678033992
32.11631197073113 0.9519545644477415
31.314415483047902 0.9227524724673352
32.51840561836438 0.95714733382749
33.02838518390089 0.9743968978303581
31.309691243419064 0.9556904873931428
31.72101063192212 0.9550289677065346
29.25782731775835 0.7198103637771416
30.353874781681558 0.9221789232405323
32.52281127629946 0.9159023485051728
31.869510510337875 0.9462794191681331
31.67426300623542 0.9379571490319746
29.300109686645737 0.8210204533599557
30.91448203611079 0.9553456222160449
33.03569818323313 0.96971201953673
34.49409707162038 0.9768712064079993
32.609829432983965 0.8877225040498079
31.341174221762486 0.9422829483936475
30.62577074376979 0.946487955348811
29.62185680624442 0.9020730734754964
32.51975493542942 0.9158804678838214
31.69177805695448 0.9624353337861206
32.309315357653155 0.9697878944639794
30.845565067746005 0.9415355425060495
31.32434113965958 0.9304337733143345
31.02838541068529 0.9249030456368893
32.03362242096798 0.9193329095346202
31.11753482145655 0.9184808336796987
31.342349405446896 0.9272833149430844
30.05230099676551 0.8893000005477925
29.396774437626103 0.8742205507763723
30.94881043397798 0.7948805120261133
31.951982878667764 0.9139835084257365
30.614295589738404 0.9465612274584622
34.21683187882331 0.9676432734233202
33.573087419803215 0.9728590099704344
31.343047966385406 0.9374034601606606
31.9903383094925 0.957233174127548
30.907109258527605 0.8406812663573875
30.015927053130174 0.8864444101274962
32.7181376424836 0.9582014342911349
32.23768658648807 0.9223756448972289
33.038126506326705 0.9677337513488534
29.26583052113546 0.8154602260650282
31.48798891374299 0.963606572715721
30.609933966947732 0.946378126557631
31.070217030150694 0.9521073144110822
31.415177245668993 0.96102110197592
32.466980080478336 0.89552294985814
31.36678311202361 0.9317814159672801
32.03701173185905 0.9578541342263237
32.76222357702071 0.9245513649221209
30.54388525619977 0.8206533840626503
29.60689096749619 0.8042645933282526
33.22872409127386 0.9730466048435168
32.765705809189825 0.9657360794657067
30.907395312353188 0.9561503573897613
30.60656296957772 0.9465994156939574
31.40345596497875 0.960588900896267
32.15725388291181 0.9200019875341705
30.67426455081285 0.8138377378157846
33.29538161933241 0.9664464939957005
29.459453655688918 0.8240838449331929
29.18409359654248 0.7816095659765459
31.65668548704067 0.9457859771712281
32.99642081521003 0.9691109556024449
29.89127239982103 0.7775918384702301
31.243165917150524 0.9538247583986355
33.46826550821456 0.9712026019104802
34.58504775076807 0.9801913954111141
31.097164294940974 0.949442923228971
30.069264263340326 0.8903201820923091
29.97484232358221 0.9189087096803256
32.95793679449013 0.9717749585972563
35.15678457907471 0.9804713795407491
32.99335588565641 0.9171528688063378
29.375043139300317 0.8342819872587268
32.03282732133843 0.9610343526382238
29.310351014022427 0.8138251866315296
30.275017507388846 0.9304279367053235
33.64117473326699 0.955221620922221
31.58492041301837 0.9340694537737912
31.0415028505809 0.9158256055130519
30.92304925549584 0.9554512964653323
31.851397514261667 0.9448780501941519
30.54883434309831 0.9414175818649286
31.337440510703768 0.925306843457223
29.729473911458136 0.8942178384544113
33.088123528870625 0.9696450689851731
30.04491774241999 0.8891585015103315
32.39356431088029 0.8884672945645279
30.220657851446834 0.9145525170086259
29.390849681069962 0.8307485010429503
31.503847757775823 0.9508121843051135
31.679694422657484 0.9490369138057133
29.90064658430274 0.9027309649024045
30.131399676055473 0.9284205076851999
30.595250216551495 0.8117550168275228
30.32276130207834 0.9375726042017278
31.615343418917696 0.9451199476759963
29.898534388992726 0.9013994195487406
31.70906390841828 0.9553636418167538
32.74693913808113 0.9665878175323667
30.43015987292 0.9163154411067718
33.901191022384275 0.9619480075631825
31.48990110142764 0.9475187463487088
30.90331494217365 0.8033070627968868
29.8570891182105 0.9031463831774204
31.703342420589316 0.9381886247706491
32.80231970251783 0.9049259365408288
31.687695588714465 0.9365676309939621
31.058523392781574 0.864601088305719
31.461266345834336 0.9415204523614135
31.75984305712589 0.9473174029720199
29.14733630437347 0.7714630996602535
30.833285649333796 0.9479418501979017
30.785541305342704 0.8322485774894597
31.994508728446988 0.9505252862850573
29.339902084927655 0.7776903119025587
31.60889654961675 0.9564704265317325
32.750683425247445 0.9657407318804622
31.021138858101153 0.7933847497984863
32.63634612371955 0.8876207232369843
32.2250033544205 0.968130046740672
29.89157311609249 0.9109949880921576
31.36839015978274 0.9391753172213454
31.99019002291689 0.9528100293292747
31.831427165755276 0.9712355615802655
31.362387756321425 0.9544804692418942
31.991501162890085 0.9548880832460709
31.078820039769624 0.911236678549786
30.519685673738785 0.9080672198589559
30.647376275277086 0.9508058755425164
30.202567552910097 0.9043560502469296
31.589122034198187 0.9474401678637859
32.352231168603865 0.9571049983963779
32.976071685549336 0.9124755182299126
31.649160779844948 0.9534057542270435
29.718959522787674 0.906242801786009
29.492540611170035 0.8274221346657535
32.62884350177673 0.9030868147248744
32.761642854188615 0.9069115924625214
32.70939816606112 0.9118954434409704
29.996450219093134 0.9283958227876397
30.10228923402174 0.9274824610351002
33.15400579153533 0.9085899104069618
29.848883796301266 0.9008133803757629
33.44058470499207 0.9704159847705355
33.127890496487296 0.9705867551780211
32.982553330426086 0.9702695262988784
30.96624961362742 0.942426368546136
32.84942423515017 0.9681344537869011
32.61074272781296 0.9488100387134901
29.44922820267975 0.8197874278526013
29.353565559381252 0.8154141218342047
33.13929687437595 0.9766013138810055
31.701136380941286 0.9382100499916244
32.58526987480455 0.9028076365209686
31.630069904560973 0.9438856690988549
29.742989708383707 0.9083619637660011
32.725243007654754 0.9201104247322198
31.81219616195829 0.9587936863909415
30.887456778565934 0.9396082854005158
29.555414288178117 0.9142463987660004
31.65449401418003 0.9604451158521914
31.33600647115417 0.9272014144621312
32.88459556745052 0.9687593556552477
30.944222318989667 0.9563052313867928
32.57988426211553 0.8989241334293772
32.187607935508666 0.9594833217993015
30.84283511334256 0.8272982285221622
29.675492615406544 0.9084204266407704
29.305485500982513 0.8239360262464156
29.099684010971085 0.7469692190312135
31.27608848398214 0.9250723800193945
33.166898759267376 0.9431584918676321
31.292845829902227 0.9242998903888464
32.12500295991073 0.912649771960391
31.50769319054082 0.9383658324585004
32.200799365642204 0.9201790977487554
32.481815445753654 0.9712761071753039
30.313908679928907 0.9029324479844486
30.29321212008192 0.8975076304202294
32.03969761841877 0.9169363676895519
32.680992352790476 0.9041049565445662
31.059031462242473 0.8094591710984312
30.853857199790852 0.9419357517719098
30.668220930587054 0.9471268868692816
29.193039798477955 0.7890750519964477
30.213299706931778 0.9519673134916502
32.003799281997026 0.9491937197212359
31.28382816372651 0.9551266451531822
30.579402180160894 0.9449431172680329
29.711455904919617 0.9056015647216941
32.08825379334214 0.9521914235525899
31.73136818430664 0.962802436184276
32.77832222329288 0.9071859696870765
29.972579826886964 0.9134377099323348
30.065140841984245 0.910309395442398
33.70990997598239 0.9533291719231827
30.10109571453033 0.892794731845036
29.99466663360693 0.8839673131490293
32.84318292244629 0.9521026435353738
32.0761930462693 0.9493451102496551
30.82864515354941 0.9474544622429424
31.445505588111335 0.9581806758899535
32.79535807460234 0.963840874839366
31.277888076958185 0.9260673181981111
32.45721665149067 0.9568357231884845
31.942626528383393 0.9607646968398755
29.170400144617332 0.8173592713974768
31.282811225000433 0.9540922510873688
32.565997537506874 0.9616615324938924
31.67603643585318 0.9575569724685142
29.60676499086626 0.8996511873176984
30.783457139372228 0.9305606725572807
29.267302885532462 0.8077057688139091
31.33889355615857 0.9558833003194435
29.092689592377425 0.7487919290547751
31.223071117915467 0.9224015361875422
30.99071175619134 0.9404604476603671
33.36157214788421 0.9701226778572389
32.35781927937524 0.96273473027958
31.831910984063846 0.9713343623700141
29.313904297921944 0.8038064717696536
32.019625483114666 0.9145139093721337
31.667627873101583 0.9386273153975977
31.643951446217077 0.9602695174227613
34.463205265659255 0.9770962062924943
29.051322487685255 0.7550006558269969
30.9590585361008 0.9562398808070738
29.099581915407803 0.7315655929344022
31.902044486675774 0.9659302319197005
31.767894081296973 0.9578057666165776
30.63257652329699 0.9458987009726775
29.56049693586181 0.9008355597020266
30.01861716397642 0.8844510504960867
31.02907644140794 0.8349636025449302
31.137848662013518 0.9196224348164806
31.262418036058097 0.9594911477238874
29.95487162520486 0.9307954940012697
32.686726264355606 0.9015699487134954
30.106067314669055 0.9045425470941092
32.799183266935074 0.9264592147601504
29.417819066577273 0.8210278427848839
29.331614289525582 0.8643619805556284
31.275806250983376 0.9236856182670651
30.695907844935792 0.923347352539626
31.832714341944147 0.9510560644075803
32.00484030449636 0.9667003423517684
31.816948968305972 0.971109686456343
30.665644716388595 0.9491138468026079
31.857386933659374 0.94450615230336
30.47812060458672 0.9319535911060128
29.327640155846446 0.816678144710434
31.584608839715926 0.9454502140332208
32.01751562220143 0.960295444250402
32.03937799196437 0.955930500850692
32.73424773955648 0.9079899430447502
30.110278451078628 0.925293842721538
29.272101270389452 0.8026369301143729
30.74088687048571 0.9309157804810515
31.159977827056068 0.9228881364564618
32.52810177092699 0.971856266077338
32.118051567382835 0.9202236131973045
29.219055573411676 0.7307720752930562
32.84612292369477 0.9680869828548666
31.660501661264814 0.9375478538058707
29.377885844228125 0.8205842593885142
30.16559679023443 0.9152520384954402
29.080411450147842 0.7552895063690318
31.435814745630108 0.9259175523056122
31.178440989053403 0.961153970427253
30.138671033119625 0.9447630493736954
29.70261707279509 0.8450329427760124
32.1782646630559 0.9176822112838378
32.70548538073677 0.9069912328339023
28.996601528000237 0.7851783239873945
33.015408663322155 0.9164798182129757
32.96004196955371 0.9472543011029069
29.329223953404213 0.8297924746232502
31.822461677978275 0.9600019566986912
34.00310724380863 0.967360154706169
31.951264534841318 0.9582542281798259
30.901234304349998 0.8316667061560593
31.135273818305308 0.9195022173151185
31.163780170211982 0.9194566906773847
30.922190496307287 0.8174935461933441
31.007045782526216 0.9436828406187568
31.477005206316306 0.9420137080153623
30.380131362635552 0.9581389978488036
29.34285948471665 0.8377707928340526
31.134970073159085 0.951600779681008
30.87638654816243 0.9403071780464307
30.562032552625702 0.9359678319608362
31.234693966985937 0.9222496365043829
32.714088156222935 0.9213155405440251
29.166092625635265 0.7613680099081259
30.778603663983365 0.937968690985411
32.79094825239881 0.9246796379263721
30.86502230514819 0.8002652165258993
33.14567395728667 0.952292937709505
29.323496004281534 0.7123989112022563
31.510684918193466 0.928783681837276
32.217515445631506 0.9662381084706712
32.97796899531561 0.9011443933303523
31.34477256164336 0.9402899634239784
30.271987325370787 0.9043478344611333
32.616418672641245 0.9070315881688106
29.20955917684924 0.7808599339946908
30.086793853305007 0.9210203282718923
29.769983397225722 0.8958750421926047
29.5880691461699 0.9118610333317066
31.37029405166183 0.9269566772975445
30.793372570163868 0.9475069632574067
31.891938685972455 0.9555126296959775
31.348142630640773 0.9559433996775569
31.615399166074482 0.9461554169311662
32.67855221722616 0.9025883047441184
29.347902765631186 0.8744904850463632
32.45951500469009 0.9724494883280956
31.46178381463246 0.9337977064738024
29.38712134466617 0.841292415492292
33.167540383110634 0.9759308082747034
30.51130322324361 0.9625058893852142
32.682296627071466 0.9633365703362243
31.71759588447113 0.941133230725795
33.07712845690253 0.9153070493361845
29.298842359055918 0.8037834443639313
33.05258044010195 0.9750683444580018
29.81653980461616 0.9021843148212915
32.0535441969355 0.9655944279996599
29.311906588597118 0.7795103675425372
30.704151011926193 0.9351643098237832
30.32514614817037 0.9374128566258403
30.902820169859908 0.8664194836266065
30.915451522534173 0.8800789633082025
31.2419731253135 0.8912069427036016
31.239759727466332 0.9520195088591996
32.51048644428909 0.9523871593877417
29.566980464585004 0.9068601688488271
31.560952594865043 0.9419356908890869
32.154406324445134 0.9121395369974129
33.02442901973539 0.9147291151010838
30.780390851169738 0.8162296180596517
29.533956674993902 0.841259915886251
29.107953863953014 0.7475664763942218
30.752575753628058 0.9250453512450383
32.144479195520276 0.9113467319622036
30.51707211905874 0.9337199016704706
31.551925429361457 0.9453012516306386
31.77588138697149 0.9708313259867645
30.65420147099813 0.7923150794446
32.57878813637502 0.9747667770596331
29.350242519609722 0.8124282548651928
30.749774681423435 0.789109450950329
30.07198115144185 0.8890394239911347
29.138027149029032 0.823670334019563
30.491437313509493 0.8111959340523879
30.737770317284326 0.9354816187429232
32.71834050340823 0.9124192457756498
29.311490139969393 0.8986352673568688
30.482006992558766 0.9134400072645223
30.89566768304529 0.9415195872101799
29.292482900257216 0.8343358667303391
30.608163008178614 0.9183425009598216
30.04868308617631 0.9183178530519428
32.12991260910254 0.9122327214800063
34.38269211543974 0.9762733489507127
29.436265090279477 0.8256534998827321
29.901219927623867 0.8898456124773932
30.13104567336679 0.9399640268493895
32.61881410277682 0.9477127864906144
29.3134734078835 0.7777682288086946
31.665106058954386 0.9585373553073905
31.772606882391976 0.9710508228477235
30.62936154427383 0.9464084106068396
32.719342627553985 0.9204857926847699
30.850241850343867 0.9403310669653755
32.6295519802746 0.9409007052341726
30.101815743641506 0.9365674856911409
29.157723728378954 0.7723851324272206
31.233777744855885 0.9230965112339957
32.61652176528801 0.9219249465336943
30.854440533638765 0.8017124155521285
31.22298584364495 0.8937046979256245
31.965230702232184 0.9167455167669657
30.59564465936313 0.7861881228846476
33.04462137116527 0.9249855361159607
31.154638646321846 0.921440449551649
31.37505668260581 0.9249349687070137
33.63946857629745 0.9748622451627477
32.20250239642126 0.9730257496591601
32.02658557011136 0.9660369067210421
31.959888719266672 0.9597655026651563
32.8261398255041 0.9086750949373925
32.6070718874898 0.9539614432456336
32.09799292212031 0.9564257268283028
30.972611308181605 0.9640662317039936
34.47913154053227 0.9819703966238181
33.17166743791019 0.9709760115798451
34.035409546939476 0.9401802990828568
36.49949947896088 0.9865468632662464
30.963937631480075 0.9669314446165612
31.207771281457806 0.9435862144414255
32.84415593805229 0.9707118499137376
31.090626964750363 0.9427321078435887
33.17498267391509 0.970918467195091
31.53111843565644 0.9480875419421091
30.83397931759455 0.9638134495109197
29.976521895342934 0.9370445359892913
32.716802446294466 0.968657209564861
34.487806920249525 0.9822503092547686
31.137000863458816 0.9683162793107422
31.260280791593935 0.9671278932848292
36.57097552210336 0.9868347320930406
36.51844246979173 0.9868257599629404
36.629387690065904 0.9843048401516147
30.029095164719738 0.9396640346755932
31.310986533658554 0.9685443673515388
31.293045469130423 0.9439699089934169
34.52746562147398 0.9501291054962151
33.163050095712386 0.9710851049455226
36.530381846545396 0.9865773404383675
31.54821002568614 0.9488943897722555
34.013279708955196 0.9423027037112369
34.512128517577985 0.9823566827983076
34.223722139736964 0.9763280873762457
31.180835763740184 0.9653648576575596
31.250016778049932 0.967667205646891
31.210738597122827 0.9672476038892193
33.14158736273344 0.971108999868524
34.364415722561745 0.9766411066690457
29.931899925043183 0.9375508058380184
34.26805757598328 0.9772119471472421
34.424292488381425 0.9828467519495642
29.956374991667673 0.940650720610065
31.47836496093881 0.9624300452483758
30.771147253118446 0.9093158534804557
32.22766944759104 0.9509244346949473
32.2443598645572 0.9519321574825628
30.047601453248483 0.9394548744364468
31.25350546877883 0.963232048535519
30.884245672695663 0.9634471103854504
36.503743678529325 0.9866676540654314
34.02008532799448 0.9430077917924526
30.634289865137866 0.9075494044305831
36.53617641689106 0.9843201415920849
34.5184422100671 0.949566751701861
34.92205191064079 0.9851000051443208
36.834841716134136 0.9840189180811428
30.901503214689562 0.9633437492844759
36.388207022271835 0.986383614539252
30.956280956185907 0.962131164082716
34.455157079755566 0.9825454291156404
36.5290218065953 0.986664933296087
30.66860515071072 0.9072397502669093
30.89193242597375 0.9626931420218724
34.66881380311537 0.9831722857399794
32.14770553577986 0.9507920809211504
30.800091475027294 0.9104171917300149
32.190027166591534 0.9511553466989974
34.505031378105 0.9500845351547317
33.25925966049106 0.9719948924913057
36.873205161435195 0.9841179655631028
31.46222815522504 0.9459848183197405
30.684062050094703 0.907847540200372
34.527451295596705 0.9501090836982704
31.3519503157789 0.9688673548072819
34.30817594233198 0.9780986418095958
31.53589318843448 0.9610430064676453
32.881207306016094 0.970312003037686
36.680492906504576 0.9839673833513691
29.981239787578488 0.9431515617853965
34.324194133816434 0.978525096015385
34.26458481643869 0.9822931801430187
31.265290100209803 0.9652537087546773
30.874837434160725 0.9627360537901475
34.02636936133557 0.9419460912484233
32.164237271869176 0.9507820474570546
34.39747955225187 0.977233241476625
34.44291355322221 0.9819326884790086
34.197246344699835 0.982185217515255
30.836297404245194 0.910526289061514
30.970953344528006 0.9661758999745943
32.84632889138389 0.9702641426549379
31.421675953524165 0.9663861741981326
30.852477240134913 0.9642741001095924
30.899671710771663 0.962742204125362
33.19647579084651 0.9710880160402521
29.957364767362293 0.9388629570273687
31.002962599462943 0.9625319855764489
32.16540533584897 0.9509358408449508
34.077614070085666 0.9428041351326277
32.13674258305821 0.9512951177612046
32.88857836168216 0.9711618241872952
34.04131203630104 0.9418559172450326
30.820228287593984 0.9647333780814978
34.56472722864465 0.9494296064595333
32.79972300440393 0.9701638821696887
33.20918435491181 0.9715084179929193
34.06912739929298 0.9425588675976676
30.705374319045752 0.9079625147217872
29.824759697131608 0.9353558898990653
32.77280590676626 0.9685456446335745
34.23713237467587 0.9775976658761035
31.178053557885246 0.9676638683490495
33.21358177842425 0.9710468014113216
34.56988871006048 0.9500216173631458
30.834824002303197 0.9636620851236949
34.6103419046281 0.984187085159139
34.05666843741338 0.9410185533882902
31.261574933543187 0.9667388487659533
34.63616613701101 0.9496114310995858
34.46037879193852 0.982974409852779
36.43708427833461 0.9865650251705064
31.17824395654178 0.968951610912501
32.24718192800785 0.9512028145238781
34.069347673602444 0.9420279965352003
32.72703093950406 0.9694318571878348
31.307396481686652 0.9680780169037038
36.737720625608546 0.9844728602835667
31.457578207562168 0.9643975365785269
31.381664628470443 0.9457724276921138
36.94098599343016 0.9846929140542362
36.50625584291617 0.9867148278172564
31.112473655604536 0.9622605733800962
34.425528004714735 0.981945318862548
34.327022538331356 0.9811229867653648
34.199029292444735 0.9822578718114189
33.22554297085149 0.9714527033312892
30.66305391210793 0.9075138597299676
29.77827290063344 0.9356509296219285
32.80593313522996 0.9695421410148324
31.139519632097414 0.9425084196799703
30.871611484337606 0.9632623721737908
34.47128560990093 0.9825933666340695
32.17505069889489 0.9508694623101838
34.39404373107094 0.9502080719395324
31.057741087644906 0.9648157077397602
34.4365610222802 0.982297657649431
34.461858979508484 0.9497742852208979
34.28250389817316 0.9778755202656455
34.33421808803511 0.9777901868004251
34.39341015943425 0.9813693600266766
31.119934605091398 0.956658588266064
34.734316456270726 0.9833672308389935
31.54916681479913 0.9482785112561792
36.73650022089645 0.9843531639714422
36.69873922286672 0.9835028539081799
30.752441258787595 0.9088276838857873
