32.03649679606139 0.9433258481262438
31.34374484425502 0.9429880924821741
33.364071576794615 0.9698200514596393
33.93375393615038 0.9642114613811885
33.943841839381435 0.9648109576873202
31.726770493319805 0.9358810020217729
32.89623532379889 0.9643803320076038
34.2996029038586 0.967527702745675
30.537467717082688 0.9347551391301584
32.597970449785315 0.9049967897880156
33.03780427214178 0.9192710728021241
30.055647202089574 0.928874598263524
31.618314624504627 0.9371872990095379
29.29809645148183 0.8459684968803632
30.02399444008394 0.9269905723670464
30.901575647657644 0.8387538323085736
32.51470616909878 0.9687659290442768
32.48192005898083 0.970007676790363
31.513680264094216 0.9504583337977909
31.687382384269345 0.9580898040799504
31.374993387614772 0.9424557054483866
29.196728140250737 0.8249466765614127
32.68469037643738 0.9548005450292243
31.038363277729914 0.844203935531092
30.24703961031694 0.9210477255118198
32.636778944475346 0.9163526187531553
29.510186884079644 0.8095094638041513
30.70508060091539 0.9285565751100492
32.56313017615863 0.9134738809577851
29.336425489398952 0.8293113023792333
35.146443455458446 0.9737004967017854
32.89178432459684 0.9574461768776087
32.60491615971187 0.9719560134292323
30.732581286715252 0.8537546305752683
31.285729586659798 0.9464260462159332
31.113211682456175 0.8581977496733261
30.299048819251226 0.9267167711405401
33.1540752528546 0.9247742032386573
31.53911068108702 0.9360842358596837
30.755666103566828 0.9612856895271364
32.76017811842384 0.9706030184599539
33.30726155945611 0.91982310945768
30.11221202408663 0.9378464181256282
30.3870566634129 0.9008658907322897
32.98586220433452 0.9674549133238878
30.505643629521572 0.9527678914834881
31.705425341897286 0.9515612875201913
29.443359006325494 0.8351449508548947
32.61053561736654 0.9726428012885378
32.64007769780288 0.9721172185860277
29.687624024852365 0.8578486373458231
32.85336175790849 0.9182924512272865
35.152484053376675 0.9778809665775124
33.41778991625787 0.9294852025672228
29.660258875655828 0.8814940303743493
35.443848165691364 0.9762280044926833
30.172599123035067 0.9391387101512065
32.15481243742746 0.9511034386017886
32.79941212416677 0.9594202659117806
33.36869790869017 0.9726574013979744
30.18520539695593 0.8864610846087909
30.039214457247173 0.9269397274319068
32.60657597934186 0.9054234934103768
29.64468276078356 0.8763982885545532
32.4968948287697 0.9699775043230189
32.63579246619528 0.9570839235145974
29.579620185073907 0.8415849986989832
29.57001272878841 0.8437333481183338
29.427235051235016 0.8482993576573113
33.435813864065366 0.9248456795653085
31.648859972682516 0.9564916140175206
33.57101248111319 0.9786269472235016
29.895784688501305 0.8897157140863463
31.4512519636283 0.9296445380699186
33.159597576404046 0.9743100835226681
30.518365090131702 0.8875175264560972
32.83040560587275 0.9158285577937904
33.07787070795854 0.9635977982168478
33.16914508534976 0.9741129628220765
29.50837372667181 0.8634464898337426
34.97841919051893 0.9777233117148392
31.678575273192045 0.9488847996426781
30.635187587639976 0.8387418778952155
30.337259995305267 0.9500935747654635
33.81151529759083 0.9782454231778918
32.91833840199686 0.9237312410685118
32.07541809317172 0.9518985224765517
34.64154308066321 0.9804393262871095
31.56824584269703 0.9375474530811242
32.619295755791875 0.9729850804822321
31.630301646228965 0.9574427554682055
35.031676395739424 0.9688537583907795
29.2440826323981 0.8214406390734901
29.865288682066222 0.9307587880452932
33.181419264893634 0.9250913653221179
32.89666702556761 0.9190369636144454
31.860498834484986 0.9594342140783021
32.09555395685942 0.9605576304814394
30.189346508377888 0.8972526184045051
30.503735636322695 0.9113545045571909
33.06765805683953 0.982093567652092
32.742870979574214 0.9706648340381395
32.91350387986276 0.97749977011055
34.16040123319998 0.9692084625251999
32.54109527974997 0.9564172804008648
29.339058561068864 0.8588654099829846
34.35677833565784 0.9667429852047837
31.056882171319916 0.964456963780715
31.454351773709174 0.9442946799018267
31.68880153979305 0.9593297110079744
30.09451622876444 0.8747633197883473
32.8067067259185 0.9216376033717625
34.75408625915629 0.9817903660744517
33.5067123456755 0.929406486652766
31.688329192310725 0.9602383155808851
32.68905515325224 0.9665264797581283
32.6876583224857 0.9160058485334773
33.532250811813704 0.9748055026641405
33.60009134939821 0.9705879415347238
32.78707272789496 0.9201697876941587
32.40197464640323 0.954695547678739
29.792048844054545 0.8636621676121676
29.45012822871245 0.8126094308177849
29.663089149147694 0.8513617328360803
30.941166448134034 0.8283518787245299
31.160896971552276 0.9398495172749516
29.773269202765196 0.8334879055589451
30.409691323722647 0.9510900260332181
33.653027141751856 0.9315426382796528
29.835630119100315 0.8654653115587297
29.695870070904697 0.8479203067199168
31.543737872242446 0.9357837229204202
30.43830320211321 0.9387859334610048
32.929537893071384 0.9773414753613218
30.777392127124692 0.9614206575135552
31.76409382849412 0.9364970400327426
32.857145548366354 0.9242672620165182
32.19708352839654 0.9531074882423431
29.427940331575456 0.8387273259924859
34.58933114738019 0.9679887160858515
32.911815708359605 0.9608461313930712
32.60089888570177 0.9617921766352902
32.372634293073574 0.952239513166776
29.563869872060305 0.838721579765763
32.81637019257959 0.9725077584022879
32.453493595929636 0.9663907117367097
32.732589087590185 0.956080514128245
33.07290396773686 0.9692425622498263
31.010299409913394 0.833854892708797
34.941891229905465 0.9722877102337197
31.86650150253278 0.9456320309805444
32.718134357364406 0.9550030921015877
34.01189552564086 0.9567085588709554
33.27325979659606 0.9693626654332493
29.306281534360675 0.8303039652657693
32.12963432614365 0.9600804382823969
32.51308108570504 0.9653602980519287
32.75613192797671 0.9757648145024886
33.82555112199866 0.9623713958404908
30.39540260276101 0.930481542709533
32.862239034025464 0.9249777762719126
29.59086493957042 0.8390306007434246
29.593578537882127 0.8358280939383539
33.17809637457617 0.9203209502714118
30.415516421342026 0.9081976326529871
29.824359173216642 0.9276729508893943
33.32121041887803 0.96887541675754
29.976471002922022 0.9229338377350802
34.3118728155668 0.962430759464045
33.43982144485775 0.9726448071984385
32.75450920632723 0.9179174770977307
32.09805807013473 0.9491072004523903
29.860962998340945 0.8558061421161517
35.0872340837452 0.9741789256598832
31.75512993317171 0.9597367805079564
29.561524542219054 0.8553403678799133
32.59634505924963 0.968999551175507
30.45380755483601 0.918120116018186
33.014330573437945 0.9185595362691671
32.317880014181306 0.9526023470691135
30.67578786805023 0.944113700620548
31.051651101383094 0.8516923813545461
32.082340544491984 0.9529575642047753
30.3551007569212 0.9392556681367642
35.19799947485162 0.9843484452112043
29.350955263610654 0.8294928914490264
32.88018759182411 0.9730572959765931
36.081347982348944 0.9837041173521713
32.81391410767966 0.9242085836602263
31.416690621230504 0.927119716031825
32.59918050270538 0.9716964098052144
31.496308732465437 0.9303134151598701
32.44835953306573 0.9717255157845085
30.26576076187896 0.942954627547101
33.22911254149388 0.9241643723263505
30.792829538854825 0.9591694350750368
30.026104708672957 0.9335458493282516
30.85667434124211 0.8326817634579908
30.039013914231106 0.8731099654437235
31.173539148760575 0.8932733039326708
33.076940237916205 0.9692690207409634
32.73131204819917 0.9740906168815886
31.866929834742066 0.9510725165656044
32.90740662607498 0.9271365191836614
31.48226295800633 0.9304490077391961
31.579955298758687 0.9370031131454134
32.28910046756683 0.9683062978308267
33.00471962249402 0.9189130804084402
31.605541459291615 0.954037569235291
32.140786407539835 0.9528492930640621
29.39347948926872 0.829167905181829
30.88456172285315 0.9330574083136305
32.330982801734 0.9679288744528218
30.19613591297106 0.8976211453128354
30.768866293757505 0.8849136762900585
29.982371943636593 0.9201638496341534
32.58750911187012 0.9089549078079997
32.54762125003179 0.9713881518212809
31.080643349642123 0.8432849483077868
29.472927396816612 0.8163244221693828
32.44475086576985 0.953197003993496
29.54156106800763 0.8582042000627095
32.23993157496393 0.9674984224746175
32.799350620215655 0.9578596825026595
33.56370236437891 0.9791695047552036
33.18615635670659 0.9210819504325731
32.57107813513152 0.909279743903646
31.849192984279895 0.9640974333525717
31.064973531707484 0.841335611479454
32.597726003304544 0.956856767094474
32.9087961583217 0.9273685868697441
29.62086634595922 0.7914575905040174
30.374622570349416 0.9123426820764732
36.16494774019884 0.9835626143837201
31.557374052799936 0.9504922910570751
33.11365686931801 0.9645741457449453
31.092425867924455 0.8904003154909752
29.590411672232694 0.8608578450595081
32.86364263763183 0.9724714994635003
35.510945485505346 0.9774627136501128
32.647565023305376 0.9724308579892279
33.18508625383047 0.9645027658592943
30.6810689712149 0.9265836620623621
30.521021762567035 0.9427264114218662
30.670071134642484 0.8684650215524806
32.224813479263545 0.9600754398149781
32.27784568742708 0.9673336103993238
34.26744681189564 0.9671906363575656
31.532237721298163 0.9308018607994996
29.390656336361477 0.8302419511609191
30.548337984562583 0.9197617932916127
34.16459826465577 0.9677125181833232
32.716814761726724 0.9121873697205982
29.354499161642984 0.8410241261673641
31.099867137166186 0.8614660169407917
33.29677012239107 0.9261158453944375
30.80998863283025 0.8791045647375487
30.348989807503944 0.9348311615576732
29.692965364059482 0.8414303111933729
33.30537419098091 0.9677011556019922
30.530353902121632 0.913892953712384
29.385961447468283 0.8392707155325981
31.66578729433389 0.9585205177289369
29.29955923865654 0.7959494223248664
30.358962755418087 0.9485511820031771
30.710984349344987 0.941188338969505
30.633015783798335 0.9179574275983654
30.338580051563003 0.9290615868435993
32.82290748082812 0.9724112007290187
29.407996304437827 0.8188977359368788
32.35939862387727 0.9684515599726327
30.196221381917216 0.9312845745843005
32.82509002812244 0.9245909078786125
32.07711339414115 0.9507149697934243
29.471617963383633 0.8350041109430687
31.891454923595973 0.9462788095909429
32.93053347050629 0.9651282736258844
29.61343694852973 0.8519873488437006
33.20621232572357 0.976287028177281
30.522565324371648 0.9182853788675039
31.06577061387147 0.9658992255032833
29.520062884964034 0.7948171728783959
30.48349403562486 0.944432341095323
33.42812215506862 0.9730906418665889
31.453675898927486 0.9320559553041624
33.44521563238043 0.9717422646905449
32.9569258051079 0.9772450950204444
32.060832438360556 0.9667695911748789
31.09221744951746 0.8613847115103863
29.522550793527937 0.8387180694941306
29.90907489987489 0.922803595527471
29.85738938937734 0.9445781432409879
32.24425971537033 0.9532579563128409
29.559680105707304 0.8415481322776748
30.330799622377405 0.9031861385659633
31.84245586456923 0.9453300740009052
31.764371075449375 0.95438100899968
33.259302917712716 0.9247350810112294
30.73252851525978 0.9630122426419686
31.954815074902527 0.9634753485679053
31.73992118688171 0.9353261421284517
29.6170066929924 0.841580614654862
29.238480001584946 0.8280639364529407
32.64893810403956 0.9544471550595955
33.97532349050627 0.9764878280936449
32.05232762522747 0.9575031114492683
29.42228552835536 0.8289703000536794
29.371180515461273 0.8399370345858997
31.14301436268219 0.9404945376056749
32.37954949809865 0.9666441065901449
29.251831112962144 0.8092508546659883
33.64776699687492 0.9551360667174341
29.94732852623224 0.8701547067759579
29.468991146674743 0.8188642203977078
33.71131626751343 0.9550854924692698
33.24957856380473 0.9233235179785629
31.961499835364428 0.9622819289032541
32.84225195652254 0.9181785989426368
30.432086263785685 0.9314568787745613
30.99285558957181 0.8307636064978932
31.733104538912468 0.9435919143430633
30.24496375814317 0.9345601379634292
29.448414238305467 0.8461355247717899
32.91052822624282 0.9252724492194364
31.030069346967153 0.8925709271998247
32.42954681530695 0.9564112329987565
31.48013611951086 0.9536128064552751
30.66052933957486 0.9424386331592087
32.73685877250117 0.9735676925235799
33.32512019348624 0.9703852201281513
32.179397693779 0.9623497603906839
30.923510480896713 0.8566747446037324
30.331033299451136 0.9484726065335273
30.48371790927487 0.9056777915018079
30.21959975342696 0.9298690360702101
31.95605941475104 0.9643891328017227
33.204154332751514 0.921730918187929
31.65646005126422 0.9509423657779469
30.7092329896214 0.9610315065123496
32.64929094032417 0.9089973139193459
30.105585311779194 0.9342571979267786
30.820480821646598 0.9693514860519148
30.682902298838492 0.832645425547507
32.37037045766576 0.956542710850734
32.70199462349704 0.9216603629769909
32.63304657842083 0.9088330729729707
30.396225087842193 0.9363867996090123
31.5954384394186 0.9368490417155599
30.33621107289029 0.9521315176250666
30.291876890140323 0.9482916374877227
32.1064122285282 0.9611158414277505
29.613802812361214 0.8723355469249431
31.877550378026335 0.9460191280436498
32.868417265686446 0.9726353730678701
34.8293286416221 0.9828070451530104
31.869952988676577 0.946263923413567
29.490696719536153 0.844791381545789
32.98013013975832 0.9803471463032573
29.543347017480663 0.8178089136334319
32.43563667128414 0.9663245800273244
33.26471719195719 0.9240533924198274
30.597834644779244 0.8248885348180323
32.190372984969045 0.9597347556083843
29.659845012353884 0.8429803768376487
29.430417804930983 0.8215159107141338
32.9531837215877 0.9775309910054819
32.953653202399735 0.9773378719082587
29.693833645515795 0.8833410212395982
31.19553239017309 0.9400100029870141
29.385191277561418 0.8308271092598368
30.02795540585047 0.9235776701784525
32.67279657031888 0.974358399599564
33.58031620443725 0.9806012308848807
30.36148737972644 0.9028010326324758
33.126117366866154 0.9201342039733151
30.738827924189792 0.951557219129026
31.628181271530906 0.9371310726073608
29.940393937511452 0.9204142346795303
29.62907218111264 0.8410052756227122
33.674130128956236 0.960482355086103
33.29653273196278 0.9696825851231632
32.78300516595923 0.9598474554907931
33.26005277802121 0.932215514476214
33.24556044606051 0.9670386914774575
31.20973427556157 0.9410712023050771
29.34033617122394 0.8249549950430196
33.23738817563586 0.9686445931002184
33.61645335048906 0.9764490967935187
30.028385322422647 0.9286395318331164
29.735451105049613 0.8455887435665091
32.65131717157128 0.9158220398263179
29.39448742533005 0.833343450826401
32.73669133563636 0.9707551523168174
33.14276271956355 0.9751779085388516
31.80023895704847 0.966444045317227
32.21604318924749 0.9659766601915623
30.972087426546906 0.8307718926998325
34.590344675257526 0.9768357193258909
30.941214725088997 0.8367580384729889
33.759483012472494 0.9584780559885053
34.76705828349371 0.9790289573633449
29.327527291397054 0.7991945929651058
29.415181392854436 0.8265343888931957
33.26222261309499 0.9701200256012351
33.06512643385914 0.9694897713031331
29.44927985433084 0.8337978630341232
32.131874723089794 0.9609036003918471
29.446636349602933 0.7939823724069093
33.61754883742984 0.9324938422154816
30.06500887152231 0.9305835245861307
29.29568826143433 0.81853796217254
31.13449239489598 0.86679077060688
31.5118869767829 0.9400646202898868
32.7059579065274 0.9758320977513307
30.983266097487643 0.8497725537913372
29.981984392443085 0.9287362631898067
32.698214396158846 0.9172168180751339
30.635324092280037 0.9490196850540125
32.906457932642326 0.9243344484701314
30.429332875983683 0.9402801787179488
33.552533783966545 0.9742994814935323
29.395602023794805 0.8229892548802413
30.03205869949391 0.9183029888496711
33.58013591401697 0.9819685394227073
31.87871861724025 0.9459633431125066
30.853441000757783 0.8918682503073739
30.36557245216104 0.9298683452878316
32.1160724508496 0.960064788297102
32.137546879431795 0.9606778661477066
33.596301118485435 0.9813167554042843
32.471023887244826 0.9682530843692215
33.034621229080344 0.9230602148113132
31.900484186971376 0.9463879796779198
33.67254398375534 0.9714910476438083
32.720578351389904 0.9705661793132903
32.621787959108524 0.907164100474204
29.76642994211534 0.9261123455835311
32.08744827451136 0.9497608457299216
32.15791363703256 0.9599059174379789
32.08578159490823 0.9497843158440348
31.0882862029113 0.9619623762813546
29.458848902667537 0.8264094274727696
30.055334685581524 0.8797123800278954
32.88374398822433 0.9625733929637377
29.459746076900753 0.8458437834081317
31.088106760825696 0.9400029666995617
31.616627377837933 0.9585787236108788
35.53078856302639 0.9791860357245208
29.54522329252942 0.8492145717494333
30.903726484272443 0.9527083004299862
31.055456061897967 0.8484598226177769
31.567032495814566 0.9473626010703987
31.795442632544912 0.9362115858843117
32.19070537474602 0.9611223112822531
29.28581898760693 0.8291575158706092
29.48959806283179 0.8343464133984876
32.21630804150078 0.9732463701010335
30.173633944944328 0.9352566592928064
32.82725009183251 0.91660778644708
30.149243525457564 0.9352587286999829
32.99551901204453 0.9776612880522239
33.18973534212305 0.926599211775096
32.563680987536394 0.969460715261867
30.3869411872051 0.8915510411363543
32.13889896461386 0.9608903097135912
30.290427723528367 0.9450718848328976
30.54255903649085 0.9441217908648213
33.717129467958955 0.9729987625621913
29.581184742257992 0.8480396067272569
34.33234304896454 0.9707403934287372
32.971779755286114 0.9068428412817987
33.381358244780856 0.9720500943294275
33.19659040568928 0.917361315097181
30.133379590015707 0.897732379876832
34.87061038291833 0.982956576321075
30.08221888820653 0.9330334584213814
31.05786352366726 0.9557996753843996
32.40747692911194 0.9528681420490703
30.24264458843962 0.9347279580124166
33.59179104769707 0.9802581946121774
32.81394181434609 0.9206709467259307
30.55260498144916 0.9449253051724193
30.552003454250226 0.9473544521030328
31.478809766554377 0.9310348950026932
34.863206584799315 0.9722858718287093
33.08116329970608 0.9746835069630108
29.352021477695377 0.825269663436184
29.4601060069621 0.8300485982618964
32.334390613562334 0.9666702510323476
32.86399849308018 0.9238499009857917
34.75724321702324 0.9824486569966024
29.434078255070524 0.872358235158975
29.460871927251723 0.8310675451680601
32.736281843607934 0.9125827133735311
33.58589287623269 0.9789719006871809
30.79553878075707 0.8353618053392424
31.742589503666867 0.9348873505160464
30.645366527978844 0.8321972280083999
29.237723752114213 0.83762715920992
32.85918502552736 0.9183067294624023
29.450179310589604 0.8369313383961756
34.366972709408486 0.9749760116403623
32.54526357309567 0.968546587454394
30.431724833644292 0.9406372119503529
33.00217355900651 0.9777731372599903
30.360491527557464 0.930270514835907
32.426952051481074 0.9664194793785249
32.46975283670183 0.9558342688429721
32.44266572513752 0.9661781295083981
32.85498497658378 0.9191315822027254
32.61513683774924 0.908966540433793
30.831764330864367 0.9479088325685936
32.63223164531077 0.8978004099676062
31.076123507915035 0.9673167421963281
32.16941442626037 0.9599040109602367
33.02711206434501 0.9669205375078307
32.82927515354126 0.9179429365689494
32.27598452981441 0.9539102405545218
33.20043037531454 0.9762337140188508
33.759031583548754 0.9648431933747414
32.18012576034695 0.9529587527334833
32.67876870093645 0.9124525242543187
32.554229800051864 0.9713789158183569
32.83059776568056 0.9725237026608624
29.606417972232467 0.8490746486085727
31.71449342273439 0.9465673045452623
29.54559828880675 0.846764739130429
33.26758740395271 0.9771023498586887
29.25697496907886 0.825566621998859
29.369542599118795 0.8298851786066166
34.088321360282734 0.9642384956251232
30.963796977624966 0.951059284710125
33.2996794434528 0.9315859283668678
29.79207815176754 0.9411210824715149
31.11929688225207 0.9641874560270095
34.63588641651957 0.9782890739106403
32.13193930497985 0.9605904631878279
32.8428334170618 0.9725259944705755
32.68199078174269 0.9706160224504522
32.85281277190494 0.9237854358356792
31.863960393612786 0.9459716008117077
32.63125465189982 0.95249739180542
33.18730449527825 0.9089257815982843
29.955108746912344 0.9272595103925202
32.83640787059097 0.91720115669509
30.845297731154922 0.8374447505089112
31.700828378527746 0.9598528985796572
31.89287003783505 0.9544192533679386
29.52221752111481 0.8353792564724348
31.35898740060876 0.949024438527291
32.13215458488297 0.9508667622315282
30.68219225828026 0.9500945635722624
30.463143303493805 0.9040621599189501
29.26147459362012 0.817083926171448
31.012146294001642 0.9609902835274461
30.128059301995805 0.9039712908499116
32.08514761505185 0.9498211733494918
30.677172862385866 0.9242706514290631
31.504226558753153 0.9299653245145862
32.61109648087552 0.9726677595735979
30.099333349638325 0.911002585087097
29.455547803920304 0.8705259427227378
32.86899926412406 0.9730484750368645
33.008503322507295 0.9139662796917185
30.588992036079162 0.8220446153806759
32.93092676276154 0.9775435346466679
30.57395019459666 0.9463589174606124
32.42253165649161 0.9673755623801993
33.75749133771968 0.9581095559259285
32.44422572772674 0.9669100996445842
33.25414439353327 0.914642793296924
31.518791024398453 0.935032849341263
32.41680262662887 0.956426101393535
32.686360182500664 0.9565239343250008
34.51371958488989 0.9765389081763788
29.638652090557702 0.9145069503379877
32.13204443199934 0.9484816939479055
32.50172405936128 0.972939254529757
33.4414688772648 0.9305284191656853
30.562396243142874 0.9377150119441162
30.350297960846678 0.94487719987162
32.23375173986633 0.9674240499628536
29.178014705767694 0.826089482739866
31.905930319732768 0.9631072613702699
31.66205341333745 0.9496447557591707
29.31442956157049 0.79669267888445
29.328993064555586 0.7951773624134505
30.7666174482104 0.9257216360258049
35.11704356116701 0.9742334914170214
32.07900075268081 0.9570684340916852
32.939224816123456 0.9772626907569859
32.839046447470366 0.9725879105351679
32.83305192201232 0.9724180735691274
32.52407321320006 0.9560877410019208
34.37655453678087 0.9692006525763822
32.279514247476946 0.9678087864677147
29.5845570259786 0.7997549296854142
33.264811732921686 0.9241032336809264
29.55220459838548 0.8147536229207661
30.922632076123282 0.8462260130905658
34.974982044625925 0.979680798693493
30.680421132151604 0.8342293387183864
29.73817740577069 0.8423910786961883
32.46810184103718 0.9536477513513555
33.4451355293315 0.9296776552278054
33.2681997998458 0.976903145054369
29.444620523559824 0.8401830483707148
29.50011641545519 0.8353825553763216
30.36447224691384 0.9259560954988633
31.971667679367883 0.9673200703173247
32.99766876433817 0.9684403307596626
32.25065364334766 0.9517177481114696
32.972279550850615 0.9175581234223488
31.561929187276384 0.931076645684234
34.85691456336554 0.9828917644795795
31.554097462566318 0.9372794156749742
32.959574402323014 0.9632531863214807
31.05584727114988 0.9036321461359468
32.41325605814173 0.9663729476883688
32.99702941928528 0.9141091327161909
34.35559754407754 0.9707611657400217
30.046039545343763 0.9163104391954575
29.439118636404963 0.8297196382035597
31.485774551155203 0.9307015431512897
33.24310279385314 0.9755446662118369
29.305586190301778 0.8005970616180768
32.82326969009258 0.9239161180300798
31.432393388549002 0.9425306689440444
29.34609394527939 0.7990759397865174
29.325997703057332 0.8261641043012891
32.305955166816894 0.9541163882967537
32.51975258160442 0.8977541503789511
29.509899482277255 0.8392913193673321
30.85877280809106 0.8540758331759701
29.380311689955796 0.8188991691569454
29.70563433968861 0.8597047997444895
30.542594370552237 0.9223026429174805
29.295278966419026 0.8041157540742448
31.49870120265976 0.9300764331864642
30.06019847754454 0.9329713050745513
32.82758276385495 0.9596555578309774
29.407909883416252 0.8419824348810558
32.29236908350864 0.9528132055547531
32.33163003892376 0.9545927701556531
33.578325411931395 0.9799125887491772
36.18474983325592 0.9843770641297597
30.927255064302827 0.9544850087371073
31.988379043236908 0.9609424682657404
29.446452104960606 0.7988409013455369
30.464364838977083 0.9218762890438043
31.718487322866523 0.9600425383346525
30.156898883171902 0.8984486199062695
29.3859715520901 0.823527306604299
29.579122444300758 0.8152237262087967
32.707691623842344 0.9024442265827162
32.736776702886445 0.9741527324975235
32.60260515334211 0.896095170234926
30.4911906642157 0.9404550922120164
32.151641005254355 0.9704776848405524
33.24653193126268 0.9762024589405744
31.54319676092993 0.9348385541199543
30.598091206355402 0.9386358694599304
34.527256966625465 0.9658865541587197
30.67965936416851 0.8311884955178961
33.81373325091015 0.97797637679739
31.052770355260137 0.8379652261743441
29.490501807790046 0.8457853533815867
31.013476991857182 0.8263332552059397
31.23128012478345 0.9004768671629679
29.434370322148744 0.8338791786624372
30.07757831361872 0.9345557773954123
32.442822586639544 0.9679306004456969
31.82507522992415 0.9387647195521707
30.716147624242577 0.8274910751680186
32.42303883112478 0.9660577940349089
31.01143827051378 0.9620207005180345
31.79483304791942 0.9380147946461685
32.08345059480443 0.9505497704331795
30.356201689257432 0.9078985427933274
31.3556326137936 0.9511630118833339
32.35323910312192 0.9539890017726089
29.675123351775362 0.8501488073424021
32.3185335413593 0.9672062773282893
34.51683015032777 0.9716300628929141
30.292828234665127 0.9271163727968882
30.627268770007248 0.9228840863445805
29.47892144404434 0.8569022792615992
31.780093299197635 0.9362913585402789
29.81258543923468 0.9280983094813449
31.77117956148498 0.9634365312686205
30.66127113695741 0.9617445988815164
34.426413339655035 0.9682429866447306
29.52445786323395 0.8523168618810694
29.29052224826841 0.8263814063066489
32.46590394332809 0.9554971344921894
30.467866653175246 0.9287805675094196
32.843742950413926 0.9722036123985452
32.41950365251769 0.9662032941559636
31.03510250110281 0.9337806626792736
36.08091507299846 0.9833027122498896
34.5790071554431 0.9781866516547588
32.91619961504454 0.9725955242625096
31.723593867667894 0.936006366330903
29.578665218908675 0.8432050041551771
32.533031168631446 0.909897631691885
32.81952789663078 0.9642307199823609
32.90428769664764 0.9728568091695008
33.29115036183519 0.9259925801258304
30.72614841656239 0.8396342954643464
33.69425583754728 0.9720514305588566
31.041020829462752 0.963853194013709
32.28973553942092 0.9548786791720678
31.809212266883826 0.9386304144144497
33.535431833977924 0.9744692416141324
34.64505312258152 0.9718842309237992
29.586649860531146 0.8635701525661422
30.63966448170213 0.9554758504072239
31.57718987973249 0.9458287490275136
31.68780150680722 0.9497327431903504
30.665333195611012 0.8333377849012397
32.84120881874899 0.9598214120378233
29.505243869352626 0.8909405170871522
33.011986695526225 0.9793707560893226
32.56017086028073 0.969492483774316
29.446605802731362 0.8626809660840055
29.88319576736312 0.8656946660658785
30.74905806012098 0.9301481227071637
32.83889951286652 0.9224315618171606
34.58213331457322 0.969478537774089
34.815521242046614 0.9826519201885577
32.410303369003614 0.9666112500926954
34.98208520670879 0.9834646225710609
33.4192726502054 0.972123620462246
33.2766040278564 0.9321717134214923
31.48268437231851 0.9303782331500882
33.109449739638585 0.9694798366797386
32.07924780717041 0.9544535496913416
32.31400730959049 0.9553766465959523
29.344140101942465 0.839899681581904
29.642381976959093 0.8293498529979756
33.31698551472782 0.9264588917109191
31.091596772101653 0.8562769175808724
29.50186366433342 0.8448567705090754
29.344081943955835 0.8186344215427781
34.8479827456237 0.9778490322250626
30.818125026657526 0.9242361211832439
32.10739144807965 0.9609157059802609
29.276716624647598 0.8334890608294641
32.18738080420232 0.9658813680750227
32.87651059515403 0.9749247386478019
34.003706783680485 0.9775889978751637
30.414841767702704 0.9384345344725844
29.701962117865275 0.8563931822006599
29.456931661388303 0.8296880423460933
33.098373270818385 0.9199865493748279
32.99723610136318 0.9782214313248411
29.737101769773094 0.8419722668774161
29.963620442518643 0.9005318332431657
33.89412381628 0.974846107659646
30.947608934084826 0.9560111221857829
31.80271710061445 0.9388998124804008
31.152935789543438 0.8809220860046788
29.24797656869737 0.8045555510041789
33.15630450688137 0.9171525345070174
30.00295169568673 0.9223488650525774
34.789541680966245 0.9767076543507436
32.76050237464866 0.9707169523708802
35.02066345515417 0.9699014738279438
32.9070017333658 0.9277760655414191
34.54815783825618 0.9785165161435857
29.693859227969757 0.8556419611122708
30.523285411607155 0.9421224873483716
29.270796043681543 0.7956114958951127
31.16319511010285 0.9406784583058782
29.47821445779966 0.8353346115095529
31.309192769499145 0.9479525915328122
30.735528667461427 0.9258982073574576
32.57011956351874 0.9638981999438441
30.742498878269227 0.8326459026137132
30.95809843425668 0.930856992136246
33.11837101445199 0.9195045112227389
32.110115874348516 0.9607959920420092
30.572134469467183 0.9440688601518518
33.30345568995677 0.9319946178543407
33.12312228712312 0.9200914231436957
33.12666276400034 0.9180241642486872
32.292947292470515 0.9655519457604976
31.746838516826834 0.9515747315316327
32.646603963453686 0.9732372792928622
32.88305977400399 0.9571750279421292
31.18951076087611 0.9376612459855329
31.80840991393534 0.9387388746111958
32.793464916464636 0.9690528103334695
33.612953079314316 0.9813496561183646
32.34688246169028 0.9548185930445883
33.29456608075208 0.9687956196565845
29.30216855062259 0.843721851023073
31.745536492786023 0.9358181894692494
30.299052348187875 0.9049851985172439
30.677942665717012 0.9169383363848593
29.224338723293734 0.8303487145060815
29.358049174239177 0.7954556438462791
30.96562007306414 0.93068549303355
30.003441561661973 0.9222985083103674
32.68752213003529 0.9178692736660164
30.32306102176885 0.9364306874879572
29.389616087266454 0.8365213630902567
32.8362568056084 0.9786596110839806
31.467799030239235 0.9314749417009776
31.467715894635525 0.9303307125633103
32.60551190915536 0.9103065007032922
30.028621186764724 0.9064507525537859
31.90757162527051 0.9449852852593921
33.584477483574 0.9809460248236604
30.427108451536565 0.9383522769399164
30.447244382442893 0.9306915536839565
29.486158600455017 0.859597507673644
33.434874660399714 0.9307930161260087
31.24987328260093 0.9405245147213104
32.12479770564122 0.9606278150422741
30.599653080967425 0.9400763409419387
35.28928194696278 0.9759158754542494
29.25862114270629 0.8210669270088198
30.709840661430178 0.954300239500132
29.484585576740233 0.8388137384457522
32.410788457961814 0.9548846105576898
32.46785374187508 0.9671694982601959
30.567929593824573 0.940222458235493
29.57961560009682 0.8313962481399771
30.817540982959997 0.837277800648498
31.81651419275106 0.9396362931777734
31.47574335472712 0.9506383910328283
30.326491884303422 0.9249442275094227
30.7135524077194 0.8282363422658264
31.657375373917176 0.9547341049052137
33.03695172663203 0.9621398378858033
30.82164792130594 0.8553887791953831
32.51739900279532 0.9682824799659521
31.82191810972202 0.9554993152100142
32.79672559014181 0.9577443110188335
31.060691158955834 0.9684086835411224
29.3864550761897 0.8218378107659197
31.435359651785056 0.941942501088464
29.58861325875075 0.8565615408971791
33.909512156262075 0.9798102343203813
30.233342038812147 0.9210607150552288
33.542650292104106 0.9734872110071935
32.256174514340884 0.9541733336621652
30.244037242527657 0.926490106197705
31.891636200868277 0.9462741237075752
32.71234655281101 0.9139766749964442
29.45555594068997 0.8307540806366123
31.6087057054423 0.957063723034853
32.68812361094997 0.9096651111473079
33.10708047171307 0.9693282107172699
30.76317057091639 0.8295297155675573
30.91491090413836 0.9221769441443601
32.20452057391773 0.950545643159501
31.773244738030392 0.9617810886669838
29.321589492575466 0.8094655089946046
30.329995831338515 0.9398867314895365
30.428692188912102 0.9333868967628145
30.428677160686654 0.9110758506210196
30.046211336597516 0.9321750769840038
34.275685570334545 0.9664732366116241
33.48216525396343 0.931480753409327
32.85996434256069 0.9606925970160733
32.84519175022917 0.9246024409263193
29.4509326445491 0.825805780108507
29.72400775350512 0.927316895207361
32.80115677242623 0.9731829862294386
30.76803198059331 0.9319828861331846
32.296450583575464 0.9547348138865612
31.52228551960473 0.9311404602061422
31.85981568299703 0.9461798347800896
32.254274643106875 0.9531122887495402
32.542900076173034 0.9024757413856358
29.321628377278216 0.7817936587159683
32.495847928398106 0.9687901753085666
32.42232028727369 0.9536617980886545
32.30458516144253 0.9678425235201711
33.15145329122022 0.9705507010146952
32.89086467526288 0.9274935105439646
30.248715517939072 0.9045527276270063
31.420526319647838 0.9298439605416474
30.629169635027928 0.9221719199187723
32.85429256635756 0.9229889811626387
33.18825388289681 0.9761483756331848
31.506347833703273 0.9535030686996477
29.41420260872298 0.7966276169249561
30.026052569107016 0.9050695475303235
32.191806370265276 0.9599165755891648
30.359895748201993 0.9328539124184706
29.3399388702193 0.811528904750319
32.66266851506279 0.9194411920402593
30.516576409049847 0.9525654549956645
29.463850389032018 0.8372338477467928
33.110413719615316 0.9191967497777329
29.31685961537966 0.8317929063279662
32.20612542621053 0.9532164307663173
32.86433399210327 0.9166495503886618
29.90450861509652 0.9473591586711034
32.351558964793114 0.95330098936881
30.12467697228326 0.9293272935467618
30.15247013354103 0.895295801282612
32.11123733267559 0.9609360715967096
29.304205565148884 0.808523270488989
29.28220222352778 0.8483881897925312
31.695752085886795 0.963275046548638
32.46890748573535 0.9679205763965057
32.30537335649252 0.9669314063474607
33.65029371787169 0.9695750357251424
33.18968041339047 0.976347529722528
31.35793619944217 0.950986547106376
29.364782623529063 0.8350039481062546
30.15168162033149 0.9368469197257744
30.5478324648287 0.9163882144878431
30.361153971725127 0.9094920460591418
32.90545628241781 0.925433943103987
35.09775249276243 0.9737317525016186
32.59906064088854 0.9707869194238776
29.375561965818363 0.8471763756740904
29.26247310521436 0.8083115833176812
36.00751503903731 0.9829536870992454
32.78144904065055 0.9543472365167497
30.537456781386258 0.9592964212148414
33.368759918983855 0.9148899479695602
33.0665202011533 0.9249172074921475
29.95809680723079 0.9250112189764754
30.165718392176956 0.8990882364171118
30.315012441360523 0.9391224693534728
29.274047861957424 0.8147221897907443
30.147383818443508 0.8354427623096568
29.763658192654407 0.8547808366795911
32.885020992962936 0.9605246088476319
33.83843060271611 0.9789741030075801
30.646843803016267 0.9195374604863052
32.61250256356958 0.91563692983874
29.455398826237232 0.8782842619447814
31.19026113056984 0.9406977443957373
30.029326866797685 0.9259758484965215
32.50842585455957 0.9675129338816991
29.726792867124942 0.8480393542975061
30.86232482597079 0.9722262960593252
32.688626880006304 0.9083002674617007
29.346133427829862 0.8143867051890976
31.660586961032724 0.9385661704552158
32.17286325790286 0.9609994190110366
30.335992065181173 0.9501822625763513
31.588918125655972 0.95531124035541
31.511367236109532 0.9318209745619823
33.71892691064416 0.9609540755205948
29.98342541780191 0.9238869226633267
31.36516853922414 0.9417038007584588
29.436965858646413 0.8373704826843325
32.664350558640606 0.963371922053835
30.62088070478334 0.8180199536854885
32.76045095644547 0.9730791421104031
34.857958904131976 0.9831976445442566
32.32163660918927 0.9615302350514797
32.15907602979774 0.9598072291502971
32.544346978523684 0.8942597057298101
29.856898510980972 0.8904333661665893
32.55452440601111 0.9700718112817339
32.19006098357775 0.9457176944805514
32.91056557029893 0.9234887035956043
31.49326494325539 0.9314452933520851
33.20103475043136 0.9269277686329508
32.79744735707694 0.9577583222243903
30.104196308571144 0.9325736459747455
30.167576838695496 0.935762447584639
29.49835441275653 0.8309697444673007
30.958095696106582 0.9579007824227113
31.07150999324064 0.963916394497244
33.5915108614341 0.9561293392362985
34.057950685065705 0.9663384590116311
30.773292694453367 0.9265034168435885
29.358629442039504 0.8407322293664808
30.895232344709136 0.947847573694749
33.1899633037876 0.9732984049377225
29.28507289169852 0.813844155563503
32.76003590114473 0.9745444622469672
29.53878734558643 0.8454000235961898
32.90595836501873 0.9608423777830385
29.53083021319999 0.8457741842504096
32.82934677242737 0.9176182650391498
30.43392177429535 0.9176952529653336
29.362725916533773 0.8342588831201518
33.570136515798936 0.9812456324686233
29.25899440906463 0.8420637746324318
30.450605730830077 0.9274458534811584
33.78415896414329 0.9578934341632515
32.9609703069774 0.914636442000936
32.95578189194379 0.9775874881344485
31.125134516436592 0.8473023993984022
32.909511904426864 0.9773135815701469
30.94882163642773 0.9359847185505362
31.032056117872052 0.9601479182389747
32.97990769631336 0.965469912869564
31.059375346620808 0.8403766608531799
32.77565452539439 0.9731145094134399
31.76126599763102 0.9458314018018478
35.79269619195511 0.9841600426296857
33.866124015869545 0.9746302547793804
31.935844868088804 0.9645373231920167
33.4531171656726 0.923142943479866
29.455202780168793 0.7952172286114509
32.64025556784061 0.904082723603982
31.557637154444524 0.9446851233778821
29.502829112810275 0.8300393885716068
30.40375955050518 0.9128533449095028
29.309530443848427 0.8136375937729162
32.27801934216984 0.96591408973209
34.253170861199436 0.9691211453729102
30.3264648944681 0.9290080851241802
29.655457603782427 0.8398584766716207
32.753349485153045 0.957332046873813
34.44607221667588 0.9723877629002036
32.797367061893596 0.9709002598449785
29.781970772322133 0.8582579218946519
30.821855692094058 0.8495714154409194
35.144292748813264 0.9779018695722809
30.3610790360123 0.9237927813040917
29.890784743978216 0.859285525565102
33.44040721321986 0.9252581355678942
30.06091843874827 0.9127970032760194
32.64539758702429 0.9541515341405606
33.29156364891634 0.9661740366767487
29.332725295857745 0.8114275121483203
32.170755836047974 0.961134228720657
31.475636931688747 0.929251636197236
30.535550414459316 0.9209727426348624
34.76793706028106 0.9821590498831249
32.74712143912807 0.9767472430693092
33.433130963705736 0.9291744195550782
33.51275190022064 0.9573808462489238
30.346631557191 0.9351597677744531
34.907620694867724 0.9727396766599452
31.540741144691232 0.9543760858720952
29.523510028943377 0.8335829268494576
30.925492297390807 0.9481359288109069
31.63115839864941 0.9567384188063585
33.954754009253364 0.9766034575002217
31.100128828340118 0.8545748856322507
33.219435199139255 0.9747758301086078
30.558683782258107 0.9595977179427837
31.693652714952538 0.9631617194110416
34.52456092664306 0.9758801101033322
30.185435266011016 0.9318076063196148
31.09772497449839 0.8497373192702291
31.110224312916532 0.8589110047206097
31.501489688618747 0.9319120649410879
29.299178732036918 0.8184190943696391
31.28854029294122 0.9393101864521247
31.860149999257747 0.9594001794329002
30.93026660626711 0.8564769857473699
32.860472225381514 0.9636252164045443
30.774793664262393 0.8844707175724703
32.46166128390476 0.966985962894619
30.339805040948413 0.9033604611985279
32.61478676527167 0.9124594210264834
31.523781793681 0.9344113939834967
33.9643902189882 0.9763363756152134
33.274676252439605 0.9311761547901939
30.707750627149007 0.9519216485374202
30.61714172868195 0.8294422328024408
31.8782992739048 0.9388212017647943
33.91368655084283 0.9623999307562265
32.258184550305664 0.9640590803202125
29.3302270605016 0.8086992998076131
35.518779025909296 0.9800538538474576
30.089727312572606 0.9372641833513712
29.826936755009072 0.9183958550792571
34.5671069962885 0.9692205049725339
31.073496133950577 0.8319717342666445
33.01522266052383 0.9639172844142907
32.71024451554531 0.958337755957465
30.38304920251484 0.9109681038448778
30.520246350236345 0.9344015570646815
33.43369936774781 0.9301621194691846
29.3549180514753 0.8376949637876863
33.09179400153012 0.9623957969799001
33.06586619144006 0.9134286515717094
32.173647827636714 0.96003565272018
29.25530518376859 0.8171256652238386
32.34438181877751 0.9559284622908076
33.33051743128971 0.9682277093154502
31.09175630991909 0.8456511219965077
32.61675804521595 0.9709692725600119
30.45348112296425 0.9323421436330442
31.858495520064114 0.9675477424702371
29.628576804898223 0.8593952665655306
32.65285566870857 0.9548552116893649
29.45749990307184 0.8320465391687365
32.92528005320779 0.9613373151089254
33.180237054886796 0.9249574354990088
33.55028560515489 0.97416137650481
32.83491686138782 0.9724146081463073
32.22947918718678 0.9542675671545774
32.85670843014702 0.9603578891979925
31.57505297974183 0.9422002978180232
33.14345558658425 0.9651352765055949
34.66340686681745 0.9812170297262883
32.532583776072926 0.9693511032575617
32.32332095724147 0.9681369004855348
29.53997733426165 0.787553605408923
30.851835119046974 0.946775786782811
33.132429938025204 0.9186031059006131
32.672753088389626 0.9563373232356457
31.877158553560413 0.9461539545768364
29.556978675160757 0.8726321669679267
32.393332245869765 0.9662631922378061
34.73844041899542 0.9807940248222384
35.71739066032195 0.9803969333146928
32.57601326389549 0.9015236835457493
32.15142619888024 0.9504982318858773
32.15110941490807 0.9599909550635983
30.00024359568168 0.9247090178965487
33.11931490821862 0.9183220240718032
32.786417757423585 0.9724215328126504
33.59062272015499 0.9750017026000969
31.60893122054194 0.957919337634404
31.987162888776005 0.949469341949678
31.07570008415555 0.9431939689390437
32.884630129051196 0.9239789398575509
31.425337984416693 0.9288940147933595
31.56951185305659 0.9376035915631433
30.429962019392423 0.911378652763519
29.61794720123975 0.894769521735839
30.94954903782142 0.8300113942402559
32.80565155895959 0.9199759385918458
32.15636582734106 0.9596931587867841
35.27271663624882 0.9713909674678787
33.98145186086607 0.9765862660498061
31.623087018391224 0.9547628592418168
32.536851818320386 0.9705878932677882
31.15300108443954 0.8622687003417603
30.289221744981457 0.9066482547288168
34.034926283308955 0.9646150159972049
32.91556269654501 0.9279426775664467
34.79460859448054 0.9805982948471894
29.478643894399667 0.8387505195375773
33.456244623719975 0.973654721040632
32.16034165889157 0.9601260507193561
31.760939865917607 0.9631104807120542
33.381637634348415 0.9719570515099157
32.55948707022893 0.9072036592404826
32.07151532460132 0.9492668468792435
32.58734016277706 0.9701380707671408
33.24270196969418 0.9313410314106543
30.754933876676436 0.849471645454778
30.40070445888809 0.8842596272404338
35.01890054173637 0.9831145793726871
34.14386167149713 0.9720298059360795
32.393324243849186 0.9664905205633806
32.15642969199847 0.9597915011994921
33.34698870870761 0.972019906284877
32.87389981558955 0.9248929367239265
30.733068478121535 0.8452300754890492
33.78759201311252 0.9721786586025891
29.776445273672245 0.8803144411344914
29.40770504755314 0.8386038387559346
32.239832631289445 0.9530434989776386
33.83900145458655 0.9792763815014798
30.58300707159649 0.8737697162756227
33.20060474978321 0.9679014520222868
33.91362165838837 0.9757475345749806
35.95617101495839 0.9831810130765478
31.71169443723206 0.9610518191809686
30.371902013337007 0.9090235907340778
30.41401478339165 0.9374607684599338
33.20680923423717 0.9777837992358048
36.30077190069534 0.984985326030355
33.0221320957544 0.9229895598710357
29.604251036886517 0.8572535966116183
32.59276774931153 0.9717606973164103
29.41107600798768 0.8451310069484929
30.508708039182352 0.9433109222817783
34.69358329178069 0.9670918391067294
31.909526807819798 0.9518541818529258
31.53378494772483 0.939940241139502
32.388563750798966 0.9661683844426313
32.094591275422665 0.9504937290442976
30.967967255893786 0.9528459413339484
31.52627152851732 0.9345314571922426
30.050973146332435 0.9191644651324934
34.87829759923166 0.9813966775277033
30.427152793170926 0.9111442680031452
32.54825460284027 0.9012077768385246
30.47850602207548 0.9216043438249891
29.656316591803037 0.85393288692003
32.89507477650843 0.9643817321332009
32.29764693136434 0.9638375110519382
30.082237687852 0.9203253374773533
30.401388963358386 0.9425513334455105
30.683044166674897 0.8533462413713035
30.546942155707146 0.9519805900375408
32.42747779325307 0.9548075124045
30.10642671391528 0.9107840429299446
32.3261280306177 0.9685689303208487
33.16836566257664 0.9760787802563611
30.781389746930547 0.9313090462324074
34.842851203907664 0.9732924582439294
32.536628116315256 0.9542640772157711
30.92645337195508 0.8358942797082001
30.40846576645312 0.9278417614364199
31.93183487953044 0.9461158506033246
33.22781938176837 0.9182985860725551
31.89813152852091 0.9453290354325808
31.089727086906628 0.8860217121843476
32.20619221668311 0.9503533802184577
32.45404033571838 0.9557840152727536
29.274534135193043 0.812505635501794
32.14516580242149 0.9607737578209044
30.97167759572355 0.8590680415425114
32.84348004527277 0.9587481504586182
29.564474330863085 0.8434934749317182
32.975068229218664 0.9662879526829855
32.998236371416255 0.9730827640221474
31.008204010530456 0.831492499855231
33.01039289560882 0.903322239966683
33.54440475396278 0.9743354485873663
30.17886370293774 0.9313273043558288
32.32910849927042 0.9492641858593536
32.16439957456288 0.9616736632218308
32.97556186764476 0.9774673891357715
32.52690349942447 0.9679506633907844
33.282172721054636 0.9666668399293519
31.427165735310496 0.9347088516105635
30.69542506193816 0.9193164182320126
31.04968638929045 0.9599599282144754
30.434011568009485 0.9181897037324476
32.39960121300272 0.9545816081694394
32.608691688252726 0.9672212868868579
33.000023767127054 0.918683941712811
32.314970858325 0.9680100282333787
29.983260029947793 0.9249894916656821
29.865848646133134 0.87590407315146
32.67516109845601 0.9111584113830922
32.73545679114668 0.9150787115158341
32.67743863604413 0.9206967622023685
30.48037573321929 0.944686011229004
30.34862975366115 0.9447184584735596
33.41186114694157 0.9189884209900162
30.01429012242283 0.9220825596106645
33.80184520669897 0.9753301629781944
34.65825891664213 0.9763767867381308
33.883505051773575 0.9796158915177428
31.574341334080593 0.9537760751073974
33.703876607946846 0.9779573756665564
33.94988883465467 0.961269712749897
29.73776969535166 0.8420705211399908
29.56825057647931 0.846040787384551
34.824916061483606 0.9829052164665971
31.9010798654269 0.9462273233651298
32.57729433497901 0.9129855458933548
32.22705255488444 0.9527209428907701
30.030561640518492 0.929002518873055
33.17491926396058 0.9247900901150018
32.67663607446568 0.972983006987175
31.660558956773247 0.9547373504350138
29.82386505479642 0.9297021153690966
32.752784435137045 0.9708974665409457
31.57226260809547 0.9375276631914002
34.41407994816716 0.9748633539000527
32.41120549414758 0.9669349601071081
32.56458898812836 0.9087294444792579
32.285984864248086 0.9662339481375433
31.037560891227987 0.8533768996483678
29.998407960399742 0.926468589827129
29.54474549608493 0.8518271671659511
29.309384893137814 0.7987477153502763
31.51864802566777 0.9325126537771307
33.926706808490955 0.9456912563367815
31.573192532788173 0.9316819651552717
32.880745591375636 0.9184791530680241
32.20975513375072 0.9558541929676957
32.862069664264325 0.9253452333524812
33.547339213849725 0.9785716923163567
30.58555155230266 0.9167289721118423
30.59869411010558 0.9154280915371572
32.82136516937138 0.9207591632681236
32.999740713785386 0.9117177365940186
31.048169548211547 0.835310096001722
31.579822910192732 0.9575542498206145
32.217808200221995 0.9604635087189277
29.413847038449283 0.8343468931401914
30.566728876684287 0.9608699658339456
32.64291036734618 0.9560517856542974
32.05423419703153 0.967441080111028
30.770369929967668 0.9593172717711876
30.038036593465076 0.9258975554543798
32.83464774109091 0.9609367156665595
32.8212318673735 0.9727344163216545
32.69696703808067 0.9140872271712774
30.225326262419774 0.9323295914123905
30.351061708496744 0.9317418352305972
34.64631082615569 0.9668174239361745
30.433498312748164 0.912730634983501
30.3832223827485 0.9062273497128571
34.057957952587266 0.9626213762464894
32.841591991724876 0.9592191979467748
32.112376582373365 0.9606043209012086
33.36026655754281 0.9719651168030674
34.19049014514794 0.971614034742464
31.5449237276842 0.935814870972882
32.5341516229375 0.9644962422655751
32.52930351847942 0.9713460413562482
29.323407677870016 0.849955542953983
31.99746480876005 0.9642754789217718
32.66372965137001 0.9680400927745993
32.36615417322862 0.9683966035664782
29.806349987669456 0.9175502050517987
31.257250990032453 0.9412903357015343
29.469869037769328 0.8373365734801282
32.53923448689447 0.968768344512532
29.277717717387553 0.8021469269038108
31.48160898172255 0.9305304866143624
31.719030168989892 0.9545224280677729
34.67286247831654 0.9755682209288539
32.54306848848881 0.9704563925744096
32.99511851389419 0.9777019866656531
29.55419628068877 0.8394083698322514
32.83327835429458 0.921093283445696
31.84848404673769 0.9462444106897357
32.77291569038729 0.9706225530889919
35.59614855223131 0.9824527301552413
29.251307635810484 0.8120548985766215
32.445412198202504 0.9663705554098797
29.388204868935482 0.7952812540627131
32.52219928649438 0.9730142386741248
32.456497457262024 0.9688514425767807
32.15000607709017 0.9597343093850591
29.746633822945704 0.9177782458321765
30.32016995612249 0.9040677775576376
31.103941405466117 0.8618246037752867
31.444367086268173 0.9306252845139557
31.976992673760172 0.9670280336470118
30.280963563224216 0.9464184135897958
32.634539139949204 0.9096759369045587
30.366065317935224 0.9259398673502216
33.273953265524014 0.933224334447207
29.726644805036013 0.845427483362841
29.53813096689341 0.8851128338107167
31.520168913540317 0.9310038385077913
30.9067585503147 0.9327142724172763
32.25171793939511 0.9635700707190576
32.67747606270713 0.9745926559291891
32.96396335331688 0.9773228035289812
31.066717760113725 0.9584935848615391
32.06371252297329 0.9495017744905292
30.72957693448458 0.9499844722630765
29.538287943746532 0.8452295906273202
32.279483809814266 0.9541512779398436
32.59079775558948 0.9721220912588624
32.58164596094126 0.9680894517643578
32.576485423598825 0.9152585176865177
30.3690313384487 0.9417413995389767
29.46060522658568 0.8420942482986389
31.19473629096975 0.9421550234078374
31.48235965723564 0.9312246605065042
33.578546677286084 0.9797825774330767
32.87662132826177 0.9256763022088822
29.378195661781668 0.7969253121166283
33.27295509728634 0.9767773396714728
31.861946041552464 0.9451638689608222
29.667452951346654 0.8797047024935589
30.44583491492289 0.9237580934935701
29.31725762546308 0.8076536996659506
31.691531016561548 0.942883691412116
31.869611161754584 0.9686312229087364
30.50776276792996 0.9552093460907624
29.951064888696322 0.8665846164234365
32.81528454010301 0.9221902272499762
32.61039260876102 0.9147570159955801
29.18623054894987 0.8271862797519194
33.03794527428204 0.9224683146454818
34.06076971868017 0.9612185127281095
29.44815197619927 0.8582260021432644
32.502392562398406 0.9715168151285218
34.93319819414124 0.9759460694348489
32.566805290757216 0.9697485872920049
31.12720028300277 0.8532146716280804
31.435585206104886 0.9298473499053969
31.445932641556254 0.9299950404077948
31.008372979217313 0.8548071698836168
31.636450991777046 0.9546861720493887
32.231359429525625 0.9522111677045502
30.809724800280655 0.9678144333350995
29.469814030747337 0.8659409539632391
31.864960328633497 0.9631159184289723
31.421050532008437 0.9511808991917268
30.737141810043305 0.9504638065069376
31.508898462160598 0.929862814629585
33.203282735995316 0.9257097179516002
29.32018442926517 0.8131811610908597
31.543126581193974 0.955399410259109
33.2667230194362 0.931123874471009
30.87102798675994 0.8350200233356752
34.277386943952436 0.9611871742338693
29.51753414937111 0.7804341377898396
32.20039038769672 0.9500470959580046
33.49292290955678 0.9726975206277128
32.90946899066477 0.9081892283018493
32.18184864805418 0.9509217520090786
30.530633555991407 0.9192549767413631
32.58906144001544 0.9153814037514454
29.304829018934097 0.8179362448545174
30.38879686066722 0.9405670248477055
30.06994064796368 0.9151786340780633
29.7778326142288 0.9200835059949899
31.97586657995533 0.9500049196347845
32.14763927865167 0.9604405071891857
32.452572601285624 0.9682285572578383
32.52297812619712 0.9699059985862171
32.248606178722746 0.9535993722485702
33.06801678570852 0.9127757394796165
29.548545589143195 0.8959421686513639
33.52999280856065 0.9796224162045447
31.749623453157724 0.9354584987310935
29.545981229812202 0.863051617908004
34.809781754317925 0.9826341279439543
30.883247331420016 0.9697035142963922
33.06613000799679 0.974201037297416
31.904572913000816 0.9538281810585806
33.16776718270082 0.9221548862022452
29.405676563632976 0.837444077872024
34.752653288972695 0.981788648523917
29.991119629619874 0.9257622940798457
32.8843707104187 0.9760362460487575
29.481857934373878 0.8484775412818455
31.175046884544862 0.9459314143662336
30.544649217142577 0.9499958960112408
30.919824219775656 0.8861179533183985
30.947232543426768 0.8993326006177375
31.23942725999843 0.9077323934810464
33.16511509683247 0.9666580096418247
33.858108151683645 0.9637198583967549
29.764836536923145 0.9233516590462773
32.3021714339917 0.9539489854324266
32.87095797049603 0.9182851587794874
33.12849027591254 0.9210896529560635
30.99524736831215 0.8413460026269878
29.836185003009362 0.8607242822796644
29.30773678274573 0.7965200899537325
30.99154361118618 0.9357326689927734
32.84184886751002 0.9168567959177516
30.703381197349398 0.9483975908520724
32.303974791275174 0.9536463655496137
32.94394273050938 0.9774358158480706
30.666129064226425 0.8253588905822753
33.626417346331884 0.9813833935658586
29.5951057198817 0.8463729592770953
30.76290721115853 0.825445833595672
30.347823131989053 0.9082711274789447
29.320520393561246 0.8549279927856005
30.701142254239194 0.8389341695338663
31.238117504033642 0.9466623242733269
32.66941887432064 0.91925394628287
29.557060578113443 0.914273056498946
30.878061749779555 0.9306738529734836
31.629523362842562 0.9563387978979072
29.447225095526832 0.8633273554467354
30.811039358759707 0.9294599728967201
30.302105717471903 0.9368450883763192
32.87475968378994 0.9185097945258401
35.618962814685034 0.9802394586689742
29.62703922027252 0.8550841802960374
30.093699121652946 0.8998454464724986
30.350051818933345 0.9527370068240848
33.83890099197329 0.9612352993235402
29.695595912590726 0.8472353123107087
33.075664845500064 0.9681000764929055
32.966691471709225 0.9774997689076659
32.118077317931395 0.9599056737366654
33.17083059272413 0.9251535138951044
31.571378922550096 0.9559207867781587
33.488430122697046 0.9453024069834988
30.32470097529362 0.949204676422503
29.45409486003654 0.8315379865023256
31.482723611655853 0.9317998661285921
33.32287056924736 0.9262134414783096
30.86151387359652 0.8382537696880538
31.250148270899768 0.9065402974577875
32.817804425841544 0.9229806471535364
30.627568183521994 0.8233437461278977
33.42620328790106 0.9294260795599775
31.453928802515698 0.930072836801759
31.58932563566424 0.9446709921536858
34.067453567499676 0.9777675666607695
32.866990020461685 0.9780785206273632
32.657137127652774 0.9728360241533283
32.55703589269846 0.9711530245309169
33.107466276885255 0.9143562964890395
33.92210537123957 0.9655136161421005
33.0382630984022 0.9625637450630896
30.972611308181605 0.9640662317039936
34.47913154053227 0.9819703966238181
33.17166743791019 0.9709760115798451
34.035409546939476 0.9401802990828568
36.49949947896088 0.9865468632662464
30.963937631480075 0.9669314446165612
31.207771281457806 0.9435862144414255
32.84415593805229 0.9707118499137376
31.090626964750363 0.9427321078435887
33.17498267391509 0.970918467195091
31.53111843565644 0.9480875419421091
30.83397931759455 0.9638134495109197
29.976521895342934 0.9370445359892913
32.716802446294466 0.968657209564861
34.487806920249525 0.9822503092547686
31.137000863458816 0.9683162793107422
31.260280791593935 0.9671278932848292
36.57097552210336 0.9868347320930406
36.51844246979173 0.9868257599629404
36.629387690065904 0.9843048401516147
30.029095164719738 0.9396640346755932
31.310986533658554 0.9685443673515388
31.293045469130423 0.9439699089934169
34.52746562147398 0.9501291054962151
33.163050095712386 0.9710851049455226
36.530381846545396 0.9865773404383675
31.54821002568614 0.9488943897722555
34.013279708955196 0.9423027037112369
34.512128517577985 0.9823566827983076
34.223722139736964 0.9763280873762457
31.180835763740184 0.9653648576575596
31.250016778049932 0.967667205646891
31.210738597122827 0.9672476038892193
33.14158736273344 0.971108999868524
34.364415722561745 0.9766411066690457
29.931899925043183 0.9375508058380184
34.26805757598328 0.9772119471472421
34.424292488381425 0.9828467519495642
29.956374991667673 0.940650720610065
31.47836496093881 0.9624300452483758
30.771147253118446 0.9093158534804557
32.22766944759104 0.9509244346949473
32.2443598645572 0.9519321574825628
30.047601453248483 0.9394548744364468
31.25350546877883 0.963232048535519
30.884245672695663 0.9634471103854504
36.503743678529325 0.9866676540654314
34.02008532799448 0.9430077917924526
30.634289865137866 0.9075494044305831
36.53617641689106 0.9843201415920849
34.5184422100671 0.949566751701861
34.92205191064079 0.9851000051443208
36.834841716134136 0.9840189180811428
30.901503214689562 0.9633437492844759
36.388207022271835 0.986383614539252
30.956280956185907 0.962131164082716
34.455157079755566 0.9825454291156404
36.5290218065953 0.986664933296087
30.66860515071072 0.9072397502669093
30.89193242597375 0.9626931420218724
34.66881380311537 0.9831722857399794
32.14770553577986 0.9507920809211504
30.800091475027294 0.9104171917300149
32.190027166591534 0.9511553466989974
34.505031378105 0.9500845351547317
33.25925966049106 0.9719948924913057
36.873205161435195 0.9841179655631028
31.46222815522504 0.9459848183197405
30.684062050094703 0.907847540200372
34.527451295596705 0.9501090836982704
31.3519503157789 0.9688673548072819
34.30817594233198 0.9780986418095958
31.53589318843448 0.9610430064676453
32.881207306016094 0.970312003037686
36.680492906504576 0.9839673833513691
29.981239787578488 0.9431515617853965
34.324194133816434 0.978525096015385
34.26458481643869 0.9822931801430187
31.265290100209803 0.9652537087546773
30.874837434160725 0.9627360537901475
34.02636936133557 0.9419460912484233
32.164237271869176 0.9507820474570546
34.39747955225187 0.977233241476625
34.44291355322221 0.9819326884790086
34.197246344699835 0.982185217515255
30.836297404245194 0.910526289061514
30.970953344528006 0.9661758999745943
32.84632889138389 0.9702641426549379
31.421675953524165 0.9663861741981326
30.852477240134913 0.9642741001095924
30.899671710771663 0.962742204125362
33.19647579084651 0.9710880160402521
29.957364767362293 0.9388629570273687
31.002962599462943 0.9625319855764489
32.16540533584897 0.9509358408449508
34.077614070085666 0.9428041351326277
32.13674258305821 0.9512951177612046
32.88857836168216 0.9711618241872952
34.04131203630104 0.9418559172450326
30.820228287593984 0.9647333780814978
34.56472722864465 0.9494296064595333
32.79972300440393 0.9701638821696887
33.20918435491181 0.9715084179929193
34.06912739929298 0.9425588675976676
30.705374319045752 0.9079625147217872
29.824759697131608 0.9353558898990653
32.77280590676626 0.9685456446335745
34.23713237467587 0.9775976658761035
31.178053557885246 0.9676638683490495
33.21358177842425 0.9710468014113216
34.56988871006048 0.9500216173631458
30.834824002303197 0.9636620851236949
34.6103419046281 0.984187085159139
34.05666843741338 0.9410185533882902
31.261574933543187 0.9667388487659533
34.63616613701101 0.9496114310995858
34.46037879193852 0.982974409852779
36.43708427833461 0.9865650251705064
31.17824395654178 0.968951610912501
32.24718192800785 0.9512028145238781
34.069347673602444 0.9420279965352003
32.72703093950406 0.9694318571878348
31.307396481686652 0.9680780169037038
36.737720625608546 0.9844728602835667
31.457578207562168 0.9643975365785269
31.381664628470443 0.9457724276921138
36.94098599343016 0.9846929140542362
36.50625584291617 0.9867148278172564
31.112473655604536 0.9622605733800962
34.425528004714735 0.981945318862548
34.327022538331356 0.9811229867653648
34.199029292444735 0.9822578718114189
33.22554297085149 0.9714527033312892
30.66305391210793 0.9075138597299676
29.77827290063344 0.9356509296219285
32.80593313522996 0.9695421410148324
31.139519632097414 0.9425084196799703
30.871611484337606 0.9632623721737908
34.47128560990093 0.9825933666340695
32.17505069889489 0.9508694623101838
34.39404373107094 0.9502080719395324
31.057741087644906 0.9648157077397602
34.4365610222802 0.982297657649431
34.461858979508484 0.9497742852208979
34.28250389817316 0.9778755202656455
34.33421808803511 0.9777901868004251
34.39341015943425 0.9813693600266766
31.119934605091398 0.956658588266064
34.734316456270726 0.9833672308389935
31.54916681479913 0.9482785112561792
36.73650022089645 0.9843531639714422
36.69873922286672 0.9835028539081799
30.752441258787595 0.9088276838857873
