(31.22822123616605, 0.9171232275029597)
(32.551920307333106, 0.9146713538255842)
(30.633761535950757, 0.928921179263034)
(30.965497467284134, 0.9351216776369682)
(30.48903559948439, 0.9277581664657907)
(32.54587724321648, 0.9147903229714831)
(33.159202567097424, 0.9541111705145711)
(30.93962813987643, 0.8417009528732656)
(32.332029773911835, 0.9156718731512603)
(30.72520418640191, 0.9332459709127641)
(29.570000396607412, 0.8858972516448158)
(29.302486665967624, 0.8209094933821558)
(31.353817018943097, 0.9476289372402885)
(31.06757834324259, 0.9349953296998491)
(29.365842369979323, 0.9013420885816401)
(29.08605266122833, 0.8575689457079007)
(32.65985494121192, 0.9240043877593667)
(28.86473581397297, 0.8338023176525418)
(29.29071472981104, 0.8078728597168171)
(28.721103399466088, 0.7873582516780043)
(30.849257169175868, 0.8280230227659162)
(31.195320410528776, 0.9178977849147877)
(29.774293165189725, 0.9210767445067762)
(31.56140059195495, 0.9461971399026744)
(32.14935364700296, 0.9099480406715031)
(29.30622369396099, 0.8288513976141793)
(31.183956051557736, 0.9107508684112336)
(29.865434521267154, 0.8355543692448513)
(29.244028751358684, 0.8081197391441768)
(32.102116617255085, 0.9599673620394892)
(29.635295506454792, 0.8564308468989672)
(30.949391633351397, 0.9347151278265672)
(30.85338834386385, 0.9100757690175815)
(30.03043536082975, 0.9222825251168011)
(29.650028041688863, 0.8557180745824685)
(29.636261998119902, 0.8850897372386306)
(31.21335887735696, 0.9339762115184377)
(32.06086208746343, 0.9519439210431797)
(31.264689148162724, 0.9428457287848893)
(29.239928741833232, 0.761768987584445)
(33.18423081849659, 0.961020133753156)
(31.212879758327592, 0.9482467464138855)
(29.538135705734216, 0.8313582886316526)
(30.660970413750764, 0.935020251049981)
(29.32032207946447, 0.871275343316664)
(29.01936296427872, 0.8465751852842494)
(30.667066425586377, 0.9273898592988438)
(32.60635666111052, 0.9252421705983168)
(28.758609968380945, 0.7943214160385461)
(29.12507092454982, 0.8877802970941961)
(29.38836567545281, 0.8299624281718868)
(31.179988754095124, 0.9532131376288929)
(28.95920637218394, 0.8019789015898194)
(29.66805572551074, 0.8558958111174417)
(28.79097640340065, 0.771485832799574)
(29.290814890732477, 0.910721797962821)
(29.047805277073703, 0.8027884429202722)
(32.58500025628504, 0.9180938403243114)
(29.090630403279203, 0.8463820704354788)
(29.249406495356766, 0.8020973739683932)
(31.310808341520584, 0.947140735417756)
(30.383588674496067, 0.9135319293539154)
(28.76685571789929, 0.7634360316715673)
(33.10819755931064, 0.9528022123560609)
(29.390621027546587, 0.8215436811928627)
(32.19753444797028, 0.9157739023295112)
(29.605967691698098, 0.9199389900417054)
(32.29271793572474, 0.9150512377212051)
(31.64403321489162, 0.9373646122557935)
(31.017857670313, 0.8575169004624663)
(32.09796123846651, 0.9085433750332078)
(30.142851052235, 0.9173019317294023)
(30.95127402898672, 0.9347267796188036)
(32.11738389465813, 0.9176139692992594)
(29.368544422825458, 0.8347348199824901)
(31.380510144994247, 0.9303559344605663)
(29.20954709462773, 0.8331092858273623)
(29.262778874661215, 0.9023610017219168)
(30.758342577985964, 0.9386053783228395)
(30.633095307655502, 0.9282119661264174)
(28.81117018637887, 0.8028674775826178)
(31.429062309994073, 0.9500474986706637)
(29.32717648979378, 0.8843308087032635)
(30.86583981028258, 0.9103462485488496)
(31.43313071703874, 0.9440551405918517)
(31.41450318137685, 0.9319628642149083)
(30.869151073454944, 0.9131713999684252)
(29.188763704933194, 0.7958072919393412)
(29.303830076598384, 0.8422614305687567)
(32.17975826555308, 0.9117634171048422)
(28.96990748117894, 0.8240840238863376)
(31.30402614374265, 0.953556307524635)
(29.584797918080863, 0.8359238722232739)
(32.342574789911176, 0.915063841781708)
(29.623999315907646, 0.9224501548509211)
(29.988076576092915, 0.9134037992772831)
(32.62913516688941, 0.9201304140260437)
(32.412140336333266, 0.9213257482411639)
(31.437417581363892, 0.9395941810391922)
(32.291208057964226, 0.9125523664019748)
(30.060795727365033, 0.9058998201440235)
(31.44377605288718, 0.9323155619933086)
(30.92217746142302, 0.9328729525650511)
(30.847370153760366, 0.9342193131088775)
(28.708896929315753, 0.7633648793493797)
(30.833760322512703, 0.9323724283361713)
(28.993149238320267, 0.8244630047938379)
(31.25045842236638, 0.9386404293351047)
(31.056843515675716, 0.9049686639903024)
(32.588004043030956, 0.9198443188356523)
(28.92096293233771, 0.9078693671328625)
(28.65378895964359, 0.7695592348359369)
(32.33547751219223, 0.9140273631065473)
(30.707834891604833, 0.9338747566953479)
(32.1618869124451, 0.9216691155761969)
(28.71762326275467, 0.7719795596412815)
(30.56206129681586, 0.9288488072484676)
(29.157772569556208, 0.8105763951217638)
(31.723974365232458, 0.9105484834123898)
(31.183784149603365, 0.9108708942841601)
(31.53514258495322, 0.933962442970379)
(31.183267907789464, 0.9494595227526419)
(29.72507788343067, 0.8568162952537646)
(31.06067013197725, 0.9355349239504047)
(31.036684487545543, 0.9328075163722495)
(30.940075313897594, 0.931336626009653)
(32.006322484891555, 0.9349752231370777)
(30.75537105511222, 0.9404413908102395)
(31.732030443481406, 0.9488729980714956)
(31.004941157392537, 0.8508490178660904)
(29.856864300312438, 0.8915663362423761)
(30.950631621359133, 0.9359761006479155)
(32.28148795421197, 0.9510286734419143)
(29.37063295485689, 0.8980198484231524)
(29.258993853584904, 0.9063074317959402)
(32.07769057088891, 0.9151454978319964)
(29.136304905661625, 0.8842402658299557)
(28.92315742875836, 0.9083043731252134)
(31.202374793997457, 0.9263000861938699)
(29.389008961070683, 0.8940599957549819)
(28.955622395217702, 0.8043647178048179)
(30.599058363003063, 0.9263623133623584)
(31.8318430118708, 0.9139002142546232)
(30.381066517178397, 0.9378245104250537)
(32.01486052798009, 0.9186045780933506)
(30.574924524025192, 0.8205829561968987)
(30.919316707913957, 0.8605088340846815)
(31.198797836656652, 0.9271891430517175)
(31.435750864570522, 0.9400461517591031)
(31.700364791605665, 0.9124144554451388)
(29.376241212543373, 0.8328816763340529)
(32.193465483306994, 0.9204221375742753)
(29.310520955124353, 0.8054024449503894)
(30.687176558230703, 0.9310021283230597)
(29.02336034654941, 0.8304534744359927)
(32.39682787117242, 0.9497145946277942)
(32.43903598346816, 0.9172770980375047)
(31.818412776780146, 0.9544875166309839)
(31.36630361027261, 0.955947825566178)
(29.950233077821053, 0.847744381087475)
(30.583673697984658, 0.8190818950109331)
(29.68624824238537, 0.9125206226133982)
(30.71318877669635, 0.821932109603236)
(28.805956994939187, 0.7751377794739898)
(29.283724655458165, 0.8017630933840596)
(29.274478760101992, 0.8037545813729967)
(29.352558561354, 0.8291201390483957)
(30.408252493529503, 0.918640329259353)
(31.28648968021438, 0.9428373768805262)
(30.888322438326426, 0.9213376657038991)
(31.831340452460225, 0.910822152162975)
(28.979225964281802, 0.7968078030743614)
(32.67515052695943, 0.9243649998256727)
(29.352108685424568, 0.8470365167137088)
(32.106813521315786, 0.9598865939250851)
(29.096181113260577, 0.8153051152598823)
(29.507886045130274, 0.8475706660436314)
(30.65604468910027, 0.821490052169295)
(30.411929056858447, 0.9374695235543726)
(31.56090383392562, 0.9505864417483175)
(29.56108564099098, 0.8334967809244154)
(30.54997428872056, 0.9348136021010677)
(29.890293074420946, 0.8467903231035274)
(29.363814941345005, 0.8282174613348773)
(32.96866690600572, 0.9246143384884439)
(30.61398975408524, 0.9354634912626202)
(30.822440316365526, 0.855315045639958)
(31.051682716346164, 0.8568261708621661)
(28.684381229184154, 0.7603725422484119)
(28.855359181197354, 0.8090146436931901)
(29.248916192304158, 0.8361617309593724)
(30.513949645252882, 0.9313053409050779)
(31.050818563596735, 0.8597779567362105)
(29.696843790159164, 0.8819430415954607)
(30.641817974173833, 0.9301619463664)
(30.30771487890782, 0.9093131083137677)
(32.43316286308329, 0.9212715669169627)
(29.416356417059877, 0.8103042284581146)
(31.619503484824307, 0.9541624529787629)
(29.678377498198213, 0.9286741944486686)
(30.246110327663693, 0.9128620856264044)
(30.875937554512042, 0.9138935392617213)
(32.51390295400489, 0.9509598736826738)
(29.844443045192996, 0.9203036241194887)
(31.938915707610516, 0.933647934141603)
(31.699296163753804, 0.9040656036164489)
(29.690586307114927, 0.8643915126746554)
(31.3956084391093, 0.9439754125443448)
(31.501408388020824, 0.9408362418434975)
(33.119392374258574, 0.9535590077708933)
(29.179727209951718, 0.8213110699421476)
(32.32015935931819, 0.9150137498651367)
(29.430977964468468, 0.8313464266728035)
(30.399322050326063, 0.9236179223777864)
(30.863216030504997, 0.9136013622894489)
(29.260650054300648, 0.9036967139013805)
(31.297220770745678, 0.9455114070355933)
(30.129252563418323, 0.9101277731028263)
(32.651258538272046, 0.9237127298464289)
(31.26600723738667, 0.9436980092696722)
(28.988946391677096, 0.9082464741878168)
(32.245715787813, 0.9479473575244367)
(29.11235641154392, 0.8129811103973106)
(29.58512904179011, 0.8528577253023168)
(30.652877380303842, 0.938827584865598)
(28.80061192949029, 0.818027311594036)
(30.966035916207563, 0.9429947787580447)
(30.83566086522151, 0.9105535776300381)
(30.572035260434106, 0.9300666402012493)
(31.43371083269492, 0.9366961783841726)
(29.372865048632377, 0.8977261846250382)
(29.233176686448576, 0.8311471778129896)
(30.86345821686909, 0.9126291929013481)
(31.28321962447711, 0.9504937874830385)
(28.755306912639274, 0.7853209881952611)
(29.285670503373776, 0.825748513153912)
(31.22871574748393, 0.9114327465795848)
(32.07471268024031, 0.9117946952509627)
(29.258749819697414, 0.8041677935825641)
(31.435269188845147, 0.9282687154922354)
(29.118341697279053, 0.8024819764762774)
(31.995668874401556, 0.916153731674348)
(30.422619206016257, 0.91990194374081)
(29.41461731757688, 0.9027409627904207)
(29.311648505691608, 0.8737797589074429)
(30.848881996823046, 0.9132030001583401)
(28.81902732578991, 0.8433090043443333)
(31.407726985297533, 0.9275723425224187)
(29.201162272227034, 0.8194357951407983)
(32.3228631607983, 0.914934245719476)
(31.21655726177217, 0.9111045259452645)
(31.182168719060183, 0.9155420184478072)
(29.465551453929315, 0.8122653074358446)
(29.39962318334907, 0.8309044834458946)
(28.846667835984473, 0.7960635197910284)
(30.99577570852653, 0.8325856243359046)
(30.644082570816483, 0.9280022457163923)
(30.73440710598382, 0.9195320783159356)
(32.59053975618669, 0.9470487454918736)
(29.381231063373782, 0.9056235305949236)
(31.19973189283086, 0.9265002429723372)
(31.03289203061661, 0.9058382278621987)
(32.15918831464452, 0.9199650107966544)
(32.22708849509959, 0.9123705323726501)
(31.0246032492565, 0.9369631997484013)
(28.881523300432207, 0.8156554479765337)
(29.864105755836373, 0.8450253500282228)
(31.952571203677923, 0.9136822441496467)
(32.620948231588905, 0.9261751980429439)
(29.623612253043344, 0.9239144888233443)
(30.84687023740993, 0.9304686944796614)
(31.73421655006944, 0.94774181996037)
(29.584876355592662, 0.8846491032389344)
(31.384839002289183, 0.9478962141269806)
(31.502119975039705, 0.9426185732415153)
(31.768867517826045, 0.9435415523757352)
(30.83056047559538, 0.9338015079528411)
(31.74751134938047, 0.9490320210443771)
(31.127424337418642, 0.9407997121400953)
(30.692898865971948, 0.9311899335182031)
(31.375328861579366, 0.9289391038729976)
(28.800464979360147, 0.7731383955776664)
(28.948655168306093, 0.8096161155454973)
(29.57411512176514, 0.8794364177429213)
(29.00012145738362, 0.8121092894325295)
(31.05602118435838, 0.9337135483238197)
(32.52896619364347, 0.914580964998967)
(30.613338186006022, 0.9328505809163268)
(29.138698155424976, 0.8847292314191815)
(31.978234034592788, 0.9332769642986334)
(31.18989834904848, 0.944731616467566)
(28.881449122008114, 0.8406285801077655)
(30.945722665303414, 0.9397402364437241)
(31.215012970124217, 0.9548422695551213)
(32.5900927795908, 0.9191438317359144)
(29.431073514711255, 0.810359553262262)
(29.229814982728804, 0.8191982333173963)
(29.577247807243804, 0.8291148753809379)
(31.86183916164556, 0.9578864164561908)
(29.374159108895128, 0.8330798500698264)
(29.823452172660122, 0.9161625273664583)
(30.727673685824676, 0.9357056082352078)
(28.758852043837095, 0.7652898973624891)
(30.583368001666827, 0.9359193532901514)
(30.56270696645209, 0.9280175324081794)
(32.55785464505197, 0.9152278889588901)
(29.439556191560996, 0.8127350831403488)
(32.25137605287473, 0.9472128940715958)
(30.09763256594356, 0.9123381761339989)
(29.107358576181504, 0.8886307363291568)
(29.40345243145771, 0.8327263058031744)
(29.560228809706576, 0.8668969509631763)
(31.35255686882225, 0.9269171875979658)
(30.859867795317616, 0.8238235504075868)
(31.942234970952228, 0.9163854375607965)
(29.637266682750262, 0.926295186771083)
(31.401525959417754, 0.9286762581059852)
(28.95878853836688, 0.8035627378276309)
(29.784998761401855, 0.9113122493792221)
(29.661329864018168, 0.858819285885091)
(30.84542739535049, 0.9082761422726934)
(31.102629976829842, 0.9008966992512624)
(31.365844312882626, 0.9396979148727351)
(31.00403395278256, 0.8962665890319853)
(31.205764241995062, 0.9440376049485316)
(32.4726038130641, 0.9205453029919258)
(32.08335373347892, 0.9199583003046695)
(31.375731886581537, 0.9282705851665148)
(30.382678879038693, 0.9404467834366741)
(28.99190134667795, 0.8030805167093767)
(29.10978154416584, 0.8205614915220485)
(29.450492780719234, 0.8463452264646866)
(29.032662008097784, 0.847603148205313)
(29.683650707994957, 0.9211510625595474)
(32.0014345659104, 0.934540612255612)
(30.190087743884316, 0.9238678700741565)
(31.07025355718615, 0.8975543171528567)
(29.438364647215074, 0.8117129330883052)
(28.842371153320844, 0.8001596485849933)
(30.67574912432809, 0.9317260746008384)
(31.8088515394342, 0.9562917424017854)
(28.732351708145103, 0.7596408240484905)
(31.35542977670893, 0.9277901475760336)
(31.36472800465235, 0.9485219975421378)
(28.7542532674952, 0.7907355629494597)
(28.674686853155556, 0.7654987746015753)
(31.012287968002234, 0.8344470498220037)
(31.258732614361392, 0.9380089010508433)
(30.750560334454335, 0.8392270068098083)
(29.43356896792032, 0.8429991869434392)
(28.700924033258197, 0.7723338405921686)
(31.963359691204065, 0.9485577847338895)
(30.992673975324013, 0.8948531387372194)
(30.70438268025835, 0.8558257106017518)
(29.222048183679725, 0.9027356287022833)
(31.337565414064077, 0.9458884711322293)
(29.58040448673183, 0.882080286730937)
(32.13813142586161, 0.9047434074935131)
(31.01643959822567, 0.9049735093800643)
(31.724163156655028, 0.9529695735194702)
(31.583205929691267, 0.9371368723790957)
(29.37799203227607, 0.8296194293290277)
(29.019636140953843, 0.7935724024079711)
(30.974068729304825, 0.8944767830891287)
(32.647594112922, 0.9246767324712617)
(30.763712262610554, 0.9374287434326519)
(31.479535567349753, 0.9536129705399419)
(31.03318649071832, 0.90503020284939)
(32.152850750943045, 0.919472215178144)
(29.15240929238569, 0.8192626624266758)
(29.07510287209627, 0.8491489416664929)
(29.019305842912683, 0.7927684884443038)
(31.204962787201197, 0.9215295974835068)
(32.10687345088761, 0.9520611833699245)
(31.17994610537498, 0.9525101454674199)
(30.411359254867047, 0.9410045055258983)
(30.57656034486901, 0.9304372365288802)
(28.851327981632156, 0.8429670381638041)
(31.543713118139927, 0.9491744600423648)
(29.257079907215235, 0.8335172972651956)
(31.314971928707504, 0.9444797357342898)
(31.02646401599468, 0.9360125191516362)
(31.379728892267412, 0.9394676372213887)
(31.398032414065646, 0.9433545385715554)
(32.637960353615384, 0.9201091813244655)
(32.02674736178464, 0.9351826404969026)
(29.252823341837612, 0.8211634470412654)
(29.399631024758158, 0.8483490613684728)
(30.751549258628984, 0.9228445259042896)
(32.62379295809003, 0.923195187139026)
(31.72942387236102, 0.9396948357677547)
(30.651794310362064, 0.9294759500214782)
(30.841610858808725, 0.8438556800747159)
(28.95832219482646, 0.809299210631234)
(31.014822523120806, 0.9036637607927507)
(30.84360258123982, 0.8553586264972182)
(28.74990735520752, 0.806586638600277)
(30.44390339025891, 0.9149813536210953)
(29.331862828974785, 0.8933139085864984)
(30.62497716415658, 0.9370903031744314)
(30.22704772483643, 0.9234963944584968)
(31.782951298434057, 0.9021140962141004)
(30.78626107741848, 0.8188029163932835)
(31.12510976051999, 0.9509097765268782)
(32.041794389195516, 0.9361762085555484)
(29.24993473228762, 0.8322745625833066)
(30.536280609167466, 0.9370370086554827)
(31.730300733024905, 0.9491785038604507)
(30.97301957858516, 0.8296682110675061)
(29.248509618982936, 0.8178782993060992)
(29.367581407762916, 0.8247522305504268)
(29.301551649060933, 0.8911506261696914)
(30.635276556657768, 0.931513864707292)
(28.72136138923124, 0.7710614618964187)
(31.594581412265093, 0.9452956406111871)
(29.146205327791122, 0.7972438555289867)
(31.483435851797744, 0.9409012998528011)
(31.437953010770823, 0.9323203551352943)
(30.419781342390678, 0.9168525256914283)
(30.37407272152106, 0.9407057239165983)
(30.919322406915764, 0.8233318555597332)
(29.619156265669005, 0.8822033422105363)
(32.3319065434137, 0.9150312227187313)
(29.309054846406926, 0.8255213583312844)
(29.050391827722713, 0.855275983994925)
(29.035063167025644, 0.8130902964419238)
(29.46158113975644, 0.8607492403718329)
(31.378376139602267, 0.9294275074479643)
(29.052203206617897, 0.9118960582564691)
(32.63619984489294, 0.9269708102741373)
(31.404663602487354, 0.927105122171141)
(31.145913443699232, 0.9152899337030694)
(30.460384079010062, 0.9241815597746841)
(31.67733006543079, 0.9522589819932782)
(31.175179868993705, 0.9418546307212056)
(31.924068138027128, 0.9150352404528318)
(29.281789171825515, 0.8319351717151772)
(31.597387434404133, 0.9375009455308752)
(29.36284728508799, 0.8863734986470022)
(31.746809622497164, 0.9497965853703642)
(31.74460863672589, 0.9491919601585199)
(31.16164126539722, 0.9262192040080426)
(32.66355000632061, 0.9523212610137868)
(30.123187186498424, 0.9230863184116196)
(29.169179352877318, 0.8810991929246482)
(30.201820043550057, 0.9253536501839579)
(32.09474530434248, 0.9207714317302621)
(30.825310176656664, 0.8233021412616648)
(31.140314524749915, 0.9159389518155471)
(29.10166142567689, 0.8219827204672178)
(32.54729552785251, 0.9130624854305682)
(32.57453829423265, 0.9194816981366163)
(31.858796042552964, 0.9146989699519841)
(30.992986974825932, 0.9040084075849505)
(28.91626309513314, 0.8498347255038625)
(31.664335044894543, 0.9365314375587336)
(30.622751907588032, 0.9325139841228038)
(31.841432908590853, 0.9553811054180297)
(30.67887282355958, 0.848733124986014)
(29.736435186961433, 0.9074273861492628)
(28.71180424907086, 0.7614458080747063)
(29.224889823059222, 0.8169453661480226)
(29.606993075439586, 0.8516073360813294)
(30.726849324850125, 0.9233083265606847)
(33.17956660891957, 0.9594454977357779)
(29.072768527462465, 0.8606186724984135)
(33.17025729188229, 0.9557026483438648)
(29.083766843259657, 0.8385122178015026)
(30.399450857476292, 0.928124654727018)
(32.87228610679169, 0.9545307869880197)
(30.935973128293668, 0.9344801435423774)
(30.61311840500332, 0.9324819254110308)
(30.715010861090096, 0.8097910313584629)
(28.839617547580776, 0.8446205185560065)
(29.380138424716588, 0.832499521225622)
(31.232999399700923, 0.9371019277406697)
(29.30748194332694, 0.8089309563470173)
(28.624257225961827, 0.7708107765441228)
(31.821006190425287, 0.9455166389032498)
(29.34805641686401, 0.8934413666481039)
(31.08015752819025, 0.8640227543091601)
(30.509600174876997, 0.929967544944082)
(31.535275182133695, 0.9458440489538473)
(30.848519939504456, 0.9145010224714042)
(32.077623247365594, 0.9164686918942923)
(32.206869303774376, 0.9111777047779612)
(29.141307889890196, 0.8326448553229228)
(29.393049034144425, 0.9016590172421922)
(29.384144332426885, 0.9037668949149181)
(31.367484711863554, 0.9426018328207587)
(30.574967643215764, 0.9361221331082685)
(31.903609432130274, 0.9576676621058392)
(30.11283044443997, 0.9198369194554444)
(31.472126125421305, 0.9410523937908609)
(30.761945272206294, 0.9233586528284051)
(29.366411912632074, 0.8875463246066683)
(32.295611845883315, 0.9138813881448465)
(31.518178250345017, 0.9415234659802579)
(29.765018361138456, 0.8888576895624877)
(31.182450698452367, 0.9163589485187451)
(29.562873681897027, 0.8823777790245597)
(31.845518453490165, 0.9121014275732725)
(29.61397420234053, 0.8904955345199402)
(29.676274245470232, 0.8922702973604617)
(30.991227680656475, 0.9045070617931963)
(31.12294032450745, 0.9023605250540345)
(33.123184043730255, 0.9282667893342399)
(31.78624488026825, 0.9068916718797673)
(29.242787273802765, 0.829683304800747)
(31.0658216994773, 0.9372877292770828)
(32.27252327345904, 0.9522788561678774)
(30.966100380945516, 0.8278973690467192)
(29.215368759448282, 0.8220954970000856)
(30.895474703754687, 0.9350784173805059)
(31.03193858489668, 0.9350859883496995)
(29.80087919769987, 0.9077583604550292)
(29.171945037765955, 0.8374116598450324)
(31.094154036124593, 0.9424548838566336)
(29.27392876397476, 0.8054594592187092)
(30.99687181207278, 0.8295620913439046)
(29.272433535411704, 0.9024373905837961)
(31.19747944294715, 0.924796848227755)
(28.714561113601, 0.7890230023894226)
(30.97590521567816, 0.8944472349492107)
(29.25202096295793, 0.9074392802609409)
(30.89597484819002, 0.9203675583047267)
(31.657473478619977, 0.9371171561535147)
(30.914651734830656, 0.9218132635335294)
(31.094549312106547, 0.8716083141267487)
(29.599862926866727, 0.8785697042439705)
(31.20666268486463, 0.9111623562234867)
(32.28123952078172, 0.9524539870179843)
(30.867327796490642, 0.9322282662082764)
(28.694119241400692, 0.797982487759322)
(31.4504729097316, 0.9283783245055555)
(31.5745786415367, 0.9462373735292502)
(29.11837055812345, 0.8185522701420285)
(32.14158929569719, 0.9116223618537798)
(30.598676213345776, 0.93716647585605)
(29.652119024280402, 0.837861450431619)
(29.891002972300697, 0.8477735758755447)
(30.3835023160946, 0.9135139638910504)
(29.471169194530873, 0.855105745218953)
(31.73899190758515, 0.9532016732655523)
(32.171461092946586, 0.9213595641971082)
(28.628579711560942, 0.7640969306134302)
(28.819008920526304, 0.8204061758362742)
(32.03691063535203, 0.9511447883808805)
(29.326341263410125, 0.8095740427737211)
(31.174402744783958, 0.9178998140976359)
(31.029070874873433, 0.8967234932875474)
(30.07752197540153, 0.9207050503794777)
(29.15216792262307, 0.8088157355653314)
(31.027883974350765, 0.9365640764085972)
(30.69658197505033, 0.9291942712523461)
(30.935856260106863, 0.9209985803518753)
(32.384610035830846, 0.9166970712340007)
(31.46109110299846, 0.9460141833405745)
(31.255700959934217, 0.9236673835763762)
(31.10988857152123, 0.9341439203234551)
(28.91431168874861, 0.9082879739731998)
(29.359594263875355, 0.8942023357073705)
(28.991962809919023, 0.8308896226474591)
(31.49521292089352, 0.9422463558811894)
(29.650203298626572, 0.8548820101798321)
(30.627519210238482, 0.9333845281112184)
(29.36052177111977, 0.8946236609038669)
(29.321821678866296, 0.8876812731306571)
(29.15968051863421, 0.8044124066258437)
(30.91790575666138, 0.9326467265631082)
(31.03979634008958, 0.9375004119253727)
(29.312697613589002, 0.8929041156474259)
(30.911423716503393, 0.9208035622769702)
(32.18492309477949, 0.9127403628305041)
(30.426300446948122, 0.9405646570504481)
(29.33362636122453, 0.8766003390411916)
(31.458952173153175, 0.9379359044311149)
(29.30947574468234, 0.8779128211101495)
(29.627328030186586, 0.8375215609347876)
(28.79067634389599, 0.7621001878866285)
(32.11937863472734, 0.9112069516052708)
(30.99526145286817, 0.8417060365820938)
(31.773564526915514, 0.9479953478025486)
(29.36980566512471, 0.8834353992913753)
(32.31450757986224, 0.914735948588926)
(31.27039699226653, 0.9424132608694742)
(29.40026240027884, 0.807136169224929)
(31.47660285489596, 0.9451020052736665)
(29.13377157241271, 0.8196892313008615)
(30.681820195070074, 0.9328376731956195)
(31.429469131839774, 0.9327866474631699)
(31.488806286421923, 0.9410915498520998)
(31.80558570524676, 0.9444876951342641)
(30.15523868231505, 0.9122638335512391)
(32.07766576736417, 0.9162256632424454)
(29.371150874743762, 0.8331946047616978)
(30.867695179663283, 0.9311609739074479)
(30.589986601007176, 0.9361078162234743)
(29.385400201244106, 0.9034506994581669)
(30.995461679438137, 0.8331758101972343)
(31.195555815570835, 0.9112829514295918)
(31.168633637569943, 0.9240602883203374)
(32.17717035768742, 0.9185022153567972)
(30.782021272731228, 0.9381503813130232)
(28.914851329898102, 0.8419131759996158)
(29.382606868914507, 0.9086809333700425)
(30.740566259607434, 0.921097112814829)
(31.707147448842072, 0.9459774028645483)
(32.309547835239904, 0.9147246562272967)
(28.857146700777196, 0.8273155496428037)
(33.074269478022956, 0.9272154677407691)
(31.20405339486056, 0.9338517327658876)
(32.326272484194455, 0.9518944820391664)
(29.280782860142697, 0.8059185107922734)
(31.355216747958764, 0.9493492685025597)
(30.46513938101539, 0.931396540569987)
(30.329401851420293, 0.913264105826628)
(31.726845338496567, 0.9083404963564026)
(30.135236253809452, 0.9221060959788316)
(32.320186711231294, 0.914628295269824)
(29.009950711930692, 0.8290245296234301)
(29.52943876932695, 0.8809904871817065)
(31.904528308991154, 0.9495968914336466)
(28.942484358088365, 0.8006248877211692)
(28.98261629221406, 0.801913208798574)
(30.993812087792367, 0.8314716571669416)
(30.54156109239762, 0.8316266629403194)
(32.63067266634815, 0.9486623933840712)
(30.596826439077777, 0.9312585171797005)
(32.08518559444164, 0.9071588959061174)
(30.38084979079175, 0.9404388212788698)
(32.08615968405949, 0.9165463669046697)
(31.090809334111782, 0.9007761457756575)
(29.290301800237792, 0.8312624062923383)
(29.321282184178234, 0.8811353957159321)
(29.331865465075474, 0.879119129888257)
(30.871514855587442, 0.9297026238291167)
(31.676511971168004, 0.9371212313429665)
(31.143499551659524, 0.952470417084604)
(30.849243817290407, 0.9145546772308991)
(31.375523888454673, 0.9295895333115296)
(30.404837452283388, 0.9386335238395537)
(31.8886657692229, 0.9007518406060284)
(29.69880929978171, 0.9205043133632963)
(29.194645856330126, 0.8576522717100435)
(31.61592449871187, 0.937540101682007)
(30.909553095364714, 0.9209600009934639)
(31.211095287276933, 0.9173082526410735)
(31.32802364741756, 0.9440615406231708)
(30.22765031692582, 0.9251771347351094)
(30.720642175701904, 0.8531327767412106)
(29.60329585122846, 0.8874833204827159)
(29.699544725314073, 0.9242426692098097)
(28.66912725984635, 0.7719961152952176)
(31.84253340156817, 0.9125425864274871)
(31.378754107685026, 0.9512029951391637)
(31.159413642131184, 0.9426286926423966)
(29.820574475100333, 0.920576955790299)
(32.58970604838253, 0.91944203757239)
(31.067006380408614, 0.9362424999689217)
(30.76204132564974, 0.946258523003212)
(32.586379588966814, 0.9209563902375647)
(32.30889042676776, 0.9148110000451324)
(31.50912196212383, 0.9426555466922724)
(30.832578259072175, 0.9133555965816353)
(30.84974507522638, 0.9139542239849201)
(29.353068653683447, 0.8996328056398581)
(30.92749459486612, 0.9336910060258872)
(30.928732425274752, 0.9347655832054423)
(29.29954110963787, 0.8268229228618439)
(31.227621895160173, 0.9223006443790868)
(30.969186480682865, 0.9042886581038244)
(30.7333999763042, 0.8228216109175338)
(32.09763693930168, 0.9612297340501995)
(30.86694194354036, 0.930189367667067)
(31.314619980431484, 0.9444760750958675)
(31.495086808740492, 0.9354998971053043)
(31.629431959654518, 0.9378293313633156)
(29.33248857119011, 0.8932757060030637)
(31.248781993796193, 0.9430414965550693)
(33.01691324826767, 0.9228315899472506)
(30.040353406972315, 0.904521280815121)
(30.8937563516897, 0.8127896221343727)
(29.620539730777278, 0.9202287553180968)
(28.95034854445475, 0.8097913669729353)
(28.91789492974537, 0.911652786906016)
(29.59978902481289, 0.8864962415666272)
(30.685156283777925, 0.9322573360312232)
(30.627683640857928, 0.9289280572119369)
(32.29365852432926, 0.9133767681923708)
(30.155699140628233, 0.9136765452840899)
(29.900533255458694, 0.8490461291231417)
(30.705317485491662, 0.9355893948550352)
(30.950477457667173, 0.9311803307453925)
(29.40658657272391, 0.8072460555050102)
(29.17025228901839, 0.8225432107634326)
(30.587240153630873, 0.9385547966048177)
(31.08924532807366, 0.9009479704521152)
(30.3147630966042, 0.9131178325290589)
(31.145851400309056, 0.951013541322151)
(32.209083440163575, 0.9208361763157135)
(32.22703788549434, 0.9501695632400541)
(29.145420601691438, 0.8894156462871121)
(30.857921580029174, 0.9097950043313385)
(31.962137755535508, 0.9329594695435627)
(29.287464577475614, 0.8486036798852753)
(29.596350865582053, 0.8365100004137834)
(30.925927961797104, 0.9208397020945046)
(29.5725953019417, 0.8803859886691385)
(32.43548083863879, 0.9201217035876192)
(31.825165495746887, 0.9122153230398592)
(28.73357198475373, 0.7700900194279803)
(29.825892078302047, 0.9099194001765788)
(30.976711964820517, 0.8960377816626252)
(30.954304467071687, 0.8942464872569783)
(29.669446514275045, 0.8569078147702107)
(29.33749794580793, 0.8864756427301869)
(31.464160104623886, 0.9410718532307928)
(30.49303657029244, 0.9342190871547646)
(30.631324785669012, 0.8130291124512036)
(30.442321148552367, 0.9261652005942319)
(30.62840588980313, 0.9307253106721344)
(29.372099668104042, 0.8258747062977023)
(31.69062272901028, 0.8994296349380344)
(29.633902892789024, 0.8787428777555869)
(30.91119211335938, 0.9335736696316996)
(30.699775138238614, 0.9342810998153981)
(31.2046187722314, 0.9452886104783427)
(31.245166040326872, 0.9126794426107119)
(29.406649979747293, 0.8418485117479209)
(29.293072761447792, 0.9035654001174618)
(32.262657013260934, 0.9525656283578929)
(33.32831226841181, 0.9596065506325646)
(30.72897350812717, 0.8488161146402248)
(32.41609277475459, 0.9093097709841502)
(30.869906571033333, 0.824721190018889)
(28.853115866105647, 0.7982414784272259)
(31.137281637380415, 0.9339817312051983)
(31.04668760990692, 0.9360075011382267)
(30.751931521977774, 0.9366062079729605)
(30.950346532162282, 0.8952767432981207)
(30.621366673726875, 0.8202982289092267)
(28.899430360700862, 0.904377541743967)
(29.55134159517097, 0.8486451844540136)
(29.1518100479878, 0.8122123498711216)
(31.020236041264518, 0.9334146960238922)
(30.185450163228996, 0.9243519266673246)
(31.81210083221417, 0.9120406027826733)
(31.473157550445322, 0.9439710874822842)
(32.14829217151386, 0.9199874567289931)
(29.239793063203436, 0.8403240724308567)
(29.722162234105262, 0.9082424220792652)
(28.93811233923527, 0.9112535445909576)
(30.608600311502276, 0.820705488976716)
(32.3979633157411, 0.9177093949360848)
(31.23707967736601, 0.9515341959406614)
(28.864063052014007, 0.8182752865112575)
(31.00861785698143, 0.834193613138026)
(31.043555179026917, 0.8975956349017901)
(29.12012372109114, 0.8092193244698124)
(29.024636960128124, 0.9111566206524094)
(29.023492586152475, 0.8344801029644477)
(31.065076526700295, 0.8671646956719782)
(32.594442487883136, 0.9210825354358051)
(29.351345251599096, 0.8988629019445412)
(29.282042694171686, 0.8043904921386386)
(30.809782222851133, 0.8264394860534252)
(32.33090692766061, 0.9133406185363174)
(29.208856633211894, 0.8199771030728664)
(30.253389991801548, 0.9249061049652766)
(31.040678116241963, 0.8972257969600596)
(31.36853792609701, 0.9280794643352963)
(29.0195844480904, 0.8569531531903575)
(29.01834260248609, 0.8263161160141455)
(31.216701694921497, 0.9446798420468367)
(31.271906655539894, 0.9477004704258918)
(29.172024710652536, 0.802054027723221)
(31.393754566230964, 0.9310130585294727)
(32.3765080323628, 0.9207262302549)
(28.81574673238092, 0.7877322597815469)
(28.820770323025382, 0.8445294415403418)
(31.78218854001384, 0.9131890577621478)
(31.062455825379544, 0.9353928861643737)
(28.74659116271674, 0.7702304573004832)
(28.953392970979102, 0.9103292530307805)
(32.11912499401686, 0.9093121677261665)
(29.413719439377935, 0.845977999990328)
(29.824724051325827, 0.9163470738542201)
(31.017807145795672, 0.9357631650271089)
(30.960765938519486, 0.9407248696260541)
(31.356797009914512, 0.9475359988370959)
(29.552073066965974, 0.831761232878286)
(29.72912994718382, 0.9123813279846799)
(29.804660200327753, 0.8539711803491206)
(30.86652288011019, 0.9141259956959453)
(29.393831103838473, 0.8900494496307416)
(29.318631894441474, 0.8427484129553648)
(31.356997209460992, 0.9290865701159666)
(29.614346943640555, 0.9194444561607408)
(30.926327517793737, 0.9224317222478209)
(31.025889098298627, 0.8412599138700274)
(31.33312249818165, 0.9299989714589175)
(29.062710926254674, 0.8506841108276364)
(29.910537108371187, 0.8885528731377925)
(30.974934785599682, 0.829248681046867)
(32.07505828993036, 0.9515804097960282)
(31.783626107011106, 0.9544906522811152)
(31.06263785703778, 0.9358498306008367)
(29.79172668158887, 0.9175050066360506)
(32.61876072285582, 0.9199316904535096)
(30.87903228085809, 0.9092974594853712)
(31.37001315631268, 0.9474482654648904)
(29.595508457342955, 0.9214310802098237)
(29.430180124951878, 0.8116404385339111)
(29.414980052372, 0.8332113910783784)
(28.95157057863642, 0.9127363843231692)
(30.881941947431635, 0.9332910053101805)
(30.7031849564867, 0.932192371198893)
(29.25288805627185, 0.801522674073012)
(31.588116199368798, 0.9373564159772723)
(29.305918968264713, 0.8964547714678667)
(30.908218667970036, 0.8183103037549262)
(28.85473409426462, 0.8079352141048994)
(30.573638164623475, 0.9288503254158448)
(30.84701729705722, 0.914686926703611)
(33.150511459896265, 0.9546850092809601)
(30.729191698252023, 0.9233983345618396)
(30.626548739644292, 0.9369968642020049)
(29.27298204190101, 0.8742913310412805)
(31.215944128239094, 0.9181639057865041)
(31.186996032785373, 0.9148832809686015)
(28.787552800574076, 0.7930594743422159)
(28.754865540883728, 0.7983040593769906)
(31.220093040239483, 0.9372288669124883)
(29.45256709121416, 0.8097727359326199)
(30.167714702119373, 0.9233021010557894)
(29.392116654996183, 0.8060445927765614)
(30.608042511188323, 0.9351685650607091)
(30.940103127461327, 0.8945226361707133)
(31.2157349271247, 0.9112077249613195)
(30.081826128509842, 0.9115624683100156)
(29.150762788276584, 0.879352061891789)
(31.097813479701838, 0.9443741596192777)
(29.80489996856852, 0.9148616329539377)
(28.845793815411753, 0.804742106241398)
(31.93666528428762, 0.9531471598904486)
(32.882454564615514, 0.9578588063624107)
(30.586222339573162, 0.9300440091726135)
(32.56999296056047, 0.9454734504899539)
(32.31188040121706, 0.9140614973853215)
(33.11391460867475, 0.9240987657047224)
(31.186508846302136, 0.9179071583588118)
(31.349386818463817, 0.9420004885517627)
(30.943239840270266, 0.9344322937949885)
(29.53732524168946, 0.8658919217930513)
(33.08970675270104, 0.9294298155128033)
(30.178866449031098, 0.9123446941876271)
(29.012451304475356, 0.8307013358572358)
(29.906751607709595, 0.8893919314690845)
(30.97644055702148, 0.857834441868201)
(29.458236673595305, 0.8553058394193519)
(28.917176401996542, 0.8465097037942552)
(31.074620470071544, 0.8996781819472529)
(32.557571289410646, 0.9160483936246642)
(31.072661085154778, 0.8686287580580802)
(29.171297545598932, 0.8258986339767039)
(29.400776405050767, 0.8088769681344814)
(30.418129034722444, 0.9241515379579596)
(29.678485991356336, 0.8566549045720274)
(31.419781382928885, 0.9326109289679949)
(29.340188075194984, 0.8933485012695176)
(30.41902113506766, 0.9414646773480768)
(29.927427508146543, 0.8977507142481064)
(28.76698979687218, 0.8014666852617103)
(30.798129103985424, 0.8579332152444425)
(28.91763714980419, 0.8008070531349537)
(31.201048364477224, 0.9457279804808577)
(30.945306578469772, 0.9312375463225961)
(30.57687634693652, 0.9320936837500243)
(30.893105670954554, 0.8240039221331656)
(29.35407236335687, 0.8882229897618072)
(30.748300856123876, 0.9219965014681534)
(29.80647810821649, 0.9172973511589394)
(31.63181578300337, 0.9449307904985853)
(30.1558942185114, 0.9199236296343056)
(29.106392234344472, 0.8899947428785595)
(31.784466949981052, 0.9498128910136352)
(31.156584931148842, 0.939892165035943)
(29.220529230401873, 0.8118381229875032)
(31.762091648595955, 0.912853162105483)
(29.544479527048498, 0.8560196870217504)
(29.09886053228828, 0.8098306710566312)
(30.967041949485594, 0.9423388715627374)
(30.041437005138, 0.9178749820261844)
(29.134793869315295, 0.887639745770195)
(30.17267064762401, 0.9193878477000345)
(30.840004015348462, 0.9086228560256547)
(30.85768184266549, 0.9128944898565982)
(31.10278793883543, 0.8996327972333141)
(28.83698027069666, 0.7954517284935806)
(32.83017721645776, 0.9531485541951921)
(29.364831193539928, 0.9036552094941097)
(30.36341434452162, 0.9182014942070071)
(33.07993352944171, 0.952620493476004)
(32.93871671290902, 0.956421219580698)
(29.234289118332217, 0.8162553003040072)
(30.81204162292326, 0.9095563731165387)
(29.675862521879097, 0.8925265786054106)
(31.095315385354077, 0.9438222148919566)
(30.92871882680275, 0.9219701506604132)
(30.834042383839837, 0.9098424147590185)
(32.57687853173606, 0.9146969782447946)
(30.64010140593645, 0.8558353235023225)
(30.091286848501333, 0.9151858294630538)
(32.64568632757598, 0.924128965271781)
(30.638144877363086, 0.8363920584382514)
(29.125757529373708, 0.7982717788659903)
(29.009200709955376, 0.826601312598859)
(30.935662303996416, 0.9344902061531982)
(30.928652194905418, 0.9217975548302885)
(31.150799641480678, 0.9440173360000019)
(29.76554015985005, 0.9190622112821114)
(28.856349887845553, 0.8511572357217184)
(30.718866186528896, 0.9235291097129666)
(32.19971576760619, 0.9177903590754936)
(31.212114439037993, 0.9220975932676608)
(31.446674110981686, 0.9529103434446428)
(30.48362585456779, 0.9334383910051914)
(32.13953544910508, 0.9179326450459637)
(32.32585902208682, 0.952671552916059)
(30.756223588178784, 0.9224532815691711)
(31.192937580586314, 0.9155949234930117)
(30.618753520469927, 0.8364964739185947)
(30.743409609329078, 0.9234525359296274)
(29.32498617248596, 0.8836047247509873)
(33.576752850442205, 0.9673941793185273)
(31.176486326667543, 0.9244861330307353)
(31.732100798092464, 0.9488079488897344)
(29.588726524236677, 0.9226614859547875)
(28.927590409695455, 0.9023004977205648)
(30.590322450164248, 0.8446432881814985)
(30.69161777740309, 0.9326137360328672)
(29.235162069717447, 0.8996350375109728)
(28.83858258010196, 0.7869852412643433)
(28.826506985177378, 0.8472627897588265)
(31.155935212890586, 0.9420584113450924)
(29.292884280798006, 0.8347221779388242)
(30.631095712034288, 0.8218917710340276)
(29.385146291660135, 0.8935367405362068)
(31.204224072533364, 0.9452193273413866)
(31.014684927505872, 0.9348592650823102)
(31.43961720793895, 0.9436623053509337)
(30.099350201309857, 0.9140309587648481)
(31.239265125606597, 0.9383969348219456)
(30.553780095180883, 0.9371776777665796)
(29.780627207890078, 0.9132179904728038)
(32.37572048429421, 0.9537282948789967)
(33.247238771145355, 0.95735976540644)
(32.140031475716754, 0.9193968942404115)
(30.88183970757688, 0.9319747697077557)
(29.044085434830077, 0.8454092585821019)
(30.306424907808683, 0.9099079902998732)
(31.796726493079092, 0.9132193021648859)
(31.79408048166469, 0.9436508137181947)
(32.33505038986833, 0.914714630726216)
(31.018441243328063, 0.9038034684414517)
(29.281410591115783, 0.8037027531821417)
(31.731227499957978, 0.9462689271079842)
(31.47245192568707, 0.9406378568874871)
(29.005723547371325, 0.7969836411261016)
(31.37375359461614, 0.929798726044686)
(31.501403423148126, 0.9454982644549533)
(29.20604887500657, 0.8348406817890348)
(29.665882225696794, 0.856861634066449)
(32.45086672745292, 0.922043747563891)
(31.705393469512437, 0.9125094762977256)
(32.01230862618255, 0.9048795827028412)
(29.825956216025805, 0.91764650524006)
(31.20759495420732, 0.9220957416998496)
(31.449145772817992, 0.9529502991093528)
(29.09310286621773, 0.8201201941364574)
(28.80607944117145, 0.8129281802904993)
(29.43443124422634, 0.8738344281922314)
(30.17920629148818, 0.9251295576179067)
(29.17217171913173, 0.8344159771022975)
(32.310630776670784, 0.9136364880793989)
(30.91180135092312, 0.9333361036286647)
(31.30896745075013, 0.9452308340590867)
(30.947774468896384, 0.8953589808670832)
(31.207586544040367, 0.9279419199852396)
(29.02370428313025, 0.8261834732533598)
(31.998298689134486, 0.9502945263318331)
(28.84135571146077, 0.840199315108791)
(31.245403870299313, 0.911851976802824)
(30.55167379682515, 0.8144500489773709)
(29.288255077338754, 0.8748085963581044)
(29.082528201364237, 0.8435400663925647)
(32.06542764010136, 0.9195833185018035)
(31.01520620488721, 0.9045932762317831)
(30.61499739828081, 0.9388891887423091)
(32.541284911752115, 0.9169812250599978)
(31.068814062571207, 0.9011204210337761)
(29.41185001519127, 0.8087146517097255)
(29.52790081630978, 0.8311157116150837)
(29.38011291151799, 0.8292668480159509)
(28.997386141796557, 0.8231013850648445)
(30.681061778180894, 0.8109124245091898)
(31.459287127800174, 0.9363309370918583)
(29.5918563769432, 0.9043283435417561)
(30.974600271155275, 0.8576406680192867)
(28.953412472400192, 0.9118448128903273)
(30.530241747864846, 0.9382187806137727)
(30.806572751665946, 0.8416522599256546)
(31.048383411690644, 0.8971968769731261)
(31.349761972231764, 0.9283549586444348)
(31.749015337896708, 0.9493454935227156)
(29.36621054296543, 0.8466884573359252)
(29.1295244749941, 0.8918661561300735)
(31.540414251546686, 0.9373019735757192)
(31.504081244308107, 0.9418686473656716)
(32.6567941802485, 0.9247952735057958)
(31.692422308441238, 0.9529149322643992)
(31.186836421241484, 0.9187484251837419)
(29.573880196720715, 0.8336056194022041)
(31.218025647077575, 0.9272641412808)
(29.075000110401696, 0.8238905645161051)
(29.17839183133131, 0.8081052056540254)
(31.10563167128861, 0.942255329987569)
(32.10341529831544, 0.9607771655486849)
(30.975828508071267, 0.8948735752728513)
(31.198450547511204, 0.9275813069619332)
(32.10562901182347, 0.9165860999478173)
(29.863903773108476, 0.8895613582510838)
(28.84172825365927, 0.7970187583295458)
(30.399686813192893, 0.938674850546731)
(30.911841716946395, 0.8420068877098464)
(31.273982784449647, 0.9530326701753856)
(30.95337331420612, 0.8177523868765415)
(31.344036315394806, 0.9275594446804108)
(30.875128354637376, 0.8578021542546682)
(29.72486598006618, 0.9120893558291984)
(30.96558551269529, 0.8940513264205917)
(32.30917819423911, 0.9523488264820256)
(30.735429556787018, 0.9195704247119818)
(31.256436751983813, 0.9128241310576877)
(30.83997070675503, 0.909030753973822)
(30.84504695130847, 0.9091456741878751)
(30.396809510155315, 0.9398033950041007)
(31.59409352451842, 0.9528374358625316)
(28.830225481595456, 0.7990151782923535)
(31.34826334887925, 0.9476411843555074)
(32.20179135182089, 0.9136550579598091)
(29.69596978774269, 0.9196404771605151)
(29.245309529560192, 0.8009908000620763)
(28.739973922553016, 0.7702194113020235)
(32.140024645980205, 0.9615677358524767)
(30.535559854777983, 0.9312832524210591)
(30.94244364974356, 0.8946965229763204)
(29.184826001872068, 0.8183182160284954)
(31.04674937052977, 0.9364601066639104)
(28.707809795428748, 0.7657736282686486)
(29.700943996469043, 0.9146255231118259)
(30.935899846941666, 0.9211623072266197)
(30.887793268816168, 0.9134424565900064)
(28.695505920572494, 0.7664519392019151)
(28.805271092962563, 0.797054396995527)
(29.63273875368618, 0.8829703261128654)
(30.52485158622872, 0.8089353231496906)
(30.72831614676793, 0.9321863777718229)
(30.191151297121763, 0.9236410288748217)
(29.567189970687235, 0.8749280031367734)
(31.377167948334783, 0.9306593322481898)
(31.752444368419376, 0.9134901774509671)
(32.30016108086396, 0.9128478161036493)
(30.926439236964658, 0.8622703408234358)
(31.108266943103256, 0.9417137462045956)
(31.15261276607814, 0.9150790211322091)
(30.40509636209964, 0.9160513930385412)
(31.37900841757226, 0.9270016489720274)
(29.363234928624014, 0.8601701282156647)
(29.631871301608356, 0.8582486015978652)
(31.04862831927639, 0.9354842595728169)
(31.254486545241672, 0.9123766515427681)
(30.82910443484803, 0.9084677285054986)
(29.374879402302568, 0.9087651526900563)
(29.432519353964487, 0.8386381537738582)
(30.749293702220125, 0.923869211607776)
(30.51949533248112, 0.9263142985139587)
(32.11677889372814, 0.9179668197353711)
(29.19816082614567, 0.9037590534246047)
(29.81605120599704, 0.911039867830087)
(30.94736747217588, 0.9229249721531112)
(30.43292349033305, 0.941292084565667)
(30.703285141503407, 0.9213335397124127)
(30.94163696675384, 0.9337541894649888)
(32.033175225275784, 0.9347999323550531)
(30.820656436965557, 0.94048850945163)
(29.34443883478434, 0.8981781118122557)
(31.731207542779938, 0.9486514095785278)
(31.027974406702388, 0.9362695303025647)
(30.447713008191982, 0.9401087585676103)
(29.125862756127976, 0.8055949635412407)
(32.08385119077402, 0.9496239791298694)
(31.172671121494126, 0.9188483067191011)
(31.408233861524995, 0.9288976144249118)
(32.61314264425228, 0.919173368286406)
(30.971161516613535, 0.8945752450317994)
(28.819553582006805, 0.806694742095802)
(30.70814275509475, 0.9195965800712455)
(29.412690149387974, 0.8310420269085702)
(30.628688122309313, 0.8080105769034227)
(30.786387938098045, 0.9330346455104538)
(31.327648876011416, 0.9464378285642429)
(30.714061542307242, 0.931175038601684)
(32.33399742703254, 0.913392574646778)
(31.938078739200733, 0.9329742702931008)
(33.101499339705605, 0.952236854883759)
(31.201916579746467, 0.9157280807411253)
(31.99571616291967, 0.9553262046401988)
(29.263446638784, 0.7964344231081587)
(30.59737070501201, 0.9304514618050876)
(32.62959302004914, 0.9259760804156391)
(30.67005960365249, 0.9354870281353236)
(29.415538224132085, 0.8106327741835072)
(30.44041840678043, 0.9173990280635147)
(31.22216054508034, 0.9275654101970181)
(31.114479474591306, 0.9312447512186582)
(31.489093424312887, 0.9446796580776425)
(31.590741610628626, 0.9380889879153657)
(32.383559817219535, 0.9176416032651504)
(29.304246165507053, 0.8817757106170594)
(29.375348569988567, 0.8839746962498023)
(32.355956784173884, 0.9176294263575856)
(30.921993890958028, 0.9338242126549383)
(30.550491774233933, 0.8200187823116213)
(32.32999729322361, 0.953176099743103)
(30.982517056460924, 0.8536513502244181)
(31.741397297680027, 0.9054636938395113)
(29.834781436126107, 0.8430330951500469)
(29.175361394709572, 0.8939285633964048)
(30.913036612786158, 0.9220108675067397)
(31.51025860166074, 0.9373595300588996)
(29.21336510150812, 0.8051582007673824)
(30.604078837246046, 0.9305270837723583)
(29.619069964605398, 0.8540702303168829)
(31.239008352170153, 0.943389735583533)
(29.670932413474993, 0.8576862913770378)
(29.340055453355937, 0.8272251511322155)
(29.356416012536105, 0.8979978455064948)
(30.974377917140462, 0.8966902804104814)
(32.52402177051965, 0.9127419376286365)
(32.11344253356145, 0.9204138870056141)
(30.08049011630307, 0.9147044384997862)
(28.824002450525803, 0.7882210531668367)
(29.612340947909814, 0.8884841354095946)
(33.23252694759916, 0.9558907951656862)
(29.308594845814127, 0.8917078183742706)
(29.313652658946605, 0.8927506585737214)
(32.520109200636306, 0.9214655390230275)
(32.6702290381309, 0.9244758965797621)
(31.096910980868007, 0.9357559967767628)
(30.913791110904558, 0.9314751030609268)
(29.615787371998263, 0.8335229230448631)
(29.64274219683519, 0.8570442516320038)
(29.126124936264222, 0.8903501786826669)
(30.847417132306955, 0.9110729535904095)
(29.37772390293909, 0.8960201813610915)
(32.46646852362695, 0.9146819557338719)
(30.92165474049501, 0.9208479809904061)
(30.791561587896794, 0.9363739804838707)
(31.079723292056705, 0.9012555831811253)
(31.702148914106367, 0.9490005434873312)
(32.09400188956488, 0.9171089613835992)
(29.332177666030436, 0.8234010152812735)
(29.36065634624699, 0.8898025718558135)
(30.891740691237214, 0.9385643570097139)
(31.205479295552667, 0.9121212976171631)
(29.206191186227464, 0.9011989498013767)
(30.862263222556518, 0.8156919635350787)
(31.213604264842502, 0.9221169604948298)
(29.02823236801588, 0.7947288002926002)
(31.12258795747833, 0.9431579863842169)
(29.58221246873785, 0.833986773665039)
(31.098093428162876, 0.9433590112445355)
(29.247590582132815, 0.9031556947300093)
(30.992022655377447, 0.822794136693858)
(32.020268502361766, 0.955937458669838)
(31.227239956756495, 0.9275645561037801)
(32.139689283182065, 0.9200477348056446)
(30.554770620511253, 0.8085952777114365)
(31.28180602949095, 0.9450529890134663)
(31.491750659785534, 0.941875348686764)
(32.064965851927745, 0.9602104358489838)
(30.75556810030683, 0.938630442619383)
(31.513871334530606, 0.9456091559903939)
(31.34723151089141, 0.9458627657806715)
(28.83806544092308, 0.7995460371106815)
(31.657633345785317, 0.936368142553253)
(29.982373255945433, 0.9087134986091205)
(29.319971671578607, 0.8825805913432945)
(30.51007459013406, 0.9364152385726592)
(31.4351221905866, 0.9314916567311432)
(31.191333188401174, 0.9278670656913136)
(28.690114699859453, 0.7708641106110351)
(31.383964851682688, 0.9300335197832871)
(32.625872852008015, 0.9260232929414783)
(30.925970633711458, 0.9343739843476532)
(29.048951665854943, 0.8277236419542071)
(31.703144130181037, 0.9106421514143608)
(28.915419094507158, 0.9084351959713052)
(32.13924468882877, 0.9201764209938651)
(30.454019175759925, 0.9416855063938389)
(29.025774967522473, 0.8320082772950517)
(30.90122484549547, 0.9222797286395001)
(28.836417628128604, 0.8421593618867117)
(29.20387692119072, 0.7963963839013342)
(29.246780306633408, 0.8477380679512296)
(30.971383156700973, 0.9344997570769176)
(29.380694611613208, 0.8852514938737002)
(30.72118921883299, 0.920629476256216)
(31.758467003316866, 0.9060119879651223)
(32.4607443608626, 0.9494926744062234)
(28.964478366520474, 0.8436053254477769)
(32.06780908414754, 0.9521821544054888)
(31.164266536299472, 0.9411644191019798)
(29.174810187589635, 0.81613637811872)
(30.824171562951726, 0.9093217825238796)
(29.397810667732415, 0.9071075766335316)
(31.270457309875937, 0.9440289127038383)
(29.263851647062026, 0.8915568616411157)
(30.67026972871877, 0.8555111087415586)
(29.101361613413907, 0.8884926924868202)
(31.017349675823507, 0.8569791567135097)
(31.06441510002208, 0.8675391986468021)
(32.310415064003145, 0.9524228046687427)
(30.7223540539481, 0.9394022545826665)
(28.832379124245836, 0.840380683775614)
(29.160862076018237, 0.8361595365333158)
(30.96233422824186, 0.9336628349278033)
(31.072103069654116, 0.9299029921940449)
(28.9836950273327, 0.8491824620079984)
(29.357987609400666, 0.8927868739934584)
(29.597886229675126, 0.8548834446030965)
(28.851226335098616, 0.8151028467054025)
(29.549636890411122, 0.8740235241337017)
(31.361424367355664, 0.9481237228943588)
(28.76118537266425, 0.7633012481751807)
(29.127256083791725, 0.8369617482432908)
(29.555183544178437, 0.8334397224207909)
(31.68582155723934, 0.9534826332115743)
(30.84952715310667, 0.9423595173322358)
(30.848116532130735, 0.912898518472842)
(28.807877829950698, 0.7949180412312719)
(29.279932320571078, 0.9003182142020244)
(29.24384054201473, 0.8196044984500847)
(30.895954873697676, 0.8226073218914052)
(31.483947624421525, 0.9491345525893413)
(32.41893402857216, 0.9193855983644504)
(29.331376307504648, 0.8954220451676751)
(29.0736030410943, 0.8503841641044252)
(31.375365937111738, 0.9304944845025911)
(29.202006842790823, 0.7974112154170132)
(31.453894733334185, 0.9381956458792732)
(30.625013428774956, 0.9302210837576547)
(31.083142597998172, 0.8699150612240701)
(31.40893338105493, 0.9275387022118995)
(31.234138083046396, 0.91273877465219)
(32.3321676609619, 0.9156718284165551)
(31.95314549125954, 0.9319222268425207)
(29.35906824644968, 0.8970804441431145)
(31.232784416649384, 0.9396625478518676)
(31.305738276041396, 0.9454597247861494)
(29.310596465818332, 0.8830345285776395)
(31.072393734776856, 0.9007864328617807)
(29.77279857789812, 0.9199888192654013)
(29.647184397420574, 0.9239049535690592)
(31.043159770031505, 0.935513897297294)
(29.567154588491988, 0.8354389500543957)
(28.978128378576432, 0.8085223882227532)
(31.51404093992474, 0.9437896559956029)
(29.280792164712537, 0.8924195425357925)
(31.824211447452313, 0.9459161552055678)
(31.055318292942733, 0.9360928216661865)
(29.437509885628256, 0.8123197983226697)
(29.721311132274025, 0.8854747941158931)
(32.15064923635513, 0.9158749070028835)
(30.950602646914316, 0.9349793290256465)
(30.31509461492789, 0.9274097684314425)
(30.961890511689354, 0.935299739936239)
(32.19361942000161, 0.913188667019397)
(29.469497802479644, 0.8467744575721936)
(31.986961270505606, 0.9329678887353823)
(28.696865224282103, 0.8007972594965397)
(31.386945660846575, 0.9285097193020185)
(31.52789873917566, 0.9351167312178693)
(29.697682121271352, 0.8583003434160652)
(30.98036538374557, 0.9023937709042547)
(31.023988823487883, 0.9042879999234986)
(31.970652899884783, 0.9341592885559289)
(30.714004077255787, 0.9385789546301269)
(30.451399995838994, 0.9303199702735954)
(29.486398778588985, 0.8631179124099175)
(29.61033286688958, 0.8815982935609936)
(29.402894088170285, 0.8618443141632851)
(31.183568704916176, 0.9437046692988792)
(31.917520613863502, 0.9332571660751272)
(32.40324167010877, 0.9194388113332755)
(31.22978509852711, 0.9219206887558029)
(30.69182843307578, 0.833597768304451)
(30.087289235554895, 0.9122585390762694)
(30.657787246882194, 0.9285668590994893)
(30.201119125963814, 0.9253556145593131)
(29.406081456781944, 0.9000784653819383)
(29.115804485286937, 0.888893982516674)
(29.65830504813415, 0.9245488965259405)
(32.66361407751731, 0.9518194158644385)
(30.979520807734453, 0.8945829593586127)
(30.07008169557638, 0.9105049465141127)
(32.10733614929042, 0.9069990138278714)
(29.3181731307939, 0.8187607013607797)
(29.099163027444582, 0.82070942944077)
(29.10791219651783, 0.8526758339395628)
(29.37824818832468, 0.8966818947698947)
(29.56422125440268, 0.8450126862455216)
(31.026222858376634, 0.9054429065481926)
(30.76575579982282, 0.9283477739593436)
(31.232595987068294, 0.9271965292798138)
(31.457356422917915, 0.9443452041676325)
(29.590861342024354, 0.8362530818526898)
(31.953259462634044, 0.9333318932565379)
(30.948030432007595, 0.8937721610414731)
(30.117757061720205, 0.9131946714051529)
(30.406948957751325, 0.9414668417423361)
(32.629517780758725, 0.9195007082612779)
(29.643557200911893, 0.9266302744837513)
(30.646849665208475, 0.9275017386376146)
(31.024451441863658, 0.8969369303298357)
(31.70317663618491, 0.9503413217513385)
(29.289827371366783, 0.8071789253491909)
(31.744479993167957, 0.9393787419409595)
(30.979221709248705, 0.9041665339509435)
(32.61315907837354, 0.9188111486062467)
(29.016999363219934, 0.8021701407241922)
(28.845112871401113, 0.8341715140818422)
(32.329206494244296, 0.9155845006363322)
(30.78980009053255, 0.9369368416677172)
(29.404056411168533, 0.8634042542573798)
(32.10462558809544, 0.9615360306329113)
(29.409276916756852, 0.8049732829041127)
(30.723903675496636, 0.9349923458950647)
(33.11566161204629, 0.9278764783667373)
(31.184257184803265, 0.9362347850156699)
(30.68615408673722, 0.8146855585023346)
(32.325519127185785, 0.9536737162900223)
(30.348364194409324, 0.9375296851684702)
(31.80677236163255, 0.9103588843622923)
(29.657591794253445, 0.8866320459882018)
(32.368408991681875, 0.923275338989699)
(32.5993698911188, 0.9246466476351382)
(30.48608303406503, 0.932431931980377)
(29.648327707473744, 0.886238954523331)
(30.04196804034376, 0.9133604409856108)
(31.268464624059114, 0.939769243290599)
(29.040827285487318, 0.8479269035268242)
(31.77467240747955, 0.9049254401126913)
(30.948081243982216, 0.9344934369792768)
(29.432793971379642, 0.8253204837953272)
(31.32804034443001, 0.9470226509939439)
(31.43416819808366, 0.946815583273933)
(32.177169632593035, 0.9167149575275396)
(32.30828692445555, 0.9143771783032479)
(31.173502893570056, 0.924862582540977)
(33.565571664420354, 0.966891828656099)
(30.560432176360948, 0.9371708244229189)
(31.04337757561781, 0.9370701745213988)
(32.40232057821647, 0.9241620360579318)
(28.83278883156415, 0.8481095183467862)
(30.517786100267436, 0.9298544421417099)
(30.973608148958004, 0.846752334763177)
(29.19036253197071, 0.8385689995555619)
(30.342334945552672, 0.9236942412202617)
(32.799692877754424, 0.9539364799047338)
(31.77056049710071, 0.9487091137859982)
(31.543112796021955, 0.9425659685086069)
(28.83803519094382, 0.7957800022560947)
(30.841556745765, 0.9139656706457562)
(28.928666715511696, 0.8414845698320842)
(32.347198772159864, 0.9157376873529918)
(30.756374406206575, 0.9385358836043524)
(32.469130828528705, 0.9225968162883122)
(31.76117474416886, 0.9117267649592721)
(30.853409727297088, 0.9099917896271796)
(31.23510895665649, 0.9451269554103789)
(30.146953090822134, 0.9126354035292735)
(31.214187442447496, 0.9108172918514166)
(30.411245544858655, 0.915921863626724)
(28.98339768811826, 0.7987530554089)
(32.3509762962084, 0.9532748183698235)
(33.07151572319009, 0.9517213120254617)
(31.197973649005707, 0.9246122618211343)
(29.34578357581705, 0.877582081616836)
(31.028256011194163, 0.8971184558631727)
(31.0103667520864, 0.8246114483974781)
(30.76740012714517, 0.9223762762560102)
(33.323063618249805, 0.9589339945321558)
(29.36338646796477, 0.9026218893269236)
(29.74578454016529, 0.9150273818335528)
(28.952457005732253, 0.9067617555753626)
(32.38881345177729, 0.9161499692122507)
(30.18221522866107, 0.9269356239604012)
(31.01175927860648, 0.9045220549482967)
(30.197771602604906, 0.9153849545419014)
(31.333971843958324, 0.9464455121796617)
(32.11736172410569, 0.9181665222900004)
(31.0022618803593, 0.8389525856653551)
(31.612847316882227, 0.9353501354385053)
(31.192112481398716, 0.9432625661598698)
(30.580917682615443, 0.8329023409877829)
(32.25611101192211, 0.9524283202927853)
(28.880516992239414, 0.8103732546440191)
(29.9413096623018, 0.8501607276532677)
(30.79626100319509, 0.8254328699854268)
(30.749955551736676, 0.9366390735044084)
(30.76110783900012, 0.9353646838187297)
(31.715424319741174, 0.899796852938516)
(31.28484386458031, 0.9396156875693227)
(31.72594858857556, 0.9017280080352414)
(32.344817772994375, 0.9170101556421819)
(29.62336295610232, 0.8381550275093091)
(32.40797240783837, 0.9181521031420844)
(32.60013711855183, 0.9196038885355752)
(30.083389321307262, 0.9144958815151808)
(29.41945070260779, 0.8004598685873417)
(28.917251364320734, 0.899058209798086)
(29.149360455480267, 0.8896594670238861)
(29.328319849955506, 0.8217809452264889)
(29.442815018856145, 0.819460053010795)
(32.05473960884148, 0.9357291423357351)
(29.414956828760438, 0.9093386661238255)
(29.695042734690805, 0.8879558638955377)
(29.211187838405202, 0.8125477729854123)
(32.3434173737717, 0.9138542470922592)
(29.59196632849654, 0.8281042974435721)
(30.82155637794471, 0.9335286053549865)
(29.043341848565277, 0.8243701532721388)
(28.75635421651959, 0.764262768528506)
(30.495852319203138, 0.9355256617385734)
(32.60223130024925, 0.9268272913805479)
(30.641690429980756, 0.9314640360162466)
(31.003598130223384, 0.8397322181109391)
(29.410592035920182, 0.9120373433088487)
(29.217543901894544, 0.8366825497361493)
(31.21844631526823, 0.9223216513352)
(30.62441218529637, 0.9300078975715375)
(29.579935164653367, 0.8321147626484772)
(31.52667944446118, 0.9431610670492435)
(31.966246978279102, 0.9576731856118019)
(31.225278645219724, 0.9104051185002643)
(29.659033240019525, 0.8561446881981198)
(33.141549789160536, 0.9290608748200803)
(31.300861084723127, 0.9465035857862296)
(31.010149764378482, 0.8509093137096357)
(28.862333860797072, 0.8079988907025568)
(32.028772719001985, 0.9362876050316034)
(29.229605870682562, 0.8182157088349443)
(29.290287066800495, 0.8741257867505487)
(32.48214718336024, 0.9450631181870186)
(30.88433208616962, 0.8416290983809984)
(29.13381888566648, 0.8897895395487346)
(28.746535050395593, 0.7941174432259671)
(32.60008636546755, 0.9196303428543624)
(30.720970652577154, 0.8225739090584322)
(29.00126073570663, 0.7921293722959568)
(31.190420868030316, 0.9444285278638588)
(29.298124476754705, 0.8989164655488975)
(30.906817540918663, 0.922768131071021)
(32.6259114449594, 0.9254652548996013)
(29.448184467990075, 0.829665405986962)
(32.61490024501125, 0.9523068805730465)
(32.377388357517816, 0.918372899945584)
(32.15491956236798, 0.9104029963240753)
(31.022047420187924, 0.9040253235988597)
(30.543628392387355, 0.9385143419886521)
(29.72399641879435, 0.9141644284081186)
(29.237032297130963, 0.9027724626550242)
(30.964415285394043, 0.933613634513438)
(30.839782851071394, 0.9087310678800595)
(31.22251846560744, 0.910639082486733)
(30.315130507318756, 0.914514173000586)
(30.566248982993702, 0.9377738849318998)
(30.835891935937298, 0.9133182547564299)
(31.3451727608448, 0.9516841813702847)
(29.34081671630223, 0.8451455415367604)
(32.16437643973253, 0.9183893482372977)
(32.619329072100626, 0.9506179725012537)
(30.823231794257726, 0.8140430309407121)
(32.14770553577986, 0.9507920809211483)
(31.17824395654178, 0.9689516109125018)
(31.139519632097414, 0.9425084196799663)
(30.970953344528006, 0.9661758999745937)
(30.972611308181605, 0.9640662317039942)
(31.310986533658554, 0.9685443673515395)
(34.734316456270726, 0.9833672308389975)
(30.820228287593984, 0.9647333780814972)
(34.324194133816434, 0.9785250960153831)
(34.013279708955196, 0.9423027037112368)
(34.364415722561745, 0.9766411066690451)
(34.487806920249525, 0.982250309254767)
(30.852477240134913, 0.9642741001095918)
(30.83397931759455, 0.9638134495109192)
(34.069347673602444, 0.9420279965352067)
(32.16540533584897, 0.950935840844946)
(34.035409546939476, 0.9401802990828552)
(31.53111843565644, 0.9480875419420923)
(36.5290218065953, 0.9866649332960852)
(30.901503214689562, 0.9633437492844759)
(33.19647579084651, 0.971088016040252)
(30.66860515071072, 0.9072397502669075)
(30.836297404245194, 0.9105262890615126)
(32.164237271869176, 0.9507820474570516)
(30.684062050094703, 0.9078475402003718)
(29.956374991667673, 0.9406507206100645)
(36.834841716134136, 0.9840189180811413)
(30.634289865137866, 0.9075494044305825)
(34.455157079755566, 0.9825454291156408)
(29.931899925043183, 0.9375508058380165)
(30.771147253118446, 0.9093158534804564)
(36.53617641689106, 0.9843201415920882)
(30.752441258787595, 0.9088276838857867)
(30.66305391210793, 0.907513859729967)
(31.307396481686652, 0.9680780169037029)
(36.43708427833461, 0.9865650251705057)
(34.44291355322221, 0.9819326884790109)
(34.505031378105, 0.950084535154727)
(31.210738597122827, 0.9672476038892196)
(31.265290100209803, 0.9652537087546783)
(36.50625584291617, 0.9867148278172588)
(30.800091475027294, 0.9104171917300167)
(34.30817594233198, 0.9780986418095929)
(31.47836496093881, 0.9624300452483678)
(34.461858979508484, 0.9497742852209031)
(31.178053557885246, 0.9676638683490512)
(34.02008532799448, 0.9430077917924515)
(33.20918435491181, 0.9715084179929278)
(29.957364767362293, 0.9388629570273684)
(34.04131203630104, 0.9418559172450035)
(36.530381846545396, 0.9865773404383726)
(34.39747955225187, 0.9772332414766256)
(31.260280791593935, 0.9671278932848282)
(32.79972300440393, 0.9701638821696894)
(34.23713237467587, 0.9775976658760952)
(31.293045469130423, 0.9439699089934216)
(32.84632889138389, 0.970264142654943)
(31.25350546877883, 0.9632320485355174)
(32.13674258305821, 0.9512951177611997)
(32.716802446294466, 0.9686572095648629)
(31.54821002568614, 0.948894389772245)
(32.80593313522996, 0.969542141014833)
(31.137000863458816, 0.9683162793107405)
(36.51844246979173, 0.9868257599629402)
(34.56472722864465, 0.9494296064595364)
(34.424292488381425, 0.982846751949557)
(29.981239787578488, 0.9431515617853944)
(36.388207022271835, 0.9863836145392505)
(34.56988871006048, 0.9500216173631386)
(34.26805757598328, 0.9772119471472427)
(34.39341015943425, 0.9813693600266788)
(34.46037879193852, 0.982974409852784)
(30.705374319045752, 0.907962514721788)
(36.49949947896088, 0.9865468632662466)
(30.871611484337606, 0.9632623721737908)
(34.197246344699835, 0.9821852175152543)
(32.88857836168216, 0.9711618241872927)
(32.881207306016094, 0.9703120030376844)
(34.512128517577985, 0.9823566827983067)
(30.029095164719738, 0.9396640346755935)
(34.6103419046281, 0.9841870851591384)
(34.06912739929298, 0.9425588675976748)
(36.69873922286672, 0.9835028539081807)
(34.28250389817316, 0.9778755202656515)
(30.899671710771663, 0.9627422041253617)
(31.46222815522504, 0.9459848183197606)
(30.874837434160725, 0.9627360537901477)
(36.94098599343016, 0.9846929140542358)
(34.33421808803511, 0.9777901868004252)
(34.47128560990093, 0.9825933666340742)
(29.976521895342934, 0.9370445359892908)
(34.39404373107094, 0.950208071939534)
(34.52746562147398, 0.9501291054962197)
(34.26458481643869, 0.9822931801430205)
(36.503743678529325, 0.986667654065434)
(31.119934605091398, 0.9566585882660641)
(31.53589318843448, 0.9610430064676402)
(34.63616613701101, 0.9496114310995839)
(30.047601453248483, 0.9394548744364475)
(33.17498267391509, 0.9709184671950779)
(31.112473655604536, 0.9622605733800957)
(36.57097552210336, 0.9868347320930425)
(31.261574933543187, 0.9667388487659523)
(30.884245672695663, 0.9634471103854504)
(31.057741087644906, 0.9648157077397603)
(36.737720625608546, 0.9844728602835666)
(32.24718192800785, 0.9512028145238796)
(33.25925966049106, 0.9719948924913029)
(31.421675953524165, 0.9663861741981246)
(31.54916681479913, 0.9482785112561884)
(32.22766944759104, 0.950924434694961)
(29.824759697131608, 0.9353558898990653)
(31.381664628470443, 0.9457724276921077)
(34.199029292444735, 0.982257871811419)
(34.327022538331356, 0.9811229867653616)
(32.190027166591534, 0.9511553466989966)
(30.834824002303197, 0.9636620851236956)
(31.457578207562168, 0.964397536578537)
(31.3519503157789, 0.9688673548072827)
(32.84415593805229, 0.9707118499137384)
(34.66881380311537, 0.9831722857399837)
(36.73650022089645, 0.9843531639714419)
(34.077614070085666, 0.9428041351325973)
(33.17166743791019, 0.9709760115798566)
(33.22554297085149, 0.9714527033312916)
(33.21358177842425, 0.9710468014113174)
(33.14158736273344, 0.9711089998685252)
(30.963937631480075, 0.9669314446165606)
(32.17505069889489, 0.9508694623101802)
(32.72703093950406, 0.9694318571878332)
(34.05666843741338, 0.941018553388289)
(29.77827290063344, 0.9356509296219281)
(31.250016778049932, 0.9676672056468928)
(36.629387690065904, 0.9843048401516175)
(31.002962599462943, 0.962531985576449)
(34.527451295596705, 0.9501090836982794)
(31.090626964750363, 0.9427321078436093)
(36.873205161435195, 0.9841179655631017)
(36.680492906504576, 0.983967383351372)
(34.4365610222802, 0.9822976576494287)
(31.207771281457806, 0.9435862144414314)
(30.89193242597375, 0.9626931420218726)
(34.5184422100671, 0.9495667517018807)
(30.956280956185907, 0.9621311640827159)
(33.163050095712386, 0.9710851049455196)
(31.180835763740184, 0.9653648576575525)
(34.425528004714735, 0.9819453188625479)
(34.92205191064079, 0.9851000051443269)
(34.02636936133557, 0.9419460912484229)
(32.2443598645572, 0.9519321574825659)
(34.223722139736964, 0.9763280873762349)
(32.77280590676626, 0.9685456446335771)
(34.47913154053227, 0.9819703966238174)
