32.33973636873662 0.9531737073724603
32.14617467812994 0.9552232375999893
34.06923613381533 0.9754272977393564
33.78600379874865 0.9674555761529274
33.46889075934734 0.9691149389234297
31.81842078803346 0.9391535915228184
33.2820913612313 0.9713714493117926
34.183240933456055 0.9695566360876541
30.771110534319305 0.9436609963281931
33.016329560479114 0.9121157050685923
33.391968042108225 0.9250438491285645
30.200347718308546 0.9368630359626978
31.450240140821627 0.9382387352756703
29.445053028730705 0.867088795698894
30.158469977027224 0.936162357134497
30.895144094830034 0.8533005157957114
32.687734983587895 0.9727590882352058
33.02132973623771 0.9735234028273795
31.597251975552354 0.9550629050100997
31.759212105873132 0.9637480116672456
32.25722760841932 0.9541490964294643
29.23622583086189 0.8483104428011528
32.76077647711701 0.9587441633153408
31.018562576394167 0.8548500527168073
30.295983491848194 0.9258041683208448
33.24933724193677 0.9217784567409365
29.688781302792123 0.8451278711397794
30.856965117579186 0.9316328341067852
33.256593893677106 0.9196293496708863
29.432292735407074 0.8471018493677851
34.938760170364276 0.9766396633670965
32.93919629855218 0.9609101495184723
33.150371291481584 0.9750594017809737
30.781525404178893 0.8784687718521836
31.387148161784122 0.9512361268371295
31.10602742673956 0.8694367207240187
30.5355059458658 0.9374577740346446
33.18243819707655 0.9281846856952972
31.47027596950199 0.9409374821839646
31.0065595406909 0.967105607429916
32.79981840683948 0.9719026239823383
33.27528638087128 0.9292706525955567
30.30696932174687 0.9457651605328522
30.59599102278904 0.9088044632000268
33.83005769999403 0.9734188725616971
30.738756853680044 0.96106012172189
32.31995666078286 0.9595896642348991
29.584945014526554 0.8629837694467223
33.209770635450795 0.9762927513854615
33.17148464913557 0.9756814599677539
29.691873249885855 0.8693768429585327
32.680855962087676 0.9207054530350568
35.42056889709841 0.9775201307547364
33.42784701219476 0.9337077813517604
29.64719938040931 0.9047297800357637
35.11642149399698 0.9782469263261786
30.36729139394067 0.9473754044316324
32.03861274025076 0.9532931909987212
32.93321391090942 0.9629261936867447
33.96937684244695 0.9765173483512694
30.270405015004943 0.8930206304109208
30.136080248366753 0.9350306959282939
33.029010635296466 0.9108741515574984
29.66896767454105 0.9016412300312724
32.76661843226156 0.9731661437568714
32.685134970401364 0.9617733293040222
29.605960070424914 0.8593935291711136
29.59934944373228 0.855442369543531
29.476696871105283 0.8721328229214681
33.42937333205064 0.9320262200563694
31.82096510845909 0.9617130312369622
33.92201868029605 0.9817742131952792
29.97307108030441 0.9007149030929334
31.40498225631267 0.932905466459988
33.60203527025742 0.9777614455374015
30.69922820593835 0.9079343394628461
32.64856711123518 0.9187395767856159
33.04133821995861 0.968224950655463
33.6250306846746 0.9783305351610665
29.622939103603912 0.8746219686781027
34.700931436979246 0.9769634975364061
32.238187701155375 0.9573760716714373
30.626472126104126 0.85474567450353
30.52989612254201 0.9559713902417295
33.41260408940157 0.9804441956064376
32.739948852580284 0.9239630761129668
32.19111380533398 0.9571395908754172
34.97881239765424 0.9835085164209902
31.422121693671997 0.9387331191273721
32.74799088476539 0.9764430513334255
31.665929742107433 0.9620313651566733
34.84053438058014 0.9724957316855982
29.37436046717074 0.8517592012782291
29.93853167127024 0.9406015721914895
33.23274375990213 0.9299878592548684
32.644789881173715 0.9187224025162155
32.01162036875903 0.9637462722572518
31.524265277112647 0.9626009436867977
30.178463478398907 0.9034656380113245
30.655655193656145 0.9164276890122693
33.166442986146656 0.9829766955347884
32.79181398736348 0.9718821093475895
32.69852506529494 0.9793608968010132
33.644529590529196 0.9713624870717822
32.5666185067702 0.9613934413544564
29.493054907239348 0.8763452016529081
34.682033421489876 0.9698480215420195
31.211862749304263 0.9690503208505019
32.07287779767554 0.9536104894146191
31.791184965342406 0.9645090428031375
30.11015118359007 0.8859070979518711
32.6889001542486 0.9245859163147422
35.03296374792029 0.9840768758737639
33.466264919020354 0.934421877618744
31.784139071405214 0.9651547911464843
33.13729385712618 0.9729814794567946
33.41590357600798 0.9227976041291052
34.29644559978771 0.9791776406742234
34.63777264344941 0.9784673202931824
32.70437960927575 0.9249505576313066
32.462417339476694 0.9590141638978021
29.83352732122181 0.874066547042067
29.615685660110955 0.8526547966871354
29.74756511776441 0.8687682793018082
30.953585295323677 0.8519749623800794
31.286243092940946 0.9461930302985961
29.870574594411003 0.8506530419713257
30.58344084435838 0.956665606816396
33.60835965903844 0.936546997214844
29.888957110770804 0.8735920446520135
29.76881968902473 0.8633503268866893
31.481315851904455 0.9402455888970341
30.541889485483303 0.9481833227976832
32.67680283886628 0.979099014437401
31.030690480685696 0.9670860056899397
31.864743049219815 0.9401593710493227
32.83862170182749 0.9289438720432772
32.319834896340744 0.9586791983545296
29.53012359569099 0.8506552416750721
34.53042461638026 0.9741448499999262
33.02538312447115 0.9636789965908976
32.59529187542257 0.9691455558788699
32.43587601033433 0.9572155538604222
29.60153717534819 0.8570118225134854
32.85598649707361 0.9728825027338472
32.00472531987339 0.9680782821142726
32.822462438101276 0.959812003224984
33.917105049933134 0.9753716285633817
31.034788681192452 0.8505767797004645
34.78324309718507 0.9765577512868
31.804146508180793 0.9473121653588115
32.77941783179592 0.9596864390187065
33.901613252805106 0.9616518841996151
33.86129402198489 0.974649406679016
29.304754356935888 0.8519025470442045
31.66067483764001 0.9621622119680995
32.6825422148771 0.9702432874651649
32.89273366508122 0.9781679414832883
33.35786685699296 0.9667565894634892
30.497110669550533 0.9408264513555122
32.83952528610689 0.9293711024293492
29.654890245495004 0.8563465884985939
29.629324225701357 0.8508457245467627
33.241886070880184 0.9234436547112438
30.37590207015548 0.9134998388562664
29.932936035724445 0.9361199782080037
33.998045922436596 0.9739916030039895
30.1144305424547 0.9341542870182752
34.604584318311716 0.9655521927465703
34.03618822057039 0.9775569797506808
33.506203233056254 0.9239636400757285
32.13480411898575 0.9560709254684719
29.91073503260793 0.86852873444685
35.3890286946634 0.9758240173439032
31.947596879259812 0.9644956240476429
29.584779955491257 0.8698119056202006
33.14491730982683 0.9747259009338152
30.618121493114575 0.9232185583691667
33.46468705553536 0.9256902564647955
32.39416910998824 0.9574592620853879
30.942337520222516 0.9526961003138311
31.030647602621567 0.865902551443159
32.08550719025126 0.9614428219749753
30.58076756453903 0.9469530385943334
34.81905823808057 0.98586982486225
29.48000084253847 0.8483557142770646
32.904830796999 0.9738678768471837
35.734413235971324 0.9841469299651893
32.853154609203834 0.9282436359455122
31.405238410243264 0.9314345844982721
32.854822246019665 0.9746264995305339
31.451650746073625 0.9331649032107213
32.72160359528226 0.9740681656354653
30.46249125807804 0.9490974728535364
33.35258619058467 0.9265791742464952
31.05582822793657 0.963583281473025
30.18240944002136 0.9418133047566388
30.85341854799397 0.8466409419030968
30.060737156729406 0.884456981755588
31.178159269875664 0.899511284080656
33.917533701744695 0.9754378440398824
32.88482811685458 0.9771361048283473
32.42127126562283 0.9583157021549504
32.853144019044734 0.9280181380027869
31.437704399415868 0.9333661385999883
31.4056430064107 0.9378961682220136
32.79189292692221 0.972712700402369
33.45418729298161 0.9265166708107473
31.67960389724929 0.9575371597009001
32.37641313948628 0.9593422027122023
29.466258712133158 0.8522066208624707
31.05851806859558 0.9357392835566452
32.81357702406199 0.9726339824881217
30.194341453539877 0.9038054005874764
30.762882603806126 0.8930865575993872
30.170738526582348 0.9296213538395653
33.00602831674069 0.9144969967459353
33.14675388075119 0.9753487801325328
31.076932770085488 0.8556976960198142
29.640652488226856 0.850996686857649
32.45473709400451 0.9586574682180989
29.55449416048428 0.8712977736101867
32.72193073805387 0.9720080271194009
32.84444847711097 0.9616501218095641
33.9663937056974 0.9819856516297858
33.40108063288425 0.9255852721571901
33.313367033038205 0.9191132671267895
31.875941348645892 0.9676697145163063
31.09709333158476 0.8571045224942799
32.6563840555714 0.9616067611305349
32.820411960841014 0.9280521059301183
29.739938732783145 0.8351286545520139
30.495502527612288 0.9154799575033291
35.824277034271546 0.9838353085222685
32.2348423949994 0.960529124397295
33.04174300336383 0.9683950304915769
31.091540017583434 0.897948668835222
29.62994794771567 0.8730048519694315
32.658507973026445 0.9725128929607613
35.248589137798014 0.979249615020493
33.214327007570475 0.9760210704800776
33.12346939770513 0.9687598469739535
30.805476313784126 0.9296257521957061
30.7646198588926 0.9507597399999226
30.6697605773371 0.8843829017077767
31.70965668838738 0.9621709781634431
32.77689389162114 0.9726476806515896
33.57337342018652 0.9699385402684771
31.51389156234901 0.9350280272651554
29.466537802044837 0.8484239049509441
30.724713465049362 0.9240685822199647
34.0660475318928 0.9701759088056243
33.402963909872824 0.920664584320417
29.362318408499014 0.8628878546916277
31.150004258515068 0.8827075058844541
33.31288573833892 0.9269793453584024
30.81620616936331 0.8929099176761203
30.60056737601275 0.9434641887050474
29.73478374253525 0.8576983110633176
34.00762902068359 0.9735670361615905
30.65206173513106 0.9184958797414566
29.509172528898343 0.8567699539540778
31.68646136371352 0.9629570647067365
29.42041952439378 0.8287233014234614
30.567710346830587 0.9553497795862332
30.953141104186273 0.9494178609305093
30.616858473645227 0.9224982080024263
30.601101266071666 0.9385169783370035
32.640420537720324 0.9723834006894412
29.53400756886232 0.8460937824419063
32.57959787455662 0.971334091573187
30.22910345386347 0.9423371084343847
32.84331182814621 0.929257973305402
31.994343266893722 0.9523540377497621
29.472615220672548 0.8434759078193769
31.822637090982376 0.9470564124259018
33.73663812646431 0.971751516393506
29.666537659512073 0.8753827396552861
33.66025973819966 0.979064921749866
30.69990233566887 0.9228760471460004
31.220382437488894 0.9701803894969668
29.60312848985279 0.8214591136887064
30.6527155661712 0.9537159291121969
34.13630955733113 0.9773724693223396
31.407157617308847 0.9335721162421634
34.14622868182831 0.9767192084660204
32.68817581118823 0.9789776976537505
32.25054191845372 0.9699067094373999
31.082540404286128 0.8730614707321016
29.585761021241797 0.8565087216965149
30.073009244385137 0.9321382719086527
29.916466914417683 0.9528673919415437
32.26111171519736 0.9593327708371313
29.604762493359434 0.8551845862459273
30.293218933532266 0.9093952176306823
31.79142248028596 0.9464375311947941
32.40412743150247 0.9631759183045474
33.314405624553 0.9254556715251326
30.979456968978056 0.9683503475246722
32.08315788860746 0.9661742572639218
31.825914774493548 0.9383524312397303
29.64788986880695 0.8552941581473157
29.31306543304668 0.8498667338497873
32.72122552126887 0.9586094728913602
35.07326906049492 0.9834981633728302
32.08944991635193 0.9654542350692806
29.44846936178005 0.8563480677035479
29.4235495921683 0.8550456175185009
31.844622722462542 0.95192783099345
31.99425289139636 0.9681730857077797
29.353069978185133 0.8342117729860724
33.46811274781177 0.9597083206989995
30.021698915119064 0.8935854381746715
29.50577633082976 0.841662811993014
33.21620975251287 0.9620156977923469
33.29775031631366 0.924373366560349
32.11201620430765 0.9662345360654676
32.69813427982832 0.92128252559295
30.590798721250376 0.9418979670641418
30.987543889203444 0.8508274562350325
31.972531206584925 0.9530981785381458
30.299013059521613 0.9439217351972872
29.562039528570875 0.8595868835678662
32.78222870058752 0.9260528526883842
31.049299649349685 0.9047155707266863
32.439860903509114 0.9609688851997181
31.638554912167255 0.9584941962851883
30.902941829956863 0.94991541180953
32.88281495046412 0.9769428973141961
33.916765189426826 0.9755714991428986
32.40125996066001 0.9660571700264652
30.975401004828548 0.8772605619499664
30.50079598321641 0.9549841701754038
30.454742860712294 0.9123391323575448
30.414726758412414 0.9378443536752386
32.165716294094395 0.9686017713891716
33.38131184106241 0.9244150485011152
32.36104889256566 0.9613560242412736
30.950608660462436 0.9654085309009747
33.268540989351656 0.9140742354923008
30.305133670606065 0.9437401057737161
31.017836849698945 0.9735974343976479
30.695372224558724 0.8537208788051253
32.93560371854274 0.9640860416430943
33.41336643614487 0.9266838258081725
33.05899303657499 0.9139728044880252
30.476915537501625 0.9437051774990952
31.436204165330114 0.9389338108316637
30.511929777151863 0.9574444743656374
30.479238458595614 0.9543423121330897
31.522990868456976 0.9628562316670637
29.648594037041637 0.8947814461818233
31.84747983260143 0.94838911211396
32.67130096074576 0.9727039472135232
35.1129340040007 0.9848135696755347
31.822929127585322 0.9488403850968471
29.556623317527027 0.8666796940818257
33.10520448298544 0.9818078023223631
29.673046930503055 0.8493946583736653
32.00988869023976 0.968089771228456
33.31687616225377 0.9256374613249155
30.581084374987494 0.8409248162413749
31.674849117110565 0.9619418438780876
29.72548110554655 0.8597825554416387
29.563457942757225 0.8516087883799145
32.67054339801999 0.978989871822602
32.6976736396069 0.9791680690819325
29.709853575021434 0.9050657531407252
31.89204766724997 0.9531536963352665
29.46976835406773 0.8506597783826337
30.217072220028975 0.932498039003389
32.92059139334239 0.9762460348600251
33.9574068616806 0.982699176201177
30.50245958642165 0.9095757295552928
33.253809907678914 0.9236074853174981
30.971923434638967 0.9582093388474506
31.549391141765888 0.9423230073404083
30.05849091203094 0.9308481841965538
29.66428970800677 0.8617691364452551
33.55433804406057 0.9644031141178162
33.90260508954129 0.9747934428350629
32.98615964185265 0.9630793809849522
33.195565856334774 0.929677643697794
33.81365028181123 0.972846029353128
32.05236813689994 0.9547251268734838
29.43554900755233 0.8510327990010019
33.81986995792054 0.9741733642805269
33.26548103003259 0.9790435118622398
30.190152903410386 0.9383553937248413
29.78628535031821 0.8645014813493629
33.33908066825763 0.9214016200750971
29.49594015855189 0.8567673308287983
32.78276008299018 0.9716281393295996
33.652863668343585 0.9787660794853991
31.876877395612002 0.9695305337643181
32.759386653430184 0.9713384312717088
30.932862074720976 0.848400555349858
33.94687926992781 0.9780055777576342
30.94183118988259 0.8535167904151005
33.54143604154408 0.9613958056026966
34.50902441771327 0.9815607716814909
29.39987335040354 0.8307163006853103
29.52986068842543 0.8488453749789806
33.84528897639807 0.9750118370441461
33.950102597973256 0.9752465949075309
29.511483665627473 0.8657594583840109
31.523867569072003 0.9630618058994134
29.56811020777707 0.8245153390191426
33.56108091148413 0.9378725468263258
30.296796531139343 0.9406025824841344
29.405480642610577 0.8461674386669452
31.11802086517877 0.8819056525376198
32.049703978296655 0.9531786920711192
32.87385469849384 0.9787209431236847
30.9532433954094 0.862610413355168
30.172830153985032 0.9385852749394384
33.35594690934479 0.9222241047209542
30.86632636589043 0.955319481138733
32.74300148490455 0.9248551336336329
30.6016866786935 0.9462092735223501
34.2523663300986 0.978652081567377
29.45872113779646 0.8468022069356667
30.196423573217103 0.9258485437236853
33.956323244913186 0.9840341493820706
31.855915992439083 0.948611603248233
30.84095648274107 0.8978049617987808
30.479327968012985 0.9401395453136322
31.651488967774046 0.9616707087999063
31.516074230628725 0.9625130304917286
33.97659236587948 0.9838922140615664
32.69665443730357 0.9731007227672422
33.47655923384733 0.9286762293226126
32.541043635046776 0.9571767051839661
34.707421998471176 0.9788935295451132
32.795308332077425 0.9715207940416215
33.08298739337841 0.9116604398742574
29.832058693750053 0.9351257047087485
32.013929184143315 0.9527536418985227
31.632049536538386 0.9615228408587363
31.998812247074945 0.9517077590156977
31.2388065079421 0.966835792649555
29.49414740226116 0.8514327613857507
30.227266166378275 0.8906441118245388
33.700243410602525 0.9704502668333627
29.50113139828367 0.8622376786793269
31.84059203665578 0.953588866113318
31.7922648342237 0.9621872810212719
35.25421689944208 0.9802967997157244
29.58215123311987 0.8621307639653666
31.040817654191642 0.9589522533676627
31.095192736730116 0.8657232027621304
32.25746248470194 0.9578744202705656
31.899024422846566 0.9405222941152368
31.556901955760047 0.9631991696086917
29.423557669207632 0.8516696953989322
29.524841109952064 0.8560990652284802
32.38514512899131 0.9743450485975202
30.38659693748015 0.9428360125679484
32.66539101050162 0.9188727067871679
30.32259737574948 0.9442444357411252
32.71102092495574 0.9792351037554478
33.2485419028639 0.9316447290611339
32.71746465558057 0.9735286308176182
30.428389695288814 0.9010614830109612
31.538558879005393 0.9628445114584281
30.52651079627629 0.9510814784955414
30.776143379027236 0.9511689079252786
34.71813429180103 0.9804440495571107
29.650203501239844 0.8630309637142477
34.02839387851238 0.9706898505574587
33.13993307539771 0.9122421012455119
33.968754091272174 0.976813716450014
33.32875368405319 0.9190422341178768
30.273949124591475 0.9044311967863969
35.18457996226033 0.9849911567783495
30.295709378150384 0.9417615442994666
31.203763634885306 0.9615023949777903
32.45574397773793 0.9627804776450856
30.27771197219956 0.9435872111171744
33.96430103852746 0.9826762597945188
32.694988838435386 0.9244644260438659
30.765218043920587 0.9509603318312639
30.811084622439093 0.9543506309835836
31.407967205062345 0.9329548661811558
35.13044747438178 0.9736913989219418
33.47592945533081 0.9779035223634378
29.424319863150057 0.8544810776708195
29.51119186092304 0.849131435505544
32.60001723033061 0.9702700286728214
32.71015720891347 0.9246402574071569
35.04298594996418 0.9842780907821616
29.52169700628131 0.8906978051204559
29.48255245298124 0.8509325940255726
33.189017203780764 0.9170450245861035
33.94580917218267 0.9816002578713778
30.77466294195124 0.8558332644082376
31.85124145215205 0.9384716925911954
30.60510210746587 0.851666430889995
29.33926075042784 0.8595934749736723
32.63184637691617 0.9174272467177338
29.548468992587967 0.8570657982238133
34.167715591122146 0.9753890330688849
32.704843417671086 0.9727583844665941
30.52044464653614 0.9481810242194452
32.73784950397597 0.9793844978681218
30.579049358335975 0.9388338273444029
31.98077638229846 0.9680236344915558
32.50325500907998 0.9608337495209857
32.01513434683556 0.9684249994230228
32.61422301942655 0.9181862692205205
33.09967193929442 0.9147095772544225
30.963788204046146 0.95450405473191
33.06082961359539 0.906314512695716
31.262990182112873 0.9715194652711029
31.67688287316754 0.9624413389760108
33.84988270371524 0.9730959964280466
32.59737174009628 0.9176142661094491
32.31326804781318 0.9590676366278799
33.666155129495095 0.9794410139372285
33.581257842695294 0.9669247534794797
32.211581905966476 0.9577060529837947
33.40331681473384 0.9219887655087081
32.84444509504395 0.9735296218739303
32.87362188470432 0.973364970556808
29.65403093114044 0.8610612250149797
32.39887966850888 0.9562406116694107
29.58191986203208 0.8616344492422312
33.76693915655978 0.9803935358938143
29.40454482512412 0.8547145830403775
29.438306757372388 0.8487702804245946
33.98041220080553 0.9673658245225563
30.91282009819997 0.9591369841004195
33.19681322559968 0.9289876646369384
29.81866598538613 0.949135606064317
31.294244976509333 0.9689583847010621
34.34600444357529 0.9809196041073573
31.551360696559804 0.962530606413531
32.90347038791145 0.9734337332984956
32.664238212863644 0.9740011133428428
32.84970019847061 0.9284989443246227
31.82129310702354 0.9473142945294858
32.708440125348794 0.9578088064156469
33.425906033614396 0.916510064897675
30.155561885712366 0.9371314886839482
32.68490716634178 0.9195402727391397
30.83285651919202 0.8479088782192893
31.90876875912349 0.9639886165225144
32.54958636649144 0.9622393653744581
29.644922559117145 0.8593427996950745
31.47228023792179 0.9536948389726548
32.14446804085352 0.9604491888992504
30.943547386793526 0.9569041888697519
30.426706974394413 0.9105080871773293
29.357449664558374 0.839113938093193
31.170651479019252 0.9653641612147869
30.18049473043048 0.9135100291738215
31.9916800643295 0.9521685017701876
30.85920584507994 0.9280878637458039
31.46248832313696 0.9345356269469054
32.75533457319546 0.9755201738498595
30.125407929241415 0.9198267247015685
29.495581743611787 0.8841737499278243
32.910885368756 0.9738776112850233
33.445747262781744 0.9232165385977098
30.573584282199263 0.8373420017865985
32.65070095493719 0.9791946827004688
30.79686593712737 0.9530863283020733
32.594167111231414 0.9725952762281319
33.56295057974718 0.9618142746224073
32.578358272886625 0.9718106260798604
33.52348138278047 0.9211837030912363
31.45149705711762 0.9391796653969071
32.48276405710901 0.9614287131302647
32.758366543871475 0.9607853697369279
34.748636407599626 0.9802904295898748
29.662398678358933 0.9263754105237502
32.42033445610015 0.9570587220404713
32.80569974408016 0.9753579506613671
33.44091352039213 0.9344704371625692
30.78751063237112 0.9452942204902981
30.57770357868018 0.9514738618862278
32.77056135704515 0.9722287069962476
29.245943599175032 0.850732609623575
32.08899231687542 0.9669844377397305
32.29067994802644 0.9584623029297733
29.35817401146767 0.8197733857270812
29.411352724650914 0.8301868733989957
30.725250121381336 0.9289631556380127
34.942703989291964 0.9775545016055562
32.11697447287128 0.9648235149347658
32.706240463841496 0.9790121354548535
32.646898439648695 0.9726521373213538
32.64212182737439 0.9725499686985374
32.55256535525676 0.9603768059840583
34.194708292819904 0.9696917897932177
32.77660337042063 0.9721825684537247
29.724354816060412 0.8342238277557155
33.2859590410843 0.9257643215237659
29.59973795502267 0.8414958027280904
30.877768213570636 0.8601803658952215
34.79102989562034 0.979439433031095
30.669824890599333 0.848695317574084
29.838982282745068 0.8597658693593414
32.46882295968808 0.9578653442362859
33.440111894625645 0.933371423905838
33.77443378539389 0.9799434550500867
29.491498137003056 0.868063882940925
29.54507773307803 0.8507708140889134
30.420729913621276 0.9363928338242966
32.186687491225285 0.9701264672392463
33.84681754896465 0.9744510635146398
32.26904255551301 0.9560333041866639
33.33174647412039 0.9199175294210014
31.493154992834967 0.9336054911404864
35.18331569830191 0.9848628641667247
31.395588149103247 0.9383841041024285
32.9592175742943 0.9675670341121649
31.05683791343699 0.9091652466955155
31.995524230365916 0.9680532014742002
33.23440788883315 0.9180852732032005
33.84201375450766 0.9739929493603009
30.26632672030976 0.9267192227785118
29.54980616267861 0.8477740923279069
31.423593296105366 0.933070031631739
33.76437084213937 0.9786794701320845
29.38963841250619 0.8289573793471482
32.813430948627406 0.9290984297324275
32.04264174646758 0.9520571349809274
29.45110933798711 0.823133012684454
29.455473411304517 0.8520053964339741
32.30505223655157 0.9588466665754493
33.17584222103007 0.9074055413585738
29.55643216618452 0.8544506116437384
30.825279636245796 0.8674265882978859
29.5194537622565 0.8494220290175657
29.74016978287384 0.8697787521466988
30.736199089605233 0.9271729336343535
29.33742856462684 0.8305337924048872
31.453665770813792 0.9331230143279642
30.225163891158488 0.942346275688327
32.9310259539323 0.9626408081170003
29.451184817112516 0.8632547351721022
32.356141524335406 0.9589390748693407
32.37551859135506 0.959426341235109
33.93790711640164 0.9823671816677413
35.721766539346 0.9857449618729595
30.849866058770637 0.9617946658472041
32.6734073952054 0.9683293047293137
29.484895298762513 0.8252043103721474
30.53203507425593 0.9269142766422129
31.819110144964764 0.964465092864269
30.274782613745952 0.9028458659182403
29.4555369549178 0.8521490790449149
29.64222907963217 0.8552447498862696
33.18986213860022 0.9115180995853223
32.86291870193112 0.9775505738471989
33.04402863609817 0.9058828103851526
30.743690814958352 0.9480485552903146
32.33194110771278 0.9722041070713677
33.74003120301723 0.9794880907113643
31.471342085707597 0.9408663718086404
30.858485657185888 0.9473848842007753
34.38382847366829 0.9716607567146155
30.683360558922452 0.8513095721214876
33.41628357559043 0.9795665896829042
30.99947810231783 0.8628308739532797
29.55477541105891 0.8584516619137759
31.00401070780862 0.841683964341983
31.231257672259957 0.9134262488795128
29.540249744335853 0.8563211474043233
30.218973333039784 0.94242979193174
32.62551588346479 0.9723838788267921
31.85130401085875 0.9402498591963883
30.720504259115764 0.844261094794382
32.020278293493995 0.9680824633196985
31.174178555904067 0.9674421289744135
31.84619532819346 0.9408384851032452
31.999358229938064 0.9526189766894282
30.338449950872047 0.9129957489042198
32.079766064687945 0.9607657438875955
32.63744115505133 0.9614264079475248
29.720763730420106 0.8636222218869057
32.57741638039042 0.9706095580130008
34.877779698203696 0.9727410515291934
30.50683473098973 0.9364609031524462
30.77317828614011 0.9257413540216877
29.530983180969965 0.8716045075686737
31.82966812854474 0.9387075095868967
29.86234441661793 0.9377105353076713
31.835578706583803 0.967468279950721
30.841107873406525 0.9677026224269885
34.3366876081626 0.971126564803741
29.580460513699048 0.8789156737928538
29.384459933223038 0.8490489442914352
32.523734723695625 0.9604380973512865
30.71957913870781 0.9391854598719818
32.674860634023744 0.9725611702930058
32.002465270586455 0.967984416487277
31.78887053820539 0.9477613153232962
35.76491392989866 0.9836659572391869
34.84647555992531 0.9814317073938764
32.67956962170252 0.9725985653671356
31.809311530478492 0.9389504217460339
29.62701543915359 0.8535230294877216
33.250907466530805 0.9193805367872334
33.07142262510504 0.9687079391437372
32.70440662588191 0.9730161094929668
33.31303643153058 0.9272107804826704
30.691856504101963 0.8573741461959825
34.78406502434246 0.9794661702768038
31.203031497569786 0.9685095493250601
32.34471942513497 0.9602433300571466
31.853503555772008 0.9398990788395324
34.27854136505841 0.9791092517184476
35.00569206445242 0.9734977261001989
29.62917501353831 0.8720126540718581
30.86962726844146 0.9613783198162238
32.251903461900056 0.9576106897921757
32.35703057820389 0.9598513712061126
30.636022188668065 0.8474997732546492
33.086327224149024 0.9655732083700027
29.536522231859305 0.903063608100107
32.902374741229615 0.9802335749529527
32.550374874562166 0.973077267938958
29.501946688384145 0.8744203760539484
29.933551938168907 0.8758833351785179
30.896586544019144 0.9335720270882266
32.696988696222874 0.9257467521348896
34.86508445814003 0.972326225201215
35.10854920445851 0.9845658953105567
31.98386252393619 0.9677119567067223
34.68840593235088 0.9846762519553548
34.147712856348406 0.9770307874070222
33.21320806124211 0.9292934966368757
31.44221647844556 0.9338309218720838
33.95243122742164 0.9758199320206148
32.524109341248256 0.9632122887345044
32.30751725372164 0.9603573791072891
29.451823926284412 0.8553139091044868
29.787480515841196 0.8465333078577995
33.54986186998401 0.9296305699231421
31.031466535439222 0.8678852586129767
29.545233972355188 0.8588378952704343
29.470660205226466 0.8471088856715591
34.624865219961485 0.9774381200824631
30.782799895339217 0.9286094536839458
31.543323964591977 0.9624620524974289
29.288324795855715 0.857694529868015
32.701229233954344 0.9710542747803803
32.83953837679336 0.9773450586108843
35.16044006242636 0.9842883747269996
30.533127415531368 0.9477341284011157
29.760890913013974 0.8766108730642569
29.517009283173998 0.8586081583941082
33.41333270115832 0.9242397826021083
32.8971843540788 0.9796675547416792
29.76736236982916 0.8560177658182715
30.000487380733265 0.9090090766190749
34.94856639059239 0.9819630942298618
30.869431686829813 0.962149517713423
31.856333853418725 0.9403421432071577
31.151381316342913 0.8980713006205397
29.338483165069338 0.8271575353608464
33.34006287751471 0.9178225854330742
30.159548369168398 0.9299295529864579
34.661852525540894 0.9765351935383517
32.80391976356644 0.9719838253970015
34.80329182157436 0.9724217228072063
32.86006319897244 0.927902377146153
34.81476121723431 0.9817442366533572
29.73743313567136 0.8654615018751335
30.743242301922198 0.9502995282358667
29.341035214923235 0.8210205360858563
31.95623961865069 0.9544483307037165
29.467893498017933 0.8620909213763482
31.43144701816652 0.9530531010874148
30.96396230806471 0.9297631175818335
32.84101661130094 0.9692856188184983
30.766157130128718 0.8473548459467563
31.150871487849336 0.9341054911286788
33.46617076765166 0.9243237381761051
31.517162861941422 0.9623880546078626
30.725965939371246 0.952507293454185
33.19510019030807 0.9292803287972282
33.23737938258625 0.9242063798771303
33.21663347111693 0.9214906955073306
32.77124054455596 0.9709665559160459
32.55742803563366 0.9610747891304294
32.78167654854262 0.9757706974486504
32.95998335808836 0.9613785596321403
31.822145618335 0.95108701022862
31.830490485994446 0.940479885534028
33.284608610540886 0.9748667508889731
33.97941286790677 0.9835824531857422
32.34848385540219 0.9633178016472558
33.85414629998172 0.9737374661510342
29.340799735004495 0.8632031559494193
31.82689561891461 0.9395671080713772
30.296264676189875 0.9099900057174256
30.806554241857086 0.9203575336876625
29.323608951948415 0.8540502352193798
29.40691204638882 0.824218811069514
30.921132082474614 0.9334865095380348
30.1430904924431 0.9331607432434996
33.447280859159115 0.9213527759727598
30.55551403715519 0.9450334978849464
29.498448130793893 0.8556441660442359
33.096422187847224 0.9796571284692741
31.39115690315963 0.9331749124367997
31.393268748068838 0.9319210669797634
33.313505497557216 0.9179937273122989
30.09981308611962 0.9160121666803895
31.85876369832684 0.9472657619013504
33.95175689285739 0.9835290464856951
30.530969065140084 0.9471097696524792
30.577219460931232 0.9417378958690705
29.482561615209466 0.8794033545004899
33.45836282387674 0.9351322908704871
32.00583417725899 0.951786561575519
31.525996589194474 0.9624776494791516
30.833884054707383 0.9483291778817101
35.06782990506993 0.9775758109685021
29.40881959400391 0.8532478491787798
30.986729888688362 0.9604382951878593
29.529036003908868 0.8567796834124587
32.63041349456318 0.9606830406805337
32.04522349731639 0.9689476290775457
30.7986648800172 0.9471522793614024
29.72818918826772 0.8513830275106182
30.808005385768617 0.8466505196577029
31.843545201676648 0.9403002502992329
31.50319517981479 0.9537453296529251
30.417683174147783 0.9368976311533732
30.698276398400267 0.843074373528146
31.772850650441775 0.9584312259962076
33.188744443024135 0.9652879835768604
30.868879598612025 0.8739254948127755
32.68258416575834 0.9733119549040758
31.934122909753924 0.9596076933459331
32.86862811951457 0.9615741142003336
31.23212611547517 0.971519716520082
29.439965027966267 0.8410914298221186
32.04406832304342 0.9543936865779074
29.623517405751617 0.8677950808464374
33.49421892017946 0.9816724716958535
30.46865747647258 0.9317242236517557
34.2407663244841 0.9782902238945749
32.32514849948943 0.9592217636173115
30.43984412585386 0.9360565204208129
31.848514297754097 0.9492197561849235
33.36876468904312 0.920814580645828
29.50478808558674 0.8463147560279856
31.790023120632792 0.9613609893335102
33.085765863665024 0.9130591034053239
33.908753164374154 0.9751214751195673
30.78319701769605 0.8452715508435964
30.876895517503236 0.9270743866850025
32.25462044860165 0.9573219591284655
31.969518079901018 0.964796298185649
29.441479679488197 0.8340252504664375
30.578106967740347 0.9465899220351313
30.638332096055393 0.942094397061738
30.42884974601909 0.9161980050098438
30.244574588216068 0.9421297488223832
34.033394542839844 0.9696376210452312
33.47451914141919 0.9344714330658187
32.98280864259154 0.9642848173818588
32.78584546918989 0.9262309801797383
29.569527821989897 0.8484544768181124
29.79390336522883 0.9363291523807599
33.305881922477674 0.9774821651755272
30.915567300618825 0.9353273525261584
32.293153574954566 0.9607821623069325
31.489381200082583 0.9348157713925054
31.798640036629827 0.9475276898148703
32.3088993958556 0.9577175350081338
33.27808277116644 0.913754091631579
29.423355940032323 0.8201912185878525
32.685214847283895 0.9730929461805646
32.48904668841824 0.958771766865912
32.85172051311162 0.9724357245384581
34.02934512235064 0.9766699147063265
32.83196209192999 0.9282701229292705
30.378600694430204 0.9100193382901167
31.387385432358105 0.9332062874836989
30.79258967771255 0.9261781041715121
32.73917138112306 0.9258017209913164
33.65340452909952 0.9792939499395261
31.664852798120027 0.9577144887964171
29.508490017489713 0.8268435797580768
30.090945743263696 0.9164298198624719
31.661422665479904 0.9617220276805907
30.373357088745436 0.9414967310447272
29.384350918761033 0.8309666095867595
33.31778971706751 0.925014060793404
30.743632174654493 0.9604805524879824
29.50235360750949 0.8571818745726079
33.20347651108999 0.922397134405724
29.445041626120222 0.8632382663696258
32.29522997767732 0.9590327150302003
32.68831732592767 0.9192018014618398
29.998070121177754 0.9557879990813091
32.386945229668385 0.9578487911152462
30.351160281726187 0.9371694981314556
30.156620431411962 0.9019257233040416
31.544818730059497 0.9629541620342685
29.351455899573562 0.8317036342913915
29.42670963023663 0.8708607085091874
31.90376091937722 0.9663066060863635
32.65778827587422 0.9727323430393456
32.847612285896965 0.9714178917211991
34.69389328834944 0.9782068015269947
33.67022822898075 0.9795756171424991
31.959351468545755 0.9601890332309153
29.39690803836006 0.8546973228678748
30.344268643607073 0.9457617144560275
30.710774831739336 0.9216826716019343
30.33107856695059 0.9133178420394072
32.75545095715835 0.9260029304704277
34.85531493752018 0.9778104978230726
33.19127591828586 0.9747806844715111
29.40317411218676 0.8674955511816993
29.350239305056974 0.82789991548917
35.636083965761145 0.9833265479022727
32.88587922480814 0.9589621172707102
30.795954479221706 0.9650971906784648
33.38544610905635 0.9270214204084003
33.47674701157578 0.92993898077612
30.182976779312508 0.9344541305152793
30.2893501445207 0.9053721958908107
30.55330961241662 0.9454214166780384
29.30979758049578 0.8348285423245697
30.380710027188037 0.8789585491550276
29.830291927491025 0.8775963818156702
33.008160889706765 0.9643631801073065
33.445202524507685 0.9810922352626137
30.85129167500408 0.9248464481469078
33.33513701130364 0.9241786910428035
29.4588233106169 0.8899923162772881
31.713080509436146 0.953297777867468
30.200918325985885 0.9361557249680523
32.692655541587726 0.9721331692592923
29.79946791042299 0.8660317080981357
31.074293094550303 0.9762196869934264
33.14567758226244 0.9139262709853153
29.387642379099713 0.8370263832651302
31.496241165948277 0.9398753653016089
31.557422145458464 0.9631216384419822
30.50266397576722 0.9555937337826285
31.7722115315979 0.9600123511218308
31.478867492760262 0.9338645625256492
33.25864898891977 0.9666650305921274
30.119171626904148 0.9343597739625639
32.00465842112999 0.9537712675625195
29.45930764636643 0.8669838417151562
32.875809634911036 0.967961135666682
30.61727412320699 0.8373900151911832
32.70316076210086 0.9756358028903179
35.183345398849475 0.9852267170973779
32.91376246725889 0.967495841558588
31.671135512726835 0.9615596325797363
32.99706401157482 0.8986116478812196
29.91807298240343 0.9007135949380815
32.67763838425017 0.973364980068414
32.45945580935055 0.9545434173436811
32.72119634518582 0.9240276982834026
31.42934216759314 0.9328562813741331
33.254960275414966 0.9321909146435741
32.83568424107326 0.9613210609572161
30.304386200876543 0.9425179386726407
30.326027398428636 0.944954647392146
29.541450211556914 0.8572198570556601
30.85834944778521 0.9631499049026434
31.232024914529507 0.9678016028172135
33.185271445076 0.9645611635791375
33.56412745216813 0.9699548120021284
30.9247933688238 0.9309099653408297
29.42759306678859 0.8589921903998367
30.835351547862764 0.9571632291469436
33.66724994255135 0.9771257433543865
29.420684345109787 0.8437666392931898
32.91102445623834 0.977610316476135
29.60353257336029 0.8603479830434255
32.893197511108426 0.9657540260733634
29.599018035023683 0.8609438289311598
32.65745985496043 0.9177456024832302
30.606760195836497 0.9233379553707788
29.45486785632294 0.8520538780215514
33.925313068826505 0.9836072851623129
29.30501914149715 0.860863248230775
30.53754501335854 0.9385418141859455
33.25718010112299 0.9635869934736692
33.37992617704729 0.9228212222562139
32.70671962478393 0.9793109838386976
31.112868048814917 0.8637530625535541
32.70057849304469 0.9791435854247217
31.1519249894164 0.9389538253251953
30.98860013962875 0.9661998629772425
33.79704981019516 0.972189052646475
31.053559042841606 0.8531050189921352
33.27919659822163 0.977854931359273
32.308700211725224 0.9580242841127267
36.063689881975414 0.9833274137163656
34.96085246050658 0.982051072205219
32.08194044251868 0.9678069920898389
33.709089634546274 0.9287318562277288
29.495329717212428 0.8299331317627172
33.08395132431719 0.9089970054795692
32.2081036624167 0.9539093068904608
29.508657889659755 0.8385586462209504
30.547104559989208 0.9171825948883342
29.403714496648497 0.8348275771675833
32.73924606846299 0.9708798027227781
34.12167914590593 0.9706607693756213
30.56827500537867 0.9380237299175769
29.704921273024652 0.8609548148108103
32.82952413957665 0.9612896588791712
34.3222075632245 0.9732192190986777
32.8516430193378 0.9719331167684462
29.821551059651412 0.8674149526781876
30.80788027261586 0.8619329030415696
35.454168302936594 0.9780712182724397
30.577979524859135 0.9332552405618882
29.951500290456295 0.8801992674175194
33.369620045365956 0.9310493096427533
30.217464705253505 0.9235435683900021
32.755773617976594 0.9585164128696448
33.26569763052039 0.9696090321782481
29.372758605718662 0.8395293539250545
31.534519995250903 0.9633093934843006
31.41701015876686 0.9314065445034838
30.707745974557973 0.9258730706580695
35.030320191239205 0.984327289288188
32.86800238965538 0.9788702309600664
33.43811695929007 0.9336129646736099
33.38107982990715 0.9625972488455519
30.56302646219045 0.9429383586362557
35.08184040349973 0.973030161787346
31.69891587363489 0.957998133550477
29.56863273636055 0.8488323161735432
30.823594669536188 0.9562635228308819
31.70650849155929 0.9622002207448117
35.03456437482554 0.9836244752795335
31.04052435061384 0.8723039306816293
33.53494858473659 0.9775877930033218
30.7733325806289 0.9653694137835656
31.91375815399793 0.9662448099574147
33.958230132355176 0.9772558815540269
30.222575097850473 0.9409649224228473
31.077503790216333 0.8647448557118831
31.170648603524704 0.8791836705427793
31.444711331375522 0.9332800615144438
29.415794876695745 0.8516856358296201
31.929131992312758 0.9507719648540972
32.0456779149006 0.9633087641352046
30.87892742078971 0.8669958880303215
33.710399158962375 0.970516789940427
30.79404591783341 0.8997838110197678
32.02548470630232 0.9688194479225696
30.52617513556904 0.9115920569526993
33.33658279247773 0.9203153230799548
31.472881328933433 0.939919204838041
35.015742760638936 0.9829670605627686
33.16044089830974 0.9284093654150611
30.961526034785965 0.9585425495146104
30.620888812265438 0.847209476243392
31.92793094456094 0.9414163573398282
33.382730009561364 0.9677635745460051
32.53776171106084 0.9680096353942353
29.35484914860907 0.8273021872249401
35.69046466694605 0.979213924685973
30.289789595438346 0.9437740527044612
29.876241729154096 0.9289410049123924
34.54234392275966 0.9749652899099193
31.037643437881606 0.8454828096188711
33.00920715058812 0.9684300239099471
32.909438951283605 0.9624894701893391
30.485622529335913 0.9145019443623587
30.75705825001083 0.9424101928616825
33.43414000469045 0.9341019257231918
29.449315062924498 0.8681234312964631
33.24534902031998 0.9655368776414387
33.24885835055532 0.9145682854132089
31.681232026253184 0.962404151646507
29.390029218196094 0.8528178402115392
32.37941465643403 0.9597828044241913
34.01140104431902 0.9737167014528947
31.075824715566206 0.8624839983095269
33.19939620329327 0.974697396877585
30.528432296133143 0.9414196303411196
32.04750274662449 0.9693293940371079
29.651138054205592 0.8757953091803276
32.75735413243066 0.9590967259031483
29.497406976321535 0.8533673131756586
33.0590796501152 0.9647794387321607
33.215902121864666 0.9302869996914493
34.272276011546694 0.9785265840100189
32.90215881531955 0.9733766545568677
32.209909283639696 0.9590126422456323
32.982616611529586 0.9639914754129466
32.30689040912918 0.9533588250036601
33.06420358167272 0.9690452732958398
34.94897200366628 0.983340284420193
32.71839430010134 0.9736332815970183
32.85342742060319 0.9726218728806337
29.613855052435486 0.8168181502270727
30.752361869613388 0.9559405245057225
33.20765671872585 0.9220325281423596
32.84815934550584 0.9610157838068826
31.841683255469015 0.948646513130393
29.61977812659438 0.902889380664529
31.994264014433007 0.9676509379958309
34.483664993056344 0.9827069401708023
35.385877748711245 0.9811874030500368
33.268783846845785 0.9130911981962747
32.20434107752309 0.9564820834513827
31.639754132091387 0.9618756933385526
30.112977399834282 0.9335012447972962
33.230660220841386 0.9220609262364191
32.84684152689238 0.9731627802022671
34.352510560789334 0.9796870265638233
31.760831490193997 0.9619597737751754
32.23304951614699 0.9566010515624908
31.79344851970346 0.9563422051864282
32.7002815814423 0.9243608842324933
31.4138067176198 0.9339548363199498
31.394063944186875 0.9381531432663388
30.424705230744866 0.916586550787836
29.66085171520545 0.906002973576957
30.908128800399417 0.8457044013873919
32.69546921052741 0.9238237552315824
31.666338741431797 0.9616797155253162
35.021456895035634 0.9740591329095722
35.10083828657345 0.9835322019686724
32.391710804260114 0.9638250917134288
33.13884806030607 0.9748952976141286
31.109000853405636 0.8755894342743602
30.412053650644054 0.9109837744737146
33.87751593537039 0.9684834019643406
32.85125218383668 0.9284384390820222
34.51322103328294 0.9828315515734204
29.53587843102682 0.8539602681963238
34.08192631014579 0.978033013663502
31.644328236240472 0.9621813750766623
31.9616430056144 0.966093810002618
33.947877139335255 0.9766902449688853
33.30716891161705 0.9167152600150461
32.35068310460185 0.9584643750013077
33.10163255699374 0.9741772980980777
33.185998568556045 0.9287889227463968
30.712980964239524 0.8621483782451587
30.569242303906456 0.9063933189933692
34.68204568472628 0.9847259330339255
34.01950125451889 0.9728099260939047
32.018402645597426 0.9683015647705507
31.672390242163665 0.9620182569902939
33.9347716169914 0.9763054366834537
32.8054248865654 0.9254768602250213
30.69038108961297 0.8579477917250834
34.75249191261406 0.9798640885372979
29.79041253144623 0.902738791268708
29.501440344677583 0.8531705477057758
32.248292914047816 0.9588002842686236
33.49819380033894 0.9815440577792486
30.84882832712918 0.9106201704356925
33.75372025092879 0.9730529343120055
35.019254880795586 0.982968444532832
35.607501165450174 0.983407627200482
31.837377353894688 0.965867798998867
30.50048103275495 0.9138593345255525
30.491142467186208 0.9474531335157392
33.67480108921367 0.980156972209362
35.84415983637903 0.9864531825743504
33.36442085874283 0.9281445050025732
29.65171080031056 0.8681261413803406
33.165961311899956 0.9756711031562011
29.508963645482456 0.8698144482830054
30.723266795565284 0.9502627462946887
34.95131445666062 0.9697387192780748
32.49344877453508 0.9594829601601595
32.15370743737662 0.9519232465709186
32.00035189303762 0.96759540952708
32.00202057508737 0.9525634470759693
31.123565782402345 0.9582084012767482
31.436217003936772 0.9391871595659167
30.196736988336085 0.9290478275677307
34.566228963472284 0.9832364200123243
30.386483393869177 0.9149432342385692
33.000489574626 0.9098909770858703
30.55986928600358 0.9286136643397309
29.697020946576444 0.8626911695003188
33.68291147398515 0.9709303105375094
32.76263427789906 0.9688948996965399
30.279713365821756 0.9298184714055685
30.672366154744903 0.9502207738629703
30.733658172417453 0.8777095576734671
30.796412954252194 0.9564048650483831
32.524965506859125 0.9598478928948442
30.18735467767373 0.9191655896492782
32.833586186200705 0.9729309179765302
33.648799182720964 0.9794345851735875
30.958163328919255 0.9345084753010541
34.73536308832752 0.9772043092229108
32.57236608986534 0.9593787870831494
30.917843902364503 0.8516008656675593
30.516050088299306 0.9389363125407358
31.86820461770656 0.9475457779880425
33.53201010030257 0.9243355820082233
31.86115242827364 0.9483792043438881
31.068753391778642 0.9023046965160135
32.25377462088838 0.9557866608973847
32.53123007458 0.9606647241348419
29.38842633710925 0.8416551502458757
31.540133093026853 0.9632745885018116
30.92655775484709 0.8723597305265404
32.96153748071163 0.9628659687562987
29.718688843069568 0.8629316941458025
33.80384414936184 0.9730551377244055
33.519433916518345 0.9764328409914583
31.022730217153473 0.8460934085575472
33.2720541896216 0.9101983320616142
34.28708231683197 0.9789683931856256
30.186352571558285 0.9403227102823053
32.395855522795266 0.955657560050246
32.66818341170152 0.9670572064959073
32.73132316917942 0.9795204001257355
32.71250403132138 0.9723640385349293
33.9366734121389 0.9733295567467489
31.904859615357147 0.9480116873431574
30.921750862116113 0.9242249731252151
31.17693812196924 0.9652564108534107
30.584815790930353 0.9219377242865469
32.45664515302541 0.9591140542366021
33.14823439685845 0.9714160030300202
33.41807551909865 0.9246222763706818
32.766434065282574 0.9718397086665621
30.156269603058817 0.9360879568205768
29.915951435200505 0.9011066100455448
33.155858019500954 0.9149193170480776
33.46492942882498 0.922282894948817
33.36353555749942 0.9253282815765764
30.622617825210213 0.9530497573988799
30.572898154251465 0.9505725860489964
33.32183608608568 0.9256115203484663
30.2317670257657 0.9308105720793269
34.90069316831268 0.9822642428631002
33.96890360913355 0.9772150197831859
33.447136120462474 0.9814208162171756
31.699463748791615 0.9577386637638701
33.30405013725978 0.9802287733215047
33.73731206415592 0.9645577601755221
29.78696151098348 0.8619269085193918
29.612515092281996 0.8584206922673658
35.11378654397359 0.9849646336589636
31.875792519868412 0.9492923287180361
33.334248667453224 0.9207227900949762
32.20845092324002 0.957698066670002
30.203412538340807 0.9377973877807446
33.222696251446074 0.9297393603829415
32.642354661794066 0.9763310783606132
31.680417400411596 0.9615812717227611
29.898055999175703 0.9408647063493185
32.79724118545342 0.9720575575155633
31.409680105032322 0.937470569439145
34.11904141853729 0.9748096339429558
31.968300284411974 0.9684117066720311
33.253719322193206 0.9168608069916057
32.82962104155406 0.9711206477694219
30.987364426606163 0.8705830108778879
30.12794802304725 0.9365199583529068
29.566589903815753 0.8671338299952639
29.34523259715265 0.8213278100528222
31.437510841018977 0.9329364193426682
34.08676448433177 0.9475528419375477
31.521866480635254 0.9344267167458663
32.620060891151226 0.9178119930123083
32.43663567211361 0.9623098758260253
32.85969621117638 0.9294418235475009
33.854439686081136 0.9813867087294972
30.754280150988432 0.9229172471449224
30.57617013912225 0.9208726099373664
32.62818340521526 0.9226577024950655
33.18829003235825 0.915117390960815
31.075214534034714 0.8539193352988929
31.6628005124579 0.9622580596373872
31.674499378624482 0.9622371812918535
29.41982383289008 0.8650467793557085
30.76510332429435 0.9666398507018485
32.746553065436345 0.9600566234733401
32.201914226592685 0.9698497810127447
31.010300241291876 0.9627589419371544
30.145379344510744 0.9350759657505834
32.999612338087545 0.9639591995110719
32.85440442932119 0.9735593438566585
33.433828164691576 0.920654262974481
30.43686919101994 0.9399199375337675
30.62068486301733 0.9422425742837576
34.82601211438378 0.9689879610960203
30.538649680225866 0.9167294429575225
30.362135176104083 0.9122148433510973
33.50765047057801 0.9669070302203889
32.907800403284455 0.9623763989692682
31.50334636303194 0.9621737584486642
33.94366051053636 0.9758788841629981
34.010091549240485 0.9719544811052823
31.472728428150653 0.9402887718225605
33.02568328112595 0.9702930453779942
33.08339965090903 0.9753151500863914
29.415649367995194 0.871912920713918
32.21869426904659 0.9682029982993949
33.165766927310614 0.9721942739054431
32.59386541424914 0.9709095912792611
29.88133841617991 0.9270640787047106
31.330210309599934 0.9467509506163592
29.555376226467864 0.8543959960029932
32.694508111059434 0.9726253667062718
29.380081496218157 0.8289515487972193
31.44318908017242 0.934070597576089
31.86881715976792 0.9596469537182984
34.49112318497602 0.975438699656515
33.069431071408665 0.9742432829579816
32.732142493053914 0.9794076153213399
29.612328494946574 0.8545200807416785
32.67186200790945 0.924852646568071
31.79049272982594 0.9473222568310774
32.8215144556454 0.9721675828740457
35.80425083033513 0.9813142285967605
29.316054136569374 0.8393053656039651
32.0276229624212 0.9681879598630908
29.478094885279486 0.8335968376929456
32.81429068158892 0.9752855356592953
32.66728474516947 0.9708117283055764
31.628001079422894 0.9610883143484359
29.804842859695505 0.9286573778577557
30.437881013488955 0.9099998015295165
31.160468931249508 0.8812960744422372
31.40735468610174 0.932888482169035
32.183521025252844 0.9698595965895485
30.487555503226243 0.9528048199991176
33.302566285591936 0.9157488455608317
30.619083497577186 0.9365347155893292
33.1926915325177 0.930420649154273
29.790000515606284 0.8602835051270392
29.562008159112814 0.8980592730573423
31.477575165109414 0.9334694975085982
31.08343315744328 0.9357280457988092
32.81655921204408 0.9691605944271751
32.80747332845537 0.9777168916519542
32.717490111393595 0.9791846800896561
31.205615824017702 0.9633303726818193
31.987595653571802 0.9517533076051478
30.934791787472964 0.9555740113581803
29.58635276193018 0.8713146451078335
32.2634842324309 0.9589820591375411
33.13621040538915 0.9757964125600789
33.103786130559456 0.9721977763241552
33.33060868723315 0.9234062100869397
30.652556820625364 0.9498390499815089
29.53879978693479 0.8603019089758791
31.280136037031568 0.9471760997698616
31.407892799290007 0.9326594862814566
33.90842799989762 0.9820564123868594
32.81546637322125 0.9259276930348583
29.528460492515237 0.8300590194924604
33.73828681082534 0.9801126873237903
31.81543094676373 0.9463727439882117
29.6943334516232 0.9043524456936517
30.52351679624994 0.93105249298051
29.366512885668566 0.8348796051164141
32.29105360056278 0.9520770624219069
31.917410308504376 0.9707935780414818
30.67937585417065 0.9615057808560582
29.997542231411792 0.874702029669609
32.85470062585564 0.927490804839517
33.296557596359726 0.9208192060158431
29.28325615801861 0.8502560334114609
33.42664413171762 0.926418025442401
33.973326846051165 0.9645016060016678
29.532761432368936 0.8730320326921409
32.76747268502294 0.9737277374070896
35.272638992834494 0.9761711896473416
33.11263325981852 0.9741814258849283
31.089419172784368 0.8741173043504022
31.39871938229742 0.933226614859666
31.410952687265173 0.9334972763039765
31.051421410198735 0.8789117959799355
31.73008027470602 0.9588969123593154
32.283046464748075 0.957264602878668
30.99984135504411 0.9724528127943306
29.570414538359234 0.8895797881531905
32.03800281285575 0.966408036366541
31.53568707230807 0.9552679061301828
30.99734868136848 0.9569505676264881
31.48260682160005 0.933629601904986
33.25048317606569 0.9306168928387815
29.4362378951077 0.835736460692637
31.56976339719304 0.9613768170396965
33.167367786539785 0.9285622341424263
30.89069344581285 0.8542800815379011
34.10861056937228 0.9648113426898604
29.630155673281287 0.8085828671072963
32.44768694794531 0.9567503046263225
34.15364205882102 0.9772294448570021
33.359252638903975 0.9199018768257442
32.258620433174656 0.9555424011626444
30.711321668059522 0.9241533410723951
33.237187328312146 0.9225166921503307
29.417766443361653 0.8431405644120628
30.408472763140487 0.9476322799794304
30.24057037121463 0.9253653744452944
29.848833741536545 0.9312799421030838
32.06421197430858 0.9605219725282975
31.521341491845362 0.9625849937454194
32.99446378990658 0.9728982026845745
32.70630557748102 0.973891806765079
32.251186496326866 0.9589380510818393
33.248947906654024 0.9151508598881418
29.62874736761937 0.9076946096151123
33.89881963757205 0.9822987039981
31.84186078901137 0.938485010249981
29.580658109235554 0.8771701775119339
35.08629677227726 0.9847629407122828
31.09967363729293 0.9736947083592846
33.52439891121115 0.977344221260919
32.662974218996375 0.9628886783347275
33.47415551601854 0.9254242859760949
29.50843510744061 0.8582172621219278
35.011006560674616 0.9837390089523258
30.22763643137436 0.934416416186645
32.808711327252624 0.9781778535403161
29.62398783643975 0.8665462630550816
31.31710265700303 0.9509416206819546
30.828870269737347 0.9555610006432483
30.936596750872354 0.8981370633157324
30.96361630031207 0.9031536186768082
31.233125419137103 0.9135431515035602
33.705859305737704 0.9724488960876638
33.656119526764655 0.9673161891330488
29.83511928257256 0.9347364704306401
32.29173660436736 0.9587325281840927
32.67817909300193 0.9202337762727822
33.50797750767772 0.9268460729732986
30.945769081660565 0.8627415194766522
29.86637524855887 0.8708965232325692
29.376957665705113 0.8222270953045996
31.204792370313964 0.9386910507107784
32.622581251162785 0.9173089023344431
30.94836891653258 0.9548763299383737
32.34853137457271 0.9582407607257091
32.685039201586 0.9786787340475878
30.66307130864145 0.8400020615587848
33.9780108949912 0.9836085688945062
29.626664783533595 0.8631912656493412
30.756636585885357 0.8396112631619469
30.49429508925609 0.9136532626074346
29.36062336547795 0.8729542093904195
30.665797797234752 0.8592345781807931
31.359281398134975 0.9522201429027302
33.35694721223189 0.9252108319619037
29.578114977892326 0.9239039940926487
30.82328727212841 0.9332639334526248
31.74724535626355 0.9606587890601423
29.528721935858606 0.8820890035722684
31.012614861657188 0.9329501419183912
30.563856811030035 0.9456023101151254
32.607267624693264 0.9178535012066795
35.359645272012514 0.9812111853176807
29.682422128201296 0.8780548983039737
30.159256762285466 0.9087289386263989
30.549108710187664 0.9572667537545793
33.38446172165808 0.9665816733697874
29.779118333931187 0.8668260242235097
33.921068444276166 0.974806178842023
32.7273897664631 0.9792158172664763
31.63372039324632 0.9617663670183805
33.2376501241206 0.9303361757460854
31.667286775281035 0.9614392148639497
33.29547448507587 0.9455305836518173
30.53368064223337 0.9558732171881855
29.52088468715273 0.8485065335648778
31.434786344212775 0.932877763643007
33.342639092992094 0.9269649723016734
30.887800543112668 0.8521778150837828
31.2482772886072 0.911730617567949
32.68622158495175 0.9257166150875114
30.645745164009245 0.8484798045019254
33.42191802755165 0.9335517114786319
31.40376482120569 0.9326902165630457
32.34241849483179 0.9548602946917154
35.21300730137371 0.9847666967868738
33.01653100527425 0.9801435010574749
32.77434354604845 0.9755717276841454
33.14643889421714 0.9749299052328672
33.31841489162965 0.9178593915757625
33.79051365923231 0.9679481485236103
33.18867488261965 0.9658722159801485
30.972611308181605 0.9640662317039936
34.47913154053227 0.9819703966238181
33.17166743791019 0.9709760115798451
34.035409546939476 0.9401802990828568
36.49949947896088 0.9865468632662464
30.963937631480075 0.9669314446165612
31.207771281457806 0.9435862144414255
32.84415593805229 0.9707118499137376
31.090626964750363 0.9427321078435887
33.17498267391509 0.970918467195091
31.53111843565644 0.9480875419421091
30.83397931759455 0.9638134495109197
29.976521895342934 0.9370445359892913
32.716802446294466 0.968657209564861
34.487806920249525 0.9822503092547686
31.137000863458816 0.9683162793107422
31.260280791593935 0.9671278932848292
36.57097552210336 0.9868347320930406
36.51844246979173 0.9868257599629404
36.629387690065904 0.9843048401516147
30.029095164719738 0.9396640346755932
31.310986533658554 0.9685443673515388
31.293045469130423 0.9439699089934169
34.52746562147398 0.9501291054962151
33.163050095712386 0.9710851049455226
36.530381846545396 0.9865773404383675
31.54821002568614 0.9488943897722555
34.013279708955196 0.9423027037112369
34.512128517577985 0.9823566827983076
34.223722139736964 0.9763280873762457
31.180835763740184 0.9653648576575596
31.250016778049932 0.967667205646891
31.210738597122827 0.9672476038892193
33.14158736273344 0.971108999868524
34.364415722561745 0.9766411066690457
29.931899925043183 0.9375508058380184
34.26805757598328 0.9772119471472421
34.424292488381425 0.9828467519495642
29.956374991667673 0.940650720610065
31.47836496093881 0.9624300452483758
30.771147253118446 0.9093158534804557
32.22766944759104 0.9509244346949473
32.2443598645572 0.9519321574825628
30.047601453248483 0.9394548744364468
31.25350546877883 0.963232048535519
30.884245672695663 0.9634471103854504
36.503743678529325 0.9866676540654314
34.02008532799448 0.9430077917924526
30.634289865137866 0.9075494044305831
36.53617641689106 0.9843201415920849
34.5184422100671 0.949566751701861
34.92205191064079 0.9851000051443208
36.834841716134136 0.9840189180811428
30.901503214689562 0.9633437492844759
36.388207022271835 0.986383614539252
30.956280956185907 0.962131164082716
34.455157079755566 0.9825454291156404
36.5290218065953 0.986664933296087
30.66860515071072 0.9072397502669093
30.89193242597375 0.9626931420218724
34.66881380311537 0.9831722857399794
32.14770553577986 0.9507920809211504
30.800091475027294 0.9104171917300149
32.190027166591534 0.9511553466989974
34.505031378105 0.9500845351547317
33.25925966049106 0.9719948924913057
36.873205161435195 0.9841179655631028
31.46222815522504 0.9459848183197405
30.684062050094703 0.907847540200372
34.527451295596705 0.9501090836982704
31.3519503157789 0.9688673548072819
34.30817594233198 0.9780986418095958
31.53589318843448 0.9610430064676453
32.881207306016094 0.970312003037686
36.680492906504576 0.9839673833513691
29.981239787578488 0.9431515617853965
34.324194133816434 0.978525096015385
34.26458481643869 0.9822931801430187
31.265290100209803 0.9652537087546773
30.874837434160725 0.9627360537901475
34.02636936133557 0.9419460912484233
32.164237271869176 0.9507820474570546
34.39747955225187 0.977233241476625
34.44291355322221 0.9819326884790086
34.197246344699835 0.982185217515255
30.836297404245194 0.910526289061514
30.970953344528006 0.9661758999745943
32.84632889138389 0.9702641426549379
31.421675953524165 0.9663861741981326
30.852477240134913 0.9642741001095924
30.899671710771663 0.962742204125362
33.19647579084651 0.9710880160402521
29.957364767362293 0.9388629570273687
31.002962599462943 0.9625319855764489
32.16540533584897 0.9509358408449508
34.077614070085666 0.9428041351326277
32.13674258305821 0.9512951177612046
32.88857836168216 0.9711618241872952
34.04131203630104 0.9418559172450326
30.820228287593984 0.9647333780814978
34.56472722864465 0.9494296064595333
32.79972300440393 0.9701638821696887
33.20918435491181 0.9715084179929193
34.06912739929298 0.9425588675976676
30.705374319045752 0.9079625147217872
29.824759697131608 0.9353558898990653
32.77280590676626 0.9685456446335745
34.23713237467587 0.9775976658761035
31.178053557885246 0.9676638683490495
33.21358177842425 0.9710468014113216
34.56988871006048 0.9500216173631458
30.834824002303197 0.9636620851236949
34.6103419046281 0.984187085159139
34.05666843741338 0.9410185533882902
31.261574933543187 0.9667388487659533
34.63616613701101 0.9496114310995858
34.46037879193852 0.982974409852779
36.43708427833461 0.9865650251705064
31.17824395654178 0.968951610912501
32.24718192800785 0.9512028145238781
34.069347673602444 0.9420279965352003
32.72703093950406 0.9694318571878348
31.307396481686652 0.9680780169037038
36.737720625608546 0.9844728602835667
31.457578207562168 0.9643975365785269
31.381664628470443 0.9457724276921138
36.94098599343016 0.9846929140542362
36.50625584291617 0.9867148278172564
31.112473655604536 0.9622605733800962
34.425528004714735 0.981945318862548
34.327022538331356 0.9811229867653648
34.199029292444735 0.9822578718114189
33.22554297085149 0.9714527033312892
30.66305391210793 0.9075138597299676
29.77827290063344 0.9356509296219285
32.80593313522996 0.9695421410148324
31.139519632097414 0.9425084196799703
30.871611484337606 0.9632623721737908
34.47128560990093 0.9825933666340695
32.17505069889489 0.9508694623101838
34.39404373107094 0.9502080719395324
31.057741087644906 0.9648157077397602
34.4365610222802 0.982297657649431
34.461858979508484 0.9497742852208979
34.28250389817316 0.9778755202656455
34.33421808803511 0.9777901868004251
34.39341015943425 0.9813693600266766
31.119934605091398 0.956658588266064
34.734316456270726 0.9833672308389935
31.54916681479913 0.9482785112561792
36.73650022089645 0.9843531639714422
36.69873922286672 0.9835028539081799
30.752441258787595 0.9088276838857873
