32.094569932354304 0.95618087348106
31.72384175886322 0.9418581761089085
33.50845677972351 0.9639210278638679
33.624871297564134 0.9488446188696754
33.808551517891004 0.9553033153709894
31.551209088194714 0.9331967261762119
33.0122850488675 0.9640785495065846
33.82545626902623 0.9529563781994989
30.521619508835265 0.9191450257074545
32.69947437895733 0.9142951516741521
33.21131465625599 0.9269661181984761
30.171371277528685 0.9346723248116541
31.481669216327415 0.9265897859650145
29.496147243185824 0.8857656228607793
30.18833752106142 0.9358369081113826
30.912920631164795 0.8680435858027798
32.42596948056253 0.9436926292367679
32.74475170902712 0.9668797265129484
31.106979427211527 0.9394867902690215
31.660682563141066 0.947860580530573
31.88944949708602 0.9487842764036392
29.31981225098173 0.85706317655614
32.68347459751308 0.9546838696142286
31.022480929629054 0.8725494937414794
30.177508260151033 0.9200417451253372
32.86450812206592 0.9173589368094397
29.674877600998233 0.8537004213435252
30.331774940089534 0.9122682090414476
32.74127591013342 0.9130805749075865
29.526327765844048 0.8777785164880526
34.9250091705597 0.9723944047921839
32.88591635751219 0.9562553970642214
32.25847414896168 0.9451845226606289
30.83983880723381 0.9172511711995582
31.27002451280974 0.9459325700738523
31.06901630466798 0.8811794145654528
30.35064720159999 0.9114382933262646
33.12009458587118 0.9256910367893914
31.49327857110702 0.9308550043423511
30.51962181319317 0.9511612392734632
32.49880042146158 0.9597254464886904
33.29258485219101 0.9409865570431833
30.114138792842468 0.9299285913943555
30.45750631046634 0.9206138175779103
33.345554168142385 0.9594733554191442
30.584394693992955 0.9529441553141635
32.05683484023663 0.950137993539335
29.499514976333742 0.8609235580085265
32.28022476767501 0.9458561993480393
32.25478542634596 0.9449930701957555
29.68164612579291 0.87973213673678
32.80482285855294 0.9208071420822501
34.35403342972733 0.9694058525366219
33.45700347393932 0.9396156977642763
30.02282643627506 0.9434782178893696
34.98985399720241 0.9711854995253016
30.236862512929466 0.9343726532510679
31.977052915717238 0.9551475735113316
32.61753196201164 0.9538423607062352
33.8428670431158 0.965871547671047
30.05204872950428 0.8847785993491932
30.142455267225703 0.9377977336395551
32.82119822713732 0.9178361211553698
29.931451351960852 0.9407969066041056
32.0813212084159 0.9642678789746106
32.485413020392414 0.9428538488960466
29.72826592675611 0.8867841904931351
29.612102339278582 0.8874873228448907
29.7334026485482 0.9029277333378375
33.397361181545996 0.9419152952653236
31.41712276331045 0.9409944244019878
33.1210906689187 0.9653682804117658
29.879431450325264 0.8958113557261786
31.24167117875701 0.9184974303164952
32.614532148378025 0.9619265669297519
30.73203150719802 0.9291653843369673
32.84441634758058 0.919549970294305
32.99895080335874 0.9691121812052921
32.64028138178475 0.9619783363770139
29.60181187142161 0.8737546573445243
34.13648374148205 0.9589499210767934
31.903747983181248 0.9482406638376221
30.643703570316752 0.8682853615223856
30.346171333831652 0.9527813496194377
33.34020598683883 0.977304132950809
32.82662903188737 0.9207760461985205
32.194234493399975 0.9415536258102872
34.735672814339914 0.9787890500836552
31.44427612926256 0.927269791608036
32.47795313207776 0.9687129268175668
31.606574545835166 0.9475991756447669
34.68056853660612 0.9655037427460929
29.42989373207915 0.8749380982291279
29.931196280462494 0.9267039081672273
33.27664559020035 0.9326959663964103
32.73159955528137 0.9147845020995763
31.551623434147974 0.9460317445071984
32.143301277022644 0.9447728567653813
30.349121414275885 0.9027227339130484
30.258125668506622 0.8986777445652366
32.774603130973496 0.9734894954772252
32.46644876013939 0.960093181798416
32.83381855048756 0.9685016480536505
33.97754714687837 0.9578734965847607
32.352280238650096 0.9421150311671089
29.544612410657418 0.8757280212345713
34.022036503322674 0.9669825312382881
31.040050250943644 0.9529476580485013
31.802110152207945 0.9489945937829968
31.719585155751805 0.9487334182788566
30.22832705993968 0.8921299524792503
32.87963094254902 0.922599195611341
34.79569172381061 0.979739147279282
33.380259996988016 0.9477503545089424
31.738250593469807 0.9500605188405519
32.86119914849095 0.9636849950110871
32.93351682619801 0.9215833488270219
33.66510706499809 0.966885575791927
34.21485149408244 0.9743086132569189
32.86323883222031 0.9223666585108493
32.328492420602785 0.9397406045050063
29.720589515410268 0.8668992418237687
29.662280021095917 0.8584229401865079
29.765522266192686 0.8903063907651352
30.906562371729972 0.8812487489564509
31.18095480215212 0.9423665636537574
29.871508547265716 0.8726560205147925
30.34464450270888 0.9513206839940106
33.461019458237075 0.9451230910870662
29.77244137057042 0.8647285755200043
29.77229695377785 0.8798642018370096
31.500292985795294 0.9308760556768739
30.581865203047464 0.9257448826370298
32.85471333860538 0.968735485432348
30.649485139561897 0.9519108434244836
31.56886509216989 0.9331722617962762
33.09225722489329 0.9312167286751133
32.09949762780778 0.9580014783340361
29.605022354768096 0.8801097975074279
34.43628410780789 0.9781095563755711
32.68967071705993 0.954365785468429
32.44152431401727 0.9743298228590703
32.270376945516894 0.9407514049997072
29.73696100376494 0.8815174793835663
32.52949971362236 0.9597974432179158
32.26059981783206 0.9479352088344835
32.730652254337315 0.9548788421672842
33.38866559857329 0.960188734719298
30.969683930480056 0.8787200516257948
34.56086971125519 0.9783525976461072
31.78405826473009 0.9439288170965979
32.74882369823213 0.9557558819408517
33.66183068599181 0.9498466785505525
33.76752526284374 0.9649164158749507
29.39085979707153 0.8798680383474855
31.975540195417786 0.9381964189138324
32.40246911589444 0.942854501363066
32.52560420635152 0.9701582605229138
33.721448305829675 0.9542228597090797
30.531443090437392 0.9209674324690735
33.08490876685618 0.9316186208580363
29.612172835918823 0.8627530259010505
29.57020885495442 0.8584543374867568
33.24070025619383 0.9220161046824332
30.438306846037175 0.9063810259063247
29.9181650034819 0.9212001741021666
33.53544323435284 0.9645830165698165
30.098098637077154 0.9291274573129769
34.024447859102544 0.9636400519073043
33.85181378564266 0.9659036591385459
32.998521516854005 0.9231877441752909
32.242786831788514 0.9469897306822279
29.8812467447312 0.8838517872394331
34.40747070800416 0.9688382196913166
31.43500056169357 0.9400821034303283
29.667894801238305 0.8908011620914262
32.781555709533535 0.9656680696794259
30.399456876595437 0.9164401564086992
33.26411553118889 0.9242596197282337
32.251251401917635 0.9414841463716804
30.632040782167188 0.9419927892523816
31.048059685185617 0.8780249162316692
32.16831692122617 0.9729003493444593
30.36845159822478 0.9128940038158487
34.75831772313406 0.9849343270915408
29.498154852901635 0.8579689542857882
32.57497493159819 0.9600325232957958
35.386834938957584 0.9759324355283443
33.03037344323562 0.9300630469812315
31.254323847678897 0.9177195086869997
32.06451965644391 0.9637492945407984
31.286719151846633 0.9207497108320445
32.054358253619 0.9652919670018467
30.15358434866258 0.9250656967889859
33.29747720989617 0.9267330137103503
30.72635997510801 0.9492404272260018
29.986637728730816 0.9227792391813044
30.84134909654972 0.8698573313247755
30.31271528055296 0.8959637740330632
31.136903566975146 0.9066320029133565
33.413767420624644 0.9603626184186841
32.56386724891549 0.9700272247129985
32.103340446105605 0.9470473149508836
32.934408002934745 0.923106691076423
31.27998829927933 0.9210253450047424
31.448876592576397 0.9266580513364109
32.07290257387012 0.9360212618627477
33.340190822713566 0.9329070671719135
31.1381745848645 0.9414629764064498
32.09374012403336 0.9554657464954915
29.61326095911541 0.8822320291057265
30.631003781223658 0.9316345536292983
32.08096978091162 0.9353654518280986
30.32764029146094 0.9017467131014854
30.77885589108837 0.9018136466675772
30.113344810076814 0.926164720142539
32.69608241571137 0.9144572034700188
32.240717687150955 0.9449277705638943
31.051855343699245 0.8805002449115178
29.653440238462842 0.8557764266940053
32.32933227647428 0.9425816093304068
29.62596335573395 0.8901271917898012
32.02625605203102 0.9353588091917607
32.794970181610324 0.9562901182036726
33.17257557001247 0.9658863670997877
33.22382964044867 0.9276471208071588
32.89247504433854 0.9121344047453365
31.67503384723443 0.94898477039111
31.062283337088907 0.8895759968980355
32.47304739753637 0.9444033431254034
32.90280533982627 0.9229636078924218
29.783504037747687 0.8442658923011205
30.215409399693954 0.8997508396758598
35.27349610514859 0.9750483547183063
31.732414626261317 0.9388053134325579
32.994090956450734 0.969210984840542
31.081994359763435 0.9075103684638856
29.68953649991228 0.8906592764019958
32.66162628316679 0.9718781353480458
35.20781728483751 0.9745755398593847
32.290265022971425 0.9458380794246379
33.030480668351345 0.9700484919367787
30.322155775286753 0.9108608464443795
30.531403131334308 0.9281814186287001
30.66597622770653 0.8909721808561099
32.04243472438995 0.9382542916696569
32.06335050964411 0.9358643638613202
34.05565084595365 0.9563160586453954
31.33593269067766 0.9217345769459628
29.445159518962093 0.8611438330131734
30.575144636936695 0.9302667019909688
33.772216439399465 0.9554981485746081
32.94316203804285 0.9225697854471786
29.405621597605673 0.9046524169374786
31.159941111216707 0.9222052977291686
33.3308791565259 0.9273092328017695
30.80153200888962 0.8963234373102377
30.383326965846177 0.9158502727430724
29.651315990590387 0.8603746034836096
33.4663317530959 0.9626320584170739
30.259424450194096 0.9033176770071885
29.4976630357027 0.8738144232676502
31.656968504296785 0.947946319850635
29.47772878793621 0.8370555025342741
30.29974078093778 0.9500102682764058
30.664177410736215 0.9383648390613403
30.76848882779786 0.9323364205852439
30.40475621467514 0.9139696754569715
32.60075939158697 0.9716213774996988
29.551350309517307 0.8584986559435888
31.968177625306545 0.9626423970510263
30.458831214006914 0.9603611721472735
33.08589725842048 0.9320231078795204
31.90823166082277 0.9544241835354154
29.46801861867536 0.8554191149540582
31.77047565088531 0.9428149271165965
33.297060075339544 0.9584297637847954
29.996326902159794 0.9277790275647427
32.67261654983419 0.9627665782176766
30.542675739519254 0.9291990948284462
31.09544877672967 0.9553362022245666
29.721300834386426 0.8428362656395122
30.63566244909401 0.9293443226324762
33.6004118376662 0.9657686249131157
31.238112247111594 0.918449676081394
33.59561604168953 0.9655404248610301
32.87100050540114 0.968642234221111
31.671415923627713 0.949965715982976
31.088647648864494 0.8847449467657947
29.58490589476839 0.8879357355027145
29.956602411376476 0.9215144824506389
29.821207312249815 0.927184696460337
32.3000805219921 0.9425872665506208
29.56324782222103 0.8657032557583778
30.310893005245227 0.9015078763708526
31.76028800531792 0.9427133624760929
32.18514501259058 0.9529255429774833
33.32388924735922 0.9267430485477601
30.620328164872536 0.9516332195714002
31.69147363517431 0.9503542799629087
31.549053243885915 0.9323347408079954
29.709664391601116 0.892367650441327
29.410263985683827 0.8602175506494701
32.708679001094325 0.9564984726662265
34.47349720879339 0.9773439036765885
32.02491197531956 0.9743285785107204
29.47879854092575 0.9042386190187371
29.503365783468986 0.8773652028654981
31.535989212489067 0.9386146137084257
32.205632741345624 0.9480457626487526
29.431796952197303 0.8457888838545312
33.45390514291329 0.9465487934848872
30.31125560611576 0.9350178530931006
29.569621099690835 0.8734311545416696
33.77016450519967 0.9536603130297626
33.33224121593004 0.9259555182131298
31.61458214364592 0.9459719132857005
32.84285750540589 0.9210516836899015
30.59639913732819 0.922736728600511
30.947531358885676 0.8699927970455784
31.781172729986817 0.9524555804898901
30.48743265554693 0.9603644876357041
29.6262293247886 0.8817571928202455
32.854838773064394 0.9220002124595924
31.021488645894472 0.9077420476177837
32.44812606515387 0.944103241980701
31.296557366407065 0.9388360904291672
30.626472379789114 0.9388715147308062
32.538495278540566 0.9681376150251845
33.77748022768227 0.9653708784530559
31.85520797653203 0.9595505204517174
31.00541752952653 0.9180674078343188
30.396656960888073 0.9529028302720257
30.46843731323992 0.9059425587215519
30.186089416615385 0.9232720624248045
31.687154377867177 0.9510360688730705
33.18074817961483 0.9227160171210249
32.04584534389164 0.9473777872885857
30.548381588084755 0.9502500719459844
32.84253887390505 0.9189358741229217
30.16143061583914 0.9301696276541732
30.5626589691231 0.9567812302844615
30.686262881693068 0.8807900897480039
32.477201748398244 0.9510230432277136
32.89767991758525 0.9225100207419022
32.68757146872307 0.909783492864036
30.51708894055061 0.9187004603213208
31.461185179852293 0.926660895877495
30.106734151023865 0.9313070054844614
30.104516185387876 0.9295328070164226
32.12914522250695 0.9440343410965214
30.049977136108318 0.9417059430004162
31.78186083339913 0.9439569070777157
32.64806240175976 0.9717393196770456
34.80384273374184 0.9798050092083598
31.786186233732078 0.944157903168419
29.618882884271894 0.8722570350683191
32.72742844912117 0.9720014509686135
29.707147660052506 0.856429685104594
32.244170245807325 0.9478431474439162
33.31940139832752 0.9262311083134244
30.585840312391213 0.861909161257408
32.016142805693484 0.9375724384824871
29.63257792196872 0.8561264396072704
29.553265315084136 0.8579142180519986
32.81883018889803 0.9688406558508693
32.84991522499138 0.9685237013800408
30.07238440997716 0.9437589102431404
31.70341881357227 0.9476672733832917
29.52984925803578 0.8645360047381375
29.97586842083701 0.9136357273777985
32.17984061360803 0.965833120985474
33.19165462201431 0.9666954962117873
30.22124592347097 0.8993529109893849
33.188862972859 0.9224742193604073
30.679014046281377 0.9452392267728511
31.581684935895865 0.9308042212208314
30.06799880772098 0.9315508221053797
29.792224483950704 0.8868402091386287
33.4065529525285 0.948010788850402
33.71503726576233 0.9631104681819593
32.62491738380862 0.9552721232601524
33.1607209810524 0.9281754139566395
33.711021037546125 0.9638383195786845
31.952435561702952 0.9547576647086078
29.501558995331372 0.8768340398390444
33.74498248421684 0.9648787987168495
33.248464882428074 0.9762032677506007
30.055870092370036 0.9264546641436843
29.899375667684215 0.8863799120802832
32.90675298326019 0.9233399729078097
29.47836558347958 0.864462175552309
32.45642206476423 0.9597023916753017
32.60035572326079 0.9626303353413483
31.69310589664665 0.9499330052148359
32.033595763306664 0.9353170566948721
30.930545754911552 0.8627674409566487
34.07374484714124 0.9554732295053736
30.93139854815543 0.8815671889990175
33.594476329450636 0.9472409394377117
34.51846334358223 0.9833063626715165
29.567917357326905 0.8477587307637429
29.500790760435542 0.8608165872119091
33.79688714191633 0.9649947254962402
33.40154392595649 0.960284536575085
29.89389108640937 0.9261695346268999
32.14258403295732 0.9442488033688999
29.606373242946205 0.8390773692212904
33.427545777333414 0.947299699241546
30.093520729533356 0.9221271601011185
29.454539931047616 0.8632393263707656
31.172899260345595 0.8975481006984595
31.968943696802064 0.9507676408332949
32.58487959049372 0.9706754453055414
30.9631335257356 0.8740177753007876
30.006846656737736 0.9231153276371101
32.9442874909101 0.9230169576420115
30.605172538729466 0.9436351684276255
32.853284234843684 0.9203350737325825
30.282514804849967 0.941153724229301
33.632597927185095 0.9665045047330102
29.575604404147047 0.8761670056774172
30.114516898687906 0.9209579722779161
33.12083520657214 0.966276459193113
31.7841933849334 0.9444114662985398
30.823708555446593 0.9062349645821878
30.521972400990546 0.9200995484802904
31.9891768089387 0.9384429387720961
32.18903131986506 0.9435334495787795
33.214851368333896 0.9677713596446804
32.410366106165235 0.9435761350900469
33.36462195877325 0.9307114745195908
32.19561017100639 0.9441117763979961
34.1981654413778 0.9742527340646833
32.49273135305869 0.9599918527090198
32.82496334559811 0.9158555763186393
29.852534683159043 0.9231744298269582
31.932949269739275 0.9553238127172642
31.998762489143342 0.9375225692001845
31.905410259542855 0.9541116945021867
31.052487156770713 0.9485636740028608
29.56963004968219 0.8812690292572852
30.15844059493055 0.8936400747810583
33.236458062210744 0.9566585343108648
29.505569962413965 0.8786758982833462
31.740886077689222 0.9503259422891186
31.46032872524279 0.9426451497213428
34.99971876264601 0.9737822456785964
29.576990399286387 0.8827878209753507
30.89761306926972 0.942986907795501
31.049667652722206 0.8965118479846884
32.12544968117923 0.9543662516416758
31.60673636534166 0.9335876711049663
32.205148504837226 0.9438365147388393
29.47093607857989 0.8624273299447204
29.63026841393708 0.8788932824569501
31.78478226666716 0.9534113596734142
30.28982715740863 0.9453226737947599
32.811389764688556 0.919151740345228
30.272347627584715 0.9485339499994594
32.89627639565818 0.9689343961217504
33.29360863976032 0.9340778665609584
32.46656036689632 0.943977135879103
30.597773908943108 0.9198947161840316
32.17923156514832 0.9440075084836532
30.13016984444056 0.9242028067194227
30.513682433939096 0.9215988751317471
34.31303051268677 0.975561552104936
29.724742305837882 0.8942665328482753
33.777614917704646 0.9500931998021401
33.024666534760065 0.9132208875200806
33.833171029301035 0.9655908828418337
33.22177942378537 0.9229133940368293
30.145346644617412 0.8973718962503564
34.83715376893711 0.9800066326892892
30.11393385835015 0.9279634957904112
31.069825929149637 0.9487797439922765
32.441355170234544 0.9739566070768613
30.459982932093506 0.959443076705393
33.18250811464091 0.9669662127528138
32.88358401576835 0.9222084733813312
30.523807407061106 0.927619364412415
30.565798911919103 0.9307885997953698
31.246786057694077 0.9177078559271671
34.30743516888068 0.9664788925588541
32.537529689999396 0.9601227665926299
29.48905645276647 0.8773091669322702
29.474268745293234 0.8550905776086567
31.96494999918636 0.9622924831243813
32.79204913959023 0.9201175820017332
34.74906768692814 0.9794833622471784
29.60342092549736 0.8931700584818392
29.65371316783402 0.8822082991981848
32.92602910627019 0.9180595603002568
33.22937352934753 0.9661427429593747
30.837531613311562 0.8759765892759255
31.58145103275015 0.9317770014954667
30.687706022971156 0.8734181332052028
29.399239927830475 0.8789715578624208
32.70889781133412 0.913880271640514
29.498283978819487 0.861866816211053
33.66884539993376 0.9465455600810521
32.4327018004137 0.9430207228924208
30.552625183435428 0.9225604008701357
32.86918421056365 0.968831260779025
30.382856601584805 0.9090831631798745
32.217710491183325 0.9484327186719615
32.323744677539935 0.9417531031463547
32.24118677367002 0.9481947399771524
32.691102882993086 0.9143610817335667
32.802880347737755 0.9172122798467454
30.90055899390797 0.9455478765731888
32.71592937114993 0.9071594495561636
31.04568698664625 0.9535881506453536
32.02967886597386 0.937820803478115
33.324504912895755 0.9590733153441899
32.7052884419256 0.9139737986213767
32.17580521943164 0.9407404141606697
32.64497723125274 0.9627251839669301
33.41705042726163 0.9491383537256111
32.21617963735534 0.9428162877518108
33.12778986441282 0.9299110015581955
32.10330230761862 0.9638134612293994
32.54444403448203 0.9600903138886155
29.70356153831755 0.8903389802611493
32.07186528013581 0.9501096362846851
29.573662205610248 0.8880734040409337
32.7036755994001 0.9633372480805207
29.439644402769957 0.8789759404077974
29.52224270255271 0.8767622671252615
33.69837288662789 0.9544824451206195
31.02033048100558 0.9626971276654751
33.18888127891339 0.9274634609539665
29.709198965625635 0.9201492158272432
31.077030702161736 0.9527046502814065
34.47917527473703 0.9832556384826273
32.15369625898235 0.9433251145037737
32.55567692252539 0.9598215582322144
32.25392886514456 0.9743883469552742
33.060948258119694 0.9304345509453318
31.766263486580467 0.9428680889553483
32.63327288638263 0.9540672331084631
33.207512855312366 0.9216520791780759
29.998863503232933 0.9207254219018253
32.79806885855284 0.9194508725985316
30.82445831253384 0.8722024789659576
31.50032152659235 0.9423229366805292
32.129347096584524 0.9467502322288623
29.75131614468942 0.8778186899149294
31.310415156734976 0.9468536700532466
32.22041605054344 0.9730030711745744
30.62983119923014 0.9430504377875999
30.3734061501037 0.90147246428078
29.45717352324862 0.8569610018445096
31.076777996881788 0.9523182075437343
30.06321763541496 0.9073255691611396
31.95793865775616 0.9549708876745536
30.601748730498933 0.9303386065141771
31.31965728106232 0.919131739164015
32.42382810037326 0.9673890559396852
30.03179919884306 0.9167659963557765
29.504273181939034 0.8901555391391166
32.58401511616206 0.9602358423229101
33.341127306775206 0.929820531224519
30.566637547678454 0.8564647567176006
32.828435194295 0.9686869476447052
30.516548706367455 0.9244622769138208
32.38528623419248 0.94338959924103
33.483550625575155 0.9453808921940783
32.38720435038455 0.9428889941896302
33.21812833047157 0.9194689557904745
31.49250711618226 0.9300601480045432
32.337300397969805 0.9378782774206561
32.72235573167002 0.956051214494303
34.61310825966037 0.9768387487555976
29.794339628813912 0.9358781953027157
32.20349440696406 0.9590278070545218
32.10111222336672 0.9661518466443554
33.48053510687184 0.9403022522489835
30.512159816275847 0.9371352144862954
30.29590073872005 0.944787121898307
32.06637786984709 0.9353782028314044
29.314319665384097 0.8689835856177902
31.68601128758708 0.9497960543970974
31.948012650381983 0.9458562682605538
29.459343130252243 0.8402198352177277
29.573254920034124 0.8505835183858538
30.842608472252966 0.9359928258768194
34.90765876632884 0.9720367746405582
32.06119247687566 0.973930528245751
32.87001252710311 0.9692104486121447
32.63019377407738 0.9720617477763982
32.60858597842753 0.9718883181395487
32.327485708653654 0.9415009936552153
34.030965993101276 0.9572743571125583
32.061758362431135 0.9355894903319328
29.70858449898995 0.8397991827272244
33.328479566276634 0.9266194653204872
29.643376547698615 0.8659350781109313
30.910920164732005 0.8826216476373215
34.00812859931706 0.9560318533804263
30.67028151652365 0.8686139771498687
29.8395475423146 0.882414127364694
32.34157610472479 0.9417266711526918
33.457884665898504 0.9391273139397452
32.722217624734206 0.9629470578040545
29.501633202585936 0.9098326655419213
29.488870399719115 0.8570824117959746
30.525075867235167 0.9538581496052748
31.700171509643774 0.95279980972582
33.356981939199514 0.9599973543364525
32.159135240737776 0.9346082221046437
33.21794265431414 0.9234435268801554
31.27717162761634 0.9203164607190859
34.87870750732262 0.980117180225468
31.428487697103463 0.9265070271473645
32.89870417577874 0.969400420026634
31.019444217058272 0.9150624185462833
32.21211400652502 0.9480600629131081
33.06876950052682 0.9209395695569834
34.18077028322068 0.9576083637682551
30.057187870129564 0.9111636655115847
29.588670590294186 0.8656688736330321
31.270068349570575 0.9170492093538867
32.664424375859554 0.9615267361098956
29.41275901690917 0.8399228320713662
33.035183084883926 0.9314678963939557
31.78800928533631 0.9420452052173867
29.490942031721502 0.8375248730790202
29.495508421777608 0.8758794438751499
32.317941055822594 0.9456701099768852
32.88002050430287 0.9170793467471388
29.601546592066754 0.8888381140196046
30.87308641326141 0.8848346811700599
29.54851115021477 0.8586357982028274
29.69320170441368 0.880108652475512
30.38824689546127 0.9150666946065669
29.468589478842702 0.852699783695144
31.262778996225062 0.921145579596806
29.957121651291065 0.9230916277807796
32.665476204735135 0.9557127141439742
29.515026132852075 0.8733286708152633
32.18497721117077 0.9351436780875112
32.406140641798544 0.9429752621951186
33.15588572491001 0.9659570354390996
35.13090407426957 0.9831085643309209
30.97058261420397 0.9640538615562149
32.15261209147077 0.9501804676390833
29.4974511841204 0.8421864568836137
30.417936564347595 0.9226695907706108
31.711089329862595 0.9481537314016137
30.09156742259432 0.8931910391063482
29.513997098218 0.8637996974820146
29.67279477974705 0.8608254242759193
32.84518202512932 0.9150268141468365
32.60173274625498 0.9708339982055161
32.73112052467433 0.90047030477917
30.546258729394925 0.9267170385885022
31.7739861027906 0.9514969978515518
32.698933056678925 0.962513566732536
31.51775680419229 0.9313596817163161
30.584572574830474 0.9388196609869579
34.40835055108499 0.9772632515629308
30.675553614923665 0.8806645468923276
33.33753886303777 0.9761808029572322
31.05342609220817 0.8820488471911193
29.490548288955235 0.861455237798649
30.98461910485362 0.8673953727892459
31.186310004491613 0.9177764201538002
29.48021340325594 0.8592097151405251
29.973566754796465 0.924456347379803
32.388177427727285 0.9439710602574506
31.601745308719128 0.9357291159342008
30.734343389595033 0.8655188786901801
32.227808462266424 0.9481737363673741
31.018964082514884 0.9501398178163438
31.60020415915573 0.9365863862961555
31.924662613380647 0.9543990972433238
30.38148106049382 0.9064245796494133
31.847196221129582 0.9542309068768515
32.33928474179066 0.9543660742479556
29.751023533087277 0.8814233899933825
31.977402266298107 0.9630057285895889
34.02986775653381 0.9682225023388699
30.316852746099478 0.910612438464101
30.458736268258995 0.9244281282751283
29.560958207152478 0.8720252875114105
31.60764349278999 0.934692935769989
29.861857657978955 0.923675866948465
31.706440176842435 0.9507714716222454
30.759811706136443 0.9624042439223734
33.947928374209404 0.9558817538336097
29.652487958790918 0.903260143713657
29.442553480955258 0.8576646850065849
32.327585918959414 0.9428534452511605
30.492351734910184 0.9188776629373046
32.629185455957604 0.9716405857665071
32.23802372036542 0.9481647827756232
31.586246668435606 0.9433983252046553
35.40209570392728 0.9759684488110698
34.6007349605038 0.9766531015881322
32.69057158001336 0.9719044691238351
31.548492334977496 0.9332556746675946
29.68838678803054 0.8879772465455614
33.030282105410265 0.9215081253215439
32.631603236607496 0.9651618973561231
32.66298111177344 0.9719203617191098
33.32357389421611 0.9279538448316368
30.753777512784186 0.8780785826053479
34.34506188606338 0.9759551400268345
31.00879044315741 0.9519217559990945
32.18583444663485 0.9356918998624972
31.584380472263245 0.9356297163988858
33.658341085481126 0.9665782613878251
34.095214113803564 0.9681343277131823
29.541490325061748 0.8730304827770524
30.703793590268603 0.9555603352108707
32.10516756501197 0.9517501872113721
31.906841511782076 0.9441415331273747
30.658487941455277 0.8649636972029292
32.71851216236131 0.9620489260486049
29.535966054959072 0.8858897846884519
32.46026952577722 0.9780842481542589
32.19539936810447 0.9744958138430561
29.548134319094142 0.8752595894439497
29.878009568888654 0.8810160072647485
30.30511034704069 0.9108223262397521
32.88323422986021 0.9229497297951541
34.14163671763078 0.9664051134160723
34.78056498478566 0.9799815156143045
32.22457523067493 0.9482469226324137
34.69597776466379 0.9846345118732072
33.6190488248715 0.9658409417365831
33.21326328835727 0.9281321785352673
31.30114761759561 0.9219200683992549
33.40582595831544 0.9603038492619462
32.448718056161496 0.9590077960320414
32.34289417662427 0.9433902848127365
29.47049807219276 0.8698976490955318
29.811978462470638 0.8647086784235472
33.30827846410855 0.9296854494734952
31.042691804207514 0.8789082459459572
29.57137724231142 0.8874505886354175
29.45114649677722 0.855602720402582
34.167952390738904 0.9588834365515818
30.839523863367656 0.9344169538537491
32.123115201276455 0.9439200166235664
29.347668046936732 0.9004947926474681
32.01975764569242 0.9346218737866648
32.41071576767931 0.9768505524071023
34.51227065321667 0.9777470547466581
30.57540638024895 0.9274121199481205
30.061635846364638 0.926623655934725
29.59192474649088 0.8885258292047012
33.2131394885515 0.9260284467075643
32.45337073384469 0.9782873010040825
29.700577277015682 0.8568679084924734
29.911997011705385 0.9045743318661307
34.41938066728725 0.9764513881465803
30.977728451113844 0.9639566710744883
31.60228042570427 0.9354301239507332
31.103617192065887 0.9057838942571563
29.37305988393771 0.842156668549434
33.18485671909837 0.9222513496398936
30.12188085277903 0.9263512325411305
34.025595775383636 0.9578818835356543
32.52226091337803 0.959904789402484
34.691866738480414 0.9673841380263222
32.890395523995004 0.9225520818309144
34.638272282694615 0.9778645488212356
29.636143446929836 0.8674687095180158
30.50712990421166 0.9224967069145448
29.3939640410428 0.837533769248415
31.932099744040286 0.9512299221131555
29.53351778944331 0.9064158317130853
31.321114806861665 0.9470548191549535
30.658250530813497 0.93157375288228
32.39428382934072 0.9649040709712269
30.727307831988377 0.8786182666165115
30.61046698776603 0.9270837354895304
33.20599683387578 0.9209993163506024
32.141104956237925 0.9445003499590208
30.36721133359002 0.9405311887698588
33.15049875836485 0.9275279951674542
33.22992881586539 0.922633088682415
33.21218648626804 0.9209632308074124
32.06415616289296 0.9351571009068927
32.05797930638574 0.9416882690634768
32.55387629927861 0.9684933175994382
32.88423716706583 0.9558964158163087
31.739921842528126 0.9401917790224988
31.58668842164875 0.9355390154570079
33.00305219005979 0.9669522684611893
33.237888020356586 0.9673838257748374
32.34664156845517 0.9740470130095382
33.751428017114485 0.9646060365240885
29.407418791727498 0.8728296552846282
31.566850097744897 0.9336908919513389
30.39141459280681 0.9050999820536957
30.418310873867355 0.9176862363906334
29.391028718692766 0.8720206283306893
29.48515627816753 0.8492383116172995
30.94591488685619 0.9381427875996756
30.13670185044335 0.93230348478724
33.00462662939563 0.921258532642519
30.372999795178938 0.9173902296607034
29.66283168296092 0.8816234160342865
32.24961799369346 0.968329824358663
31.229898198743257 0.9177578572942413
31.234204610289428 0.9168575687083873
32.89135097114118 0.9217215385790369
30.00725403097567 0.9120358146693682
31.792423436660133 0.943625850238264
33.1794684255899 0.9673367101569339
30.558534430740806 0.921540768824476
30.610503636930492 0.9242961997960967
29.52022392942309 0.9141514129301025
33.46066329502533 0.940674554196363
31.779165970702863 0.9398602830012097
32.13678532663895 0.9436655919539304
30.55785442179198 0.9382927317815036
34.91116140848623 0.9696932973531972
29.442711483505356 0.8792046739647178
30.6908388522033 0.9482966828519028
29.4788591155622 0.8633575727421988
32.33839028271159 0.9586657844519784
32.24950629543872 0.9483167554101851
30.541906900961497 0.9262710587140912
29.79851829190622 0.8705947930081364
30.81666466709266 0.8685259704710331
31.577535342404243 0.9354879716508282
31.1417470693437 0.9404372295313976
30.50238587054993 0.9215198254723797
30.717031345933222 0.8589100500258681
31.238729686916187 0.9435392531593818
32.87213676690942 0.9561662917769539
30.912670522462342 0.9175650537254538
32.4364782642048 0.9440475313558679
31.240899308210007 0.9418315344888306
32.757316425388666 0.9558200947187586
31.055716210724977 0.9533855010455371
29.41689748428559 0.8506797690534753
31.92827978937013 0.9502764245519983
29.559743604973757 0.8677224499953429
33.403238442376185 0.9781152096268839
30.289345449772327 0.908953969862802
33.62362929049175 0.966303908410477
32.15391370194398 0.9356665979699932
30.275350919084335 0.9387844022669815
31.793435576065527 0.9445405730267228
33.08474969971869 0.9249405123244046
29.497328929138003 0.8608008009027804
31.376597748144594 0.9399330507104569
32.833247993973636 0.9148048066264078
33.32129959218019 0.9586183515946763
30.750004359302263 0.8785396859851107
30.89060097463584 0.9339961990315684
32.151723542743696 0.9412802836917172
31.498406296776736 0.9412386596057669
29.48544380278344 0.8541607825222456
30.34837442623026 0.9109000531497036
30.429391301262815 0.9210331565753298
30.442945367200164 0.9070776291208429
29.97493249862088 0.9197987541536177
33.785141658402765 0.9519482715345974
33.51847991216364 0.9409529158623885
32.707087836505096 0.9541596481921923
32.858926698156914 0.9223593207578443
29.567924713321005 0.8596688197249739
29.91018043724928 0.9422744463793298
32.827930622868465 0.9653609887288691
30.352213535863246 0.9124245696992827
32.36411285471027 0.9443196704784231
31.29234100542163 0.9214187522786994
31.747704122475113 0.9430546454375035
32.14018784367569 0.9357784550613623
33.050484020406515 0.9288071528891755
29.50806762019782 0.8353704101187323
32.437471684539545 0.9436348809982261
32.34707812659317 0.9419503870329792
32.11839277454299 0.9354256715411746
33.424977667898936 0.960816464990817
32.87050159717877 0.9233693394698237
30.181947286206285 0.8993176869881961
31.22548626815182 0.9179173726678036
30.557218960648544 0.9298826611304801
32.86658462894949 0.9232317905062218
32.65453108259168 0.9627201784433165
31.323940472350515 0.9382292322360372
29.59564751347584 0.8453451743631782
29.988844039490907 0.9117529797851485
32.03555202835417 0.9370329999124821
30.523686254921977 0.9569448344947344
29.533896313271974 0.8511040724973389
32.943620921156146 0.9207805055885733
30.624105382867764 0.9538557298037875
29.62105632936659 0.8819761675170756
33.18396247238279 0.9213225251874632
29.47687675745002 0.8845270425620028
32.12955328317071 0.9365598814778204
32.838281850788206 0.9194398929562965
29.94959961013479 0.935071656071331
32.308853055767806 0.9462261610379474
30.13360107048356 0.9227400551087389
30.328819322982415 0.9029665238677564
32.13394792232598 0.9445111216826296
29.482481690039876 0.8521845475513823
29.499757851419695 0.8839362979922601
31.442938944286727 0.9416949395401415
32.40306713645326 0.9438378082145635
32.056952270797055 0.9340155325994202
34.15935160735267 0.9732544234309113
32.63134038665259 0.9627331611158032
31.77695415055262 0.9514760952022915
29.472412755805436 0.8839749441038983
30.305417332880957 0.950909329722869
30.403367455375758 0.9144935119177668
30.41521363581086 0.9074236999271483
32.84684956373937 0.9217972871925699
34.67152366094428 0.9799495968765006
32.26678506288622 0.9448128520190489
29.503230042617112 0.8760219483626855
29.363002983152903 0.8385637723499384
35.39388638741472 0.975874787158018
32.826269910291245 0.9542423052382538
30.676559222296564 0.9585740354116729
33.39664004494598 0.9395080137654426
33.36938054769675 0.9335241482568245
29.99403345048158 0.9155736588960987
30.188556547034977 0.8982188907119831
30.140268660607525 0.9209710100489531
29.41090093579577 0.8478238821987295
30.50910655155016 0.888501016032916
30.11549354260476 0.9250728489650457
32.70812997524637 0.9545940007539548
33.378814426042396 0.9774701442247766
30.516907865562317 0.926271861294955
33.102630246643116 0.9302015547769845
29.442335029684756 0.87091304734453
31.771275648188457 0.9478357366073241
30.07294045906765 0.9240461215392926
32.407543066135716 0.9426451716984583
29.83190826671827 0.8875762596820607
30.570938349996446 0.9569151755879449
32.90948486870732 0.918334399824914
29.52680649427034 0.8575551442036534
31.510600957580138 0.926703110201038
32.20545648322445 0.9446119949032078
30.126736804945395 0.931765615056128
31.4102257990236 0.9394288614798884
31.266743307858185 0.9192334380376911
33.71470562361619 0.9544876695809239
30.139796227789574 0.9358501472531296
31.919477206618808 0.9508951903926397
29.49395800373646 0.9124586618280516
32.353728432085454 0.9600634682103791
30.61572766267112 0.8599911409406032
32.322894278929596 0.9758460875997514
34.81784939604318 0.9802786401965724
32.38633801172967 0.9542298900749163
31.998136910085794 0.9380106564643523
32.714101284477664 0.9077199265221446
29.854350872259495 0.8965555408032424
32.43279370141019 0.9665616469339574
32.239282413167814 0.9557379856190924
32.82237158432216 0.9200058497391624
31.258677741239552 0.9189614948553796
33.309948736316606 0.9343872080365319
32.77960983118772 0.9559439816911164
30.341311403818118 0.9486132028341511
30.415525120998872 0.9521186352200811
29.619184630728704 0.8829703037449589
30.98760178194585 0.9646437141037201
31.100620567490076 0.9549302914441057
33.7273978738873 0.9538700191009194
33.96902958055791 0.9562776674046732
30.35758593741923 0.9089183944474544
29.39000612762459 0.8668321408341595
30.94725603274569 0.96250897602663
32.665096089085736 0.960668257142193
29.458401645132245 0.8698839669777783
32.5603850864919 0.9689949556971171
29.48692464143162 0.856066820988473
32.91084544631996 0.9693749451550525
29.56824878704804 0.884024276212681
32.744039885396745 0.9141210109476094
30.375561328197705 0.9162803934957525
29.467052718532255 0.8734216676432833
33.177980877250526 0.96709850871671
29.34076841411841 0.8562129577842119
30.598434992385236 0.9199801351205305
33.822209731286584 0.9523041590016621
33.201377129310494 0.9211354838393279
32.83312992807638 0.9684962403114603
31.09792432582333 0.8948555784038826
32.82966233087961 0.9687155707181645
30.659821413290533 0.9324225250246198
31.07532818052951 0.9667259456911146
33.28284002263648 0.9572862145148112
31.025258361793583 0.8770400542327873
32.81426045371531 0.9649455703208579
32.26784961802119 0.9544349478766436
34.610078443432386 0.9712287234076273
34.39453966048893 0.9763984293649122
31.626497214217892 0.9503541596430853
33.432656059623454 0.929264193043535
29.667832752384772 0.8536643245112211
32.70908384968468 0.9103311160472257
31.86390878378212 0.9424499669405987
29.49781679595469 0.857465830338926
30.23841315919432 0.9006224447738321
29.38341754680561 0.8407359650473725
32.05272606513787 0.9348807346503772
33.698373915863684 0.9546759232495792
30.357465519395497 0.9129905909425087
29.80920818407345 0.8851801543969877
32.77955693679884 0.955843533497583
33.78640657460245 0.9557368321085786
32.52293611867793 0.9601410341236819
29.772774610325925 0.8786865387090745
30.80732590336757 0.8752937044385641
34.26928992639033 0.9664575192939281
30.38826826835416 0.9061527602445775
30.203336363249523 0.9256812102196265
33.33602837744464 0.9436366416092709
30.140481192753793 0.9189176973115794
32.665989839667084 0.9539646941708408
33.1237110391122 0.9701425598464953
29.54477832313242 0.867713078532727
32.17087349158536 0.9437101302392094
31.23063779518126 0.9185165247106287
30.41390486890808 0.9162826962688498
34.76406716760473 0.9796820051800854
32.60329456685493 0.9704093456129961
33.461131039314765 0.9393627410110582
33.41247929316817 0.9471764564860031
30.361456830182966 0.9085558509120949
34.37606306285662 0.9674474156707601
31.334615905069 0.9377061600111303
29.50658680880003 0.850345502734564
30.994284203520927 0.9613135006925804
31.61556386328327 0.9467109183761074
34.468219157146855 0.977615261883105
31.117410123507096 0.8897822202284161
32.929271467143174 0.9627116517563536
30.697132441867637 0.9604649308912558
31.487054785137477 0.9444736596574375
34.04581302193506 0.9550236936799994
30.462904852152413 0.959843044326598
31.138162312370035 0.8874427730293818
31.172046318305853 0.921655671357395
31.248834692615347 0.919858510899156
29.470788710647756 0.8661240971486184
31.637235320182544 0.9382399692468495
31.633144604332003 0.9469688496531442
30.910741944689242 0.8791382148349315
33.309821678956 0.9590180733209739
30.769899774686245 0.9038701808478762
32.26684946179657 0.9482893927151562
30.364721595973773 0.912065250383541
32.987041591770996 0.9193909353447948
31.52193818830571 0.9297515197164733
34.414379724592756 0.9762683584508496
33.17658419625831 0.9264969732423115
30.634415158976505 0.9440771709215245
30.59478277516042 0.8739665526173727
31.675611018019293 0.9361044536655793
33.914893727272705 0.9564226299261956
31.926181665679696 0.959932420144283
29.380378332273086 0.8402393510820048
34.55015284853887 0.9709251126985197
30.00049704456684 0.9220762959146673
29.89288931604697 0.9276829829480371
34.48033469973818 0.9788883218389173
31.045457331290557 0.8744608226189295
32.97294661502615 0.9699472133071944
32.590411759080034 0.9539573541116252
30.171496924968565 0.8992879314824167
30.521430816164287 0.9186834690817326
33.47901908081765 0.9397589478089823
29.52032401989209 0.8755373503270738
32.87841815454201 0.9548569535342872
33.06061988288982 0.9175630836067007
32.03337689606377 0.9375207563474541
29.435113784146733 0.8767600961249662
32.3721238697486 0.945376729290038
33.49872065163428 0.9629557205669945
31.06392323450471 0.8824622307256581
32.23442836196051 0.943620536548335
30.607857604069636 0.91996236307974
31.544735047203318 0.9442602576927944
29.721524509999774 0.896326572473361
32.707864091405064 0.9560463539234824
29.643232313741944 0.8807287386628643
32.70812915585668 0.9542566934756853
33.26170925590375 0.9333134843112523
33.566259006634915 0.9651927754769891
32.56838236921976 0.9600717920106194
32.26170573961011 0.9421497315148831
32.66331116696111 0.9539897461989658
31.99941843492699 0.94176611344319
33.077343000813734 0.9707305537835803
34.682436835590856 0.9786689202447116
32.44481063220018 0.9439718377944613
32.08841612276341 0.9357407359544556
29.735414945010163 0.840230520033446
30.917177668068867 0.9613284327646865
33.18059058782867 0.9208097241923705
32.574336081245136 0.9559228770040707
31.78828110189896 0.9442689745623217
29.93626917963013 0.940926717099309
32.186468037852705 0.9484601796155417
34.55249645014681 0.9836747879112483
35.4229933336519 0.9763568108485506
32.912978591082414 0.9172297317773552
32.24937100800027 0.9455825197397718
31.987396097486087 0.9374992751497847
30.121772668106725 0.9356278958329434
33.20506560933077 0.9209457388493257
32.50784679545818 0.9594763416669048
33.67294660511036 0.9669927268555847
31.434056067309136 0.9418148417379472
32.006017504023035 0.9577633045117835
31.63305280504424 0.9489080534918729
32.82067010958662 0.9209245977236666
31.260282846413855 0.919434924343243
31.442038941677723 0.9262308352346658
30.49934340903195 0.9100151643756313
29.741565032275613 0.9131518851023767
30.90270851592569 0.8665654234851016
32.89423054810737 0.9215853848276372
32.01688733620591 0.936865048497844
34.83615454332664 0.9685476890007921
34.48771619231274 0.9775971276192078
31.881757442976692 0.9473010523888156
32.19543213472329 0.9446593075560721
31.141973875111162 0.893602188590754
30.21964872520014 0.8993652981734884
33.71159603191097 0.94917175725912
32.87308267290517 0.9226402556818576
34.56714973971104 0.9836982044743855
29.472001631411146 0.8572254773716108
33.86469236628095 0.9659904197849691
31.9892073616267 0.9379848016344777
31.52619101099962 0.9419753224470468
33.83389674989526 0.9655532673560018
32.8716585734601 0.9091611134328058
32.1044926001472 0.9562642138567877
32.206259008182876 0.9442579939289103
33.1727679798057 0.9265366381533355
30.784175776887043 0.8815522364851658
30.613132567770638 0.9235259818150434
34.68174234114929 0.9844167925355296
33.5688651064203 0.9452396880001139
32.18955412001354 0.9482789466020427
32.03179674935198 0.9378069567710281
33.81019605232508 0.9657983166286025
32.84448102964076 0.9215000786632521
30.70525626108601 0.8716263883267165
34.22776167573841 0.9738115841195328
30.121319180058983 0.9434639670893176
29.551789614452602 0.8803781156465817
32.29047043382866 0.9419094222618384
33.412609871553364 0.97768896894553
31.01661776857884 0.9189064232636522
33.725519763032764 0.9643184000850962
34.44010269251831 0.9770185669918767
35.2191894687165 0.9743928962667311
31.696747135316436 0.9483067091418711
30.079249565962343 0.8928935512829128
30.529426979555474 0.9197976412305421
33.05496852282672 0.9657741707044706
35.24878842789275 0.9838944806603614
33.14760060527791 0.9283713468910565
29.561221217232795 0.8684012296470788
32.23807997316743 0.9454471193423011
29.572788559268265 0.8803645741714721
30.501565711797628 0.9263253542320274
34.055951460461 0.9641103182982944
32.12311949803081 0.9472023952789647
31.936899227336003 0.9460838640542997
32.20277700018818 0.9481623656777537
31.92487299095356 0.9550026808189458
31.019902740945362 0.94720360460534
31.505635243066763 0.9297104037310296
30.135017408443957 0.9259928977093865
34.45751799448588 0.9827625149297969
30.452131042925494 0.9052764026041565
32.74559010016942 0.9046900370078367
30.388415239859363 0.9185384564952103
29.602744885835598 0.8621424640785861
33.27295696367952 0.9581050056265197
32.041383598162646 0.9332301276548183
29.9879070690735 0.9092199667849091
30.443916038841458 0.9202934326312773
30.803846842240045 0.9147826163941338
30.494026869884728 0.9257372541004967
32.282730334578396 0.9433099354368164
30.061099282896244 0.9140251447000853
32.102883875560664 0.9359680197497287
32.627877727208144 0.9623144034850067
30.40395091156605 0.9140436077779629
34.52515727353926 0.9793759859395469
32.44674905276842 0.9430276639811935
30.912973743859304 0.8700797426100054
30.56353725420213 0.9243581692816003
31.812252160825565 0.9429359910198486
33.29416000997098 0.9234045147771748
31.83398682466816 0.9438851817801585
31.05148351794432 0.9041942628180071
32.15179851265244 0.9345735649517538
32.37461663922829 0.9486212308430875
29.43237771598035 0.8699387084189135
32.17485792216553 0.9440774108960073
30.98094449069066 0.8898777378128331
32.650782222598274 0.9529915110131432
29.777498986154956 0.8790703640664485
33.330340126001005 0.9589750627487899
33.12005224276247 0.9675893561106569
30.96948735962298 0.8777259320291508
33.11194169542098 0.9188567055868816
33.70235167528155 0.9666221871990437
30.431810215769495 0.9598460274237453
32.25492051346099 0.9437689404795037
32.426761586603085 0.9573150103332526
32.86726497733146 0.9685493267759934
32.41244191656774 0.9424700813369914
33.462898203101915 0.9628777409263506
31.874965598312368 0.943007022646678
30.551024280343974 0.9270288350760459
31.05331833520733 0.951706620606786
30.182684969386933 0.9039024139073761
32.28918900745626 0.9364132869722275
32.83856597287763 0.9641642890725187
33.29552326383758 0.9300665178474363
32.07796341901102 0.9357442232269628
30.023125583129513 0.9223258231191355
30.202031468205455 0.9404721646757854
32.863039703311486 0.9166771321643254
33.05622719767959 0.9235027589370612
33.06572116589299 0.9274613274895654
30.62328118053101 0.9295889596025504
30.318989015881954 0.9457680592219856
33.314652002660324 0.9435292676646587
30.020805141010186 0.9144215863580741
34.35919960300347 0.9766282910935441
34.2986733167822 0.9594198088445065
33.381299881421526 0.977410173956418
31.085778353952453 0.9407310864229382
33.291411824602044 0.9768916389193677
33.51768951140763 0.9474870573802882
29.92239706215278 0.8886613398519161
29.58801841374291 0.8710070873891166
34.7967115034217 0.980063500672199
31.818962249488454 0.9447370854502493
32.96805008433337 0.9170985974752733
32.26279752217194 0.9406815497986101
30.243339001550318 0.946804337729812
33.30699255697912 0.9320131860434916
32.322037674440836 0.9768335135968712
31.590835687498405 0.9468243203008713
29.95461560915256 0.9419429982652598
32.492907188337085 0.9598952638734589
31.441770507623783 0.9269633834720018
33.88683913559732 0.9523637387928076
32.19951788434612 0.9484461506450182
32.786906264253886 0.9073145139755656
32.59451712195416 0.9631764386795367
31.04740559645669 0.8858406450178525
30.13093522319103 0.9328179541148901
29.64088235952664 0.8863843919480004
29.432108712880797 0.8406319090248356
31.25943194058534 0.9199256546635152
33.943583733937494 0.9449241434768091
31.309459367254135 0.9200403737240197
32.73285648950945 0.9141838851156874
32.31891259473064 0.9608388044308218
33.063592161125484 0.9315162672700091
33.15260862916877 0.9662380039319104
30.427847053200765 0.9162340078212307
30.69941859248051 0.9309357553514801
32.748903100903384 0.9181609280010015
33.06726108622843 0.919806909327208
31.036678911250938 0.8903215105855722
31.53372711217404 0.9466411164219065
32.05234171620112 0.9373474914145304
29.477422691932176 0.9083512268641922
30.661471119188985 0.9602001293613273
32.67687117344586 0.9552629680238678
31.73331631302366 0.9529655099580547
30.638796870820407 0.9455007428276926
30.135377852183716 0.9324808980929946
32.70131472507864 0.9581771431572618
32.52975883061004 0.9602968249478399
32.903431819196925 0.9174320882275103
30.291358553810163 0.94344522872987
30.417285710145162 0.9171397385464972
34.14350872675763 0.9643306024287381
30.193384573830606 0.8976235666683063
30.363324327253586 0.9027687677504369
33.87402180764682 0.9526168422542227
32.665128135972594 0.9533985084585274
32.13192423578627 0.9435181942288292
33.72726784059706 0.9638820330799627
33.68373047522163 0.9515644561321493
31.510679009800917 0.9307681037776322
32.75858165471941 0.9609235049663885
32.190425714691045 0.9438779541647988
29.511616720951718 0.8750762548016823
31.713708703798154 0.9493727310106518
32.91388618228887 0.965618878824614
31.991582449232524 0.9627869043946247
29.90549351537224 0.9275378837822112
31.183468052359867 0.9420355250276673
29.56403354237855 0.8752818573756982
32.42778696988578 0.9432133781410441
29.5210375016907 0.8524538074209322
31.280807260243467 0.9217079507475805
31.50796293347405 0.9443493086800088
33.85522072314033 0.9532394174846757
32.69711619540034 0.9637473054669007
32.88826703428376 0.9689584918663374
29.60624387159479 0.8738705865257368
32.884405696896046 0.9221731392178625
31.753616919972902 0.9427497493376351
32.49865206592269 0.9597790679976685
34.69719395547266 0.973237074026593
29.429585981906627 0.8552520889739141
32.26329932399432 0.9488151968398216
29.639514430520325 0.851527395481503
32.06935287822923 0.9648108651883561
32.05598647232722 0.9633447843638109
31.994005063624655 0.9372115029957248
29.819022170331706 0.9246013677387149
30.19467240341232 0.8972311616459115
31.17246946018067 0.9196112528367212
31.249806807744783 0.918253336829361
31.66950890584939 0.9498822301110477
30.33408837353551 0.9502798832670254
32.93233678395524 0.9238085565738953
30.39055505503483 0.9162778235847915
33.166522663312136 0.9285807500484704
29.71293137653733 0.8641866129357635
29.589585400469865 0.9042986906911862
31.29118518723629 0.9200994694927014
30.54987433836384 0.9290498082539703
32.158607064345745 0.9464998267217829
32.577969404370414 0.9703468149933209
32.87336610185805 0.9686442742189013
31.02177844377662 0.9450048564860521
31.911935785825094 0.9544791187850012
30.63745483250623 0.9448812346055762
29.935150707750044 0.926112076974434
32.321903482130836 0.9424266673520983
32.253570200339425 0.9455293938782591
32.22992834539298 0.9426278843355603
33.06426539552268 0.9298003606823996
30.443691045517735 0.9202407461841533
29.507202559549228 0.86523853858448
31.19380995748406 0.9429326871171708
31.263834440801293 0.9173282545128149
33.14384644857693 0.9661483216482846
32.851061225001544 0.9209324625270682
29.56351196404637 0.8403445881022433
32.70005870659373 0.9629068680014831
31.747521529687642 0.9425562951142618
30.002870386358566 0.9426806876034151
30.376989127077803 0.9218512633379626
29.506303957347182 0.8580607484683311
31.98395649795209 0.9406663515604544
31.771013808663383 0.9517835282013161
30.617865517820533 0.9571468747347216
29.91199959413575 0.8790327266253156
33.05536570275304 0.9295862396919897
32.84024364306714 0.9172612555318171
29.337288674420204 0.8738758737021122
33.12801188985052 0.9232751929881329
33.68454244918776 0.9502746223501032
29.56871664901599 0.8747348131895335
32.07523287577246 0.9657625836340545
34.238661352051835 0.9696259132629739
32.249361423763936 0.9453378650297268
31.147547476702737 0.892450524293165
31.259165461417773 0.9184785730557911
31.253950399208733 0.9183082576762793
31.10116358236493 0.918983568054598
31.08775043790883 0.9403818690172558
32.13565653439331 0.9383279120401682
30.547476468745423 0.9539397284714266
29.652756773670966 0.8935201568962519
31.60340613326867 0.9493368459841012
30.981211775691122 0.9372449516067982
30.642157346527014 0.9411922651867007
31.312809265087846 0.9200428304232948
33.24788356139411 0.9331569517685313
29.395694505905425 0.8366054759400935
31.55398407672592 0.94742337530091
33.16363655084807 0.9263157114842528
30.854840785546536 0.885923507263772
33.693869742918096 0.9490377471719605
29.678929169188354 0.8280798627775052
32.201367697514975 0.9561869331845013
33.56310571508946 0.9654189794077019
33.22766053441514 0.9288326808595496
32.191504087009605 0.9430683352410872
30.431501441195728 0.9156110114608192
32.88086922206277 0.9224074876849234
29.468528464338064 0.8565850776573308
30.54693044888467 0.9608909545454332
30.14282722241525 0.9215452894481655
29.844393465340836 0.9227854085122774
32.123269170960526 0.9730670791013458
32.170654835836906 0.9438744037959413
32.13195509181016 0.9432621044249838
32.426151847968434 0.9443097838089085
32.2945184884406 0.9423531794985003
33.12532037116248 0.918292640567629
29.649262869680342 0.8932794411122201
33.203878782729184 0.9670867174757194
31.535776523628833 0.9329764718904674
29.626831039134185 0.8792063688751294
34.73270649431652 0.9791850114973639
30.606110468912988 0.95511889431246
32.561614814720926 0.9613484828614797
32.20941215161454 0.9456770228592885
33.275686021772 0.9240017572010104
29.56129565693994 0.8694717331268917
34.73228728371096 0.9790618010254457
29.967420767809966 0.9139908163611822
32.47398244969251 0.9776673704030426
29.710216559120397 0.8802167855701312
31.296274688075908 0.9471313145772962
30.56089868361922 0.9313839904164771
30.932881130764883 0.9050883142193837
30.922049287144795 0.9114159909271671
31.216451773392556 0.9188714498201503
33.746444929946676 0.9652530004814679
33.56686407760665 0.9484714206274374
29.882543787231704 0.9349989983591318
32.178239278429174 0.9353138626283533
32.867179131122846 0.9200378567485058
33.262780253848774 0.9252943514828735
30.996489194098515 0.8818676505319303
29.782565422866845 0.8670542252761638
29.459488946859402 0.8351273301015028
30.724042997324545 0.9330601500467758
32.70020878803215 0.9139551146513996
30.677280149231535 0.9431744825755007
32.199805054902 0.9369787552549871
32.848522397577554 0.9686698634374817
30.667203935923958 0.8630924317483357
33.23062926184872 0.9676653510670773
29.625939379021077 0.8783155798110631
30.749366250202364 0.8656909380665193
30.26703520621833 0.9019779275403377
29.419127553881353 0.8660192524775743
30.73567200474736 0.8779877959308969
31.27027547689486 0.9470007608333255
32.88612037964248 0.9201441876592256
29.691278615295072 0.9332522492373596
30.879097080268608 0.9379386501831617
31.452603370808923 0.9410303215564876
29.6184035528401 0.905763728360001
30.583974642740234 0.92856166597258
30.358811768270485 0.912345762675309
32.709685455554485 0.913967470782058
34.96693446504709 0.9736077324830293
29.96146826223272 0.9264953463486472
30.06916072843884 0.9057606456011525
30.142965210232667 0.9297335484209799
33.882897714007996 0.9551579879946832
29.79862773172082 0.8907160852099533
33.35610338470396 0.9600508947956891
32.85333252773793 0.9688448457114099
31.98311427204345 0.9372434367368448
33.28373896091975 0.9331211347335397
31.53544687647891 0.9464748668145151
33.41705862703631 0.9412916813569351
30.085948853977683 0.9287638919807367
29.643624973092603 0.8809499524229719
31.22673891383076 0.917862588391453
33.32365461866347 0.9276346112768121
30.83037063359052 0.8837200534690427
31.19006096154029 0.9151547680114835
32.88930957770824 0.9225916640552464
30.623800630342693 0.8737296641874944
33.4921258587473 0.9400298848338058
31.219679192053395 0.9162842114492167
31.986625029530536 0.9444137843160098
34.53058418149529 0.9780850733571449
32.69919675887699 0.9717888946903606
32.50091035145771 0.9673945566801582
32.23987051651931 0.944432492816763
33.19748909088994 0.9219927827345212
33.477000817814854 0.9481376528672294
32.875641864124255 0.9559687960740064
30.972611308181605 0.9640662317039936
34.47913154053227 0.9819703966238181
33.17166743791019 0.9709760115798451
34.035409546939476 0.9401802990828568
36.49949947896088 0.9865468632662464
30.963937631480075 0.9669314446165612
31.207771281457806 0.9435862144414255
32.84415593805229 0.9707118499137376
31.090626964750363 0.9427321078435887
33.17498267391509 0.970918467195091
31.53111843565644 0.9480875419421091
30.83397931759455 0.9638134495109197
29.976521895342934 0.9370445359892913
32.716802446294466 0.968657209564861
34.487806920249525 0.9822503092547686
31.137000863458816 0.9683162793107422
31.260280791593935 0.9671278932848292
36.57097552210336 0.9868347320930406
36.51844246979173 0.9868257599629404
36.629387690065904 0.9843048401516147
30.029095164719738 0.9396640346755932
31.310986533658554 0.9685443673515388
31.293045469130423 0.9439699089934169
34.52746562147398 0.9501291054962151
33.163050095712386 0.9710851049455226
36.530381846545396 0.9865773404383675
31.54821002568614 0.9488943897722555
34.013279708955196 0.9423027037112369
34.512128517577985 0.9823566827983076
34.223722139736964 0.9763280873762457
31.180835763740184 0.9653648576575596
31.250016778049932 0.967667205646891
31.210738597122827 0.9672476038892193
33.14158736273344 0.971108999868524
34.364415722561745 0.9766411066690457
29.931899925043183 0.9375508058380184
34.26805757598328 0.9772119471472421
34.424292488381425 0.9828467519495642
29.956374991667673 0.940650720610065
31.47836496093881 0.9624300452483758
30.771147253118446 0.9093158534804557
32.22766944759104 0.9509244346949473
32.2443598645572 0.9519321574825628
30.047601453248483 0.9394548744364468
31.25350546877883 0.963232048535519
30.884245672695663 0.9634471103854504
36.503743678529325 0.9866676540654314
34.02008532799448 0.9430077917924526
30.634289865137866 0.9075494044305831
36.53617641689106 0.9843201415920849
34.5184422100671 0.949566751701861
34.92205191064079 0.9851000051443208
36.834841716134136 0.9840189180811428
30.901503214689562 0.9633437492844759
36.388207022271835 0.986383614539252
30.956280956185907 0.962131164082716
34.455157079755566 0.9825454291156404
36.5290218065953 0.986664933296087
30.66860515071072 0.9072397502669093
30.89193242597375 0.9626931420218724
34.66881380311537 0.9831722857399794
32.14770553577986 0.9507920809211504
30.800091475027294 0.9104171917300149
32.190027166591534 0.9511553466989974
34.505031378105 0.9500845351547317
33.25925966049106 0.9719948924913057
36.873205161435195 0.9841179655631028
31.46222815522504 0.9459848183197405
30.684062050094703 0.907847540200372
34.527451295596705 0.9501090836982704
31.3519503157789 0.9688673548072819
34.30817594233198 0.9780986418095958
31.53589318843448 0.9610430064676453
32.881207306016094 0.970312003037686
36.680492906504576 0.9839673833513691
29.981239787578488 0.9431515617853965
34.324194133816434 0.978525096015385
34.26458481643869 0.9822931801430187
31.265290100209803 0.9652537087546773
30.874837434160725 0.9627360537901475
34.02636936133557 0.9419460912484233
32.164237271869176 0.9507820474570546
34.39747955225187 0.977233241476625
34.44291355322221 0.9819326884790086
34.197246344699835 0.982185217515255
30.836297404245194 0.910526289061514
30.970953344528006 0.9661758999745943
32.84632889138389 0.9702641426549379
31.421675953524165 0.9663861741981326
30.852477240134913 0.9642741001095924
30.899671710771663 0.962742204125362
33.19647579084651 0.9710880160402521
29.957364767362293 0.9388629570273687
31.002962599462943 0.9625319855764489
32.16540533584897 0.9509358408449508
34.077614070085666 0.9428041351326277
32.13674258305821 0.9512951177612046
32.88857836168216 0.9711618241872952
34.04131203630104 0.9418559172450326
30.820228287593984 0.9647333780814978
34.56472722864465 0.9494296064595333
32.79972300440393 0.9701638821696887
33.20918435491181 0.9715084179929193
34.06912739929298 0.9425588675976676
30.705374319045752 0.9079625147217872
29.824759697131608 0.9353558898990653
32.77280590676626 0.9685456446335745
34.23713237467587 0.9775976658761035
31.178053557885246 0.9676638683490495
33.21358177842425 0.9710468014113216
34.56988871006048 0.9500216173631458
30.834824002303197 0.9636620851236949
34.6103419046281 0.984187085159139
34.05666843741338 0.9410185533882902
31.261574933543187 0.9667388487659533
34.63616613701101 0.9496114310995858
34.46037879193852 0.982974409852779
36.43708427833461 0.9865650251705064
31.17824395654178 0.968951610912501
32.24718192800785 0.9512028145238781
34.069347673602444 0.9420279965352003
32.72703093950406 0.9694318571878348
31.307396481686652 0.9680780169037038
36.737720625608546 0.9844728602835667
31.457578207562168 0.9643975365785269
31.381664628470443 0.9457724276921138
36.94098599343016 0.9846929140542362
36.50625584291617 0.9867148278172564
31.112473655604536 0.9622605733800962
34.425528004714735 0.981945318862548
34.327022538331356 0.9811229867653648
34.199029292444735 0.9822578718114189
33.22554297085149 0.9714527033312892
30.66305391210793 0.9075138597299676
29.77827290063344 0.9356509296219285
32.80593313522996 0.9695421410148324
31.139519632097414 0.9425084196799703
30.871611484337606 0.9632623721737908
34.47128560990093 0.9825933666340695
32.17505069889489 0.9508694623101838
34.39404373107094 0.9502080719395324
31.057741087644906 0.9648157077397602
34.4365610222802 0.982297657649431
34.461858979508484 0.9497742852208979
34.28250389817316 0.9778755202656455
34.33421808803511 0.9777901868004251
34.39341015943425 0.9813693600266766
31.119934605091398 0.956658588266064
34.734316456270726 0.9833672308389935
31.54916681479913 0.9482785112561792
36.73650022089645 0.9843531639714422
36.69873922286672 0.9835028539081799
30.752441258787595 0.9088276838857873
