30.619056906014272 0.8818675589451765
30.590373773221998 0.8827792890729456
30.93791267308978 0.9523780842478222
31.329875021513544 0.933277528719203
31.724376455108356 0.9284394030014074
30.663126824515906 0.9174179487234304
31.599349047560437 0.9240032563581633
31.446167018001212 0.9407012853745437
29.4200029160687 0.8769577713204165
32.03546605486888 0.8948663324470352
32.49076567965939 0.9111610511314846
29.512510534498805 0.8780157421430518
30.99364120007141 0.9048569978373239
28.97553696916104 0.7600736857304645
29.453713932521268 0.8780019412413473
30.54575768484633 0.789813984339325
31.191623564886175 0.9341702656870999
31.5557077982138 0.9446620042731003
29.857599570295076 0.8832934772493137
30.65309356726761 0.9125487722695602
30.60118348643321 0.8793079899186451
28.7313406753489 0.7250626186765796
31.119187478430632 0.9362497404207144
30.686857829971935 0.794719995639806
29.63637873482188 0.8836830242431118
32.08745395666063 0.8950223553917316
28.97194920150468 0.6763133313632435
29.532610965562895 0.8602367673711657
31.957214847864392 0.8972354009935157
28.818622929923713 0.6775465225938547
32.17817799329903 0.9493744488567422
31.41388609060096 0.9438484362817365
31.15367929299023 0.9410565742070791
30.594886534745402 0.7690874102446839
29.787403978591072 0.8789906173975315
30.680515913037336 0.8069719194259563
29.24863097741138 0.8554494553013366
32.549108827756235 0.9152034314256436
30.980739977849737 0.9068420611884999
29.836413194212916 0.9104859653901779
30.553723464917738 0.9417669630961853
31.972597958128326 0.8934501647542852
29.60340950029446 0.8926531830984867
29.722067269898467 0.8438530217899947
30.831133774369558 0.9449872040866583
29.704570220477457 0.9030057505111112
30.602138466377255 0.9009021561877487
29.029673929310057 0.730541135111932
31.183872695565682 0.9431281981290146
31.15001427502706 0.9414200271182879
29.387265900662833 0.8020286633620047
31.985665029590994 0.9125391511844484
32.91627139241862 0.9576905265807069
32.24899613267611 0.9172932851243711
29.089669378747914 0.7440492401277243
32.16956063645752 0.9525240989759419
29.5991904444949 0.8956201508885298
31.40235997570975 0.9228340338294151
31.067620464249437 0.9346360537388001
31.338573736845078 0.9500907927462523
29.409093675202804 0.8225533402044338
29.416383488019584 0.8744811495082797
31.96552558081403 0.8924531074506076
29.126145767693508 0.7656714155984283
30.94690234075006 0.9308159731208463
30.787568288516667 0.9380068047652759
29.192997671394036 0.765016278567924
29.01622835747267 0.7170414788041998
28.921969919114833 0.712643986682176
31.985838140026335 0.9036364245358542
30.40106620678113 0.9087218782306696
31.579815643156792 0.9556864992920048
29.52238828560267 0.8584511491024863
30.84902325008276 0.9014279878654395
32.051547056704486 0.9463776669849908
29.455364343184584 0.713361439920821
32.066181021993245 0.9113287404001151
31.90527948799741 0.9420370737729198
32.04038401669654 0.9483490772284519
28.963866266203603 0.7711743615860537
31.648464171736276 0.9528728997789861
30.742789666058826 0.9011656081694169
30.292657212186604 0.7753912262024113
29.741361633939643 0.9033500554069762
32.160888828165014 0.9488306008089848
32.096669525410405 0.9113743357479102
31.048954884209067 0.923919432922981
31.569186884645816 0.9644419224840213
30.965241021195382 0.9069548203988479
30.92610354446262 0.9362149013995094
30.552006696088938 0.9080312567199406
32.25346836264588 0.9498489712925509
28.953012279360877 0.7133144384161295
29.282835745076458 0.8617540790587973
32.450882558836284 0.915767275900396
32.068304056836936 0.9116513025316921
30.38624191352259 0.9143149933715254
30.797367518424092 0.930198101010006
29.48514106369101 0.8324784152334099
29.53518756640342 0.8455161290023498
31.19733593697008 0.9552150403799389
30.54956453179882 0.9421059513517348
31.22591552290948 0.9491237198623764
32.02107704448563 0.9407957824522347
30.69952023857764 0.9348858760536045
28.94629096051561 0.7714525227557653
32.368646548698365 0.9350158312174687
29.7740350672126 0.9239513125487152
30.3735289255901 0.8951629646495946
30.68020691955892 0.91565421296011
29.460024360727846 0.8157564483656417
32.08451230815325 0.9093236256341213
31.57532977986291 0.9661211639765273
32.029399923562046 0.8991533467718054
30.577740454109126 0.9158395122764106
31.55046054061799 0.9292608846730942
32.243519345788165 0.896546878987132
30.97259345066185 0.9601905700539453
32.48196867193281 0.9508807968025127
32.09285180375918 0.9085271249278742
30.741853794940827 0.9323050918613084
29.386856464963273 0.8207339773254357
28.92132712006557 0.6981621573536649
29.100426239326048 0.7175998749616259
30.65954021782629 0.758803396319395
29.781064645544596 0.8758703810845027
29.22406760787425 0.6932626684313765
29.806461935414404 0.9072055096657
32.04479690859841 0.9065351869293682
29.451032698986598 0.8260355315917195
29.401376760064135 0.7880593320413173
30.96714209917606 0.9056504044745882
29.454526954006177 0.8832009424828454
31.23784094016244 0.9484541615024987
29.855997649104765 0.9130872284416659
30.711311320470166 0.9182023535529429
32.28212822784067 0.9128646844525988
30.703069023617445 0.907680778837913
28.906870285178748 0.7086144829194612
32.82486949348626 0.9372489058898413
31.059803068039503 0.9355994585113122
30.96026375611253 0.9181117340048589
30.680364367354077 0.9264255718678125
29.189037362543658 0.760811184036843
30.580256750089777 0.9433224052192206
30.559096398763327 0.9355782222899001
31.264149684542275 0.939481415913667
30.880843264096157 0.9504031958375624
30.749179924372175 0.760078765517929
33.24735473355424 0.9519440222315642
31.224532973446856 0.9244538272902784
31.292767751278344 0.9398464615719461
31.287849262397707 0.92425323784138
31.279000561207813 0.9449385134621038
28.7443645043794 0.7394867636782837
30.405086236844745 0.9271807190484571
31.185375944994504 0.9300127626266375
30.895276065497008 0.9423091059427872
31.65615777343882 0.9233744917245646
29.37779050555841 0.8610817584599567
32.301946066973784 0.9138530645797688
29.177480243172496 0.7741220681839126
29.16896878739901 0.766711329699323
31.67644024987178 0.9175612153604144
29.552312163937952 0.8412530619364424
29.26058892865865 0.8571085759762337
30.85181080421723 0.94675795874919
29.455972292417954 0.8637381896561259
32.420466356474364 0.9309329932524361
31.36752172049092 0.9510134741262193
32.17581246810324 0.8989663498744757
31.05045046269195 0.9189603029737647
29.545331476423357 0.8030416776316541
32.79873772026579 0.9571023517077193
30.482788369104497 0.9171854918188183
28.8940170853842 0.7613457741680144
31.72001914542974 0.9424228086469889
29.499131414015167 0.8546288280447181
32.26217709868299 0.9045520917186982
30.6535571165602 0.9244192322798822
29.92816791107559 0.8935331867823122
30.673160749081436 0.7924945094740525
30.720738616217584 0.8978249975325502
29.38436254429883 0.8897483041178106
32.86984370439491 0.966360201793211
28.917615412089038 0.7267186841331946
30.586850495471293 0.9444043777946595
32.590821682122126 0.9674233900993702
32.27175102158074 0.9122804304355188
30.831152389234635 0.897966083027493
31.00843142729338 0.9364111355465392
30.907903327602458 0.9085426935959223
30.888693218719993 0.934441761732116
29.606166250633734 0.8873835689610451
31.59154465551479 0.9140495534389959
30.03567008861048 0.920135459473021
29.426224297794374 0.8727558239423998
30.550142539528622 0.7696252574327916
29.452499331914286 0.8128736477884863
30.84518274412978 0.8548793989125195
30.890936630142164 0.9506477006189448
30.88948338836191 0.9320629436176716
30.83768368361676 0.8979405319598641
32.28297885330611 0.9129785747130073
30.909302097493452 0.9095811019958242
30.995070348669454 0.9051548270666088
31.05190067000872 0.9352359843280749
32.33070335130054 0.905460708910434
29.816485489774834 0.8826880232141125
30.573121422120487 0.9081533117719424
29.03694609919811 0.7498123626822389
29.778070071209154 0.8673317559082039
31.03660474721358 0.9318977691101699
29.48132274545705 0.8329645744311507
30.49086042692579 0.8453507883748653
29.424278893987584 0.8545581311186448
31.954449626419628 0.8976884370655466
31.148710891636053 0.94265194895893
30.635963967309582 0.7864384877376168
28.970713103565746 0.7051657330880504
30.711243026998773 0.9309486693885826
28.85308854660357 0.7598378746853911
30.975285819833317 0.932488526379579
31.334022899559226 0.943472659233783
31.650410460182155 0.9579202092289982
31.977783156236633 0.8991834682353846
31.835134019921675 0.8844072850910268
30.70899640848782 0.9215321992975893
30.764036419773845 0.7771829011394509
30.677284512628233 0.9359300515982333
32.29072869967122 0.914188243789291
29.0457147214333 0.6449442352429152
29.468938094077078 0.8420601711743955
32.57762549548485 0.9654102547479213
30.669601719974192 0.8974364787131485
31.97047520821485 0.9442694304561602
30.79682530656556 0.8529878478145161
28.976637023139695 0.7686625450665698
31.44059993731298 0.9465205723803743
32.52456214542677 0.9616791668913134
31.174642774975144 0.9457843890132147
32.01941815680389 0.9445648511355584
29.536160846925668 0.858788005759562
29.41272103413011 0.8946327642012357
30.41618707099797 0.832968790316183
30.435348500500016 0.9277364463179831
31.026417007288284 0.9336489766100947
32.04394456003657 0.9375824667700734
30.95957564408478 0.910221160945584
29.03333732072598 0.7559633034236968
29.742305457839365 0.8594367629606482
31.184254300286156 0.9332519858550016
32.14599577725855 0.8873583669224039
28.82409240578784 0.751272892652221
30.962243507952856 0.7737666486147353
31.61107594856171 0.9167633319861053
30.53278329838696 0.8407421366482837
29.35360605610585 0.8804226989905299
29.262026164610695 0.7813835467537978
30.935614633525734 0.9478642902164199
29.528360017346074 0.8512437744942153
28.945212517876584 0.72387570604712
30.44535140573922 0.902812233888834
28.801588557755473 0.6864318494201261
29.776204359687853 0.8971338509429926
29.92560770744124 0.8837514615522998
29.86641379333889 0.8598758837714924
29.300627676123973 0.8726526706310722
31.39072794195386 0.9464411495620103
29.008817542154222 0.7094853052871933
30.78743059953824 0.9288254790578782
29.505490788530576 0.8855107501175411
32.303264853902746 0.9141957430291221
31.356313507540815 0.9228087923696169
29.080800276282766 0.7567570655850835
31.248142339675383 0.9245845918777948
30.817733181134848 0.9397137395324868
29.297892806597297 0.7726419858715822
32.056793581604325 0.94731139620608
29.73423071514914 0.8579157040307677
29.770880131720112 0.9310239710473819
28.934245713620996 0.6578855491685993
29.54604314441637 0.8976426507230906
30.967002987764268 0.9566650858399548
30.850364984577453 0.9040477030589181
30.942922492555166 0.955073283237461
31.250841529541557 0.9489259572070247
30.512085194301058 0.9292005635404709
30.675970045152066 0.8156933750366611
29.016903921290368 0.7037757861728757
29.35471115686997 0.864211538921279
29.16800459684357 0.8705022011286901
31.207054416592726 0.926463190978466
29.150380830728317 0.7706831011802352
29.52659617022305 0.837688559797598
31.230809229285185 0.9233885263941581
31.301853511379637 0.905529580596077
31.5828767732115 0.9145771933145038
29.828268549356387 0.9152604234459758
30.432495274035418 0.9217694875290838
30.67812313619125 0.9172747772165637
29.0829269962478 0.7150521281959697
28.806324010328844 0.7319872843196513
31.153617997830327 0.9364294414702777
32.66516302272586 0.9662824189296487
30.64422878011868 0.9090659062626866
28.97115045451428 0.7262709653786981
28.89303970510655 0.7085067080132477
30.355488994988413 0.8889617118563998
30.515855454816545 0.9361796307514649
28.905824288868743 0.6887181633628091
31.237279689380614 0.9164455401552783
29.336900135099462 0.7403623339522671
28.849285561874062 0.722559615332434
31.729610938556526 0.919116560508202
31.601390611720568 0.9143982465975637
30.48734248756165 0.921571442106086
32.091772052975045 0.9132683352283745
29.40194198846107 0.874227865118621
30.645868495388697 0.7671077869714593
30.270131576144344 0.8914024379569877
29.64041737300228 0.8938314029997284
28.855425659972383 0.7178463568811878
32.1564170633194 0.9131458627778766
30.7299071270557 0.8577008720653218
31.238849446522 0.9367842547407615
30.30958345904881 0.9055599126609181
29.89053804567469 0.8828673695869943
31.01856118812481 0.9389103245962711
31.240165267058583 0.9428281801349874
30.698643425756686 0.9145980061184837
30.7919993067185 0.7713247498628287
29.647488926694372 0.9025612687195634
29.6039481210586 0.8421032467929525
29.584671183619065 0.8813898530064954
30.463267420643312 0.9237695409898335
32.055866247389865 0.9000106357697512
31.19699281488608 0.9021376275949506
29.808632569721084 0.9109806898801118
32.05354525405302 0.8863008788621471
29.566622300141642 0.8892376555994664
29.843950238135424 0.9300024212359551
30.401895305960803 0.7575008591512565
30.95809021981157 0.8975970306158684
32.246737244755856 0.9024897228927808
31.95717521413974 0.900985276843642
29.52983664522694 0.8834049456791478
31.019713048935703 0.9058011339631601
29.661315847862223 0.9041442746431134
29.612163195285092 0.8994284189422578
30.821695418476853 0.930742571651756
29.116883667588045 0.7657110088402396
31.16739505133942 0.9214661223690314
31.446459623341468 0.9462877968925567
31.595358214756168 0.9685643218264984
31.16293102635272 0.9211549137356672
28.948021162718298 0.7589845958220109
31.065550278995296 0.9519945268438237
28.997583319871584 0.6915832326976435
30.552433393058326 0.9352070984257914
31.529901984960304 0.9137059731314399
30.25750415288231 0.745350042738602
30.426988755614744 0.9267510304287958
29.301646450604537 0.8016311298711926
28.994005520992975 0.7219104171569097
31.23519563672052 0.9489761803219112
31.220598843611636 0.9490996667442992
29.114200272902224 0.751200918020996
30.831794119011455 0.8807947202337806
28.9232172412239 0.7321480207705224
29.474888298280526 0.8597005440103064
31.074389560889383 0.9408795460007806
31.624099390199028 0.9572803606173765
29.46257279593307 0.8377759940274215
31.57817297319226 0.9170758917035792
29.9782136978558 0.9052126474620639
31.0656308332524 0.9073645830140199
29.404821891874708 0.8612441842477833
29.241303279962494 0.7713195346147009
31.134468155907197 0.9198003324706389
31.28373253891551 0.9458078377947656
31.07079616032763 0.9319659761191574
32.62003238683961 0.9231096586971036
31.235352657538282 0.9385423501366268
30.79992328985091 0.8798828527704974
28.99379369898513 0.724947328616905
31.255040055742192 0.9399049875821588
32.07039593934789 0.9486248647583677
29.444478683611383 0.8800607042008144
29.34212372070908 0.7800060631109141
32.169596827860374 0.8955068972971469
29.053977014145392 0.7393045624161921
30.55344855668877 0.9421607022649585
32.037762306602936 0.944678058356746
30.848666521021435 0.9349128194473176
30.980678323108716 0.9274767580887175
30.654289298499087 0.7876035612239686
32.26819021231151 0.953045878538307
30.64015586550312 0.761261717439721
31.2331268777168 0.9241152728451104
32.60990152822492 0.955732142280405
28.932636064481393 0.6943195415547468
29.004335487008458 0.7224295858362095
31.272004963705463 0.9434815296438674
30.868827558930235 0.9514966154987636
29.047628027470584 0.7057993540333746
30.81131094791261 0.9309270157564175
28.86973144331109 0.6547260594424634
32.16326502861483 0.9035772404332619
29.50052061838024 0.8708706549394905
28.892551948328773 0.7206726858089213
30.035725443670984 0.8159434318651122
30.877876540099784 0.8678220402534446
30.974430412550007 0.9426687284611166
30.633631178894284 0.7927566553532722
29.50248344584088 0.8784567704618068
32.24969319809706 0.8956972878758314
29.954948346027056 0.9007054314449265
32.2034210925485 0.9127605835608738
29.88168567406361 0.8890021699769767
30.934536331072323 0.9588655740740567
29.04436228584214 0.7469561360746103
29.496006056934586 0.8572707622045739
31.56406184170504 0.9590878259896941
31.181984202578708 0.9214707542204565
30.52976438028768 0.8526828313608628
29.31597627965962 0.8556961165855003
30.42718598911702 0.9273955477637802
30.831046551493174 0.9313080361551771
31.61785306840916 0.9589061209512154
31.215573384270613 0.9306875734094177
32.34795853921872 0.9116334688153894
30.915802662305538 0.881269897609271
32.4809063112545 0.9530190887258927
30.552979606406417 0.9412759578639481
31.91947276502954 0.8930895841350318
29.200656376009402 0.8518369515387246
31.363449654929152 0.9223821077784015
30.425133406169223 0.9275498480784996
31.36152562432973 0.922493112803128
29.77498184899176 0.9259841795051285
28.871322513969343 0.7365586190712181
29.37986654550594 0.8176136534315693
30.845964502476022 0.9385278029793303
29.09579839759669 0.7403805381638229
30.614520996052697 0.8772918303525322
30.367196755595458 0.9128513078495137
32.25649019421487 0.9585986361615335
29.030415530206135 0.7248152975630281
29.650342293550374 0.9105602679441417
30.74504575677547 0.7816463392683384
31.08837113013102 0.8888531421596405
30.737818988099065 0.9182345224832457
30.841962743323677 0.9323189077066997
28.885919063303692 0.7238012867125911
29.14190730895112 0.7652722756642572
30.702119213605204 0.9450766897976224
29.725636755999613 0.8827047141489662
32.07373761428272 0.9118125021963479
29.679549857329427 0.8853917092979956
31.281995426294568 0.9501532022031357
32.50583672937985 0.9169974714834547
31.222730321897643 0.9376083344173015
29.82471329436498 0.8369772577083316
30.81871975557656 0.9315364993901507
29.623736504115907 0.8902370628416534
29.45268693096422 0.8990985705000173
32.50499175462293 0.9598174468816701
29.056200550043492 0.7324923701250278
31.489229573913235 0.9404689181021337
31.819925496673193 0.8851112680063007
31.378439182272047 0.9503768852927932
32.09362916297183 0.9028998902977581
29.407082359869918 0.8322240726506674
31.614351557720216 0.9687938919059019
29.539741878262387 0.8832472185444007
29.756663769521516 0.9133024118376634
30.881833519452396 0.8909944164783657
29.618107894284083 0.8865754680712074
31.613735660314497 0.9574324641119332
32.104112198662165 0.9083450799254202
29.425854850295767 0.888313794226028
29.45202078775864 0.9044903825536751
30.85233186608164 0.9024557382547401
32.69139304593216 0.9512088995398097
31.984496107675948 0.9467320762941313
29.013167573757134 0.7237669584451601
29.079041239941716 0.7629282564551261
30.801731952082015 0.9229908129738765
32.12425936225965 0.9121883588938607
31.54675422844752 0.966222415782158
28.887245476021064 0.7940573573483872
29.08602241298071 0.7544239420808023
32.03248014660369 0.9015274763542654
31.60150397189089 0.9568774327004737
29.84211022727658 0.7598380052269973
30.705197104146848 0.9170983591465176
29.743996410818596 0.7564928620882246
28.89799031828124 0.7432942595738248
32.032478042598996 0.9105058047959015
29.0594937779974 0.7484850298958722
31.508152198598076 0.9505206155254406
31.19529496209931 0.931002958702578
29.496949080415277 0.8904423130785348
31.246060968893342 0.9491697505608795
29.32908432722185 0.8623101302632282
30.56421340219648 0.93596765262316
30.71236120905214 0.9293376586180186
30.559211049170752 0.9351874632179217
32.06271802999374 0.9118359813353121
31.942756711875305 0.8988781848508574
29.61157134153077 0.9039869881885461
31.895854900881098 0.894295210010819
29.80850879843385 0.9329139920502025
30.44631555742058 0.9266448233113193
30.836083883057217 0.9432282356308187
32.056284404769826 0.9116189644762611
30.660549538514882 0.9248514903490135
32.09385322187886 0.9507276300537546
31.095912004446248 0.9219792966860204
30.99266845525304 0.922510626565332
32.23529541514089 0.8940365032859426
31.009371967773536 0.9359090724715766
30.593645863476205 0.9439592954986505
29.04338519156884 0.7242223938548571
30.69184414252679 0.8964887238301793
29.032704190090865 0.7200250853620785
32.12521682153682 0.9520254121021386
28.988106066651365 0.7243584613280087
28.87116993419866 0.686235380321572
31.26155320474676 0.9310998813207965
30.09654002173981 0.8952690227311881
32.596794676454664 0.9221236662756558
29.10716207223849 0.862282242616537
29.79179010739744 0.925670161580664
32.56647971283168 0.9536288108707842
30.852203598899173 0.9304667350056285
30.609961008154624 0.943081636590002
31.107357168557566 0.9285374568999585
32.29411139022367 0.912381729285251
31.233222269892554 0.9241454014888985
31.108478117406634 0.9322935598536826
32.00297409709464 0.8789400749959588
29.44120972584926 0.869875189316587
32.03574047415102 0.9118304076131564
30.491371653755053 0.7675830958202421
30.477394974913572 0.9164938495303617
31.057534046939075 0.8990233040837621
28.892291754366326 0.6877933469111572
29.785223860823336 0.8815353948639255
30.7873139753861 0.8970528751416077
29.924829105419914 0.9055203760296946
29.569844656109385 0.8390177774282839
28.886566839121322 0.6852769502067115
29.674334797816563 0.9234304495719068
29.681433882055714 0.879740815834402
31.370086012739677 0.9209557670859125
29.77287756761582 0.8633291259317857
30.91798823042761 0.9019358733850895
30.929717883895492 0.9332836680936658
29.533606154743197 0.8717672043320355
28.81961399260345 0.7739011648378216
30.639448962174278 0.943538527300591
32.40549634353091 0.8993796621837019
30.26404232529794 0.7637316426255144
31.22127401857199 0.949029674243077
29.46706709278427 0.9053886159679836
31.144448655715998 0.9284822097000742
31.219156630550067 0.9181688859856113
31.146067555309962 0.9287207197320027
32.05293956787655 0.8907917536386079
30.975021373240352 0.9055852960569919
30.67859424310936 0.9329489355523609
31.308257134955323 0.9399980138227713
31.457116834505385 0.9575802234935947
29.076507525669143 0.8381092244689378
30.57573383231274 0.893530825596435
30.96982257868398 0.9362145238168139
32.29943535900912 0.9179755913188742
29.775090697297824 0.8735085986490627
29.800777462295397 0.8912612104173778
31.03341633390493 0.9318761276969598
28.808633248504776 0.7246506525922461
30.465910638529877 0.9234008615668374
30.688859851946386 0.9053864034868743
28.83636571882635 0.6638926281407762
28.868803178855963 0.6663031830309963
29.90796512879326 0.864371708353213
32.05353327340283 0.945325991299845
30.657951805399037 0.898192513725378
31.224883519317768 0.9492070849969406
31.392830498932902 0.9460746184007904
31.383604851861598 0.9457328219934752
30.675560798840507 0.9288336177104847
31.428360761545015 0.941765712952431
31.048172623298058 0.9355323777689941
29.0128865805682 0.6714457182194946
31.607164310027716 0.915097889557066
29.063764779552763 0.668274144023337
29.87265169237443 0.7779784808256816
31.675526068652246 0.9578674890872817
30.32059882375066 0.7577831029622908
29.185814508074415 0.6989141673701204
30.682485460379056 0.9265701150912309
32.27577831945534 0.9173809427821319
32.10836624943298 0.9536605351440244
28.922770638518433 0.7435424832968671
29.10536105133964 0.768491427005903
29.750807249585748 0.8797533539215174
30.410923261967923 0.9288597262188347
30.873449450377958 0.9495328989143461
30.6280186113785 0.9224293462892861
32.42171615793866 0.9098626881702305
30.916217559010917 0.909629391667501
31.613721012318592 0.9685030699898064
30.969173303979446 0.906597870965677
31.68416775753378 0.9402817215845177
30.736661186999466 0.8630039376095432
30.518554886941036 0.9350778801072585
32.011486359716194 0.9020352332318025
32.225353802185396 0.947595571756878
29.505535862594165 0.8614301389326586
28.87659361637344 0.742849104614347
30.905001106131735 0.9031254915798842
32.08902500095338 0.9499187442965401
28.835550874495933 0.6818145261248828
32.26067484305859 0.9134300265066776
30.686093131889393 0.8874944130319322
28.866517894016752 0.6707373116152583
28.971752490575152 0.7219718766067563
31.15166130377034 0.9300477913919691
31.950158166714814 0.8657264268444972
28.959753349410242 0.6998658486652571
29.870100553215686 0.7869787463065285
28.94198137771071 0.7072154278925946
29.401206096212956 0.8081180827853253
29.500744561037862 0.8567719887934461
28.80912151975458 0.6682737011481412
30.89747967747042 0.9086315237393768
29.462687090565048 0.8735587635735801
31.044430735946538 0.9359174402673489
28.981947777745745 0.737605744170949
30.713070506121234 0.9254892171293361
31.13413766366365 0.9348529428271282
31.636904604444815 0.957863472123658
33.73263507822314 0.966929555671969
30.098786941537558 0.9037853946076474
30.867742378586428 0.9203283625348933
28.954265615845905 0.6564826428101016
29.804886321159255 0.8899455317666547
30.718690752409966 0.915349415025122
29.415208840373385 0.8322174451799735
28.925185513707245 0.7239742171857166
28.98840146673026 0.6699536460680211
31.943029800744224 0.892069721142448
30.920037283873913 0.9296694427168727
31.89197535226523 0.8883276980993366
29.351652046586207 0.8917657542569947
30.590689775607572 0.936856946471973
32.060602311730555 0.9481479374626104
30.977138497062228 0.9050320861417855
29.775778256246493 0.8762641275445388
32.84204744966453 0.9356436444292705
30.400368508304126 0.7558238817783861
32.214020382574674 0.9519431272766004
30.012160039442556 0.7789927332308076
29.165023796871694 0.7847612294259811
30.646455896404824 0.7647323281244879
30.88710145807643 0.8696083898276894
29.060145506928777 0.7340649520432424
29.43440078308072 0.8790847888452078
31.12923029069663 0.9333471271882234
30.638781352086355 0.9164813899635449
30.373634950879 0.7499266516717408
30.54458324584267 0.935134324294646
29.75909634658954 0.9254131981290881
30.642893720425203 0.9157761760413874
31.349853368434182 0.9239093367794354
29.5343520058342 0.8391125253903616
30.907270821144706 0.8915142803856672
30.886042403733136 0.9082384295846749
29.3487016979961 0.7839181895258797
30.839200949716737 0.9260806854334751
32.39872247852558 0.9399459644232276
29.293681740484672 0.8571326792435103
29.74341281377757 0.8601895776518078
28.90455225846591 0.7556554462157906
30.617578418082815 0.9126421575976662
29.226932441233743 0.8530375500158159
30.685189968746982 0.9225036829120071
29.827933135093858 0.9235028225054432
31.56756272230443 0.9476127013608298
28.951863331453062 0.7582357762906539
28.829181512897428 0.719411417708351
30.66622660592266 0.9300278987513244
29.337409899770037 0.8735435529638292
31.406938088951858 0.9462222685819276
30.551362365860562 0.9354183842209683
30.327158397046784 0.8692024251040118
32.62500098390879 0.9659593985591733
31.460736949589865 0.961949375388978
31.462202938832785 0.9472175177211589
30.672595364522195 0.9176611448081444
29.035846846057108 0.7149466703338936
31.95644429524648 0.8778595232919875
31.111153691981208 0.9193450557907092
31.427873192621494 0.9462297367894835
31.65610085752116 0.9163180792825273
29.732177878679646 0.7677463959731219
32.43554432533785 0.9553692033775609
29.75135928116421 0.9293274813472518
30.726179565639914 0.9272860270732539
30.62363888186619 0.9161216939667787
30.99148897701436 0.9595872715648308
32.380026605318754 0.9416861934533541
29.132398453339995 0.7940434784387895
29.77569337425992 0.9114265246983498
31.10366730906238 0.8888400568058292
30.708076579405027 0.906292394154003
30.324805815196562 0.778868514867573
30.99529735488426 0.9041556251876476
28.86595530215068 0.802377635760513
31.40500805312152 0.9496683227018723
30.961068426648758 0.9225720036290986
28.870858694860676 0.7628326352123259
29.588528361513895 0.8214064119506632
29.52764730140528 0.8605168776669228
32.190214072368676 0.9111222036402384
32.425624347212064 0.9424365811402226
31.552828715015437 0.9669428046830767
30.544530718467662 0.9353190462291743
32.839457721900864 0.9646403128128588
30.882805162989087 0.9539700986508718
32.61616636672061 0.9220299474400521
30.924241533861046 0.9090915446213481
30.903350903233076 0.9520335605651005
30.99735199698141 0.9027861768079548
31.158970261998444 0.9317418346778521
28.885797913441866 0.7067942221712831
28.981558147991827 0.6812501569264228
32.12286026812687 0.905425080888057
30.69863207658944 0.8110718956067435
29.007364014423466 0.7120858987254194
28.936797465279454 0.7021260569233216
31.651533295733923 0.955731008896227
29.938852134680563 0.8647638435064388
30.820614256807435 0.9317656674533813
28.772425546046378 0.7409651045585521
30.96307815127641 0.9297514727624894
31.281742899058507 0.9381027508215803
32.61068223611989 0.9676991608559274
29.44393243051922 0.8819807506938631
29.390280932472205 0.7761482267400157
28.870280641370464 0.735623226471528
32.48278895170995 0.9154958963500761
31.30666476378801 0.9417954179525724
29.317407944276546 0.786599650307684
29.527970747267446 0.8677771819450274
32.47879480507245 0.9603591926506108
30.177337830120536 0.9109725584321385
30.655543331913368 0.9158677514446939
30.874613414498796 0.8538966842656339
28.8216409957978 0.6721254545751993
32.09663785140985 0.902593467299298
29.453426564478413 0.8574026257073413
31.646389134445275 0.9523528198938075
30.53828051523581 0.9420152989850072
32.32322459476661 0.9496785000154913
32.26729509881433 0.9128642629102309
31.457333999339188 0.9600684026418512
29.297385230590763 0.8041769512994342
29.4700358124335 0.8970001284494025
28.80352013224912 0.6550323326839503
30.794104715479413 0.8843911056571868
28.939698042338534 0.739977985339257
29.76680538669953 0.8790764693361905
29.81294365001089 0.8650811192400034
30.763355403504274 0.9167225197757106
30.47742291921714 0.7489699787287667
29.90800662452632 0.8698700455275301
32.54306414991628 0.9171168697308903
30.794526077956974 0.9312808662779983
29.64898657381438 0.9020731267145708
32.59347914500513 0.9223743438992582
31.68164796800118 0.918306178543062
31.66458279838195 0.9166138313150356
30.993128301217112 0.9332492039024615
30.989864890085208 0.9016477693569716
30.975211047438265 0.9387265206007129
31.26368490633874 0.9434945577501238
30.42102897061232 0.872173852523284
30.667022894357054 0.9164253658967985
31.664469390610215 0.9302685329038336
31.638268608942788 0.9591606347520522
30.919490395137785 0.9011859248448217
31.245970560739615 0.9413516289391035
28.739204889288462 0.7567830623271667
30.66664316690218 0.9175687350416919
29.518713413726463 0.837475580715417
29.801921231304718 0.8557754783874131
28.88631991842297 0.7330501452962593
28.97068347480522 0.6768219729164255
29.988602002288474 0.8683059297432466
29.458613539037692 0.871159189233296
32.09268113052096 0.8992936904306318
29.364906326345505 0.8814966220280857
28.86931738983151 0.7131906683652669
31.21144387935241 0.9513716106830923
30.86116334693874 0.9036861721311223
30.893601226163373 0.903160574283992
32.0665142902906 0.890629127710539
29.56771537057346 0.8769620106233678
31.185515305347504 0.9198327672086362
31.647990413655144 0.959732410010319
29.489967505417187 0.8880434541143483
29.40979409832698 0.8713684234209922
28.864937037218006 0.7769392835059493
32.239955483624925 0.9177845457534564
30.58621957478205 0.8867961103262202
30.816481792253086 0.9305700055183833
29.830907806001058 0.87991107488188
32.416056385043476 0.95791107147536
28.98527764542361 0.7226829948811714
29.991487613337497 0.9117232374555331
29.09895368784347 0.7692585574952451
30.84067024087009 0.9049010439368552
30.548542800336676 0.9368712885472904
29.385177171762564 0.8905842449570498
28.934655865818073 0.6785798623088016
30.49194664067556 0.7898092324353835
30.613564301429882 0.9159565487384274
29.822696097025553 0.8813441844007595
29.320956866709377 0.849873439749974
30.377465084519994 0.7699318734582576
29.860193134501824 0.8851653468880334
31.189203198753034 0.943324323795635
30.70479490998926 0.7626807332665964
31.208898727027314 0.9355031710059605
29.91692191389688 0.8878482688479581
31.35976613209955 0.9410627627276104
29.800238199567943 0.9329081773171706
29.01463617267855 0.7484094871991133
30.919388081666767 0.8832180402131917
29.21298217873584 0.8027585628203715
32.202388256803275 0.9539452122240805
29.247322258576887 0.8502153255223264
30.895730841766493 0.9550220044131968
30.651987732354314 0.9223815753254723
29.798812443870062 0.8801538328406373
31.188129068134273 0.9221062420090064
32.11014407685016 0.8869038996695078
29.07519392205416 0.752158190828544
30.373871662275 0.908137319395816
31.968805814693667 0.8959472503401372
30.820895465600078 0.9473106801952368
30.491691354793623 0.7504380750484254
30.000707457910924 0.863176434242402
30.59533963052392 0.9143100171620742
30.494444954815553 0.9221054803134652
28.852301919845672 0.7058341760829248
29.38323539306936 0.888947677435464
29.35166963783121 0.8717587159406349
29.554955191052912 0.8427736489903842
29.501423310938918 0.8686285826728406
31.264122948164538 0.9339803589658506
32.23846604146822 0.9185355436646062
31.164875862767705 0.9396967186209875
32.273330875637114 0.9125396634120608
29.062346367418268 0.7226471528654528
29.143627448542027 0.8544340026387054
31.64107929644281 0.9487261874951919
29.54204543125304 0.8624424427431022
31.147904735221555 0.9284425115692921
30.942870922330982 0.9100902991620727
31.229343511193584 0.9252123233346113
30.68736024276701 0.922349175201476
32.12314635284182 0.8753968897743963
28.861267446917303 0.6753680872483343
31.213490426557065 0.9315576080758939
30.71875501696632 0.9327700630635146
31.046944439260248 0.9325581109744869
30.872594535643643 0.9529987670433693
32.262121642019046 0.9131862268924331
29.423937307001935 0.8359960090297885
30.867783678064967 0.9020022165795412
29.744344867442255 0.8601415384834941
32.138681553397916 0.9103426741756178
32.073216181921566 0.9517607243110459
30.332821605997733 0.9024922851552378
28.861142083181285 0.6583222618426896
29.467685813455798 0.8631542107249324
30.456778261497057 0.9272544855578764
29.750147889853203 0.8828275963336895
28.895579955057574 0.6833846921832903
32.10687202398343 0.8977400901217437
29.69425853844381 0.9065769581785883
29.123282024518403 0.7688290681812933
31.610957246561814 0.916922343357633
28.972637846604417 0.7293152549065283
30.616141179357076 0.9212575570970419
32.08393599838022 0.9119620129570863
29.265562551833376 0.8764772386876498
30.627520732715663 0.9302064739704138
29.57731993202389 0.8768321693909721
29.482943326915635 0.8315244194768375
30.793604565403374 0.9307380840167068
28.84717303307692 0.6689612033801539
28.95544040782815 0.7624276300703952
30.591767023395967 0.9312520025743971
31.145355656852857 0.9355139184910292
31.02673050100143 0.9330068636105111
32.54753833661383 0.9527719214175199
32.06023455798322 0.9499708365459765
30.84071954562022 0.8948259854910289
28.835079439875216 0.7469253248294221
29.728931256780307 0.8946399454484336
29.51842584024629 0.8529610426827784
29.526512279764926 0.8416324384151043
32.19277374532546 0.9142820415235231
33.03989723185623 0.9443022403625649
31.11483714574906 0.9396669355029744
28.844560282593065 0.7626425172468941
28.877969591890313 0.6854405916275553
32.618495839720666 0.9662250974697674
31.165069417906004 0.9411923238665877
29.75747468484056 0.9173358236967781
31.902684623476702 0.8896736134229154
32.39615292389451 0.910237251382646
29.478380774238275 0.8621754588854962
29.422631407641934 0.8335877724697547
29.642960244493676 0.8870494853667341
28.90195832106283 0.6874094639988851
29.242265438895295 0.6148099133315083
29.48594438291206 0.7859408385418079
31.127359425928425 0.9371670051515483
32.14950927023732 0.9477427760791185
29.785000433406545 0.8603941854373017
32.222580686447756 0.8936312905536284
28.84508661216326 0.7826057224471529
30.73072869067659 0.8767272169466083
29.48995813227805 0.8700963479833398
31.20474541989754 0.9320166710279315
29.12684960547566 0.7068419120925519
29.879597843867344 0.9305281832237597
31.985622360142912 0.898768068501806
28.897251225145546 0.6800090274284517
31.03747778841158 0.9076114175513242
30.84670103156311 0.9319248107620616
29.64314674663179 0.9037240925172804
30.477759980902146 0.9103650007284804
30.92861085644624 0.9098399890016202
31.54325754251054 0.9198050490406157
29.441472341470714 0.8669659465130432
30.91596048108716 0.8859617946580193
28.916892823357383 0.7464418863428547
30.813343111323498 0.9226390590757223
30.265923724196163 0.7499153828401277
31.08085628330339 0.9311549933851407
31.623788504391655 0.9690512022430848
31.05672306913558 0.909888934051322
30.4077478214945 0.9265080283435793
31.92272898538638 0.8791919622800077
29.502346753406805 0.8611247094037485
30.91249331439684 0.9302408697813956
30.78765121993132 0.8914729111257668
32.122135652245596 0.9119200674578095
30.898711142055248 0.9101316390102653
32.48746661155154 0.9175987098979581
31.326077990621112 0.9391597968681129
29.610671163503675 0.8905851521612261
29.59335335647448 0.896121444097172
28.89542107139612 0.7400906878579465
30.160192251832996 0.9087303844289117
29.74474242785956 0.9291190555471451
31.434019098396824 0.9143190218094794
31.9259058703148 0.9365029169384932
29.601890616826296 0.8632359174758788
28.949005479714003 0.7331375620051511
29.988844039490907 0.8814211561151548
32.00729752169838 0.9448982813884486
28.982109163837876 0.706252471490319
30.982272544566634 0.9435771048129553
29.15594537921133 0.7937692586814807
31.824126883556552 0.9362999995599012
29.068013051931825 0.729678088084072
32.05072331456347 0.9111944513749524
29.47847289369512 0.8537889144621367
28.910422269865794 0.6965235577732153
31.613786928689223 0.9589792804175877
28.780778197557233 0.737940758166969
29.426915749358823 0.8577750073555492
31.77321831025033 0.9215838615833352
32.182493273732796 0.8953671713039975
31.204615874158694 0.9484833005964269
30.793747459547728 0.7779754659699112
31.20696887630139 0.9494578974266007
29.80697571385871 0.8700727142191247
30.255874465917966 0.9190953652657641
30.86374569675382 0.9446170621201169
30.677210078814397 0.7769299215871941
31.666075417513465 0.9486440559296655
31.084804206445767 0.877301724249881
33.00182724131677 0.9671265136359151
32.47448052768106 0.960384152605889
30.40833162524741 0.9238533105821862
32.160935422001074 0.8972771548239262
28.88275379466471 0.6625070043222163
32.04439392097947 0.9002535602244842
30.790463400379267 0.8850548719919505
29.19648173962471 0.7483428231817822
29.48900588771827 0.8434591244072193
28.881110667200232 0.6925063600026705
31.035741080367345 0.9308853913279723
31.239203194787876 0.9362987977878618
29.31536229081882 0.8615503066747819
29.275207798125763 0.7734610856529713
31.33300428958275 0.9435344139735321
31.416484608065357 0.942855186801802
30.58463689511891 0.9424129595146828
29.462099349359452 0.8045856897611636
30.4797878057456 0.7870656895437295
32.888866647692375 0.9610999977620243
29.323573244381787 0.857524592280787
29.597859204495784 0.7912881081586269
31.940365599155626 0.8995993566109429
29.5293609325893 0.8582815980097768
31.1813727594614 0.9331290912287672
32.050924745409226 0.9492681681257599
28.94794239252299 0.6925418819867493
30.862171354740205 0.9311752958786216
30.883370597594748 0.9076199924405108
29.50252163432415 0.8547486666110166
31.578985069475088 0.967049834534437
31.009976015754322 0.9452778733856132
32.277055794401136 0.9170369655114535
30.979229963760314 0.9117395654076282
29.374237065193633 0.8846050624559684
32.58211515165181 0.9483108098400321
30.304866281688252 0.907436575560833
29.18755158357434 0.7775504577154199
30.081149232909816 0.882922448000933
30.67354309845252 0.9131163499543908
32.68793153578764 0.9657325805681157
30.016533455877152 0.7918164346886511
31.405243569897095 0.9509600021837654
29.784813172882497 0.921056688723935
30.448965521731925 0.9226632151081429
32.21620414725517 0.9518726064834077
29.43874500267173 0.8890676259468586
29.989717018743683 0.7868681587280447
30.992140492892865 0.7885448256864308
30.904073702549265 0.9099136178306702
28.878761560512952 0.7164171660236155
30.378479692320642 0.8996107313940926
30.512520095371478 0.9201641838198806
30.573796557759998 0.8002001843353067
30.78492715907196 0.9374718105104182
30.467183818634396 0.8502791882932349
30.58486905908451 0.9361816682434438
29.488594751304703 0.8428297216725759
32.0765986412906 0.891734265266377
30.98481278025457 0.9042172248758575
32.53588777636089 0.9625629027892983
32.535025518180404 0.9216491668606042
29.948328177660816 0.910822250737687
30.364744764189947 0.7454722961129205
30.708869978608632 0.9162475259638229
31.82302469531495 0.926904436542736
30.880883074407745 0.9212486753567046
28.938827459391113 0.7043868407016777
32.8538743769347 0.9575067965955247
29.52421025699038 0.881317067147547
29.252668031129726 0.8455049269642478
32.62261981487478 0.9362636657856934
30.6759151346295 0.7791693062225433
31.80370236678433 0.9383201227321998
30.954014212638068 0.9324321652329272
29.4433522446994 0.839092918285276
29.422512971166256 0.8784646699469789
32.27349841908324 0.9180547138518436
28.93430791267741 0.7357321162739029
31.249018850732927 0.9450310771703664
32.066418866213915 0.8968326900106335
30.495832871921877 0.927518238347985
28.969637068111304 0.7110520864448684
31.20339972374419 0.9340740997500261
30.870341256329876 0.947613282721913
30.68797618291277 0.7846839294597218
31.135550202066376 0.9425479782675941
29.4395727913453 0.8636710049166313
30.656224507307467 0.9376367317520762
28.955562307456425 0.7698571378049284
31.187129960921464 0.9359045774866337
29.107658087465502 0.7585874310145344
31.153588209840684 0.9420199138144056
32.50371346119422 0.9160511624646515
30.914867256341388 0.9563508291870361
30.611133039809356 0.9431100659778504
31.058784566128587 0.9243803964495881
31.113167981871396 0.935118465053367
30.8159676636727 0.8844159563793167
31.96877920636963 0.9414896469899625
31.546247228823816 0.9651003884698894
31.206188072813354 0.9353386350973566
31.042324670617628 0.936133978759763
28.92466876011315 0.6482382304375307
29.891137683971518 0.8763646431260391
31.67726802444674 0.9168341009398958
30.968046294761447 0.9259381368032318
31.19626499976964 0.9208098461119842
29.048276214146668 0.7464498336470576
30.553888118831875 0.9353832553704209
32.690968214798076 0.9587225606848867
32.368491964665495 0.9609700333720059
31.975618068609627 0.8715155030114751
31.020068832407045 0.9218804178381521
30.440323862718035 0.9273968709429984
29.4424683010362 0.8682072152340001
31.67860210095779 0.9169004659954378
30.570388871718496 0.9437604650465001
30.955977432903637 0.9603318506861124
30.364584977665903 0.9107311696050246
30.435980458418772 0.9018224228145155
30.685332682773733 0.8911952043870413
32.114571998530764 0.9116899342462383
30.86804516115111 0.9010341045792748
31.004203589514077 0.9063280685703778
29.565318290512266 0.8433960000816269
28.97643177192839 0.8118223954918885
30.606273585927923 0.7644046494440241
32.11669058208375 0.9084996543030732
30.4312331913981 0.9268252357501783
32.44179634494235 0.9539105565441095
32.61228294584965 0.9659235844854279
30.76858345333558 0.8990493757143072
31.10409176941554 0.937058702339108
30.002176242474796 0.805348706974087
29.44909917296203 0.8394522928679288
31.519011295272044 0.9408402441355569
32.27313109223337 0.9142239652966883
32.68081077088911 0.9571739774021529
29.157678324666072 0.7861163696412582
31.35330355809546 0.9528434687588928
30.401562876473424 0.926966412754294
30.521166610675824 0.9253805941230409
31.344800397791623 0.9500563177118517
31.869472682220596 0.8834516193465318
30.61141946095617 0.901123513238142
31.1517489109061 0.9392281855268955
32.610629757254145 0.9219287949768905
29.783862156177495 0.7836721500675734
29.251108206135616 0.7001840875352769
32.86561804611483 0.9653232812375167
31.550526759121954 0.947528442291075
30.52294677986221 0.9360564636712403
30.42319557112002 0.9274138574472194
31.332266454081655 0.9493426188775899
32.27340167307468 0.9116903745030439
30.352369533492368 0.7850508519952218
32.570592273636144 0.9585537239743573
29.18157280235683 0.7550561825434013
28.850223482740297 0.7113056274076327
31.187179030453404 0.9293615718477743
32.15616738383361 0.9482231658646925
29.406288323102032 0.662576105239042
31.22781418807567 0.939171830730758
32.47110923200872 0.9615003498154419
32.63135648726441 0.9670882943992173
30.70708328972925 0.922724826793614
29.442674783133995 0.8373261807739845
29.51867783456718 0.8847702031919089
31.84322961828525 0.9533561947695969
33.71763031984172 0.9670763475428593
32.375892404289615 0.9145430997847926
29.24169977354001 0.8069769020653919
31.158953915730663 0.9440991083261601
28.90722492606325 0.753814769718449
29.43690818034865 0.8988938603224824
32.54665323581929 0.9377982514474227
30.79802248452287 0.8995075053134901
30.61501156717705 0.8709608848444895
30.534216803033743 0.9348906468629632
31.33572240826146 0.9228190079661922
29.6926087293274 0.9110132529250377
30.965569055473456 0.9041626422315332
29.496857937311894 0.8565285774682108
32.641645302255526 0.9602288687001563
29.55763354535442 0.8438084319632935
31.728409538303982 0.8828733208284949
29.88264959374729 0.8915117987734148
29.260074581198694 0.8070106534561775
30.801010139778846 0.9379366535146367
31.012760710190864 0.928104510900303
29.4894467410358 0.863063903151726
29.39662230216708 0.8954540501610576
30.559456346264056 0.7593840934103454
29.4566405922972 0.9084150875767081
30.589132126663813 0.9247977665283676
29.64593835812668 0.8816859551957057
31.058407102836348 0.9349341043652697
32.07297831911299 0.9480146869114646
29.582930805063757 0.8638933174674279
32.89712016605137 0.9432566355737473
30.597594226567395 0.9353285865913201
30.55112600242156 0.7689127172806051
29.383482902989645 0.8556464398763284
31.245384562583332 0.9240386853009002
31.941336926505226 0.8906644286817907
31.205713512623664 0.9209495734384563
30.780833228500928 0.8575068313295329
30.64531862752244 0.9199884030958145
30.617657153423693 0.929389720373965
28.96836716610033 0.7027668980549261
30.852795797354165 0.9308079136078924
29.97367763996898 0.7971405749423034
31.015336325923606 0.9363977804569504
28.943486533371335 0.6980466626943465
30.840625733819593 0.9461460785608542
31.819511123952523 0.9481473000747203
30.740953548019895 0.7630576696587699
31.92815654364571 0.867531005484864
30.980496942137805 0.9592439788433068
29.49019891120419 0.8809412179278177
30.635551355332524 0.9201542535740033
31.195406300079163 0.9372472891801279
31.26083944486277 0.9487114519498713
31.22518022435232 0.9346150810165534
30.871514855587442 0.9433316356892614
30.478634502173023 0.8654791187390419
29.821114161600292 0.8604451925338592
29.719175872852787 0.9236197377421428
29.498372804028165 0.8535699694604235
30.66790205369756 0.9332750875374501
31.505432421511355 0.9380930765054386
32.36090781621669 0.9042698472768442
31.011745417663285 0.9318519882419012
29.451496037207924 0.8745597519401361
29.217050764337053 0.7512251875314679
31.975150504333392 0.8993967642893914
32.11261125493058 0.8910795025407147
32.21267029672836 0.895510438122039
29.530212680323558 0.8952885090370007
29.842075921135724 0.8915317666694865
32.030586604109466 0.8882810589598577
29.48592643438093 0.8616954263032364
32.611386155180405 0.9636480130267122
32.31922013170535 0.9523690460134239
32.19342800072986 0.9533595207720529
29.81105238696713 0.8827807485846731
32.085703851078314 0.9449215609307166
31.32473499143363 0.9248147270822376
29.349094508323986 0.7797080206816079
29.29451276229986 0.7834689344411193
31.600611777166144 0.9684056221967114
31.200380669208734 0.9213369781751295
31.87568259279622 0.8879600617716903
31.114943885071323 0.9233718679789128
29.566486555188824 0.8792717865523848
32.486051378843214 0.9151429471624204
30.956761874645412 0.9278558258263119
30.521589545278268 0.9042459045968015
29.222746805192088 0.849921845417413
30.526353374619696 0.9420538740971729
30.99049657586406 0.9063227374339113
31.614910208258422 0.9501771204360966
30.561757117945042 0.9359124274414931
32.00583104055659 0.8909938560037035
31.456899987670965 0.9370894885473645
30.019253721147628 0.7919135907612184
29.4886546818724 0.876042286369742
28.87785917895096 0.7487892720028231
28.80378023033785 0.6766882606086434
30.891304398165957 0.9096417001377293
31.744920088058223 0.9255026010594986
30.967719445436103 0.9102471735631983
32.09604854360043 0.9118324385119084
30.6350282105565 0.9073554084407083
32.26662814080436 0.9138282362750395
31.596992490066214 0.9565991862470009
29.527043613369692 0.8541746742541784
29.85832306145162 0.8572876554818157
32.07601558822049 0.9094870311802954
32.04505363050619 0.8971837021247315
30.76274962180376 0.7781895531733798
30.516231374852687 0.9106079572242584
30.439390684709906 0.928342787413768
28.93255654232178 0.7324856945247507
29.812201599646144 0.919295798513731
31.207282338950172 0.937187746753341
30.521199542629294 0.9248098688795835
29.962516677335906 0.9171478985955717
29.472354604817042 0.8669720582142317
31.104614827319935 0.9360372107667988
30.607883369343615 0.9438647172720407
32.05878678613808 0.8925213177753539
29.76185770115332 0.8810870527152812
29.320911789998526 0.872865733367049
32.44318990367411 0.9370620623028109
29.4697926501141 0.8424950547807912
29.532855698633448 0.8395111716668174
31.87901106464452 0.9277712712450525
31.054836695978562 0.9332875922983913
30.823049173545982 0.9300249553564343
31.28506675429434 0.9460930779021499
31.46798193416945 0.9421239030179227
30.973517742441203 0.9061617619944284
31.643740778724965 0.9359097340202691
31.086883874252607 0.9416736260824686
28.898514983769914 0.7653619342311858
30.505864700111708 0.9268364729826533
31.64126387752443 0.9395369445333536
30.76192040858205 0.9254200507919609
29.215760875671236 0.8403817845585249
29.81213009355368 0.8781955377979159
29.20809124993923 0.7698361116277265
31.198587434000157 0.9359738000935844
28.841173572663152 0.6760955678463165
30.894991618377965 0.9087855761896962
30.333818010250315 0.905663781145921
31.61661463196348 0.9539293821673314
31.56118350894221 0.9443586474856452
31.2649994582496 0.9496361027063741
29.27601242797774 0.7659053911002541
32.158373503062094 0.9093838524588553
31.221436937340737 0.9249483801369621
30.568123821868536 0.9412372030609357
33.000998821172026 0.9645141447365194
28.87187106643466 0.6759352683732268
30.52552272900456 0.9357918959282961
28.913223032139 0.670804982861964
31.062803066487792 0.9423212850875545
30.89341238517491 0.9291144339258826
30.424253125255653 0.926563184892151
29.23056121042068 0.8433885768541812
29.44310303782464 0.8380746739573738
30.9815512045546 0.7872054720696495
30.82741373265931 0.9014210966052004
30.578634590954042 0.9356452875461185
29.634325596096573 0.8978186536483405
32.14809085541607 0.8842829943049689
29.315054109770706 0.8661356091808153
32.623111130468786 0.9230211887302404
29.287516018031884 0.7875682032156172
28.895186758404048 0.7946995503080807
30.93090138253605 0.9083908268055804
29.800560994066153 0.8671172698856809
30.837314835777462 0.9255192924810604
30.898054317489084 0.9397095124448426
31.254532570703258 0.9487498288194026
29.734643464821502 0.9186279504028905
31.35253108184761 0.9211357218523857
29.899896908826484 0.8947575549899589
29.23157269432029 0.7622845365299954
31.066684070278875 0.9251938327443936
31.13374475565343 0.9424688423709617
31.089885991551924 0.9372789337326888
32.20021361325144 0.8909913574536688
29.406560329000214 0.8918726846631616
29.06222780390612 0.7399227177542888
29.769785328230878 0.8768709005281934
30.882046073125995 0.9027618147628824
31.625270039808612 0.9577132741862174
32.27650900099655 0.9122551288527165
28.838104598153564 0.6680508408955265
32.09615067032466 0.9488190877239473
31.227758538795882 0.9232382370707587
29.11998151244775 0.7508929511556326
29.80150077936342 0.8917519929962755
28.840895081570217 0.6740523909715651
30.809290318616704 0.8933630688474359
30.863014308146326 0.9379120235284151
29.741442123088262 0.9121965627642397
29.66678273541483 0.8261161632363571
32.27815218531444 0.9117995541094002
32.210352769046516 0.8918401010427367
28.8337727233678 0.7273604276788616
32.455532145570885 0.9159580914146643
31.315035246753887 0.9269624096428726
28.94032016622489 0.7626739321494694
30.87682430120276 0.9310660288880542
32.594558231107925 0.9500856529111796
31.13596523858324 0.9406338723081351
30.03215338901454 0.7988736219771616
30.850108303060967 0.9020314439306223
30.866146749484138 0.9013138345955758
30.86338025496149 0.7703189249687737
29.799010373439355 0.8823507061259301
30.64299125095133 0.9167999430537002
29.837649314903164 0.9256727895305168
28.954704248240294 0.7726809425603359
30.37879933688638 0.9186635406913869
29.818575416699453 0.8813920392173675
29.96947885853761 0.907210136844138
30.94502074663812 0.9089559523433643
32.51096171235999 0.9165184443260052
28.867851084513273 0.698433878991044
30.4294356662114 0.9016983292277616
32.58373363172022 0.9212308019746283
30.59386214335056 0.7625763936423354
31.397404934610996 0.931376534073173
28.941309623116418 0.6494799862185914
30.779767183567813 0.8961054627201634
30.90211596003789 0.9540498066352573
32.33336712481613 0.8915431804538045
30.631073110080003 0.9205281479285043
29.523104467872685 0.8549948993393758
32.003858851854574 0.8931960405904804
28.861112685740032 0.7073745606858328
29.70424032670585 0.8930621514968887
29.490495558259564 0.8623066581114034
29.275054844240998 0.8511933747498179
30.661359874739517 0.8946012333215393
30.83552883033219 0.9305100276924484
31.0131744364866 0.9356059357680829
31.22590736842106 0.9377383253911645
31.128795677032493 0.9288208885606339
31.937061142513986 0.894870273538289
28.988333442905486 0.8165455793249531
31.601835813487362 0.9573667599144325
30.665234906100125 0.9171272080252001
28.965881955533792 0.7750738849449094
31.562446203150003 0.9671914224662618
29.90319790974576 0.929883283092622
31.989400751240122 0.9454725468578802
30.987452089436864 0.9139950089475415
32.41393826323864 0.9129404665435843
28.893655691184996 0.7525524270346523
31.592731913405522 0.9672808704120417
29.439480142197596 0.8641048997402807
31.146027811718213 0.9363184569682387
28.922490121469252 0.7096269370655618
29.770590990128973 0.8784383636013058
29.450192855127504 0.906992534587742
30.63773485592129 0.8548911505607528
30.635092519903854 0.8571591164449841
30.892526830485387 0.8745415836883459
31.231215391849002 0.9367565987789193
31.22485149152719 0.9284767240424968
29.21203252939336 0.8440410815834414
30.62543721469778 0.9211104447297007
32.12424181260061 0.912719241070744
32.508864112774354 0.9177444463966107
29.95830452372428 0.7787969966189842
29.393810094020512 0.822732742873411
28.832239318999836 0.6737059418467398
29.85542111058934 0.8708748808147941
32.056291456672874 0.9105690505772231
29.922974578786537 0.900457281940205
30.69390669454667 0.929060774845579
31.220974380365405 0.9485095211043015
30.308675594148422 0.7591416404486605
31.611276126307175 0.9606117765893917
29.28085394756192 0.7833649589144838
30.4039205438827 0.7555702586291217
29.488436632277953 0.8417614197911903
28.838340221217482 0.7569329386148297
29.758478726794408 0.774919961137062
29.74475505928183 0.8788478706990335
32.20614330989757 0.8979624910942559
28.997414209923896 0.8385711941508806
29.938072886778674 0.8681728218571169
30.336008911535934 0.906858664939318
28.916835836040335 0.7827525218393852
29.785809341158895 0.8652705986747636
29.417410005082182 0.8843576022177443
32.07995714787238 0.9116026218613414
32.3947602710371 0.9614712784991268
29.355960814008156 0.7838661319098884
29.68395167933871 0.8767618815949151
29.67786484350844 0.9065259236223697
31.795822836214718 0.9223913003473746
29.084331337318723 0.7078137562046692
30.803387846032564 0.9444522651348998
31.226180843368322 0.9491672233762832
30.402116939756407 0.9276180032152982
32.53462555150716 0.9158407526255798
30.508080715552275 0.9073675889941739
32.17970131208488 0.9213691184861866
29.63304509707232 0.8967884749009067
28.91609900432399 0.6953607285587463
30.874971206807295 0.9038638691004094
31.603787046787637 0.9160897483636671
30.590051001529524 0.7636529824255379
30.852192375700945 0.8697989770600687
32.163511863814975 0.9113702004544074
30.38028980454306 0.7460669504554263
32.26531377093274 0.9169047894305672
30.89127770427733 0.9026414570451553
30.79042888890956 0.8847326677633065
32.6013189938977 0.968093068586548
31.066332588588665 0.9486586926143319
31.025574552903304 0.9400982268129603
31.140461298859584 0.939744064884294
32.12052431653869 0.9032810479401786
31.207324097014443 0.9288597257036708
31.174014522591982 0.9439910577229833
30.972611308181605 0.9640662317039936
34.47913154053227 0.9819703966238181
33.17166743791019 0.9709760115798451
34.035409546939476 0.9401802990828568
36.49949947896088 0.9865468632662464
30.963937631480075 0.9669314446165612
31.207771281457806 0.9435862144414255
32.84415593805229 0.9707118499137376
31.090626964750363 0.9427321078435887
33.17498267391509 0.970918467195091
31.53111843565644 0.9480875419421091
30.83397931759455 0.9638134495109197
29.976521895342934 0.9370445359892913
32.716802446294466 0.968657209564861
34.487806920249525 0.9822503092547686
31.137000863458816 0.9683162793107422
31.260280791593935 0.9671278932848292
36.57097552210336 0.9868347320930406
36.51844246979173 0.9868257599629404
36.629387690065904 0.9843048401516147
30.029095164719738 0.9396640346755932
31.310986533658554 0.9685443673515388
31.293045469130423 0.9439699089934169
34.52746562147398 0.9501291054962151
33.163050095712386 0.9710851049455226
36.530381846545396 0.9865773404383675
31.54821002568614 0.9488943897722555
34.013279708955196 0.9423027037112369
34.512128517577985 0.9823566827983076
34.223722139736964 0.9763280873762457
31.180835763740184 0.9653648576575596
31.250016778049932 0.967667205646891
31.210738597122827 0.9672476038892193
33.14158736273344 0.971108999868524
34.364415722561745 0.9766411066690457
29.931899925043183 0.9375508058380184
34.26805757598328 0.9772119471472421
34.424292488381425 0.9828467519495642
29.956374991667673 0.940650720610065
31.47836496093881 0.9624300452483758
30.771147253118446 0.9093158534804557
32.22766944759104 0.9509244346949473
32.2443598645572 0.9519321574825628
30.047601453248483 0.9394548744364468
31.25350546877883 0.963232048535519
30.884245672695663 0.9634471103854504
36.503743678529325 0.9866676540654314
34.02008532799448 0.9430077917924526
30.634289865137866 0.9075494044305831
36.53617641689106 0.9843201415920849
34.5184422100671 0.949566751701861
34.92205191064079 0.9851000051443208
36.834841716134136 0.9840189180811428
30.901503214689562 0.9633437492844759
36.388207022271835 0.986383614539252
30.956280956185907 0.962131164082716
34.455157079755566 0.9825454291156404
36.5290218065953 0.986664933296087
30.66860515071072 0.9072397502669093
30.89193242597375 0.9626931420218724
34.66881380311537 0.9831722857399794
32.14770553577986 0.9507920809211504
30.800091475027294 0.9104171917300149
32.190027166591534 0.9511553466989974
34.505031378105 0.9500845351547317
33.25925966049106 0.9719948924913057
36.873205161435195 0.9841179655631028
31.46222815522504 0.9459848183197405
30.684062050094703 0.907847540200372
34.527451295596705 0.9501090836982704
31.3519503157789 0.9688673548072819
34.30817594233198 0.9780986418095958
31.53589318843448 0.9610430064676453
32.881207306016094 0.970312003037686
36.680492906504576 0.9839673833513691
29.981239787578488 0.9431515617853965
34.324194133816434 0.978525096015385
34.26458481643869 0.9822931801430187
31.265290100209803 0.9652537087546773
30.874837434160725 0.9627360537901475
34.02636936133557 0.9419460912484233
32.164237271869176 0.9507820474570546
34.39747955225187 0.977233241476625
34.44291355322221 0.9819326884790086
34.197246344699835 0.982185217515255
30.836297404245194 0.910526289061514
30.970953344528006 0.9661758999745943
32.84632889138389 0.9702641426549379
31.421675953524165 0.9663861741981326
30.852477240134913 0.9642741001095924
30.899671710771663 0.962742204125362
33.19647579084651 0.9710880160402521
29.957364767362293 0.9388629570273687
31.002962599462943 0.9625319855764489
32.16540533584897 0.9509358408449508
34.077614070085666 0.9428041351326277
32.13674258305821 0.9512951177612046
32.88857836168216 0.9711618241872952
34.04131203630104 0.9418559172450326
30.820228287593984 0.9647333780814978
34.56472722864465 0.9494296064595333
32.79972300440393 0.9701638821696887
33.20918435491181 0.9715084179929193
34.06912739929298 0.9425588675976676
30.705374319045752 0.9079625147217872
29.824759697131608 0.9353558898990653
32.77280590676626 0.9685456446335745
34.23713237467587 0.9775976658761035
31.178053557885246 0.9676638683490495
33.21358177842425 0.9710468014113216
34.56988871006048 0.9500216173631458
30.834824002303197 0.9636620851236949
34.6103419046281 0.984187085159139
34.05666843741338 0.9410185533882902
31.261574933543187 0.9667388487659533
34.63616613701101 0.9496114310995858
34.46037879193852 0.982974409852779
36.43708427833461 0.9865650251705064
31.17824395654178 0.968951610912501
32.24718192800785 0.9512028145238781
34.069347673602444 0.9420279965352003
32.72703093950406 0.9694318571878348
31.307396481686652 0.9680780169037038
36.737720625608546 0.9844728602835667
31.457578207562168 0.9643975365785269
31.381664628470443 0.9457724276921138
36.94098599343016 0.9846929140542362
36.50625584291617 0.9867148278172564
31.112473655604536 0.9622605733800962
34.425528004714735 0.981945318862548
34.327022538331356 0.9811229867653648
34.199029292444735 0.9822578718114189
33.22554297085149 0.9714527033312892
30.66305391210793 0.9075138597299676
29.77827290063344 0.9356509296219285
32.80593313522996 0.9695421410148324
31.139519632097414 0.9425084196799703
30.871611484337606 0.9632623721737908
34.47128560990093 0.9825933666340695
32.17505069889489 0.9508694623101838
34.39404373107094 0.9502080719395324
31.057741087644906 0.9648157077397602
34.4365610222802 0.982297657649431
34.461858979508484 0.9497742852208979
34.28250389817316 0.9778755202656455
34.33421808803511 0.9777901868004251
34.39341015943425 0.9813693600266766
31.119934605091398 0.956658588266064
34.734316456270726 0.9833672308389935
31.54916681479913 0.9482785112561792
36.73650022089645 0.9843531639714422
36.69873922286672 0.9835028539081799
30.752441258787595 0.9088276838857873
