31.167568029864512 0.9179656978396364
31.040134240108834 0.9192872359425294
33.25679703511764 0.9572974335877439
33.13408272497916 0.9493631773481092
33.129700466843886 0.9470980084385439
31.10989566038719 0.9258065964788879
32.20948008841675 0.9472009999295617
33.349616052657616 0.9536610451876997
30.19190179237729 0.904255422598239
32.41742101634219 0.9015693992965584
32.89316074362473 0.914098781253162
29.74202338592734 0.9031096473075734
31.264307168085264 0.9206202309654539
29.081248144770278 0.7984553853838884
29.74303524612369 0.9041784518408634
30.903965531884786 0.8116922778749991
32.03770683405828 0.9491834953253635
32.14953520798521 0.9575996362564951
30.281242136649364 0.8928535386724878
31.21383427374883 0.9313017206510035
31.080509567298442 0.9177756978182366
28.931915093913133 0.7786961216995417
32.002239260684036 0.945512806462065
30.99262236293429 0.8165159070661826
29.9518382183664 0.8992162213866308
32.370751030102994 0.9091681030395956
29.348299472842243 0.7437227160948239
30.023561204291283 0.8751471621354535
32.45067868592285 0.9048784394257369
29.146105199672967 0.7709079757055148
33.76693392849213 0.9590314679014244
32.39452204365542 0.9489521540131881
32.24205444131939 0.9531985428487072
30.641356694337407 0.8140329820140288
30.164758673583393 0.8877052748886456
31.047791329174295 0.8292618753990014
29.97882665826916 0.8927530716529002
32.326495364852775 0.9127824183989149
31.244072716587095 0.9213956847297777
30.15405555338929 0.9320566015537717
31.56104760162276 0.9466624145520024
33.022390626251806 0.9104268763628648
29.823801369700295 0.9130473091961819
29.960518463421213 0.8553204387425276
33.139042601032436 0.9521919975309204
30.029150657125992 0.9243505327506548
31.24123305743552 0.9288131505392766
29.306921386680017 0.7918863925815106
32.2692336336752 0.9536086157908217
32.25407130609331 0.9530483675425933
29.467907486483888 0.8323527305936469
31.81959292687724 0.9122513307019149
33.88473394885609 0.9655045639020268
32.91607454473018 0.9229357666583456
29.353519007538207 0.8179848911750457
33.89559805250884 0.9632587131299133
29.868395583697676 0.9163800410404312
31.713101686707958 0.9336043193816816
31.916018242968164 0.9472679823760068
33.22833798494041 0.9561510404245934
29.829099703111282 0.8430259695682587
29.725688709445556 0.9005116343837771
32.41650572357518 0.9010428966765289
29.401419235742026 0.824991462484554
31.393723387483323 0.9448612742666292
32.10954258218156 0.9463308323419131
29.44393243051922 0.8109437969451386
29.196517694993066 0.7824301741504781
29.20074991395345 0.7957642219240196
33.1400498279533 0.9178085873717343
31.073790829227306 0.9281045392728637
32.58415725880272 0.9622835929423783
29.77005442101095 0.8722143894824819
31.079235884148957 0.915208375447739
32.56026549865328 0.9570489510923351
29.89183915169082 0.8114781245441867
31.862317275795505 0.9109152589856531
32.49529590031055 0.952409334055672
32.57716951032102 0.9586037107792292
29.19745409950684 0.8180117378184916
33.683800228237224 0.9643103568646176
31.27082982645569 0.9284691934648311
30.5962855164036 0.8009455634140007
29.905087625178194 0.9250136157541669
32.96966583832504 0.9626388768242348
31.775007834155737 0.9134064609904069
31.846829973053502 0.9403744826386455
33.8435672480194 0.9681213949221135
31.246903698525543 0.922436312887577
31.548848070815133 0.9476023864340078
31.166782785702345 0.9296118563227097
33.89747414664272 0.9578035302337001
29.047420628164517 0.7674300828832019
29.45614957853661 0.8877470020755588
32.31115795323261 0.9142670285242304
31.90563367004273 0.9114580219255308
31.12058663425282 0.933781352026714
30.986910427616724 0.9359737629951939
29.811369257518045 0.8501178738018237
30.0246633685965 0.8657627928027782
31.87822008043538 0.9591836191736539
31.513463375105147 0.9465145721470352
31.310366159614848 0.9522118779304736
33.40947562889817 0.9552781338641011
32.006350369925286 0.9454474595313072
29.047561185966316 0.8140387329117141
33.28229336083963 0.9488201046898449
30.477752381404997 0.9387692603401658
31.115933619782034 0.9241364567559106
31.275517261041685 0.9331470181955066
29.799814764803227 0.8325068834545011
31.790564369590616 0.9103516407226562
33.94516037675135 0.9693412095517949
33.13580169415073 0.9190009871139244
31.23267707495713 0.9325670588752705
32.16803471945893 0.9484737434912207
32.79385351075415 0.9112396992026897
33.49663966653307 0.96324222460189
33.6660003555163 0.9577073776198318
31.791117627575183 0.9093652664973021
32.013430244807616 0.9446951457313861
29.681311438463904 0.8469931710944596
29.35364087602145 0.761349237829929
29.31115187513503 0.7830869166535894
30.908105792434853 0.7915358036307101
30.182045529853617 0.884503082878124
29.47533122387641 0.7694529498285767
29.960032326895877 0.925633551247829
33.25401198980215 0.9226778552128829
29.736202062145356 0.8466618299787677
29.481795953547994 0.8195207108569048
31.25392812229296 0.9211436685393314
30.079209532465143 0.9102264646888583
31.290941585098786 0.9518659029309091
30.222936409610885 0.9325997342530954
31.14463472843431 0.9260418949878998
32.09590798984085 0.9158790270143529
31.210673008794213 0.9330286018019734
29.2434444064487 0.7816424180970529
33.75056281670184 0.9509704398674549
31.955172631077893 0.9496464665548167
32.057583205853284 0.9469244880068499
31.909737817036195 0.9409890915086662
29.436589516738316 0.8065821992269806
31.565193114929855 0.9473912079896122
31.10115480982895 0.939860294748907
32.28016276885948 0.9480175301571818
33.188274474325304 0.955935919034168
31.020586034131444 0.7909261557510742
34.12725648250005 0.9597251752864183
31.51167328771991 0.9323318649118564
32.21991661603357 0.9464111597042011
33.06831411695533 0.9415491829394889
33.08428012819539 0.9522768585521749
29.015730594770336 0.7879253756826301
30.96557838122484 0.933238905269568
32.00490581224888 0.9446894950527917
31.64680399842183 0.9519003385570548
33.04290270654808 0.9435300166131732
30.00642788417915 0.8977185009319358
32.10839729538446 0.9161270196579031
29.438160878391137 0.8120221700206729
29.42224765442034 0.8040296769771276
31.83831250232823 0.9185444595276647
29.912218030262885 0.8578992952837078
29.462365947761498 0.8838532769337965
33.24732551073537 0.9531994848366881
29.68890191290305 0.8937425779479296
33.24617391715781 0.9438266423818791
33.220747071409065 0.955907527057963
32.59319106159299 0.9097676106926472
31.798274205569825 0.936487952686133
29.621025939513174 0.831857367779853
33.91711587395314 0.9628476027483439
31.226197444638384 0.9347763016236738
29.11664874387484 0.8083102738787613
32.30822527104606 0.956416558571244
29.93280953567679 0.8687065309457264
32.80408227329762 0.911683953282496
31.846336762981796 0.9405744394511396
30.312056879744702 0.9161458547123038
31.026931070961368 0.8188066162420408
31.463530381108725 0.9302623798637384
30.075138554728603 0.9137412333155195
34.489014955097545 0.9702612712518813
29.063088259181242 0.7816421988844284
31.621327419092758 0.94858882516851
34.33700593516422 0.9727622455414272
32.05703197022344 0.9152802847214145
31.064208582672418 0.9119329701525783
31.418595716986133 0.9471728626535494
31.16371040669815 0.9194539448417065
31.33285593637389 0.9462343321908518
29.912495449220607 0.9130627020306765
31.736423738701987 0.9139500002256908
30.396669953834564 0.9343058872085108
29.699271359515382 0.9011648000809407
30.827638785024046 0.7980296585485913
29.74134032215264 0.8272447620020645
31.123511168574026 0.8598739298932442
33.19513043875014 0.9554293861734736
31.61523415656612 0.9474088457084082
31.329936170880465 0.9272345888096696
32.123411329213035 0.9157122625594915
31.176857492211205 0.920173054422709
31.271873690425704 0.9213207279544029
32.06512272013856 0.9479881226926035
32.89462356006217 0.9113323049562901
30.224132212202743 0.8921981659227728
31.216717969380277 0.9346878671121472
29.26930096510619 0.7982731393723609
30.10301036056873 0.8810594890082016
32.07177398466898 0.9483181218476284
29.800854235596486 0.8498543828679437
30.71496244521161 0.8492678886683163
29.691773217937687 0.888752623558888
32.41035156942517 0.9040920237702985
32.26164437427104 0.9525402828809214
31.043605724720997 0.8087530021806203
29.340816338939337 0.7593014872109789
31.931655000167073 0.942047511052571
29.089310384855214 0.8099322882439901
31.95292341061759 0.9475996085834509
32.29595387927881 0.9498201380602428
32.66030996651323 0.9629425159257338
32.364240030506714 0.9099528161971496
32.37167379137414 0.8972549004326559
31.347251875713795 0.937784056872579
31.039746954757828 0.8072440084524575
32.062946856218005 0.9460253240843574
32.10575811159424 0.9165200521336089
29.366071999983248 0.7105923177433447
29.918228363390664 0.8629929417514923
34.397713499619044 0.971656559616987
31.16768756722308 0.9296321937171782
32.53711688860474 0.9535426638372682
31.03685763505567 0.8546016860257312
29.149386273380507 0.8170273156329636
32.220898696521886 0.952698800723647
34.14091697275922 0.9674291637670875
32.280563734930496 0.9538776520979523
32.54885171326179 0.9532736915671962
30.031070556129094 0.8721922341026169
30.170184431253965 0.9143745268650191
30.619101985140688 0.8366650780520385
31.004279139489597 0.9340295516756608
32.04697530660386 0.9467024575644674
33.40756546224528 0.9536941184666049
31.196016829973612 0.9201139543467413
29.25553607327357 0.8013682330537848
29.98685754307072 0.8718844223129207
33.16633144057073 0.9507624872401175
32.74929641366412 0.9070286188263421
29.17184395149191 0.7921447079583401
31.00782953287152 0.8207722777595123
31.78096853749366 0.9169556685863466
30.766264542049974 0.8441866174655245
30.041019539540883 0.9054723323065612
29.5362170954718 0.8185290855329896
33.25148919249497 0.9534635008583481
30.007234233288067 0.8654679667953489
29.220111726063077 0.7941876001317155
31.165112207965883 0.9304260719094126
29.164971068995754 0.7527964952416495
29.917504520702085 0.9219970853305594
30.279090860982308 0.910134678963708
30.049079078708377 0.8672760544087043
30.03505835146668 0.9003253959316329
32.16481132286147 0.9522834430870111
29.34473834358378 0.7815333844673392
31.182941178620183 0.9420011233640102
29.912885888851875 0.907061818716473
32.11054785679645 0.9166534398189945
31.649085335322738 0.9333981745441858
29.309271752840573 0.7937039506104198
31.492105493575263 0.9325983978562988
33.01546319047511 0.9468498296345211
29.45134216627629 0.8199093888621768
32.572820776694535 0.9601563740540459
29.975396503907593 0.8707531597098226
30.48715110177499 0.9406898634054246
29.34414425611417 0.7270222291105012
30.161614098766552 0.9189757820398984
33.37993239408963 0.9600309221749124
31.131693543362925 0.9178727072258592
33.2882603259532 0.9588146280593484
31.319265674842146 0.952316405749351
31.377286460467943 0.9424186290391784
31.045590596970634 0.832762435520345
29.199608048483043 0.7829038875662088
29.608094348829045 0.893115227461934
29.367223938971737 0.8964896426751874
31.992676489106657 0.9430678307604994
29.39797297741071 0.8128615891283016
29.874246115664015 0.8557002451940964
31.48904205989073 0.9317836642056763
31.60263456014146 0.937572416080972
31.7022724099119 0.9146235756552255
30.16501506444543 0.9329552786733537
31.28501095698791 0.9392293933839252
31.11337684058553 0.9255873785158323
29.280067770545802 0.7842657695126003
28.978913828022506 0.7827948814202983
32.12888527415056 0.9448174575885717
33.95310348388659 0.9685123572273474
31.48640256081379 0.9378783086117468
29.169926480214738 0.7788405745509436
29.148581657547048 0.7852092678762261
30.770887343154673 0.9198038442287775
31.045503708400823 0.9402775728720587
29.1324953884264 0.7619580888212835
32.811599965678404 0.9362532467752755
29.682399470721403 0.8156870970099844
29.088505071494474 0.771425264839702
33.00941133915538 0.9393939756202118
31.716232497531745 0.9139240680924455
31.33174628376198 0.9377491879248526
31.83504723258296 0.9127136451194438
30.065870318637575 0.9029017389322638
30.952340362036704 0.794518421644845
30.834581012207156 0.9203189232893678
29.980308391185556 0.9125391116989094
29.246756303511695 0.7837370087642098
31.823745196658653 0.9153450827539948
30.977269132659604 0.8604883202022224
32.13098646076266 0.9470412317885698
30.928647571505575 0.9251207615308736
30.265788544420428 0.9120277085741344
31.736766706818422 0.9503404110989089
33.12494379985316 0.9522578215574306
31.063304062599467 0.9322649348118905
30.819956140233465 0.8125679463996422
29.898740563364406 0.9223734123219222
29.994918879823178 0.8593554103294068
29.923840889862152 0.9045823813862357
31.256425607133007 0.9393065193514976
32.36889586493271 0.9122283937251497
31.494839242953333 0.9328183032174414
30.09713061273964 0.9306199728253821
32.33651879887641 0.8996925860428099
29.79083065553395 0.9097507309180413
30.15952900404187 0.9427664147336577
30.665647276224604 0.7917694418066922
31.56114261045891 0.9337081220813482
32.77312902785977 0.9144785482377277
32.512251931986604 0.9079251060394554
30.082269244582708 0.9085710488706206
31.27889767245968 0.9211127117468785
29.92418228331037 0.9267568473276279
29.871353976030605 0.9207198919084454
31.001390357949376 0.9370096567605402
29.411720173332945 0.8324266853796726
31.435016147115213 0.9284755843809833
32.22740426834743 0.9525596817397353
33.93714314626707 0.9708592590029855
31.41034187418361 0.9285730205589787
29.181458396107022 0.7979840615143404
31.891111060721773 0.9580739157317267
29.3392750851054 0.747315258256995
31.09941763097281 0.9402742249683795
31.67738661397477 0.9137223251905566
30.556650744872783 0.7851874756474198
30.972980288445253 0.9334599418099425
29.54290085659143 0.8262994890962505
29.29080388597452 0.7782403127104258
31.312790546715394 0.9523441705138339
31.304318519724 0.9524807208616285
29.445788463705647 0.8212728658565022
31.100402418567796 0.9167916874212959
29.105666680678084 0.784200699570485
29.731046548629024 0.8926532663433461
31.446450737653457 0.950531556160885
32.62766859149385 0.9642553543232096
29.920963418404185 0.8567512229183153
31.73807593442534 0.9176973428665947
30.30772077221849 0.9235561073916306
31.32528829135954 0.9222793454949622
29.636908734673952 0.8939775648018037
29.507238044822127 0.8129999379441908
32.82917236143938 0.9401692246409846
33.107340066764706 0.9528197878066778
31.91491774466863 0.9466227417265102
32.45573933896669 0.9227374869131337
33.05280131480312 0.9473088476315144
31.148048047337902 0.9174911768372601
29.120966667415274 0.7705962093184752
33.09069946901012 0.948562946020752
32.88622580906 0.960649791476456
29.74914452813751 0.9059702588468556
29.616645183399932 0.8190948594093405
32.662797443275544 0.9082236589054279
29.295209509597044 0.7946159131541424
31.532538683982505 0.9465698968188776
32.55018603043371 0.9572531013375579
31.416535121467405 0.9439830524555946
32.01838971290687 0.9446190697897061
30.953301379739514 0.8046131921096688
33.653935779007746 0.9639632956042352
30.909820625786995 0.796820298042428
32.98519271687731 0.9421386684375123
34.20984542742042 0.9643548172812517
29.216492957362753 0.7490356036715715
29.290217130279885 0.785484153382784
33.1379587129959 0.951666097674926
33.1936727950726 0.9559404934579934
29.24145228353577 0.7791975534195034
30.985975565229683 0.9370831442559191
29.28352019368304 0.724572037804708
33.23721740854113 0.9224974195938341
29.774824419965395 0.898389355490724
29.032652692962877 0.7683978612226444
30.70394027421083 0.8390137276841462
31.22084522231088 0.9131940276179967
31.660362288268033 0.9521236330437786
30.93567646903712 0.8168126067398039
29.70815984491498 0.9041411799019665
32.71907728857222 0.9103972261966917
30.252754256311558 0.9214199584592019
31.806470091305748 0.914556255739272
29.99805453598686 0.9133888716977351
33.481589002926555 0.9629517551516769
29.27601242797774 0.7931452464101167
29.73940697126451 0.8898025175336463
32.58467410795111 0.9652483473734531
31.425108083240225 0.9281110262205768
30.7712755090743 0.8563291760899158
29.99735347975115 0.8962562852284046
30.96416137097497 0.9330445645503662
31.0392799144742 0.9369005029452835
32.625705619848226 0.9650783458996934
32.03090558417733 0.9498607573170174
32.88834176790614 0.9171702890003688
31.294085220275356 0.9231792956561028
33.70412239888872 0.9594171473336589
31.517622871998107 0.9459216787697426
32.480890370046254 0.9039117073731874
29.405946807425302 0.8792245386752617
31.678251413722464 0.9334358545398472
30.95683934116435 0.9340816102399406
31.65073000196079 0.933119830116795
30.513328237436703 0.9378403667692105
29.062985250410488 0.7799298702539228
29.774748730954997 0.8353783644340415
32.99658937686382 0.9458180744768293
29.225210779044886 0.7841249690497334
31.005803426494147 0.9180653548931208
31.10231208863226 0.9327175979755657
33.9877396090439 0.9663594295780747
29.282130183291287 0.7891252908077941
30.38081287166684 0.9281456141322334
31.039446190681343 0.809354106378894
31.44068316744888 0.9232170902022152
31.149896081657534 0.9257422811126699
31.04173955453725 0.9373074540187308
29.01568840224334 0.7775418000245843
29.36895004670655 0.8057139433935112
31.479280859508933 0.9510580184622828
29.849035236687254 0.9054378646282785
31.83796779170016 0.9108847615674652
29.84548965115507 0.9103064444199902
31.35567192207595 0.9533128740764267
32.33645486292253 0.9157431573107891
32.093953874325194 0.9499666857287145
29.973884138406433 0.8421655811258489
31.024944140137677 0.9372858950632914
29.912279581736968 0.9167916279892501
30.19589697645431 0.9180773879094085
33.742374092006415 0.9644298439764424
29.266855447636175 0.7870088494916699
33.36229320005147 0.9570183152148953
32.19618401450626 0.895770072673991
33.234542008676414 0.9559663097497574
32.458040391194764 0.9122468057632636
29.78569834257204 0.8511872115496373
33.99365032932796 0.9710501805948502
29.8128828593713 0.906553951967706
30.502791939735086 0.931863281522385
31.744429127506237 0.9274134451397089
29.942466346794298 0.9101306409393993
32.59780908161077 0.9645954348764223
31.745708497789742 0.9093937163037271
30.162628295176578 0.9150080440025974
30.2251442312326 0.9209851404126377
31.117064169355015 0.9172447458583891
33.742674060584996 0.9593295123713013
32.48901669393122 0.9588969038960281
29.11240349206796 0.7686008370270235
29.31839424732057 0.8007975467786792
31.148882841447172 0.9390033867597846
31.773440638964416 0.9140438364931281
33.8703811071972 0.9696101333172839
29.1249732573687 0.8285703187390274
29.303924366634714 0.7981292307692605
32.52970771374348 0.9094990090186478
32.61642268398252 0.9623823833599351
30.41325196174801 0.7983451958656352
31.137461696063866 0.924751764980506
30.30334400985117 0.7960311068590392
29.02397597896173 0.7914854754553926
31.89992532368131 0.9105578400235825
29.309461320701967 0.7959600440698257
33.444685037885584 0.9627373423701577
32.06455251012986 0.9481616224370353
30.112946971545345 0.914782592224719
31.33777698106117 0.9524561012235795
30.078823753709372 0.8987269003598759
31.073700281412968 0.9409962239597038
31.974171239708472 0.942864912839326
31.09415742647326 0.939407319342985
31.889457301148187 0.9115821242112442
32.48489150447432 0.906571050843617
30.306865618592184 0.9219307517031285
32.464046422590535 0.8940231654040762
30.473107655016342 0.9449469819008822
30.989306655641265 0.9326653317878112
33.08981903144747 0.9514133570007491
31.884076845624143 0.9106629938549521
31.871594605600272 0.9410344758253435
32.61591207002076 0.960473853380659
32.87632789169868 0.9446069730015665
31.777846944757574 0.9403545125024713
32.67750901471003 0.9045508910123413
31.42028997265534 0.9460178340849283
31.60145348338235 0.9481872958701871
29.226361418379646 0.7837203765558128
31.357478086256382 0.9272884041536322
29.20213458422612 0.7895348757744107
32.62384519443778 0.9618991597476744
29.048443259152933 0.7715963710211039
29.180672548459498 0.7737364133262767
33.053348227615885 0.9465267718605683
30.425326680171537 0.9222111682632036
32.452672649552795 0.9219211218818325
29.33342292711871 0.8913213002571431
30.5208883085001 0.9394244055152025
34.16351268347724 0.9633522716817832
31.010169993936422 0.9368013953576704
31.575462031530847 0.9477305971573552
31.581782926093005 0.9440628325693603
32.139364728412886 0.9153373412521297
31.48627515810954 0.9318726927991654
32.07796377337038 0.9414453502851818
32.40216059087348 0.8915907447207448
29.7325094885537 0.9004703752027821
31.869431139221422 0.9113041370374046
30.819008532069997 0.7970205026098459
31.220086641724233 0.9346061891308913
31.41075819019562 0.9305684996402019
29.310749364941458 0.7671337793948818
30.1802108702271 0.8903032687648339
31.5057653892988 0.9264410259731829
30.257416537285437 0.9233475704783943
29.97001665184335 0.8572454173266412
29.07721970041173 0.7615705718810661
30.453249783192817 0.9374502489501906
29.976440424071814 0.8937731311695033
31.653074455448685 0.9322876316180193
30.044813454990663 0.8759672973647266
31.117194538004128 0.915440476802328
31.5535864644567 0.9461281607398278
29.80736245310026 0.8895017037976649
29.099953897514432 0.8225498162178716
31.615730159645334 0.9478710529398889
32.86644950685415 0.9053485450643614
30.551923157171284 0.7916392820611532
31.300997385490103 0.9523679082144806
30.205296858746582 0.9229865288933387
32.02544654522691 0.946453749267854
32.91046942073645 0.9382982027972842
32.00103906311524 0.9467179767940248
32.287071984920075 0.8983985864614721
31.27522946855974 0.92049252167074
31.969673957493026 0.944844115797422
32.19244701840511 0.9483025442041256
33.71120219901058 0.9623031195596468
29.259538257801335 0.8690635429375294
31.182986740436345 0.9260291833752065
31.344938383913508 0.9484289941011184
32.91669262486942 0.9239915500369937
30.099157422092205 0.9024039468405246
29.909588703156963 0.9170144246408822
32.003593058157605 0.94792165304976
28.971736719423884 0.776263607166995
31.238640015422284 0.9383739021184277
31.22767433783821 0.9309752090904803
29.100929163094776 0.7453482705617743
29.231047789767004 0.7353134129124093
30.09550544600713 0.872796791949886
33.799287775498065 0.9612589581942446
31.46144374797755 0.9335219563643959
31.340669430104708 0.9529976594180674
32.17033121657295 0.9523949083135628
32.195015652990044 0.9520608480302805
31.981381097448786 0.9441193862655195
33.38677557767006 0.9544901249581991
32.079797615877304 0.9481948483577991
29.413249178027808 0.7431633536715234
31.76255561075638 0.915026023384739
29.204897752320058 0.7291529256625026
30.53132271785617 0.8061824390190281
33.70954880028239 0.9670435476745795
30.609578656075968 0.7910330638254683
29.43357494331277 0.7758913432058632
31.97059931505526 0.940801310597103
32.9235950483986 0.9226485992985767
32.628765459537405 0.9616770261443145
29.227180024200887 0.7878517883771482
29.352678889308116 0.8080025291812465
30.029515023286034 0.9008903815778159
31.298351840884322 0.9422910094276528
33.16825680051154 0.953885998475944
31.779675430988952 0.9397298437152007
32.9342142157755 0.9136450228659756
31.19325176638857 0.9196364232342381
33.96038000335986 0.9708398222938001
31.245544585185453 0.9219125425673353
32.3261411625625 0.9516953454951662
30.982545143168085 0.8688250039938217
31.061802649774314 0.9399392035317968
32.42167857044598 0.9108031443433688
33.555737172625506 0.9589900520315809
29.788014432051092 0.8891577165032722
29.161442293482192 0.7877184878521446
31.133069937842595 0.9170257795738553
32.594004687103514 0.9600934538793626
29.112559595403784 0.7492220073132534
32.05528702842736 0.9158660890583562
31.044282702760615 0.9206128471992704
29.20456165424762 0.7495891173898208
29.11197244685748 0.7725037008829344
32.02046258070749 0.9437501549001596
32.26499189976137 0.8816457947248839
29.1722543001516 0.7778064850932638
30.507608986399475 0.81692493810252
29.258859059271963 0.7731396038835214
29.501794348299253 0.8371284868791921
29.983815941895227 0.8726749749801439
29.109347360215327 0.7460289595677926
31.166352728603993 0.9193849134810951
29.71787299501635 0.9047527265624417
31.919082947850445 0.9479171352057577
29.225608010996 0.790792010325276
31.765151813572654 0.9403440025750373
32.04662031466466 0.9454347073233523
32.625399312255404 0.9631028894662309
34.75926306170241 0.9724240111106073
30.41014553614364 0.926046117568057
31.459885808342605 0.9451726246689124
29.175196479281396 0.7164554317048717
30.17877148097737 0.902232783989178
31.322628806181957 0.9330172660213419
29.8268367286271 0.8525354177969421
29.099924801796092 0.7685811088000991
29.29419877714674 0.7353026511818588
32.58546064897952 0.9044176944819761
31.624765603413564 0.9463073589198447
32.33610511230363 0.8948622714091153
30.153691281030476 0.9142614923156999
31.45266565918864 0.9474098354269711
32.585936226934265 0.9604712549848266
31.27103581300693 0.9203617217466366
30.167431675979305 0.9055103690200742
33.761078263216056 0.9489187538637023
30.64469316739312 0.7931988536486131
32.97688010926906 0.962785142736469
30.63870274164609 0.8076264988581482
29.36818801400883 0.8189983853525852
30.9766132441143 0.7950120208157788
31.172224084649454 0.8725799998911054
29.297901587418256 0.7938919642382848
29.750579572551473 0.9063205253737862
31.97903548079312 0.9488998200734109
31.077285110748534 0.9238428101054315
30.68431373028012 0.7885335360202281
31.049627383356558 0.940121652849492
30.403372034032856 0.9374355509098526
31.06282382329773 0.9233907425031211
31.654623876992463 0.934157253248147
29.876160196608183 0.8583263519743873
31.227168001107334 0.9297146782891617
31.461142445342553 0.9366390670925544
29.44298481444802 0.8202222417281015
31.181237855740566 0.9400229445661745
33.39886481475788 0.9537721399960754
29.93810276367041 0.8923556461666686
30.02739293146782 0.8745798790299253
29.20013884797558 0.8091240656406533
31.064268067641187 0.9207163735202983
29.41321272578616 0.8821300622596626
31.320490008008907 0.9393870452251092
30.134304311863783 0.9373195248816374
33.48553616485885 0.9570486738881328
29.1529961514771 0.80336079558577
29.035187322184512 0.778981212578602
31.98280571635991 0.9435273039255567
30.1088974040062 0.9007317717935025
32.17632352994623 0.9520430666202839
31.080542801264365 0.9401790628371244
30.849332474578517 0.9124577862972064
34.36315788472709 0.9724115247085614
33.79199152043137 0.9646887476638799
32.260877380684086 0.952467258365038
31.123433231279243 0.9259089938769037
29.23824338306289 0.7840029557389019
32.51069940806421 0.8963551113034407
31.76187978463425 0.9446301193353425
32.24858664508834 0.9524131401723134
31.81460910113469 0.9161498294908753
30.349275872879975 0.8016217784086233
33.77146431729958 0.9613402964735435
30.489977294648764 0.9403006973559164
31.8391609825811 0.9424100157084361
31.0773869909324 0.9235789899567796
33.394225925121475 0.9620916128703559
33.46444323287634 0.9550297485982006
29.368874654008373 0.8174722714602102
30.135942025946484 0.927031182967094
31.441526880587777 0.924053624559424
31.29918197322241 0.9333644846475883
30.624070393554415 0.8001023988821343
31.538715993048676 0.936751486461135
29.142194432231562 0.8445869362803607
31.829450599707965 0.9557796916336007
31.474382878641592 0.9405910654169426
29.163758142215475 0.8123911601592421
29.69340429209735 0.8473602843305376
30.03036857340711 0.8756744798297524
31.804384733067337 0.9115471308823715
33.500775097485146 0.9547852187975798
33.87446659256905 0.9698118147079696
31.08040564238508 0.9397513480884608
34.39309974910904 0.9698313884733981
33.431649783136365 0.9590929465089572
32.41867645734817 0.922055468149927
31.160780203022405 0.919673422377698
33.15011818328055 0.9550524681785004
31.703768613074406 0.9377072833904345
32.07283178511775 0.9455020578214117
29.201525150661844 0.7815611110165273
29.475677655868104 0.7659298327055564
32.432692571969206 0.9150600960311928
31.058854345786685 0.8321804536133236
29.156818276260452 0.7866395284785008
29.21334952743528 0.7770714118720662
33.637165312267044 0.9654758761344031
30.10339874368057 0.8713067811797417
30.990615475470527 0.9367857369408208
29.09639905868657 0.782384796960751
31.96428370421095 0.94352037521297
31.751111739932995 0.9498317992261965
33.993537962757365 0.9700644545209464
30.06174633009512 0.909636226728207
29.562278182120153 0.8253819828028246
29.091193830659062 0.7840836699192445
33.0046432978234 0.9168591666265766
31.751291854269518 0.9525051588776166
29.595513659362727 0.8184719850095394
29.790359379416138 0.8799191134679053
33.854491964230185 0.9664221115291982
30.465137425544427 0.9298139596123852
31.096792244982314 0.9239454860950945
31.114495086606382 0.852596346066963
29.060720559854005 0.7444286487455449
32.46297875620785 0.9109407752354386
29.69645898626069 0.887081509074545
33.66098774241016 0.9634333672984358
31.54910532299676 0.9466672783588926
33.85542134002982 0.9585979707986981
32.10473362151761 0.9156591736863359
33.78865429801748 0.9643398797519153
29.547632258263445 0.8338877909249377
30.157257959751654 0.9168335414030733
29.072247215227883 0.7379312519204128
30.99005135196255 0.9190932806635203
29.234204060525684 0.7793468355948724
30.144177558118503 0.8879094481399239
30.10938315278473 0.8768988007913182
31.332961305435397 0.9432465588928347
30.741724581366622 0.7895007607756882
30.233107302943424 0.882529000173248
33.01179864239015 0.919462222220635
30.990709549159515 0.9364722210861324
29.970421240174375 0.9166049202407069
32.419454583718974 0.9223220409829817
31.753066116706094 0.9181196425626513
31.792272133790274 0.9166452698976082
31.996675605154937 0.9462328396395701
31.376501867786967 0.9340172070277298
31.69956508241688 0.9492664911558878
32.34186830558234 0.9491310141568358
30.886436960173885 0.91256428842548
31.09178454731138 0.9237258996911638
32.31036459551489 0.9524286431536562
32.63221272328538 0.9646334294937994
31.856764888334133 0.9322261937499281
33.10291245854471 0.951015798181175
29.00897765743383 0.8015700672473957
31.117207319454884 0.9259291315959108
29.85324395538125 0.8563373137411594
30.087052852082262 0.8695149226243396
29.037132765907465 0.7815631670419135
29.15483493595459 0.7369988223048095
30.174640436065335 0.8759735689297417
29.682821204993527 0.8947386698339136
32.51331807180665 0.9087692244244032
30.056514803503397 0.908042476340646
29.232394491453377 0.7793318248675601
31.55285038110779 0.9560717143599308
31.11333115188353 0.9181592506554155
31.11728741740278 0.9169364152476
32.44895966107568 0.9002737444438141
29.838380069147345 0.8914791821208813
31.439756404216624 0.9272827702433394
32.69011459719076 0.9650664149038741
30.10833583173546 0.9114644804366714
30.08317284910918 0.9011680008818687
29.244301669396023 0.811612819000707
32.839823425718265 0.9232981356788873
30.92451486137099 0.9204094838009816
30.989333683126397 0.9370928792217206
30.183020529586493 0.9098665131071687
34.063496543647574 0.965651195440654
29.05419426486308 0.7692209649781372
30.324263183636937 0.9280700075534587
29.331723682788265 0.8094554753163244
31.45696848061453 0.9329639939992265
31.10335330872015 0.9410600144278776
30.20639108812976 0.9128653893251041
29.407864086720576 0.765467404840136
30.794039326218684 0.8064144787591327
31.088335296849063 0.9236021830411313
30.227854671092608 0.8902661420569217
29.936673449661036 0.8925919628510426
30.67240922680015 0.7954972589961925
30.272086458106248 0.8936373193882095
32.059045042017196 0.9519314857673242
30.74099782663556 0.8090992754598727
32.075405697879255 0.9491789937401464
30.370974331260868 0.8962589974360703
32.299018850931944 0.9485871981540853
30.45230943709228 0.9448750717133747
29.246920081293037 0.7899393876873341
31.16639639311375 0.9161535908167902
29.456105982918395 0.8338998362709398
33.06205309645628 0.9643114499036844
29.91063219693305 0.8890414500744221
33.37545699243635 0.960295265033388
31.831572472995994 0.94050447823245
29.895787046908637 0.9014823715071083
31.412358795478866 0.9294674943455357
32.68260493770391 0.9057645242374266
29.31958430283856 0.7955055181864805
30.98871898732588 0.9291996187712079
32.45051999601775 0.9074346191312004
33.14406386097046 0.9537248020587458
30.727482056621653 0.7851790218563764
30.201136607271767 0.8717154417654748
31.731066863634876 0.9346455498918045
31.287656065317265 0.9368347251309187
29.07895508323317 0.760158225390111
30.055054885611217 0.9117265249745095
30.08311442361218 0.9026864723337217
29.939333956944765 0.8605994499934305
29.757548204240038 0.902670179411215
33.2762668738793 0.9513456935905059
32.95735099943367 0.9245713804446272
31.914457352159488 0.9497776974009027
32.09389518975315 0.9144897776517514
29.33236541166889 0.7881323802079598
29.339602909461014 0.8785987206051767
32.3318152499031 0.962299891939029
30.044163601032427 0.8776125633970269
31.998547457924364 0.9440353732906753
31.189703395383283 0.9201818061333875
31.48859496753678 0.9329648130631173
31.85168173660508 0.9402216086814118
32.561004461632244 0.893591730557506
29.193895741537897 0.7351905813450411
32.03949741008486 0.9501181134834833
31.98774038085216 0.9441695933376467
32.02517312567841 0.94812313263317
33.201940323258796 0.9567113443739045
32.0889784617427 0.915782523415432
29.84519740677827 0.8569447795382872
31.096881013885834 0.9154813801388406
30.00776418251748 0.8731459265669457
31.790491403174777 0.9118114976908669
32.59861718092785 0.9606197220550124
30.939508446837372 0.9229306766813888
29.213442789482094 0.7248019702034991
29.78366136385268 0.8817033579692072
30.989240190806505 0.9334427009618982
29.996927062887025 0.9071530394415387
29.17718496307878 0.7592013148010804
32.41600735517807 0.911519186093872
29.98654599675377 0.925351603544569
29.32710501626634 0.8087620773353761
31.825605819267864 0.9168849784898593
29.13438938376292 0.7793815357536149
31.73535831903445 0.9391504037753586
31.85569849167517 0.9110967451112865
29.420643218046827 0.8983915451570094
31.838796082220156 0.9414971340401828
29.822174131648968 0.9022328094594241
29.797783732807275 0.8488521348986429
30.993707732294276 0.9366618332407173
29.120261988940563 0.7575342242792472
29.075676358945888 0.8001724048506901
31.221878594314596 0.9401095784151956
32.01561077691267 0.949375942095034
32.072820812964416 0.947316598486422
33.70058836678733 0.9587388967509278
32.57209846240765 0.9596134861108279
31.191660549553774 0.9305455022387026
29.05757895059444 0.7928381304919054
29.81653748885325 0.9137350576316432
29.985457621035202 0.867007554872736
29.90862738781977 0.8599772716592887
31.81463211336416 0.915095072641234
34.073001484487015 0.9570932629478364
32.201276919825965 0.9519842194505536
29.060385530528066 0.8060608240922111
29.081996294789903 0.7508939148557566
34.296005626430535 0.9719466479110968
32.27193295531573 0.9466584387132274
30.09622724314511 0.9328264151129513
33.12834630324331 0.9111381273694847
32.82651872408722 0.9162051121878511
29.717662883391913 0.894238053177176
29.808671235837814 0.8529372924471693
30.00341057254054 0.9124642317080033
29.17362228807005 0.760278726427437
29.701623605993802 0.7356134053636559
29.628306861752364 0.8269185058135486
31.961303544548695 0.9494027194203177
32.98853594244949 0.9644547876367889
30.028837609646736 0.8711030219316602
32.68091784629363 0.908031804931205
29.114325815718498 0.8297570670591157
30.967538604868473 0.9129521641839914
29.723334935098617 0.8944681346484502
32.01704736928369 0.9467309118601577
29.37467250537797 0.7757316941179233
30.179780994695914 0.9450415358193188
32.54126283358793 0.9060480074610308
29.195120947396866 0.7548499213792345
31.33037378684403 0.9225641924253895
31.0375500152656 0.9370642442067499
29.92879156305012 0.923157366796838
31.10514616232374 0.9284248132494582
31.182747978761235 0.9201608253123819
32.924844205998305 0.941784061448771
29.666688567685014 0.8918696685385736
31.159550737776478 0.9180708172107055
29.16853680646301 0.7832626656200331
31.545727748860102 0.9452216579145615
30.577556330939046 0.7824813358287258
31.613999014234807 0.9469580862063793
33.91538761972482 0.971031071136347
31.67826014015803 0.9399271265884135
30.94313341841778 0.9327653685197653
32.41355733303849 0.8904878942898913
29.74603267927714 0.8747641026507872
31.53445871048223 0.9423885985667326
31.330256846291057 0.924958678542657
31.81342797044635 0.9134445487881127
31.15112310262979 0.9204789361460686
32.336632757645816 0.9166806773688607
32.32544634961619 0.9481589894333927
29.830803463784832 0.9098837888366472
29.844799019726306 0.9156108567100676
29.10380982260086 0.7792045149498228
30.422452435087102 0.9293040385023272
30.495185007213447 0.9392045680170504
32.86308003785414 0.9378015300935467
33.2852346415133 0.9520110132694211
30.13777575696585 0.8775385831622268
29.180083937874365 0.7827244188835836
30.343903751437313 0.9131167188761165
32.57146837208052 0.956581127276396
29.123313610181153 0.7637927331595599
31.733867235939783 0.951608685890279
29.400071696452223 0.822842715237194
32.319485357693765 0.9478851519097128
29.26638839539308 0.7963148088180741
31.89963622604051 0.9110968895641156
29.91832405153563 0.8681201241563189
29.131798906652797 0.780607279191014
32.6249921415144 0.9647204650608187
28.982346650295575 0.7946039996191789
30.10806993210717 0.8946467303431307
33.017295524907055 0.9408352854795808
32.75401315058632 0.907284070728633
31.30403681838157 0.952193517678411
31.090211439639035 0.8120225567344607
31.288563634498754 0.9524486801807989
30.123588449657145 0.883226779197487
30.52274614000535 0.9338432487818241
33.03855486285473 0.9506912200345787
31.012412733669418 0.8045363051939199
32.3630804462032 0.9625051530052089
31.40000633865239 0.9213598433964415
34.20994037429702 0.9722024921337132
33.88624046667343 0.9659385428334017
31.17639159671089 0.9384018811476248
32.47441957508578 0.9132223837626332
29.249448064664353 0.739337667911613
32.45317060745015 0.8980211515002978
31.108498810206193 0.9177588090530313
29.256097622617748 0.7798148198391894
29.951039916851634 0.8624749876570098
29.132738544953934 0.7572241258288034
31.99752394393738 0.9446724315458891
33.14293886939227 0.9520703212466226
29.99234928623384 0.896726125986435
29.53325546555073 0.8140578067727363
32.27425503978816 0.949598296451155
33.37078671191137 0.9563755628960504
31.57939291216796 0.9471473048782251
29.54263460518336 0.8337080312084959
30.770331906594784 0.8127102069304868
33.93637931049933 0.966703844828823
30.053671942100326 0.8908308016001655
29.769146403812982 0.8313242563039774
33.153909092332896 0.9168348572921325
29.775910900707075 0.8866888982328714
32.09801997800764 0.942602846376785
32.638991678947285 0.9564060650208451
29.14663076272617 0.7578193976739657
31.0654225740887 0.936532796814504
31.1290374717965 0.9180965847919231
29.96431847000377 0.8706784749456921
33.82938035434721 0.9692762644758766
31.645642607454487 0.9520799709968888
32.94232354467469 0.9227212820522555
32.80730817683407 0.9396227034420124
30.07679791551729 0.9078709703897401
33.62391459185215 0.9567537948040167
30.970765778490236 0.9272215427543451
29.37478489026028 0.8087875594436126
30.412643346469853 0.9139978414712121
31.207172145986085 0.9302373061013284
33.94698662116778 0.9687358518881435
30.680232603964583 0.8261421480542692
32.368795075795354 0.9583243817921248
30.042810291121672 0.9332078400570802
31.16546143656474 0.9386174540176456
33.623397623388605 0.9632358236213596
29.956752219201192 0.9088612593686253
30.660871967225273 0.8169898669398236
31.00885277532411 0.8248266392788581
31.166842830462084 0.9206209513152753
29.07205672749065 0.7709653210365984
30.929191806673142 0.9232220280999076
31.255791864119637 0.9347111327662885
30.871205121251624 0.8222520212447785
32.97523683550493 0.9461016897391972
30.73448148629779 0.8509438406044983
31.102491552483933 0.9403148807337371
29.915556843062852 0.8569634713431635
32.598958760945145 0.9018029943455411
31.253735548981926 0.9200499948906349
33.923772341141834 0.9671528490204664
32.38558557495954 0.9216365564942716
30.29884838035653 0.9285716317418498
30.598662349709297 0.7873159318165573
31.120424328392573 0.9239847984537928
33.12702640014477 0.9465641981406149
31.199834080983617 0.9363823206226112
29.149723906203434 0.7556289562047089
33.9955053486664 0.9662692072752087
29.776181624772498 0.9089471913744153
29.418470955923077 0.8715267914540816
33.69776156366789 0.9519674305002126
31.045908271907663 0.8018205564168356
32.410477046047326 0.9521017342100546
31.801040799112243 0.9462421468971983
29.894195841863763 0.860781919232991
30.1963874997612 0.9055051956701405
32.89239767484476 0.9235780321118477
29.098682614299705 0.7863513637696616
32.07510468020981 0.9523906059453705
32.32427982410528 0.9089892284057243
31.025829580446267 0.9335952635977162
29.062758179567474 0.7660861321154793
32.07785498640608 0.9460103739616869
33.23296381927761 0.9532699970515311
31.051737833248076 0.8164278191987571
32.254630044450906 0.9523941745517263
30.106889453298045 0.9007877106314895
31.311365513248084 0.9453793698454855
29.173060591208223 0.8171130322672538
32.19482708436211 0.9461300372789253
29.305575896676885 0.8014982477905168
31.988277336906805 0.9511024904768072
32.335073324066734 0.9144566774890911
33.41361078165579 0.9608842514849456
31.57691011931575 0.947245880937551
31.952754361493376 0.942896958667382
31.93248010813648 0.9483480148542643
31.289569804423355 0.92176927421654
32.51453023269703 0.95347953099215
33.79004427672561 0.9683494092748433
32.06820541134994 0.9496521593320788
32.0705031246228 0.948682544875016
29.371888152652 0.722949086730545
30.299667132713903 0.9124110730063927
31.78989909391312 0.9164460592985763
31.814127206371584 0.941800944346033
31.437737730247427 0.9282223205948211
29.299650819392102 0.8202742312923791
31.05898914420468 0.9394106312619509
34.233892651925366 0.9664749582181341
34.18176700275643 0.9678207985201495
32.36470750926183 0.8868411414602843
31.739143659896246 0.9384222422206806
30.934899911605495 0.9335951696556127
29.663743348553957 0.8964639402962618
31.803577616135996 0.9167276397525999
31.546351947458216 0.9478087734667837
33.43328153027614 0.9631885080311692
31.065870540123882 0.9301816338325116
31.16172649145136 0.9308689952280935
30.972413780626056 0.922920548498861
31.80482528390388 0.9136543711492454
31.07539175635098 0.9144279812827742
31.256819800292316 0.9216954243529045
29.934263967961773 0.8603585649826191
29.187363802430994 0.8492354571838242
30.905788296919447 0.7943941261324484
31.75163336893106 0.9096588070819773
30.967923894903816 0.9337772024586107
34.10586828039281 0.9621491958544472
33.98000749818446 0.969150620187781
31.172727220100555 0.9346987967879069
32.17432130870271 0.9493475091208667
30.67213593159829 0.8350482829821763
29.878412081953552 0.858923081337797
33.24052241191356 0.952485240229756
32.13898593214778 0.9168738579498809
34.248515883111054 0.9645469498361516
29.350765767056313 0.8160999486633111
33.268394162713214 0.9577736448279661
30.948749230860237 0.9338322007019851
31.279840271681977 0.9393204568130371
33.28642004299879 0.9565393321314105
32.34071241971193 0.8958770378391584
31.14922790603288 0.929191545961623
32.220717423343594 0.949810452819861
32.41334448609062 0.9222473425031606
30.36143153150494 0.818383069597581
29.80345756971694 0.8060342081567939
34.43946419741183 0.9700065363409209
33.30528628424089 0.9593811994410723
31.054836695978562 0.9400315147435698
30.992112344062225 0.9339414870032039
33.22029114395265 0.9555420079813256
32.07191694431232 0.9142874242690548
30.6577887800073 0.812307344849943
33.770169737157765 0.9635396378933097
29.471524044747845 0.8195932258850219
29.203975647734328 0.78110990506424
32.006945060893145 0.9427885551678972
33.01975847462441 0.9630728621470102
29.9936402522834 0.7837245162570505
33.04060660885078 0.9491919728571084
33.92772012650229 0.966804848688486
34.32935526186934 0.9723540037943482
31.338802390309496 0.9369109974265718
29.884223743369326 0.8598135149971712
30.086818721894414 0.9109940762153294
32.5420537749783 0.964089869492951
34.75207931496305 0.9725588226466652
32.87283075158567 0.917827996185708
29.482641151960358 0.8371454174730554
32.23509516926708 0.9529885140153843
29.175561372148312 0.8005916894755589
30.190796062023608 0.918393008079156
33.55282540115577 0.9502930016001039
31.453419634221863 0.930218800132155
31.015787479366345 0.9143713582539191
31.027266023972274 0.9390993426947787
31.651020339700793 0.9336855080405115
30.428295412721205 0.929185119802007
31.268381688845338 0.9198064739815969
29.748570808920817 0.8911824460022415
34.28697329284667 0.9669549212077643
29.924276807858412 0.8621783625278483
32.28752974264667 0.893916194644579
30.226650439306162 0.9023786282033471
29.51928861781922 0.8337136354305658
32.96885310070533 0.9456449086038153
31.984654257934185 0.94292757892474
29.826421453855993 0.8957637897158206
30.134329000989325 0.9164750658996422
30.563095464356334 0.8083663875455711
30.182646261379958 0.9247219515825807
31.893673544462537 0.9416124928462156
29.930276850429518 0.8960883023411659
32.08485585922684 0.9488160304162034
32.537898408388735 0.9603814627177574
30.077121145612683 0.8769969032492264
33.85717980215051 0.9572569923194338
31.899950152964305 0.944507675874689
30.889487970255868 0.8018190707314123
30.005505583256365 0.8940084739597852
31.504465344543572 0.9319930431465413
32.3047565284901 0.901894133649536
31.428015064039716 0.9277923725995697
31.04105152984957 0.8553019219714392
31.786007979630853 0.9379562840918894
31.980069197644706 0.9438352208628012
29.083569269889026 0.7646016632009244
31.03948050686558 0.9360988923010348
30.57954171078301 0.8266804606549827
31.81313390484643 0.9475018844614548
29.345938852227704 0.774096209426009
33.04629952896873 0.9513995281033144
32.54056466954103 0.9610348738975126
30.99389159842638 0.7932117321959213
32.29896590469161 0.883431272588321
33.45726732592745 0.9623662839873875
29.87849066710611 0.9065697100519613
31.725439510489668 0.9358591256840841
31.879403394811643 0.9504919790715318
31.33699650535236 0.9520197607877064
32.109455131436384 0.9487537425189895
33.21192606910503 0.9492791831297297
31.008464114238123 0.9112097546021221
30.102620663034166 0.87199539469823
30.469320235168404 0.9363028218450868
29.933617253171285 0.8682515397711528
31.811513567146843 0.9435045858305963
32.21684401432716 0.9526178148934343
32.88259615643554 0.9134114531509776
32.02586493496463 0.9477833793047808
29.67798800561985 0.8996032428175207
29.538505746186836 0.8261834382811334
32.50685866073081 0.9075865546709861
32.541046394671866 0.9093597967833191
32.64372528860163 0.9108948809721555
30.157014777187197 0.9175097019959958
29.930041080620576 0.9155109924340111
33.00220994588597 0.9082121842953307
29.723370376530276 0.8926773146606523
33.853741993071075 0.9667980245382445
33.6736332450358 0.9633970208257988
33.0463872183634 0.9646021328445146
30.220205702474978 0.89250447855796
32.86424310752992 0.9619342493050701
33.086758573498614 0.9436272994315861
29.620522022214956 0.8175019913925852
29.386203011562774 0.8175586071631838
33.87969274282748 0.9704055762413512
31.4513197540607 0.9283129617179934
32.38535203414209 0.9032380320527518
31.932132981736565 0.9410149371157801
29.697558604226426 0.9015548850327149
32.351058936800655 0.914496592607233
31.479025549186318 0.9444742591033048
31.112771858967005 0.9281106021409405
29.39451760780738 0.8793602602189532
31.528451998572095 0.9465163195706356
31.237710111436815 0.9215797814528105
33.43171899045457 0.9618525212888321
31.060067401876825 0.9403108631464248
32.34443080021514 0.8973405060865051
31.99993908629496 0.9524528952299962
30.619164033018155 0.8232212468198777
29.702566009828097 0.9019239484290456
29.12617593752688 0.8055507413254973
29.103647244595813 0.7476964109260189
31.148491458087733 0.9208405477749163
31.94696418569046 0.9266371398478628
31.2177614057271 0.920614888385521
31.915808976627574 0.9108970581573543
31.240094850046557 0.9356610839635429
32.10717667866078 0.9165847125580769
32.56255328605047 0.9620998706384767
30.02341194447668 0.8687314092117508
30.006824441422864 0.8641732535267475
31.782663592999548 0.9106155241583297
32.39768524358731 0.9066139156871729
31.03632343724653 0.8055814755838219
31.104026639382138 0.929838792095034
30.9959687772586 0.9340452043492428
29.12128182787886 0.7791331543787341
30.054288530624305 0.932972381459618
32.07569965291488 0.9466284830261861
31.28643740844931 0.9408202189535944
30.29352836942259 0.9324727910590855
29.712132434495693 0.8993136164440975
31.936652592723085 0.9485178162993247
31.573604564436927 0.9477625292212026
32.51467482133388 0.9077523162675634
29.843857869518857 0.9039590442126181
30.08465501537689 0.9021015702415414
33.44751837707035 0.9485897647171889
29.93977078314565 0.8626954731411988
29.891626022034874 0.8572372490639483
33.26893488215572 0.9477640031569955
31.88462587767106 0.9460740517770054
30.994873730004905 0.936199544439591
33.18659636438208 0.9539347349997955
33.32232781240942 0.9573498748195716
31.260491562472772 0.9210723939183345
32.27797147510523 0.9513469931579042
32.10990525386158 0.9530627114310678
29.0382805642367 0.8035455043541329
31.343126655022637 0.9396496621536913
32.290004924249885 0.9563835321970805
31.181066637821637 0.9410843959517747
29.425872744684717 0.8685303136523902
30.232239608709655 0.8865347020288584
29.285590581088982 0.8074128301804231
32.103370386834726 0.9494019120184407
29.149628391368083 0.7506898511809643
31.165863830978484 0.9195927564706518
31.022264725280788 0.9264769761305841
33.58000821283082 0.9635940546342654
32.15050402176496 0.9572844850803572
31.332065899108727 0.9525748350481721
29.3546379037777 0.8031270932054804
31.737905869797704 0.910118025293957
31.47243065699594 0.9326181188663168
31.549850185365816 0.9458637197025441
34.079189578003486 0.9702111285679723
29.114163559925647 0.7569876681303468
31.08738680990313 0.9403422479740637
29.228288163089992 0.7339245137844522
31.376450310356617 0.9490760639096758
31.31442796662384 0.9443058968979752
30.953616204402564 0.9328793216639495
29.365191691066688 0.8709758093882853
29.892166899107863 0.856811615087756
31.03776893411084 0.8285440815703676
31.090827119768946 0.915134106956836
31.34544397139434 0.9435108784217073
29.853479202039406 0.9185729993182619
32.61196996971395 0.9010020163365753
30.006928260503383 0.8947004102268786
32.4335651312151 0.9234466720389464
29.59146857005242 0.8230851518128027
29.14577939334134 0.8402655114977696
31.174970031752515 0.9186944353714261
30.095511282765685 0.8800203168409965
31.595149257078646 0.9461558256812095
31.6197965256007 0.9489738065060458
31.334342085312702 0.9519338436047619
30.495457236461498 0.9342681371473879
31.661419445970857 0.932460943349597
30.250042194160706 0.9197731977854166
29.37128558963439 0.8140789999233885
31.93830864065376 0.9429953058248722
32.24288694701575 0.9525746898390473
32.1883849961127 0.9483197983817355
32.60800862395474 0.9067632896087761
30.107357194276567 0.914108052805756
29.3005826229801 0.7940050048033154
30.16826094906973 0.8854525045845323
31.1075833190096 0.9169569909430142
32.60435249354221 0.9633051415107563
32.141518097646326 0.9150296081252041
29.25241436891744 0.7257142482404402
32.58556739058741 0.96092856303542
31.48918625312287 0.9311597490701738
29.430411256037683 0.8193351788624386
30.18627761203666 0.9060133654772585
29.16609661294238 0.7528221029745277
31.39174898762196 0.9253599754836875
31.43036225928479 0.9462933061190159
29.974309826843783 0.927862181684459
29.746559866599792 0.845259561681682
32.088050978893456 0.9148239487869921
32.63146999827156 0.9052471032920197
28.96278639114357 0.7774826986604637
32.94702188660455 0.9192117035968546
33.11311939927507 0.9426830502483506
29.125648713944152 0.8090208974345963
31.319256152942195 0.9446880261991545
33.664180259632815 0.9601182877853387
32.165329407566446 0.9505409787793007
30.68872834525407 0.8282185705152341
31.088782246496166 0.9152929707028308
31.1223712616869 0.9152265337238895
30.900201789311534 0.8164309670705421
30.221737931736104 0.8921123281374216
31.73727383824911 0.937409029295563
30.123180860574305 0.9387988663592854
29.189769326524036 0.8173213327145076
31.12615987680005 0.9359842217783761
30.193972179081022 0.8907781319953854
30.310474530227363 0.9251502220679072
31.1737540964636 0.9189929384602967
32.34582248062635 0.9148770408717907
29.15140036199557 0.7604843566895075
31.002274051380464 0.9263464047334973
32.46169612228253 0.9219406515849747
30.860291839103517 0.7933230237003397
33.299460672092664 0.946925217819724
29.358679837874476 0.7123969645073024
31.239114974108908 0.9258074586569481
33.35594500694349 0.9599874552373706
32.809114706840624 0.8989208201329052
31.732178353100654 0.9367502330929001
29.977582690310456 0.8690046858050873
32.412993081764355 0.9063763227247391
29.07752264534162 0.7737043555493898
29.993488728069057 0.9139409972772149
29.795339032376248 0.8899474720656311
29.391808515524723 0.8782729112244503
31.400240068536014 0.9270119702062686
31.021057735806714 0.9364871430052483
32.103073840143935 0.9476559513239915
32.06695998383595 0.9494926155897746
31.97346236222387 0.9430812924619036
32.36640940552027 0.9080520401605349
29.179333061490155 0.8504144669248151
32.58383117376806 0.9635742132238856
31.11158257233125 0.9253368835850277
29.23275575601079 0.8192293501326723
33.889152363703296 0.9698689577201816
30.23525678010848 0.9429961126786992
32.46201393860978 0.956332675337895
31.63490387914615 0.9401121859038162
33.10871465209602 0.9204239378071771
29.12976512872644 0.7936279216846733
33.91763166977759 0.9693996071595533
29.70205274756834 0.8955538432049994
31.750089042488096 0.9508462090896316
29.314957514613255 0.7810858888431966
30.11491848900533 0.8871275390277171
30.231893969465773 0.9232704208413326
30.882694022435572 0.853908002064032
30.882298191413486 0.8629396248406274
31.171701161720055 0.878111469108985
33.00996203747274 0.947916223223223
32.99609378047985 0.9480722705279023
29.392265386888745 0.875836870922409
31.83920760349407 0.9390211890764083
31.86324971608144 0.9121643177964687
33.04529167093672 0.9182509435983954
30.566414112481866 0.8131123849731267
29.701683269102368 0.8454092143284451
29.132206387982396 0.7445862229431411
30.17234776800879 0.8830586923288891
31.86799494151363 0.9095193578997838
30.276525668099623 0.922082448246707
31.89917336977257 0.9416396486274609
31.29278520054597 0.9518813489653526
30.636152617513495 0.7920441395817402
32.67467239693953 0.9650310035084044
29.356428889061903 0.8153661780414815
30.732042943982666 0.7849238083343885
29.92208773294061 0.8601818297393691
29.007868333607018 0.8107119112880613
30.305791965107602 0.8065298878585048
30.130672462649382 0.8874727958171419
32.64566290455002 0.9100583910422462
29.208055015624854 0.8677392780378282
30.114815212934296 0.876651168371273
31.12855418050545 0.9312393998957581
29.12226261293375 0.8184456031557792
30.083753565168884 0.8767685064739371
30.05279757266905 0.9093887210911088
31.874569272918798 0.9106008259009568
34.04380043012242 0.9680119448209223
29.47537228824745 0.8259041680257011
29.92376881654735 0.8838858597811123
29.98261472752165 0.9265526475740631
33.04875816026921 0.9427297331250839
29.33058413220462 0.7768030240399674
33.11519408592905 0.9522199498426527
31.325673289061314 0.9528135096176092
30.943796005092643 0.9334004492246927
32.338747743205374 0.9145059441931359
31.109962296292835 0.9271630341557441
32.00691298872839 0.9230277398013176
29.918205088214727 0.9223424189273127
29.239829194598364 0.7750611308168021
31.139287530329685 0.9182027201729673
31.790616441827886 0.915959639806567
30.851621901331 0.7946602455613061
31.171328998604547 0.8764088156417666
31.780359657398407 0.9123387387816917
30.610117698836067 0.7833869630579348
32.95466299653019 0.9228430945771792
31.130418437679136 0.9167186544623964
31.273697154807593 0.9211732615862213
34.021107922786335 0.9704872928759665
31.853905030689305 0.9552673007085665
31.697741763473168 0.9492811125217829
32.18848059362094 0.9525033915371748
32.51064420873019 0.9116906142065344
33.06040038744748 0.9465156158337583
32.037904151015304 0.9523776654485991
30.972611308181605 0.9640662317039936
34.47913154053227 0.9819703966238181
33.17166743791019 0.9709760115798451
34.035409546939476 0.9401802990828568
36.49949947896088 0.9865468632662464
30.963937631480075 0.9669314446165612
31.207771281457806 0.9435862144414255
32.84415593805229 0.9707118499137376
31.090626964750363 0.9427321078435887
33.17498267391509 0.970918467195091
31.53111843565644 0.9480875419421091
30.83397931759455 0.9638134495109197
29.976521895342934 0.9370445359892913
32.716802446294466 0.968657209564861
34.487806920249525 0.9822503092547686
31.137000863458816 0.9683162793107422
31.260280791593935 0.9671278932848292
36.57097552210336 0.9868347320930406
36.51844246979173 0.9868257599629404
36.629387690065904 0.9843048401516147
30.029095164719738 0.9396640346755932
31.310986533658554 0.9685443673515388
31.293045469130423 0.9439699089934169
34.52746562147398 0.9501291054962151
33.163050095712386 0.9710851049455226
36.530381846545396 0.9865773404383675
31.54821002568614 0.9488943897722555
34.013279708955196 0.9423027037112369
34.512128517577985 0.9823566827983076
34.223722139736964 0.9763280873762457
31.180835763740184 0.9653648576575596
31.250016778049932 0.967667205646891
31.210738597122827 0.9672476038892193
33.14158736273344 0.971108999868524
34.364415722561745 0.9766411066690457
29.931899925043183 0.9375508058380184
34.26805757598328 0.9772119471472421
34.424292488381425 0.9828467519495642
29.956374991667673 0.940650720610065
31.47836496093881 0.9624300452483758
30.771147253118446 0.9093158534804557
32.22766944759104 0.9509244346949473
32.2443598645572 0.9519321574825628
30.047601453248483 0.9394548744364468
31.25350546877883 0.963232048535519
30.884245672695663 0.9634471103854504
36.503743678529325 0.9866676540654314
34.02008532799448 0.9430077917924526
30.634289865137866 0.9075494044305831
36.53617641689106 0.9843201415920849
34.5184422100671 0.949566751701861
34.92205191064079 0.9851000051443208
36.834841716134136 0.9840189180811428
30.901503214689562 0.9633437492844759
36.388207022271835 0.986383614539252
30.956280956185907 0.962131164082716
34.455157079755566 0.9825454291156404
36.5290218065953 0.986664933296087
30.66860515071072 0.9072397502669093
30.89193242597375 0.9626931420218724
34.66881380311537 0.9831722857399794
32.14770553577986 0.9507920809211504
30.800091475027294 0.9104171917300149
32.190027166591534 0.9511553466989974
34.505031378105 0.9500845351547317
33.25925966049106 0.9719948924913057
36.873205161435195 0.9841179655631028
31.46222815522504 0.9459848183197405
30.684062050094703 0.907847540200372
34.527451295596705 0.9501090836982704
31.3519503157789 0.9688673548072819
34.30817594233198 0.9780986418095958
31.53589318843448 0.9610430064676453
32.881207306016094 0.970312003037686
36.680492906504576 0.9839673833513691
29.981239787578488 0.9431515617853965
34.324194133816434 0.978525096015385
34.26458481643869 0.9822931801430187
31.265290100209803 0.9652537087546773
30.874837434160725 0.9627360537901475
34.02636936133557 0.9419460912484233
32.164237271869176 0.9507820474570546
34.39747955225187 0.977233241476625
34.44291355322221 0.9819326884790086
34.197246344699835 0.982185217515255
30.836297404245194 0.910526289061514
30.970953344528006 0.9661758999745943
32.84632889138389 0.9702641426549379
31.421675953524165 0.9663861741981326
30.852477240134913 0.9642741001095924
30.899671710771663 0.962742204125362
33.19647579084651 0.9710880160402521
29.957364767362293 0.9388629570273687
31.002962599462943 0.9625319855764489
32.16540533584897 0.9509358408449508
34.077614070085666 0.9428041351326277
32.13674258305821 0.9512951177612046
32.88857836168216 0.9711618241872952
34.04131203630104 0.9418559172450326
30.820228287593984 0.9647333780814978
34.56472722864465 0.9494296064595333
32.79972300440393 0.9701638821696887
33.20918435491181 0.9715084179929193
34.06912739929298 0.9425588675976676
30.705374319045752 0.9079625147217872
29.824759697131608 0.9353558898990653
32.77280590676626 0.9685456446335745
34.23713237467587 0.9775976658761035
31.178053557885246 0.9676638683490495
33.21358177842425 0.9710468014113216
34.56988871006048 0.9500216173631458
30.834824002303197 0.9636620851236949
34.6103419046281 0.984187085159139
34.05666843741338 0.9410185533882902
31.261574933543187 0.9667388487659533
34.63616613701101 0.9496114310995858
34.46037879193852 0.982974409852779
36.43708427833461 0.9865650251705064
31.17824395654178 0.968951610912501
32.24718192800785 0.9512028145238781
34.069347673602444 0.9420279965352003
32.72703093950406 0.9694318571878348
31.307396481686652 0.9680780169037038
36.737720625608546 0.9844728602835667
31.457578207562168 0.9643975365785269
31.381664628470443 0.9457724276921138
36.94098599343016 0.9846929140542362
36.50625584291617 0.9867148278172564
31.112473655604536 0.9622605733800962
34.425528004714735 0.981945318862548
34.327022538331356 0.9811229867653648
34.199029292444735 0.9822578718114189
33.22554297085149 0.9714527033312892
30.66305391210793 0.9075138597299676
29.77827290063344 0.9356509296219285
32.80593313522996 0.9695421410148324
31.139519632097414 0.9425084196799703
30.871611484337606 0.9632623721737908
34.47128560990093 0.9825933666340695
32.17505069889489 0.9508694623101838
34.39404373107094 0.9502080719395324
31.057741087644906 0.9648157077397602
34.4365610222802 0.982297657649431
34.461858979508484 0.9497742852208979
34.28250389817316 0.9778755202656455
34.33421808803511 0.9777901868004251
34.39341015943425 0.9813693600266766
31.119934605091398 0.956658588266064
34.734316456270726 0.9833672308389935
31.54916681479913 0.9482785112561792
36.73650022089645 0.9843531639714422
36.69873922286672 0.9835028539081799
30.752441258787595 0.9088276838857873
