30.946592371836186 0.8965935272250739
30.756151448304966 0.9032231992636578
31.77979850438403 0.9478055919814133
33.02116549540516 0.9343908537975543
33.094077029683845 0.9388467405960088
31.539785270647627 0.9225260248793066
32.05493488131778 0.9440808187849247
33.231357087603726 0.9442252592631826
29.926751795460838 0.8823329168609838
32.24167798915401 0.8968887326675719
32.51631500504877 0.9109017464690113
29.621301871081723 0.894770860010888
30.894020752313413 0.917096689872754
28.878804479194066 0.7916104527002809
29.426700777533586 0.8966782698465002
30.388192863335952 0.7994883431768709
31.348280423441913 0.9396180006747483
31.841759771871484 0.9589111476777051
30.503795564404662 0.9219192126691498
30.874559694475096 0.9222947897391212
30.869067375844146 0.9018190369189626
28.74793165640164 0.7672473512025725
31.45299890185267 0.943499526682973
30.482806530909528 0.8016398643948794
29.877486677918917 0.8978530688092429
32.199265714694285 0.8956490852502755
29.235807551585864 0.7343206329573676
30.049896496603704 0.8872207440419706
32.205310519180884 0.8933134260150736
28.999556116421207 0.7487912067242589
33.823626912817474 0.9648477841044957
31.702177187836092 0.9476046882021323
31.09045476541695 0.9451682048504726
30.476718973656872 0.7816418141370698
30.535293794709997 0.9305121979373886
30.49551040438238 0.8130971428535537
29.718625652590962 0.8666612821595975
32.55073757313604 0.9208452825725008
30.875874145624714 0.9194821467204757
29.964457435511484 0.9327634713700118
31.4359394539469 0.9477849270505073
32.3541196328573 0.8944434432455536
29.72103103843167 0.9222277568631472
30.105963798800172 0.8770182440913126
31.58834444677002 0.9404887162814817
30.031648770782713 0.938335576917924
30.974259461244067 0.9153014668873263
29.179272342536144 0.7876639441933221
31.151565109735273 0.9456546603152678
31.139326926803655 0.94547670752453
29.454109772469394 0.8142066454919775
32.22965642298915 0.9162563241839424
32.93059168586406 0.9533701086964546
32.20356079222894 0.9210164460071578
29.126824819252693 0.7878553418953292
33.682184912765564 0.9622543680057702
29.606950747493933 0.9238326694986412
31.646156211950842 0.9381917376574334
31.367520216069025 0.9375354048275203
31.98138248371205 0.9525399919996081
29.70071030916892 0.8345708661669723
29.408512183645538 0.889270511263984
32.312645983202664 0.895514428767212
29.209997271615965 0.8001591121280198
31.41940743997676 0.9467514636471276
31.575819352119176 0.9374000653522151
29.319641194870847 0.7819402263785463
29.22305493207302 0.7650055236838349
29.091306418018924 0.7672572070912642
32.495013476323734 0.9081277373515979
30.80864185223814 0.9208345726962787
31.733077699654242 0.9643287662133534
29.606554569899952 0.8638443606712773
30.874418145394884 0.909487612845018
32.31914633582908 0.9528949456195052
29.64173563820689 0.7598893677685407
32.29797309579557 0.915140888433078
31.664367261713736 0.9458881007794131
32.365892140249464 0.9519681054842932
29.125040582855803 0.7919765287037258
33.37516987910388 0.9531569292896874
31.100576144577197 0.9195131638086632
30.133329316881184 0.785637196609918
29.779597576319148 0.9243293452005589
32.684299203990754 0.960768286253803
32.00443787163428 0.9158856728259055
31.362531110998532 0.9273686828970357
32.420532308163736 0.9696252852648732
30.861496467097975 0.9172392778161004
31.58679095532373 0.9564564024739439
30.827505665274195 0.9251624934570208
33.55724734306507 0.9558797840478276
28.77292433194838 0.7282995061093386
29.405638259707718 0.8972473718731372
32.54363964023967 0.9259073187590334
32.23911434572878 0.9139528810281955
30.946883769302232 0.9275445980376751
30.727580726428997 0.9362764691230793
29.828241529501142 0.8627425626121982
29.90149514213121 0.8606005118747176
31.937210027475317 0.9690699453886855
31.39340858548371 0.9475711789918204
31.63427002298695 0.9657871857926298
33.14477460367544 0.940036189965915
31.473492985901565 0.9347279352112612
28.978868866972682 0.7991890862944141
32.678550589569966 0.9434750605600081
30.264148278217302 0.938075299227705
30.895494406142355 0.9120383314086326
31.00147056057539 0.9300024495038177
29.728383099967125 0.8344413953423186
31.951291036072348 0.9145628840170024
32.487540597885065 0.971226401194699
32.49449548669133 0.9123493993228982
30.940051590704577 0.9306069362522342
31.856899595518907 0.9447198162791463
32.08665781795049 0.9028785332714754
31.916936676157984 0.9564442121667038
32.60407448784372 0.9465943434030899
31.9762732970296 0.9141715795226104
31.600806710827477 0.9327341607931725
29.5819595532652 0.8225725146787731
29.210834772561995 0.7500711111488312
29.31474445017271 0.7602410098440546
30.326414703290503 0.779994733332877
30.488749763746608 0.9266151191757166
29.419716040674295 0.745158525946266
29.872690292900064 0.9271343815341061
32.52885768912583 0.9147048065264973
29.64231483090924 0.8201201057817811
29.44899780897596 0.7973047828465246
30.893534321559653 0.9185828819632992
29.901504373497335 0.8915951681634461
31.606899144680778 0.9660214443189982
30.105076588980037 0.9357713961389161
31.560669474468895 0.9220050559138532
31.740347377931265 0.9177378377191833
31.18795498004486 0.9239771195183795
29.03758143219132 0.752288084864035
32.71411441277208 0.9409412602900976
31.393272985500108 0.937812842185185
31.06370832387733 0.9235368013628269
31.405456942126555 0.9298210150044887
29.318570134973818 0.778809399204143
31.463360583656126 0.9496836559895254
31.167120081386805 0.9439932228041478
31.648870887412706 0.9447139955831305
31.63993160889411 0.9456899580590021
30.39136989361066 0.7761609628768372
33.03823701738282 0.9521479706859384
31.287635091839448 0.9371066588717223
31.66051067399132 0.9446446964158799
33.001432297506064 0.9344016510368597
31.88114815306513 0.9486382521374285
28.893191012740918 0.7869593152918256
30.738822457186213 0.9307543953298719
31.32780957355275 0.9347454825481977
31.569841574278232 0.9603777203516011
33.06830922061726 0.9368544011180243
29.842041403502073 0.8756327178635286
31.76207352607992 0.9188143052152107
29.387868205533376 0.7867434343463461
29.346197091837123 0.7817564538988135
32.637298063873516 0.9176927236242581
29.87731993825986 0.8671096667113277
29.37758689504821 0.8889486520714333
31.81346898117669 0.947522299671306
29.60367008257217 0.8887800332526156
32.63373318967205 0.9362262469728865
31.97906804050657 0.9520450877122784
32.359499573271144 0.9059371161548971
31.367399262253887 0.9253890612764535
29.590278379067485 0.8069608033080826
33.15915529566344 0.9591811923768788
30.914512125975243 0.9257521345854824
29.18919843140895 0.7950041232430338
31.937440912175894 0.954056288859449
30.09124064859025 0.8935371941678849
32.60309900863189 0.9106363722367674
31.374887295222578 0.9298307905432291
30.257777030866805 0.9043917845944138
30.463422327731227 0.8021887826884798
30.695393617176364 0.9131409810760993
29.859578404778254 0.8888392979941329
33.23340674569296 0.9720282684969483
28.958092237992034 0.7487389020819017
31.480220419597018 0.9504510760335145
34.18949257430432 0.9742280852375284
31.751740857927576 0.9172088521420932
30.86920955543516 0.9086279877967987
31.497572544010044 0.946520747735438
31.031149079704775 0.9159903388534031
31.350451236937143 0.9497042648748489
29.7155129617933 0.9066970859312046
32.73822242732127 0.9181459603583282
30.470918954254227 0.936217987707368
29.4545137833172 0.8878923361843528
30.323456342748063 0.7844448762186707
29.761183566649247 0.8425364448046389
30.66173939626136 0.869914503897058
31.63828814357402 0.9448865929690549
31.62654192657211 0.9557479007340574
31.210835240137726 0.9124584112365846
31.781783379085006 0.9172308901934445
31.021026620808172 0.915633957477162
30.85719010140685 0.9164656862322039
31.044274323674564 0.93554431790907
32.67781779933018 0.9179765002435553
30.512148449932006 0.9267271504128881
31.166935915845514 0.9174411096320738
29.162504083954257 0.7679770668700281
30.278326318559465 0.8981816814012934
31.0512429253153 0.9356905047623059
29.809302130568767 0.8606144304643683
30.32804195046248 0.8643356905366351
29.58851238104314 0.8822356774805691
32.26004326721282 0.8973622107120374
31.133405195435685 0.9453985839727571
30.43148931381292 0.7944539299284025
29.182598227896133 0.7568069065437423
31.493638795507643 0.9323336537987805
29.12056777199591 0.7984189386727941
30.991320388018888 0.9278906786235858
31.735576752980744 0.9475546023996622
31.74307566342385 0.9644059104249512
32.80536958197259 0.9066732301241619
32.11828332781661 0.8786110108442899
31.01739658648556 0.9294129708474818
30.43182792306812 0.784007105385712
31.592971495584447 0.9370725900679361
31.754648343089237 0.918344385761965
29.300703388891446 0.721270193944135
29.84833598253795 0.8658473066618354
34.09580676791863 0.9704557031653089
30.882642893354042 0.9053515266998936
31.67525992626025 0.9475895923575813
30.612565840226065 0.8726038043369221
29.16032791000403 0.8017850937108306
31.49502452865949 0.957084594698195
34.06303980840843 0.9708968351458405
31.163139708593796 0.9473651333495946
31.715262637035305 0.9499041270366042
29.972496465540267 0.8831912707858453
29.955148739383645 0.9061570589788271
30.27025941251145 0.8527527993807981
30.75941383902983 0.9311111461688911
31.0624319851265 0.9338256087235901
33.15161119045033 0.9372957916890078
31.10990161504354 0.9168351964757088
29.170856805285027 0.7682090009621652
30.235203459095374 0.8952144059467309
33.07300378161968 0.9436423744594857
32.0846212620076 0.8966882695640163
28.876778942365814 0.7734053410706064
30.81022866292484 0.7896275367145825
32.75869688225332 0.9204225943867957
30.388049741488217 0.8611717883471341
29.831364068620168 0.88880907747725
29.468243028884782 0.7972466620746075
31.747740576271056 0.944150829278023
29.961187044421706 0.8704567967469032
29.051972991443805 0.7718177969967933
30.845042416061577 0.9236065903710915
29.050791212263416 0.7379613254946965
29.863747982521616 0.9221878081803291
30.292267268533102 0.8974106500892252
30.19459454409525 0.8946838321211813
29.785963406045873 0.8814662906905624
31.463370426805447 0.9567622475770934
29.17862939181079 0.780812193272085
31.28964930326118 0.9411146546003154
29.628757246752894 0.9058777202442674
31.796422596302957 0.9191191283556388
31.586628295002377 0.9374586473936161
29.236705861039063 0.7714390302696981
31.33161020817646 0.9361820121443426
31.54176550659869 0.9356754648120196
29.294922918598516 0.7913007845952401
32.34472432363466 0.9551650705898815
30.20165095724511 0.8926813800672916
30.298845792590917 0.946368799689434
29.238344368207223 0.7236503784943723
30.03425678078266 0.9090030305595078
31.86444818740184 0.9540415267032508
30.91740823433433 0.9110689338807156
31.868667561864598 0.9522636539741735
31.661873098320502 0.9665132671717854
31.07148863275767 0.9366553969476954
30.49593429414336 0.8202277193245187
29.21050407405616 0.7604555846614051
29.488691187216332 0.8904759923153281
29.272175930298687 0.8944062349081852
31.526030916649347 0.9288606693643484
29.328939248706938 0.7821829427240123
29.845793996151855 0.8623203570830036
31.2903669273987 0.9358059587877354
30.879323213586524 0.9126466033524806
32.736576690471885 0.918688114330537
30.04198622307461 0.9379632084076489
31.010807134670838 0.9354712506519676
31.537689846822886 0.9217551851157388
29.23822771951911 0.7618263405775764
28.826328987694918 0.7756134773168559
31.564991901180615 0.944932797602261
32.81134655097539 0.9580607617192364
30.836871993439466 0.9200255077749071
28.857572256404588 0.7472900438622481
29.01652077370164 0.7598017978600775
30.5967657173396 0.8954205545721451
31.16451318548991 0.943952114757806
29.022672379736786 0.748393159952078
32.802415162013304 0.926797403765954
29.411852892085854 0.7886929054481385
29.06944217892815 0.7535557107023507
32.88416463725311 0.9308398205631379
32.71144649227406 0.9177654790817826
31.05031005552144 0.9348516582874742
32.26832460632088 0.9171602261280507
29.880230154747952 0.8809314904581288
30.377788247914022 0.7751455288752449
30.76885213819193 0.9040057973079392
29.723648766671037 0.9128892697714615
29.062703670173526 0.761421493890423
32.054029088515094 0.9175394967935556
30.581162702528452 0.8794153265893738
31.625753459786758 0.9348893085357438
30.68864239195546 0.918491403810843
30.248573663856753 0.899302105928452
31.65076211801264 0.9574447618065067
31.89418031231874 0.9491619259147852
31.159445477763438 0.9312532355655903
30.63932403190206 0.7911350104338577
29.631747624601758 0.9224572086768943
29.946803296956993 0.8654859908184437
29.743702635779876 0.9080257874965089
31.09694971208526 0.9383123435534282
32.80817927572259 0.9017855759701799
30.830830629225474 0.9044922025359338
29.974372264656708 0.9293107011225432
32.24776483781426 0.8984348872184748
29.640321955837116 0.9159673125724831
29.88227083969892 0.9410678435694029
30.126771400029078 0.7701034262638906
31.453856981310082 0.9123569828804298
32.03433346924303 0.9048832539528174
32.26086924942954 0.8920716523537042
29.925812364574 0.887457144811636
30.884460228941165 0.9167164825718438
29.6266571258532 0.910063591281916
29.57242215386579 0.9063705086459197
30.72561580190788 0.9358379236217549
29.197747292208195 0.7985256345313978
31.311883842171003 0.9380087288992446
31.51479786528251 0.9573000381307751
32.508243520865896 0.9724238758688072
31.2917543352888 0.9387242705552408
29.07835363267301 0.791700143759052
31.84777724130152 0.9652491773929308
29.18893223371212 0.7468242977830175
31.160162845188417 0.943670920753092
32.71037076485874 0.9180126949364678
30.06147346711191 0.7605566344799266
30.725573496623984 0.9308065003200064
29.459166295403996 0.8015908395624508
29.16139377310796 0.7729230218783576
31.639543988432408 0.9664991031320456
31.63770694581913 0.9657556327387239
29.14677510974704 0.7875643633277093
30.478916730388445 0.8999088952325331
28.944453117296575 0.7547217924111831
29.5693016965186 0.8846886374427217
31.60829478279021 0.9521121002605455
31.662474284836488 0.9642907937636793
29.84808956310733 0.8597547357858775
32.62224423496118 0.9178219924597719
30.326103862361144 0.9179029293097964
30.937683741011334 0.9186098354771554
29.48813661236956 0.8851317601509061
29.40761058487693 0.7898427245475499
32.94147959312689 0.9350626937268759
31.83643838449455 0.9438328746454188
31.54123434901703 0.936493636724849
32.55137098543874 0.9239887153960185
31.81619589657323 0.9412627724010422
30.649958506256606 0.9017338860489679
28.781789525774354 0.7419631711721775
31.862047529324514 0.9430515682523893
32.515826608409036 0.9538388211428771
29.46207412619505 0.9039145111985353
29.48148196993614 0.7900255451059841
32.02650607727668 0.8952236080840595
29.152366112228833 0.7922115111460718
31.429120904639948 0.9478983661003813
32.30041209100471 0.9549790300056638
31.163920561914328 0.9421662785087839
31.020495199939134 0.9340088813338385
30.425719067384513 0.7892603701987714
33.52871725862605 0.9526533014185906
30.30940965307956 0.7769873334950804
32.97909173174134 0.9355831955376231
32.97599368388958 0.962748716470856
29.134952039169733 0.7382945469296234
29.1256381198483 0.7766984366151706
31.902721040261973 0.9455712473320095
31.648769124669126 0.9466497470234632
29.045917455622092 0.7358733276034812
30.70429977411756 0.9359776803769102
29.135917378017346 0.7087057313933817
32.4988831904383 0.9158628169802956
29.65400578501571 0.9058105198315793
28.90963817497528 0.7464084225644567
31.00661796436634 0.8206332837160039
30.715142648220713 0.8937793278524506
31.666221420113004 0.9612288836903591
30.426269922585227 0.8020635108545459
29.582208678886268 0.9037849740159428
32.11072601744451 0.9033515207413741
30.23470667781539 0.9123516215450095
32.02882142046992 0.9162859665414307
29.940497480336962 0.9087644982980471
31.88764476023415 0.9550656745556825
29.186132407050795 0.7664218813872118
29.689681053154132 0.8845763904597601
31.620781657452195 0.9628832216845225
31.30711458063061 0.9384954044838117
30.392742080243625 0.8709305601160605
29.805257126017803 0.8712727513255935
30.74142578969992 0.9312148296421876
30.71337770574108 0.935253597920894
31.7229946107771 0.9658307662125164
31.38595233405929 0.9411754569895174
32.69406051471626 0.920270684254409
31.147820352055746 0.9002785486614738
32.62321759620332 0.9458396716798165
31.411219527104844 0.9477923019236895
32.31540985839778 0.8897302347098657
29.36104189864192 0.8912213529416343
31.62621362086195 0.9382534349671424
30.723060834832474 0.9316666986847393
31.615996820552 0.9371816069339713
30.311460157503433 0.9365542039745471
29.1157899737876 0.7641274567409789
29.76044760526208 0.8478369895061042
31.485737448551255 0.933049022326012
29.171977342313724 0.7544331598064558
30.51917011327759 0.8972165000920191
30.831545713394284 0.9263173390534399
33.89606605754469 0.9687688079491286
29.212506778542178 0.7763581505919931
30.137469514680554 0.9206452459322784
30.380471264781583 0.7967925550706019
30.836698650137446 0.9037140835663777
31.586136553570903 0.9227695387450227
30.751111420437912 0.9361846905438508
28.937685008820083 0.7460876121788634
29.270169659318537 0.7818326497972348
31.354029379141302 0.9513862551064983
29.861090613267663 0.9139308852087429
32.247196665597684 0.9145997632428444
29.820477755867838 0.9189550593010631
31.671806076622794 0.9665290996018665
32.584654595579444 0.9270008728377881
31.405192884151628 0.9393464954609829
30.01188036467515 0.8620816952342952
30.711631848496385 0.9356772106709031
29.66950146313767 0.9031583281796041
29.994161746497593 0.8987092345115849
32.69467638000955 0.9528619962320082
29.24893799058587 0.7636410417332739
33.081291876558815 0.938867372756832
32.460478880243244 0.8785265354170512
31.96302078614178 0.9515397713613815
32.75846270000493 0.9044231013204072
29.770863257654522 0.8593931239427297
32.540147243921794 0.9732899923199132
29.665180738438007 0.9129763934335566
30.295054020334256 0.9322230897041387
31.00057514081727 0.9083489243315211
29.74027197009306 0.9098636589343417
31.735226674495685 0.9665607542333425
31.97271486226681 0.9146506172609489
29.910731805509997 0.8991230298435626
30.013369014181485 0.9162123009665447
30.909958459127264 0.9098042273000141
32.871573065768175 0.9489880199182457
32.27126602570762 0.9473899859412916
28.766457142584542 0.7395886272048116
29.270008715033242 0.7807087730462683
31.303880259640316 0.9392616500351115
31.988628980173225 0.9157840484431127
32.443449318366675 0.9712650638562629
29.06500888210094 0.8464022205564972
29.203221177945412 0.7708995553088701
32.403994116492704 0.8999652894506108
31.76172822422246 0.9645515710717683
30.62075250723437 0.7737327839192987
31.5524547564549 0.9214329843915515
30.489653295041247 0.7677001450175296
28.765278658116603 0.7641439796036481
32.19299497305369 0.9127072838531286
29.20199441607062 0.7974986182072343
33.28946716217358 0.9486461472598657
31.37076887535752 0.9373868254954125
29.93650593706296 0.8912507118548969
31.63179883556181 0.965843392835045
29.845270942851766 0.871498829219311
31.14145086856381 0.9444001650136243
31.454267974257117 0.9310109188310406
31.166435174460922 0.943411502801148
32.20306037446964 0.9133935904189672
32.32840795593438 0.8982074533039898
30.142017313240782 0.9268116739467928
32.2417861744115 0.8787414283142485
30.294805583771502 0.9443554724200847
30.76790198581154 0.9313434121518451
31.565187761704706 0.9399010442402814
32.208068244103494 0.9127752151328231
31.400689071346882 0.927799347300053
32.35290121136626 0.9564307051293669
32.84400333517928 0.9319704256739328
31.281554398228227 0.9274943058895713
32.0095705523875 0.8997598501968871
31.51089855862933 0.9475351575280235
31.44529942884524 0.950299055861834
29.236112001864342 0.7667307284566838
31.212461951604848 0.9149451420135891
29.199178305504915 0.7704380799298172
32.434324004188255 0.9574498342595122
28.77536296637112 0.7393000383644215
29.02069869701631 0.7488062695757588
33.13522079358931 0.9446014560326677
30.282098117854055 0.9105598735357993
32.57433925937251 0.9239330097211256
29.170639264079448 0.8866535686838132
30.30843675109919 0.9373737782696049
32.984265300081354 0.963660871468143
30.73422298117603 0.935384225830481
31.46568264693628 0.9494736739402129
31.426703006476888 0.9444007971201288
31.79894541785174 0.9171930769018414
31.288512519605835 0.9365553835076835
31.50165912147326 0.9391511904672976
32.69197342997629 0.8868895693760742
29.56483152352188 0.8969162296782205
32.258615630836914 0.915527712256975
30.303046118718107 0.77725171184775
30.912276826894058 0.9276009966208456
31.066051311433522 0.9111721793500781
29.122980536571585 0.7453800745672491
30.611614126886213 0.9325469366419473
30.879257873023494 0.9116875689271007
30.275295699659544 0.9134178847419003
29.885535364675846 0.8612971554582998
28.98823201805591 0.7461006949400576
30.240543213758574 0.9404370781083417
29.849686872374765 0.8864547262687165
31.63006830638551 0.9379576958460942
30.248080001261922 0.8960180032134889
30.929829962354937 0.9099664762207599
31.54579514920972 0.9541300856753167
29.712091946620113 0.8893916414194969
28.985483488992752 0.8084496169694917
31.494359024155973 0.9500626905335313
32.71329520117937 0.9157576755598777
30.100525036330552 0.774559999094344
31.592128579804502 0.9657659246708479
29.9798038589014 0.9074326711211061
31.327712379152963 0.9371218965410105
32.801318760218365 0.9222173647570512
31.308643594079236 0.9372662581432807
32.69199138965081 0.8841637293745913
30.86076706363018 0.9177892292542065
31.55215272443265 0.9312955817664083
31.615596038902467 0.9439002272707742
32.39074988294173 0.9663619861921701
29.191901599012166 0.9060898795886696
31.188763697071003 0.9124624209707529
31.524437160643007 0.9503813359549017
32.236123686054654 0.9216778648022647
30.098395825653625 0.8934038345668941
29.89883775405373 0.9146842360537581
31.069260131272827 0.937782167813362
28.695994323084093 0.752389826741725
31.03609734303813 0.9387023762548878
31.072766792893667 0.913920710621098
29.019286919435622 0.7336766844675505
29.096480746451366 0.7282649835066579
30.258989459586992 0.9024334496661881
33.6833263400927 0.9611241237043004
30.77426108735822 0.9151229818150205
31.645653193317614 0.9667220197244276
31.496671688031157 0.9573757370422277
31.48394577006403 0.9571755099119008
31.468608607892516 0.9312900704116339
33.356761213611406 0.9508881607690083
31.063858423521896 0.9341671568590892
29.236880129172825 0.7324063765593942
32.7325244026961 0.919010452504584
29.124245670095146 0.6945602759901598
30.721166402386984 0.7845588170485557
33.5891269967406 0.9593722293248057
30.125533384131206 0.7710297958631243
29.429535334249696 0.7531470350134799
31.496503379500954 0.9319295826400705
32.21870744615536 0.9207206514594606
32.42345205727007 0.9583872077933736
28.94287118652627 0.7677265064917222
29.27950460174943 0.7829196410873818
29.830876334096907 0.895649128212109
31.074537780110493 0.9423861608978934
31.61539183926446 0.9455447818583531
31.38202688261751 0.9250176162419264
32.5484879874184 0.906441958114293
31.025214425009008 0.9148747859353688
32.50732962010447 0.9729432664690387
30.826821265670702 0.9162111150871834
31.476838275320684 0.9458428556127924
30.58077409130402 0.8838199801922739
31.127121994794788 0.9433078441370957
32.715215689748725 0.9027246195461944
33.59495268072577 0.9550718290035403
29.6362448312225 0.8842384309590058
29.077898958653265 0.7814666627300672
30.91684784396213 0.9103425438527475
32.37397927656105 0.9553148371137675
29.010896703311598 0.7326124905066075
31.73528430942455 0.9181647966096878
30.811582818782213 0.9024353095461861
29.058789101132195 0.7351200443616015
28.838606615041922 0.7459921262603509
31.537942057914275 0.9321985541202286
32.06083173243201 0.8792045261592377
29.178707187967497 0.758876603605751
30.672591005834178 0.8019120132252598
29.142974969978308 0.7691245885782589
29.467471728072887 0.8132611107655511
30.0706834311518 0.8900706084637316
29.03455216347156 0.7444658353831068
31.033561489626482 0.9157948597790244
29.47036704824005 0.8875345688752875
31.397100165617967 0.9398024909869663
29.116323706389345 0.7635698185858851
31.270226636323244 0.9246526744298288
31.584971342353697 0.9333808346660071
31.724573104004836 0.9639779417857797
33.74962436551178 0.9724066219313159
30.253254270407336 0.9194415988286159
31.412468543352187 0.9295284039266768
29.097582254450373 0.686516823211629
30.130918248515503 0.9017765737620447
31.10280747217076 0.9312041443466967
29.734269137636936 0.8520547508325704
28.894592177816293 0.7474328148775344
29.221817415405596 0.747014682963597
32.29486527831919 0.893656912811282
31.657102943954673 0.9545421763501386
32.21823053348691 0.8742648627632001
29.904622907075556 0.9023681681561927
31.25458944360342 0.9435268681982947
32.40386729913537 0.9568766086456263
30.88180553847783 0.9195724768153883
30.124393799079755 0.8934825052209204
32.81673395735611 0.9439265537931558
30.117773759387568 0.7684523604023119
32.67527169411689 0.9605270886879771
30.88239048597235 0.7830601062568252
29.286951882622514 0.7901740320724813
30.413254135526856 0.7761696289701235
30.698983656609716 0.89234665959048
29.215259325194765 0.7881462853675928
29.40145769380873 0.8884714836003009
31.276685417108226 0.9307633023935428
31.519888439338036 0.9221275902846954
30.169607571167802 0.7663991204877677
31.156338731804855 0.9433917083822145
30.26177545884795 0.9396990594270519
31.52325813267385 0.9225913317681627
31.561786334339494 0.9377595993890631
29.89882166272976 0.8697828187753935
30.65232203077754 0.9112050453863759
31.345767590248922 0.9117367133696688
29.424592038994717 0.7938629439458964
31.304338980849078 0.9427455388360785
32.616069299030784 0.9429929589231952
29.722814061837436 0.8690547508482103
30.135873142972937 0.8872647780580676
29.1301418621673 0.7923874288340758
31.495188751696006 0.9205815020274489
29.383995878389705 0.8935592334641034
31.037835309138288 0.9345905240599087
30.04057108032004 0.9530345355207311
33.44323193894113 0.9549835628754525
29.08455242414284 0.8130046034605839
28.912639312670755 0.7415584160325602
31.50029546759629 0.9302871900035972
29.867354093793107 0.8848776815470504
31.492021272111185 0.9569561249385645
31.131829766728714 0.9432096887699319
30.58977328109766 0.8962046887441516
34.10632501989064 0.9717778985214234
32.40326955031396 0.966112003978806
31.544465204481714 0.9575478737228622
31.499559055379404 0.9214182098571975
29.244942051526884 0.7571713660817806
31.827464563366725 0.8760634283183077
31.48853123355162 0.929084919911018
31.520063266131025 0.957454742668043
32.7709853172075 0.9206064593867392
30.55819278972635 0.7786454936341706
32.70004112245945 0.9508438758169616
30.244662874454654 0.9398876920957289
31.458140706665112 0.9261955132331159
31.527440761157802 0.9223812452211885
31.88837775932642 0.9559645042767554
32.58762626439249 0.9449003538074819
29.249732224631792 0.7816668197636928
30.11904251856912 0.9408477258867539
30.823685193990727 0.9028254286640826
31.165003366963404 0.9185327567996642
30.173829601537157 0.7924761453570577
31.51111967355373 0.9168459462525865
29.04959705057809 0.8176004979322111
31.893497955722477 0.9665267861886165
31.38179775335771 0.9419771770001685
29.110163704893452 0.7923797762583659
29.646677031044717 0.8261158601532149
29.995488571489357 0.8832377282463624
31.989420194837468 0.9164840876496687
32.515333563823404 0.9405007108909736
32.493618789602465 0.9725943901104275
31.138931550859873 0.9442540746865817
33.18395881531007 0.9717225883631989
31.86174475886814 0.9508921320844973
32.55209183646164 0.9237991153216877
31.057369878239992 0.915988295712702
31.640910104009286 0.9461557327611689
31.445216110195062 0.9330920677895379
31.538391755962977 0.931391513910611
29.02506082689149 0.7614671341726009
29.22499858167499 0.7385612685738161
32.88772002332527 0.9074738725262751
30.463688663558877 0.8194133241713332
29.21974252050269 0.7663557431664931
29.099606368147555 0.7762733640393412
33.60949293709567 0.9619260204457594
30.2561847465946 0.8996655828608275
30.71600751958702 0.9358321181636592
28.81934574919809 0.7616488674469365
30.936941429995088 0.9336272532968172
31.749269283834106 0.9573293083655885
32.83811763416403 0.959341949457706
29.895703645827506 0.8906114070500937
29.388165765047766 0.7955744394952073
29.07236818105211 0.7721427750904442
32.6150718737138 0.9125733019295112
31.73003644604744 0.9580996442724563
29.509115844987548 0.7914651242010863
29.653286748573386 0.8748432802578096
32.709999405604854 0.9536982430542195
30.352437888417548 0.9216373703875523
31.535546018199426 0.9214118321112789
30.632633683080186 0.8712008954990117
28.996255548068014 0.7363620532713475
32.77645145804675 0.9020634998168143
29.601841125272944 0.8879822688569476
33.379661243667314 0.952802761327315
31.42108464912554 0.9480694589520887
33.65835536259417 0.9584312829914665
31.754539137465876 0.916850605377756
32.42440182069444 0.9670399759015345
29.467441228564105 0.8080594534758408
29.97452639820581 0.9023606771946987
29.000170476836658 0.7294774412521683
30.627363159158477 0.8997449169599435
28.869694708434437 0.7557862244089423
30.62204301610827 0.9324930475762628
30.311989629366675 0.8975658918443168
31.40591923399713 0.9320296577513584
30.171405773100176 0.7731945019249301
30.30611902896927 0.8915526565349429
32.60284347649496 0.9044423879839245
30.711265273996517 0.9359640333834076
29.910612619706 0.913924389448921
32.5136396885052 0.9239257548907516
32.655213004516035 0.9188779283830921
32.63208389466568 0.9167669632072424
30.98277480011778 0.9298128747008236
31.065322377483295 0.9034006412571016
31.637530520457375 0.9581273264264177
31.706447008265766 0.9468040221558753
30.61285690792024 0.8986039762568755
31.511073023898497 0.9211438411388987
32.10147632939369 0.9539208009757223
31.72919986138277 0.9663106302952649
31.017782716569535 0.9154340442000558
31.86583697927687 0.9446540347600648
28.89484450705784 0.8104625499425863
31.519055849296528 0.922234976305324
29.895786832507916 0.8691157211912741
30.12280064427056 0.8759946414715858
28.763580748345426 0.7605159085626741
29.063118525109207 0.7109837855969817
30.371624740505116 0.9065539943190917
29.485475599415324 0.8895199353084843
32.35066046514656 0.9015963949342889
29.799339367437376 0.8877847325676043
29.0754038944385 0.7520148589164676
31.76426920738876 0.9622823679410171
30.917422882487084 0.9102956644911555
30.915916551571947 0.908679671046429
32.242505638127255 0.9021047175631719
29.729739486195825 0.8876311510901744
31.318493873564677 0.9379179024993353
31.76748827220458 0.9661842845373154
29.94643647684373 0.8889600719821046
29.897210257691214 0.8799705662566774
29.016241664609975 0.8097945009275729
32.23061685124811 0.9223386840904719
30.796605011111247 0.8996972713970087
30.69838962419191 0.9355727890590854
30.12992885273958 0.8950708937974268
33.879829567318225 0.9642190951130519
28.773930686442 0.7383437272840153
30.35480715854589 0.927489101335303
29.23121833539275 0.7764854644977762
31.36248422718719 0.9184268065514932
31.18570603142222 0.9446004208278568
29.956540880777244 0.8983189346404993
29.17921344232605 0.7387220803421004
30.322584602529158 0.7955258839273236
31.539561126250927 0.9219349833997568
30.46858946930495 0.9245278665228842
29.77121596009389 0.8676342472354341
30.20924769950458 0.7810837843442029
30.594168831066707 0.9284165626923939
31.73680306892304 0.9440594182208966
30.545315209969708 0.7863587609259468
31.402404258870554 0.9373178806734503
30.607915197246033 0.9261223346066745
31.646441431433324 0.9459764431342359
30.315184346461244 0.9452533837344796
29.182026273626157 0.7675228568721655
30.664226287348498 0.9006468823415086
29.367264563257915 0.8099762792644699
32.72997114910056 0.96357855644327
29.682262303637387 0.8610621626224155
31.876350315799087 0.9539108674538175
31.3918564004539 0.9245807092902709
29.887780347373045 0.9050492313497716
31.31808630834034 0.9386991667919498
31.944417838532768 0.8927804291219905
29.22890853547459 0.7672405931626709
30.763175806858776 0.9184753311253977
32.386725693083655 0.8986902905549272
31.57621616393701 0.9393784503312602
30.193637149385474 0.7770165420618074
30.320137568170423 0.8959200824429101
31.257505324053522 0.9196597844102817
30.96520838368852 0.9301639241473321
28.905232005096643 0.7353521018018726
29.845302095396704 0.8894028083579993
29.82907331148163 0.8811788121554226
29.92030768468077 0.8711184066678666
29.547042208138613 0.8887005760241327
32.957988868985936 0.9386495140459954
32.24010077754895 0.9225212795666707
31.37099230434051 0.9398344736342509
31.792916534786386 0.9172925597350822
29.1614844776809 0.7745249491322094
29.27461348261126 0.9139783521472049
32.04746896602417 0.9576193470556219
30.037275893390053 0.8882823186637053
31.575077597509917 0.9294032174773685
31.053647772160428 0.9161828831952921
31.277679702085646 0.9365595391441267
31.36979971208074 0.9249805699416745
31.92015443129791 0.8917396572114467
29.110067088050155 0.7215470912176815
31.392407727278222 0.9402896092860834
31.48477196473482 0.9344049282590186
31.057730441197386 0.9371279579450141
31.679513697022923 0.9482697484273548
31.724114161552656 0.9176008611493648
29.817943594691528 0.8632532178567912
30.853269935008015 0.90824983221891
30.21845692754291 0.8943073897772856
32.02045208976436 0.9163883270461666
32.336677890658365 0.9560000021397744
30.63819015505691 0.912719786477327
29.08409656717228 0.7113861227282922
29.69685218700539 0.8819659114808392
30.762802499986336 0.931540175024163
29.864712824749926 0.906891785319263
29.069488442012407 0.7479529487346644
32.204148090692016 0.8991127716403154
30.04129156381639 0.9383102656541519
29.23503758838645 0.7783835967054764
32.63672494027533 0.9173605009501857
28.85015876879441 0.7644321357573323
31.298314824764635 0.9234573327330781
32.26709670326547 0.9149023203360458
29.37982104357522 0.9067655885009372
31.47860942861566 0.9342043528617879
29.742107819325362 0.9081117277189741
29.785203377756496 0.8589191788775133
30.699008162514442 0.9355749396820057
29.039352092966922 0.7442650619174855
28.864277093647843 0.7977233463996005
31.04445643278712 0.9365552457674092
31.27858224077336 0.9315581227126232
31.053995149489758 0.9335270549923249
32.58657519253624 0.9442538066936313
32.35976764878102 0.9557848020032715
30.624118313772296 0.9072749756015833
28.960159349562122 0.7965536246321608
29.829243276385988 0.925424656825369
30.04568555249664 0.8887521813735156
29.920260896548672 0.8723203155099841
32.042727510626655 0.9175479989618147
33.00813235485877 0.9493546694949629
31.164946793693858 0.9452386321963594
28.96909889053886 0.8197942728380745
28.999877415031282 0.741292417343768
34.23828313642777 0.9740479755092473
31.59798610526645 0.9440655331601219
30.072696369314723 0.9474121326540879
32.38609872422178 0.8983265207281314
32.70991866171385 0.921348614907504
29.570458500969448 0.8901526248039595
29.8052693047438 0.8617347410510883
29.718584280821254 0.8984923796745327
29.02725573588418 0.752176324504779
29.67176351741417 0.7621668740423636
29.44403580176212 0.8033650337536524
31.42483703501916 0.9364336134347206
32.71642766334269 0.9630017588353427
30.19528843695464 0.8906749714310691
32.00203659308535 0.9037751366936086
28.95654419041785 0.7956627781436103
30.439071894843007 0.9001589709058272
29.586854726647488 0.9046253747929837
31.34255163251816 0.9362896735387686
29.346100557164732 0.7528361746005718
29.94970315559479 0.9435346995449031
32.40758932442144 0.9020966860563331
29.072626264564143 0.7451565207318488
30.913680529706827 0.9173522782341353
30.739925890046287 0.9361766370296757
29.508364117620403 0.9072428643543594
30.757846267792985 0.9148766678559983
31.025197740270553 0.9149567936709404
32.881095603236226 0.931175881647351
29.45130248975037 0.8858400941439619
30.641981928698698 0.8991399922057289
28.86772688425389 0.7584016222918616
31.516454410956136 0.9295765343518714
30.081618013837254 0.7660967955109783
31.469607469443122 0.9482208898498455
32.53904258009656 0.9734982044793183
31.43202599278831 0.925854621232628
30.730604484812694 0.9313567666363964
32.08565131265709 0.879025158873837
29.61125968171295 0.8649380037048927
31.50208862924042 0.950117854841123
31.189850981723502 0.9079218460341179
32.010886510543344 0.9159915476457755
31.005092837910382 0.9143236195258918
32.59053058492897 0.9277342823265389
31.742343820145436 0.945546323818541
29.748614125392805 0.9192792813193993
29.66446350862622 0.9262892548391513
29.05993680153786 0.7671479544028201
30.327821222875553 0.9213779893400702
30.357602390834224 0.9473444210203826
32.872307380697066 0.9293376088831337
33.08712335415417 0.9355228158498857
30.09248821872824 0.8817354098137937
29.080481642418988 0.7502141236949694
30.162375692758147 0.9036607118292511
32.38416170362613 0.9536755049428859
28.768713187630386 0.7293143286123211
31.642013177819344 0.9573925489363949
29.32238341063617 0.7933746842039526
31.547988582574234 0.9415043106524191
29.227934623570007 0.7776228294873655
32.23946372734804 0.9137781613990787
30.0441755810723 0.8914403121953937
29.0365057664485 0.7554767930604765
31.732373064815228 0.9657780326638753
28.783514319753806 0.7560510076083737
29.90646875232432 0.8697687836523887
32.97690015834633 0.933594603394852
32.555064239257696 0.9030644630469923
31.632177450775536 0.9658192699129897
30.398810952317803 0.7959238978232683
31.655931721964315 0.9662419595695323
30.285256139365103 0.8996192452230998
30.453614959501934 0.9355066872615418
31.5275553291793 0.9371802329689959
30.437879556061915 0.7836905320314363
32.11444442323564 0.9567764857722068
30.907016437162905 0.9019271010326004
33.34696355389844 0.9653930625633144
32.76489922334502 0.9530263981623287
30.91039690113827 0.9342204913292981
32.93831537067619 0.904408940915554
29.135137747647896 0.7213934451003761
32.22246858236376 0.8907057777071524
30.87428197255032 0.8997775348812356
29.259340116395137 0.7635781023295285
29.86092662877347 0.8657073028310666
29.0651190219113 0.7457967486104298
31.021685639665492 0.9317680731315288
33.11278840479674 0.9454044776103853
29.79356661562938 0.8753712086994673
29.430666092317228 0.7941642573895732
31.702667945113205 0.9476247145821136
33.21817716968769 0.9494698369907075
31.452851302269494 0.9485727991341104
29.53128775268922 0.8108340271965613
30.294297943027757 0.8013851238225239
33.12298164761616 0.9578224044971754
29.81680233592572 0.8646519354721128
29.53204779663472 0.8056371028271283
32.42358366865246 0.9090168928750588
29.65307223678609 0.8765456302036223
31.49395661071591 0.939415305902204
31.76924507193256 0.9523267442181057
29.049818493624507 0.7312229150435431
30.741508365637692 0.9360052750250177
30.991884400448576 0.9125900372411997
30.086838661677078 0.8918152640785084
32.522220090376436 0.9723195755110758
31.77108116562068 0.962859597573407
32.20847794575135 0.9207833744492163
32.7509262909183 0.9290603785125103
29.855914583752053 0.8822381080491415
32.92331262754094 0.9499696530526496
30.740507140608475 0.9212251770528709
29.286066224187195 0.7812214844070886
30.225754655623728 0.9018220466734888
30.832903607037238 0.9187494545215675
32.81147787164941 0.957092490455622
30.94933670709259 0.8040557004005144
31.556984301881535 0.9601021298888859
29.99073042049977 0.9489403535822208
30.929489655392185 0.9322196185132674
33.541921502465925 0.953751487936579
29.58730742318409 0.9068363136052694
30.95970356112007 0.791017396126433
30.831836407892617 0.7963702596081338
30.998213589529193 0.9153081923360498
28.90320929087376 0.7507986570000565
30.819138209304647 0.9027577718896268
31.002216239333723 0.9271525077154715
30.378942154206243 0.8103598134445601
31.55411630814525 0.9381195516522983
30.342544530507503 0.8760203616665782
31.18891616042163 0.9441390330899456
29.985052067260412 0.8805184151796139
31.913307778482544 0.8858202186228081
30.9028423387792 0.9189673726386994
32.74200875176753 0.9532312872887219
32.512872705305554 0.9231815369866792
30.299083402954025 0.9191621462270105
30.052228537884776 0.7652342008504783
31.57959068701514 0.9225309985343155
32.90950589647464 0.9281050251736125
31.215872650058323 0.9335307927119503
29.123762115488603 0.7401001303265831
33.03440922691116 0.9551909809927609
29.543926679966578 0.8933058879680884
29.348079474467667 0.8961988707159766
32.77244621851029 0.9445045434193641
30.424376620208267 0.7852422044001711
31.595266576539963 0.9446884710102598
31.26148978077357 0.9357180670896557
29.839838983423675 0.8634457844761106
29.963641784598053 0.8866212657846124
32.20037106972674 0.9213888690184818
28.95710551413227 0.786417989007767
31.79088046099537 0.9448457260311518
32.74432534447115 0.9025551014886907
30.775118649628013 0.9319680048575615
28.776255564675118 0.7300875657063678
31.6328656940375 0.935227533373052
31.771552033135766 0.9449194294691065
30.416927926947185 0.7985787360950218
31.111934047527203 0.9436981703388788
29.927748233125335 0.8751876099115966
31.143502409234554 0.9410291021223804
29.175032114959116 0.8042231739158818
31.577948102119443 0.9441605591145464
29.25196679848107 0.7793822252996927
31.457927802477087 0.9416616835589142
32.576527157354825 0.9261056806094289
31.861371213717 0.9510381644712184
31.46087713186079 0.9499178440128537
31.468973567670275 0.9287757190407147
31.382993041426886 0.9372849748826433
31.023733070058157 0.8983422304152139
31.630615875717346 0.9456737117287128
32.41413046382043 0.9703409393994892
31.400589019435703 0.9387180265772764
31.079473808962717 0.9370477188944936
29.247158096316582 0.7166486826339072
30.089405384670723 0.8969298500362907
32.65695654040195 0.9166240222756097
31.29026376902039 0.9313989423157102
31.290936559470385 0.9388397606960844
29.119228942215543 0.7928535146659885
31.13463127265151 0.9432471618706562
33.072803710565694 0.967078083014613
34.12809327499904 0.972028852520649
32.09013320779883 0.8819580174512498
31.39547852414306 0.9263212499325562
30.75186702573358 0.931527389474786
29.515806908625045 0.8877526353102086
32.649032675901786 0.9168727542054385
31.426701176401398 0.9495751666351729
31.910882013198773 0.9572281399184732
30.75878297656515 0.9240364231593093
31.000741324293656 0.9161459682269729
30.46805596800541 0.8998473121594364
32.00823476732473 0.9159346951420887
30.87203050220937 0.9098315780297894
30.842123233455787 0.9160021453412324
29.936079826256247 0.87340866776112
29.142557463978378 0.8493611617587512
30.357507486486107 0.779203846780845
31.97859283146055 0.9137435775986567
30.757438906972794 0.9312069124960347
33.73873712730302 0.9608306095375878
32.825029422068354 0.9581616150306262
30.987805239705185 0.9159524823229112
31.11231250379438 0.9435726325364123
30.975947006772483 0.8144531420201652
29.862675477701167 0.8654414868080446
33.28597261303037 0.9479147039944456
31.72663257239877 0.9170092039295221
33.02338393170022 0.9639578400648415
29.24939116100154 0.7915831152637433
31.99540079996233 0.9541005335471029
30.726027715997127 0.931208615174361
31.00409787710241 0.9305779897928221
31.97212864389893 0.9517692545074993
32.02966730142241 0.8768387167889958
31.07547221204325 0.9147466965376189
31.10345835049156 0.9421315762616449
32.51423636818817 0.9231515486869055
30.613384976263063 0.7973030454519622
29.61635688196829 0.7680251512891918
33.20628032963493 0.9711550559966082
33.175477668330885 0.9459582201363593
31.12740924825761 0.9430440381226257
30.745685578039115 0.9308594586130349
31.95995769079676 0.9528582579999652
31.736804379274837 0.9157050204922347
30.220599395200022 0.7966826462070558
32.580296772943164 0.9489692265513203
29.279393539418848 0.78800498987662
29.051075198249286 0.7594124482431263
31.518738061356608 0.9293533219571922
32.68262489515695 0.9611801577564915
29.90823389057304 0.7999142524828439
31.847716749746454 0.9452536159018219
32.75719543357444 0.9558291679995157
34.04622724890464 0.9717377905501344
31.08966866339229 0.9342503542393767
29.735642035049665 0.8545455347801174
29.92671465482676 0.8895328079810788
32.24332166526549 0.958462399978183
33.893223798275265 0.9744393243011201
32.550240549443565 0.914295712513047
29.400375066755366 0.8098538600661034
31.157178274458648 0.9452509921538997
29.09973184678099 0.8019296615089448
29.940279566715855 0.9049791654915543
32.75752278221859 0.9379361888846963
31.32617693665129 0.9130771187122728
30.78366466925372 0.8887698416412081
31.13263836030342 0.9433318003780754
31.605204249471356 0.9375398352901924
30.20918317463736 0.931540998327682
30.876366932269672 0.9180931810137809
29.674979893579156 0.887504435432501
32.94312441264337 0.9648113707722267
29.9392663903307 0.8710826170606724
32.16413967628768 0.8723678389722661
30.151532212416328 0.9014214866932329
29.4271413176292 0.8050627818247731
31.539934602315995 0.9363154117757534
31.0208129890254 0.9320707182458062
29.581273683937177 0.8741543081933403
29.93873195813056 0.9078470100960953
30.420221128539193 0.7796886047626255
30.01078386098555 0.9114156246306344
31.389730120672642 0.929004063183608
29.819691649592475 0.8914640712108176
31.059900894912026 0.9356302304875216
32.363158019692875 0.9576922462130113
30.08724195783106 0.8902591954625603
33.01859437308933 0.9538582834686825
31.503618319808353 0.935302572092276
30.337226767633 0.7784858416131661
29.847969327376394 0.8744918708094087
31.333821069225266 0.9367921296316462
32.72323133317714 0.8904757519449373
31.360697309462246 0.938841042390725
30.594366250709246 0.8731876062104809
31.388687477555848 0.9233366657195492
31.367055374661476 0.9345781954290233
28.769435190977568 0.7319916293561783
30.746012564663573 0.9359558767903344
30.797374906693054 0.8089007334033341
31.12060909035739 0.9376488328739364
29.142616229666945 0.747407989056902
31.568073792105984 0.9421937141581597
32.27261851748777 0.9575039659128577
30.406837292551355 0.7750571246966977
32.494048536257594 0.8821689824579864
31.901678007440655 0.9545775019542442
29.6178681641641 0.903878275648882
31.457376389215593 0.9262438560094084
31.552938302591826 0.9415298933627436
31.63455318303373 0.9658381512974052
31.39764155431282 0.9367471697607953
31.785658781835366 0.9448949174736246
30.84862273294624 0.8919604762440436
30.242140221506894 0.8886945476934871
30.300416614646494 0.9409480794762042
29.935142269997197 0.8761578497789202
31.425657853911545 0.9315113373153998
31.901911774745926 0.9499771520643923
32.66769184161146 0.915304172933845
31.023101534800787 0.9352571299210648
29.510029742580564 0.8971294101041878
29.322057447065593 0.7928054362781181
32.383253012722825 0.8966433147211924
32.22897137144169 0.8972831974353823
32.00098649459289 0.8995863136626296
30.01229900265838 0.9062746116556144
29.934000079393144 0.9180952331998833
32.389298430367084 0.9013228376716811
29.6627926681065 0.8925208920296998
32.76625219741776 0.9565793546567952
33.6914069483752 0.9577947242372633
32.71211362631737 0.9622527101007324
30.486428874520584 0.9250480320515848
32.5549459843308 0.9606548719321876
32.895411829427054 0.928418243811439
29.49899697952602 0.7961871279643487
29.30596669722877 0.7907460206403993
32.50909304201527 0.9731410423975522
31.307041586076515 0.939242419072191
32.10699616640079 0.8840457248388547
31.448776037495513 0.9266958752850831
29.677757997088882 0.9104847525602733
32.52291177805836 0.9250840437157627
31.389297369201884 0.9450948093050693
30.841948614077825 0.9201018740495361
29.359036035637168 0.9141877652512884
31.41585019759254 0.9479860506618398
30.861054097659665 0.9163959243258456
33.47671767077051 0.955199868026554
31.153995807466135 0.9442970265797387
32.156434382660045 0.8845155706102734
31.75885748301389 0.9522355256895784
30.868229683818903 0.8027601706000097
29.61560485513166 0.8989118138807272
29.163979686674708 0.7950778108116376
29.009835668252894 0.7361151167906924
31.018281044449342 0.9142302281409307
33.01655783596302 0.9325642068178814
31.06719028758556 0.9153347520474561
32.228583211296915 0.9140350860495422
31.072582930555406 0.9193105535707298
31.80206193254715 0.9186436320826022
31.681673844387248 0.9646432136019705
30.076853126699916 0.8872434975724597
30.138437504454956 0.8906665604353239
31.937498892580187 0.9138590791423816
32.699610128962114 0.8993814746656097
30.399600134093042 0.7879070660640874
30.77427709783587 0.9213615329200366
30.779485997381745 0.9319073949389782
28.843679450258787 0.7449426316473136
30.091744164421833 0.9492418765886561
31.556706154268134 0.9444608644377755
31.065510984777916 0.9384109844172751
30.347258110168376 0.9236295720589828
29.63112283718745 0.8906618624924517
31.404976489988115 0.9402949572481382
31.445167712595428 0.9501428435432391
32.25877965214787 0.8930475976791389
29.962089095432347 0.9147130448701337
29.808060813689053 0.8789232046436279
32.60314019910019 0.9388814243425838
29.80109819911086 0.859295768440917
29.84053369535011 0.8648168625480025
33.04623841316493 0.9312813990930743
31.343715817912763 0.9368149727683494
30.727511397672274 0.9356567888594737
31.864440090792222 0.9443321422359893
33.07185695141563 0.9404643530131329
30.85206918964571 0.9188568172965936
31.986220811425547 0.9486293167130357
31.042491621816886 0.9396623311506047
28.933066162042792 0.8104590403536719
31.144525541940315 0.9378668293657143
32.115140593945895 0.9560415204715041
31.32829855997364 0.9428763432447049
29.357224088505266 0.8945233212862722
30.51571572967717 0.9270659054826715
29.257424721802888 0.7786775058314781
31.395588754773698 0.9372776992077594
29.08240126319528 0.7434888582560106
31.017931514895658 0.9171751555132053
30.805943991193622 0.9209303962263068
33.34705420681888 0.953959842725789
31.806181156519386 0.9539937611308629
31.645621115023875 0.9662567294624983
29.300314370160745 0.7789558137094585
31.971016257041253 0.9152092675167796
31.303681900704245 0.9363695798328491
31.42828264919922 0.947984854093951
33.43381799637293 0.9667045183845994
29.010617605682725 0.7428989031824261
31.125369562399193 0.9433656234593496
29.13240294935367 0.7271135841456997
31.548675218457397 0.9552541081624538
31.388418390476787 0.9436509990929123
30.742891811193495 0.9314239769770889
29.306423798815324 0.8922370410040306
29.79905126043853 0.8610144227360625
30.81692309032124 0.8040039782752971
30.869909254142453 0.9089779357983649
31.22948137489344 0.9455192592300466
29.711493304471016 0.9206426698688499
31.994975600387725 0.8995782131966947
29.813714018956006 0.8815136887021301
32.521145484364546 0.9246535654475634
29.493259313851382 0.7926912615418154
29.038441593477877 0.8297009347043207
31.026242050360974 0.9146528372584908
30.21615394318989 0.8931660340115025
31.408383900946667 0.9243038865137487
31.638547546187795 0.9578745122883923
31.641198824616087 0.9660664982351288
30.235384289533513 0.9266908333397108
31.57645704671048 0.9373176202391471
30.268891968891808 0.91051592334201
29.22583438699098 0.782109383115053
31.458238099217354 0.9279897838172068
31.147762571986213 0.9448719078594714
31.080264826687085 0.9424122709760546
31.99043346560608 0.8996798019358858
29.914787577634566 0.9023134205874026
29.165289801553143 0.7866967255594798
30.49774897054828 0.9278711022326182
30.933456934952677 0.9106625254914373
31.68675733847227 0.9639280014062015
31.724212805589286 0.9158537032257652
29.11985652332373 0.7230056903578488
32.402658900217006 0.9564321576630782
31.296879434928716 0.9358183297720977
29.181214679009972 0.7932321949543044
30.12055255870985 0.9049523956683125
29.03609291808432 0.7446756543072983
31.26160870148312 0.9116412017078946
31.238355532448793 0.9447201275846537
30.009112335723927 0.9430105545608688
29.69520159722358 0.8255629362110183
31.790246642969613 0.917143395931766
31.93076701923139 0.8956870241986727
28.70793521379371 0.746490691405088
32.563558931220584 0.9070661851440184
32.98296009125882 0.9329858752776579
29.14664483634962 0.7892989839997034
31.387817993346914 0.9454074661937135
32.89250838631332 0.9524905590553555
31.086500294511985 0.9418689862502102
30.987519078264366 0.8088137780496905
30.873350632535548 0.9095465456289376
30.882500273307976 0.9094873691820421
30.72152525673893 0.7883817470785579
30.46032279366868 0.9237771105569771
31.271170886634945 0.9231492021410153
29.93394232886953 0.937655667641782
29.125969601601483 0.8327201336277879
30.985705782401226 0.9336522703417701
30.42717193532785 0.920653446401034
30.32052127453796 0.913192454304591
31.06626493443536 0.9157855399754108
32.5871648451954 0.9261119719517886
29.045375383208594 0.7545490685855993
30.725463452907697 0.9199973576344365
32.52073345251265 0.922600151683984
30.281791838565383 0.7843119095326134
33.073543440152655 0.9373508855283267
29.21764990902374 0.7063752762886671
31.12971365723657 0.9123695959719691
31.81893754509168 0.9511191633406448
32.547350405393324 0.9083435663183969
31.405987231174652 0.9255051040813883
30.06753684766433 0.8908041086015869
32.15990613975549 0.8997976181122136
28.94579356879192 0.7435923416408385
29.837129356793298 0.9147310736938461
29.672576858335145 0.8731934965432033
29.383332756720613 0.8876911405322573
30.922026205314435 0.911727589876463
30.73061695720762 0.9352521922097835
30.980439694481532 0.9412676429176703
31.37349356626735 0.9397170750776919
31.500521627665037 0.9289092557286381
32.68917303777693 0.8938079396111916
29.15431199419439 0.8370704805571576
31.661146762216287 0.9645788015366774
31.537993378093493 0.921786565693767
29.15938246508844 0.7980176709256982
32.496266190037716 0.9714474706486981
30.030244068470534 0.9431491884407107
32.188007352008114 0.9531191869423872
31.408981680308813 0.9188134593222854
32.615875170159455 0.9074499675780529
29.057269793091358 0.7866362497774594
32.47440016361084 0.9713944085110328
29.537029918944828 0.8804583892516892
31.600487646446553 0.9555063772855288
29.107329788423804 0.7555654042310036
30.602424294918155 0.9332926973222896
30.053387802748475 0.9225520052509274
30.50405353587795 0.8749442874377696
30.477310407721898 0.876882544718782
30.71313598155587 0.8910375140723482
31.855497834995987 0.9449775262737169
32.74726695475262 0.928601546773552
29.35360700229552 0.9027805831959813
31.41522561441318 0.9243680598903012
32.26552688497205 0.9157452996714222
32.594923042006094 0.907902878853018
30.818651873348074 0.7875776464877532
29.60929505299103 0.8180929412006924
29.058636686697483 0.7387607239310784
30.334420658837317 0.9004508850904898
32.21801057836878 0.9121906116557743
30.301803203026118 0.9140245813014382
31.466679296509476 0.9286357818122721
31.621463630968016 0.9663474638361299
30.139034274503416 0.7713696562510293
31.766878640062423 0.9668703084627278
29.331084496085452 0.7898235247146413
30.216194105084778 0.7753793234348367
29.88257242954915 0.8676852064286792
28.865260028473717 0.7765889306367525
30.547375828537714 0.7875440365003632
30.542278862491273 0.9322363692793485
31.98646403171699 0.8992889794683221
29.11027767974784 0.9024251257816746
30.285230577156284 0.9044986563336926
30.75377228816032 0.9199124838540218
29.03530374285259 0.8375129375775977
30.18043749905752 0.8923424175675768
29.870197105072307 0.8853946950244627
32.182359331806374 0.9140604859796821
33.796650783657675 0.9686202215445339
29.32896728555187 0.7967996910366314
29.83213031744029 0.8821413385509382
29.70716182490673 0.9124305656073438
32.87133399349391 0.925217883892634
29.336647160204063 0.7571063916868135
31.584017702675897 0.9438245260311573
31.66792159978059 0.9660073334774472
30.746807709021923 0.9315088897439882
32.581975861587324 0.9261399742061776
30.74379219939598 0.9179322014275686
32.543496845259895 0.9320806962126578
29.6849345756789 0.9098611457673252
29.050627077184817 0.7505932540800229
30.895066371651044 0.9097711404464319
32.77357902547032 0.9203376043060054
30.264422740971494 0.7782921784169913
30.688589379691294 0.8848084845406814
31.97540902550932 0.9162763965739598
30.069095127860564 0.7699156931805123
32.215913695544316 0.9201570421986218
30.9238533079523 0.9089591428105547
31.035980536954867 0.9005615078424045
32.83794033783911 0.9606195118703301
31.85101275057084 0.9649909342118367
31.578930419568742 0.9543489445875623
31.18094183170671 0.9469336482396008
32.79003092036581 0.9061663549857002
32.9897951791053 0.9365291067310589
31.831515220023505 0.9443949491461139
30.972611308181605 0.9640662317039936
34.47913154053227 0.9819703966238181
33.17166743791019 0.9709760115798451
34.035409546939476 0.9401802990828568
36.49949947896088 0.9865468632662464
30.963937631480075 0.9669314446165612
31.207771281457806 0.9435862144414255
32.84415593805229 0.9707118499137376
31.090626964750363 0.9427321078435887
33.17498267391509 0.970918467195091
31.53111843565644 0.9480875419421091
30.83397931759455 0.9638134495109197
29.976521895342934 0.9370445359892913
32.716802446294466 0.968657209564861
34.487806920249525 0.9822503092547686
31.137000863458816 0.9683162793107422
31.260280791593935 0.9671278932848292
36.57097552210336 0.9868347320930406
36.51844246979173 0.9868257599629404
36.629387690065904 0.9843048401516147
30.029095164719738 0.9396640346755932
31.310986533658554 0.9685443673515388
31.293045469130423 0.9439699089934169
34.52746562147398 0.9501291054962151
33.163050095712386 0.9710851049455226
36.530381846545396 0.9865773404383675
31.54821002568614 0.9488943897722555
34.013279708955196 0.9423027037112369
34.512128517577985 0.9823566827983076
34.223722139736964 0.9763280873762457
31.180835763740184 0.9653648576575596
31.250016778049932 0.967667205646891
31.210738597122827 0.9672476038892193
33.14158736273344 0.971108999868524
34.364415722561745 0.9766411066690457
29.931899925043183 0.9375508058380184
34.26805757598328 0.9772119471472421
34.424292488381425 0.9828467519495642
29.956374991667673 0.940650720610065
31.47836496093881 0.9624300452483758
30.771147253118446 0.9093158534804557
32.22766944759104 0.9509244346949473
32.2443598645572 0.9519321574825628
30.047601453248483 0.9394548744364468
31.25350546877883 0.963232048535519
30.884245672695663 0.9634471103854504
36.503743678529325 0.9866676540654314
34.02008532799448 0.9430077917924526
30.634289865137866 0.9075494044305831
36.53617641689106 0.9843201415920849
34.5184422100671 0.949566751701861
34.92205191064079 0.9851000051443208
36.834841716134136 0.9840189180811428
30.901503214689562 0.9633437492844759
36.388207022271835 0.986383614539252
30.956280956185907 0.962131164082716
34.455157079755566 0.9825454291156404
36.5290218065953 0.986664933296087
30.66860515071072 0.9072397502669093
30.89193242597375 0.9626931420218724
34.66881380311537 0.9831722857399794
32.14770553577986 0.9507920809211504
30.800091475027294 0.9104171917300149
32.190027166591534 0.9511553466989974
34.505031378105 0.9500845351547317
33.25925966049106 0.9719948924913057
36.873205161435195 0.9841179655631028
31.46222815522504 0.9459848183197405
30.684062050094703 0.907847540200372
34.527451295596705 0.9501090836982704
31.3519503157789 0.9688673548072819
34.30817594233198 0.9780986418095958
31.53589318843448 0.9610430064676453
32.881207306016094 0.970312003037686
36.680492906504576 0.9839673833513691
29.981239787578488 0.9431515617853965
34.324194133816434 0.978525096015385
34.26458481643869 0.9822931801430187
31.265290100209803 0.9652537087546773
30.874837434160725 0.9627360537901475
34.02636936133557 0.9419460912484233
32.164237271869176 0.9507820474570546
34.39747955225187 0.977233241476625
34.44291355322221 0.9819326884790086
34.197246344699835 0.982185217515255
30.836297404245194 0.910526289061514
30.970953344528006 0.9661758999745943
32.84632889138389 0.9702641426549379
31.421675953524165 0.9663861741981326
30.852477240134913 0.9642741001095924
30.899671710771663 0.962742204125362
33.19647579084651 0.9710880160402521
29.957364767362293 0.9388629570273687
31.002962599462943 0.9625319855764489
32.16540533584897 0.9509358408449508
34.077614070085666 0.9428041351326277
32.13674258305821 0.9512951177612046
32.88857836168216 0.9711618241872952
34.04131203630104 0.9418559172450326
30.820228287593984 0.9647333780814978
34.56472722864465 0.9494296064595333
32.79972300440393 0.9701638821696887
33.20918435491181 0.9715084179929193
34.06912739929298 0.9425588675976676
30.705374319045752 0.9079625147217872
29.824759697131608 0.9353558898990653
32.77280590676626 0.9685456446335745
34.23713237467587 0.9775976658761035
31.178053557885246 0.9676638683490495
33.21358177842425 0.9710468014113216
34.56988871006048 0.9500216173631458
30.834824002303197 0.9636620851236949
34.6103419046281 0.984187085159139
34.05666843741338 0.9410185533882902
31.261574933543187 0.9667388487659533
34.63616613701101 0.9496114310995858
34.46037879193852 0.982974409852779
36.43708427833461 0.9865650251705064
31.17824395654178 0.968951610912501
32.24718192800785 0.9512028145238781
34.069347673602444 0.9420279965352003
32.72703093950406 0.9694318571878348
31.307396481686652 0.9680780169037038
36.737720625608546 0.9844728602835667
31.457578207562168 0.9643975365785269
31.381664628470443 0.9457724276921138
36.94098599343016 0.9846929140542362
36.50625584291617 0.9867148278172564
31.112473655604536 0.9622605733800962
34.425528004714735 0.981945318862548
34.327022538331356 0.9811229867653648
34.199029292444735 0.9822578718114189
33.22554297085149 0.9714527033312892
30.66305391210793 0.9075138597299676
29.77827290063344 0.9356509296219285
32.80593313522996 0.9695421410148324
31.139519632097414 0.9425084196799703
30.871611484337606 0.9632623721737908
34.47128560990093 0.9825933666340695
32.17505069889489 0.9508694623101838
34.39404373107094 0.9502080719395324
31.057741087644906 0.9648157077397602
34.4365610222802 0.982297657649431
34.461858979508484 0.9497742852208979
34.28250389817316 0.9778755202656455
34.33421808803511 0.9777901868004251
34.39341015943425 0.9813693600266766
31.119934605091398 0.956658588266064
34.734316456270726 0.9833672308389935
31.54916681479913 0.9482785112561792
36.73650022089645 0.9843531639714422
36.69873922286672 0.9835028539081799
30.752441258787595 0.9088276838857873
