(31.0647086184785, 0.9169476694008606)
(32.27598638426854, 0.9177735120423952)
(31.302512686241496, 0.9280862065376394)
(30.79412290863428, 0.9358027864051813)
(30.776822464369843, 0.9265209827219759)
(32.24163162486864, 0.9181454626946479)
(32.530115879040544, 0.9569779630318992)
(30.56572536388163, 0.8273057667723447)
(32.25651013266152, 0.9171523304954099)
(31.008625059477637, 0.9349994463561475)
(29.68428779546445, 0.8824486870258818)
(29.24262291394458, 0.8115517345607136)
(31.581733614620667, 0.947570525119951)
(31.61401621081406, 0.9361242019353387)
(29.678035313849385, 0.8967660284509064)
(29.162896707970994, 0.8540150003752716)
(32.44660015015875, 0.9241693205680451)
(29.112899032113297, 0.8268684245870825)
(29.495459541242536, 0.8038401957060304)
(28.807577601752882, 0.785714255418375)
(30.859377144805794, 0.8252424477360496)
(31.084308898880945, 0.9180662098560206)
(29.920657857027244, 0.9161513049427891)
(31.07876373350348, 0.9392284436623127)
(31.49113735490546, 0.90646280328665)
(29.263655347715307, 0.8176067728309537)
(30.588718910159308, 0.9055846879695403)
(29.8478278903102, 0.8301109176517445)
(29.335219881284612, 0.7788399037212944)
(32.1321858013548, 0.9593331803583418)
(29.70709736492887, 0.8529517269876289)
(31.41861246142672, 0.9334774942412167)
(30.205502696503697, 0.9060732114232876)
(30.055780223056292, 0.9195844157891729)
(29.74549457920055, 0.8525838795576719)
(29.76829312399395, 0.8806204622785131)
(31.563802757695445, 0.9339206001704888)
(31.95797140438918, 0.9509835816474036)
(31.46329814169729, 0.9419051884017197)
(29.401629898283893, 0.7720006946204039)
(33.374050748265326, 0.9575546382440884)
(31.58489131080919, 0.9451862817949959)
(29.44463153857255, 0.8216986728731818)
(31.283622454934694, 0.9326910328739304)
(29.745963082903664, 0.8666533941751304)
(29.16491634864679, 0.8478431796129142)
(31.26326423975015, 0.9261934595888844)
(32.698433497345036, 0.9247018715345413)
(28.84444734970198, 0.7943541185188113)
(29.422935396562004, 0.8835806670785626)
(29.652181254442738, 0.8286965275346747)
(31.69671694944644, 0.9521590759458365)
(29.152422481389486, 0.7866056562927812)
(29.759059158116152, 0.8504005765301815)
(28.905634988240863, 0.7714499681845246)
(29.61240180725997, 0.9068715764101656)
(29.03828936349457, 0.801699002032188)
(32.26785887294777, 0.9184277093283281)
(29.1874481299129, 0.8433455306166951)
(29.437015435588112, 0.7999019348388783)
(31.566907746047757, 0.9475754204335151)
(30.451070577506375, 0.9120081384716566)
(28.854152447752178, 0.7656011665261112)
(32.45862445155715, 0.9551999216355365)
(29.320185931563035, 0.8113249376009699)
(32.48053462415885, 0.9103162789985669)
(29.69513895228346, 0.9160038819739986)
(32.2442015415354, 0.9173360904610423)
(31.29168721628851, 0.9348706177598248)
(30.629180550273457, 0.8450232171917872)
(31.473008031039633, 0.9033429558314996)
(30.493952558824287, 0.9153872570572356)
(30.814079955784113, 0.9358519905018298)
(31.84304732896671, 0.9169782008552916)
(29.622071593438154, 0.8327549705571616)
(31.544955384182526, 0.9267419379207072)
(29.276037894557845, 0.8174543000848421)
(29.554407351089075, 0.8992529020234821)
(31.05219726123949, 0.9388128165098819)
(30.67217541220632, 0.9291472441375206)
(28.91456756094696, 0.797015366466426)
(32.095148010840084, 0.9506390416322834)
(29.716742298628695, 0.8805590318003449)
(30.18252143613367, 0.9062251249021093)
(31.604190552925463, 0.943457059628392)
(31.544615010565824, 0.9284923743777498)
(30.013775017965365, 0.9089835402168852)
(29.183630082737718, 0.7874991476180345)
(29.323489802581236, 0.834882163933563)
(32.47196859206907, 0.9080815646446666)
(29.157156125648296, 0.8105275256494058)
(31.7902114888427, 0.9532569087288739)
(29.737114585700883, 0.8399712654159553)
(32.14278833113762, 0.9169797672495748)
(29.68770045863815, 0.9189818744947454)
(29.980345337143834, 0.9098215298924086)
(32.22918050801799, 0.9205359424827079)
(32.74470750067949, 0.9162210551667174)
(31.720463948273135, 0.9351308111596975)
(32.15742819551115, 0.9144691861613511)
(30.357224454929153, 0.9047614753367199)
(31.571113410489904, 0.928472451539798)
(31.310733503002798, 0.9309571899019593)
(30.785535252920603, 0.9352883448789784)
(28.81719788944188, 0.765732044463056)
(31.06131444483376, 0.9302271168952577)
(29.163197176246637, 0.8149719688864138)
(31.673678265892534, 0.9389330605070565)
(30.863640669277565, 0.9021673217467303)
(32.33030862064218, 0.9201462403370608)
(29.480493196558353, 0.9053525748616096)
(28.74714656569949, 0.768046910051777)
(32.13571219496711, 0.9164205630283653)
(30.964792071296255, 0.9331228186390477)
(31.781469603945837, 0.9199934830897599)
(28.794208219322872, 0.772025522893703)
(31.193589100643102, 0.9259032833331557)
(29.203712016302738, 0.7950158269330729)
(32.25133917352068, 0.905612494538208)
(30.61868185569375, 0.906256794343979)
(31.478923676221505, 0.9335558118035134)
(31.68628035626845, 0.9491166526486741)
(29.677412599357943, 0.8510287378297426)
(30.753138849094547, 0.9339605948857007)
(31.4368149582359, 0.9330038659766399)
(31.351967105034568, 0.9291930410890582)
(31.608917224905795, 0.9324355768447442)
(31.381628102854243, 0.9388832385878133)
(31.26199778581904, 0.9476342643244011)
(30.621800240407538, 0.8408007289598013)
(29.80314295487727, 0.8808826386910991)
(31.262905882759284, 0.9328348595666341)
(31.83176432617788, 0.9481338395561374)
(29.849194530522908, 0.8935514969722798)
(29.574887278508683, 0.9026994137884443)
(31.50409242216972, 0.9103640059893553)
(29.439488827971232, 0.8794814075755101)
(29.41560598507806, 0.9051497413481401)
(31.26573859098272, 0.9243240589908065)
(29.90054162623807, 0.8888959498910234)
(29.181372729807393, 0.7909267450772582)
(30.797175691697536, 0.9257328345845418)
(32.35466420070506, 0.9101100980331702)
(31.27343657095453, 0.9387441603515498)
(31.446165486087953, 0.914572448537745)
(30.577332333302234, 0.817808290181878)
(30.927661539983692, 0.8604817975637606)
(31.280576331237548, 0.9249293435091946)
(31.71932282512786, 0.9359758161651733)
(32.19711667194067, 0.9083227710889002)
(29.631891881158413, 0.831315311698035)
(31.54526349858992, 0.916956046365964)
(29.523750510501596, 0.8049883411461911)
(30.87021165116151, 0.9306331885731385)
(29.28865103373443, 0.8167187854500231)
(32.81520937343987, 0.9486033983179261)
(32.70393140374212, 0.913462923164635)
(31.92702900764904, 0.953449288643768)
(31.92044148068643, 0.9558463075590777)
(29.916798464723744, 0.8422102035846936)
(30.581748446517317, 0.8159999338848146)
(29.495744229207457, 0.9089187704503668)
(30.70978092481598, 0.8202833144870644)
(28.866595031956173, 0.7778836979292983)
(29.49626144705716, 0.7994615537281459)
(29.476793821910825, 0.8019709062074047)
(29.602103016131295, 0.8268753297013128)
(30.46333143520535, 0.9159572057856947)
(31.725256871215972, 0.9429520366062086)
(30.541256355876378, 0.9177068333118827)
(32.39521465453028, 0.9049365337149746)
(29.133834896732203, 0.782721944995842)
(32.47225262564815, 0.9244287174416156)
(29.350323073296735, 0.834634610143445)
(32.0964720115377, 0.9594517709476124)
(29.15331527132387, 0.7971758521688875)
(29.475231386527522, 0.8365595299213885)
(30.645694966082885, 0.8211113549256321)
(31.254234439901623, 0.9379367925011807)
(31.83726236029999, 0.9503566395948829)
(29.694763306320514, 0.8374495132245017)
(30.786858828917186, 0.9339366817871672)
(29.84428583239627, 0.8410498465083508)
(29.617568117929064, 0.8274043673440511)
(32.927359112218134, 0.9229893113398071)
(31.1070576365261, 0.9334034715829121)
(30.822088152420214, 0.8573248566422285)
(31.063063375283356, 0.8616723727811437)
(28.80481027171279, 0.759051630977238)
(28.75233770940103, 0.800074368178532)
(29.29640443377985, 0.8238221757956692)
(30.984871187618218, 0.9297328477568745)
(31.06201213764653, 0.8621686750517122)
(29.67853106167937, 0.8738871586602599)
(30.824121118224326, 0.9301603499222982)
(30.37057848806579, 0.9075292734985756)
(32.7671038863593, 0.9148946160955511)
(29.47115908415499, 0.8050686345665206)
(32.03640624106819, 0.9544012974108795)
(29.73224312494789, 0.924698234268045)
(30.32373860170694, 0.9096103678973998)
(30.004049740449375, 0.9094976949599648)
(32.87536552485128, 0.9504717199605754)
(30.000967743218983, 0.9178432757200424)
(31.606569141358452, 0.9299225534534031)
(32.23158593566438, 0.9017436775454278)
(29.504602532982368, 0.8560249953413218)
(31.528664641277146, 0.94427787492829)
(31.05686564458935, 0.9328454609789745)
(32.46813052841695, 0.9556258350359073)
(29.227786818386384, 0.8100222859249377)
(32.23962298113788, 0.9165350340754923)
(29.352062149194992, 0.8218089454820989)
(30.827096234692846, 0.9233617533057938)
(30.01011508563003, 0.9097682648064908)
(29.574249512568173, 0.9015631951980745)
(31.530318051480812, 0.9454818633932089)
(30.43634564237197, 0.9079333092756696)
(32.43383666403836, 0.9236748369752709)
(31.472428191067472, 0.9426226515656723)
(29.36929987075871, 0.907375171526286)
(31.79582482863603, 0.945702171892834)
(29.142442458581957, 0.7993361295654386)
(29.680769258913035, 0.84850716019807)
(30.840936226643873, 0.9386482779915579)
(28.927337200028283, 0.8135591615918787)
(31.435221207577605, 0.944888897560721)
(30.187046753610687, 0.9067294310119343)
(31.11793052681213, 0.9273925671568183)
(31.728428174801067, 0.9326861084272426)
(29.680112897996462, 0.8907803515191681)
(29.261553888060345, 0.8158579730627177)
(30.01264587953226, 0.9089098543118921)
(31.719637362741615, 0.9484884624367766)
(28.823507813634073, 0.7855158160375774)
(29.231950819454585, 0.8172841984933145)
(30.617483735029538, 0.9061139103238746)
(31.472050612292403, 0.9082002835430465)
(29.4650574901572, 0.801587104618732)
(31.109351552677587, 0.9272709804986677)
(29.14763046428567, 0.7942255022129782)
(32.48632154171298, 0.9116849999685622)
(30.487203676747804, 0.9173797433448371)
(29.93305410576006, 0.8982899882810669)
(29.697914006870132, 0.8691186550015598)
(29.987285599932466, 0.9083593295488747)
(29.2318545830247, 0.8243613630205359)
(31.13244139960309, 0.92592733227803)
(29.21164807572147, 0.8084648430306264)
(32.25212624691125, 0.9168007931904799)
(30.59955601461079, 0.9059532841417731)
(31.029821864825312, 0.9153717260972349)
(29.54679845496131, 0.8080043355806587)
(29.640034908361443, 0.829290579678737)
(28.87323351727335, 0.794237750537851)
(31.018924374515656, 0.8340855774269619)
(30.789762686878824, 0.9296733589038978)
(31.227770775749125, 0.9173412377402554)
(32.92655511435479, 0.9458224004992902)
(29.671921937926772, 0.9011134473473711)
(31.27239910172009, 0.924876047002679)
(30.885403379141536, 0.9035634231592918)
(31.789330738692726, 0.9179600361295841)
(32.51930341668383, 0.9080023400898858)
(30.727076235696167, 0.935010735671378)
(28.7600863929182, 0.814748788343897)
(29.82388951686967, 0.8389249663615936)
(32.4731254078892, 0.9078897387315854)
(32.74297711810525, 0.9253938958673266)
(29.67292737092855, 0.9207749218934103)
(30.618939905071674, 0.9305990169290476)
(31.296308430909626, 0.9458194192791042)
(29.716236409894115, 0.8821720707384991)
(32.027766577776895, 0.9476071193995287)
(31.802713774638626, 0.9387431810029149)
(31.61840037479008, 0.9431685366814664)
(30.72469607932362, 0.936117254913715)
(31.340224795536397, 0.947051725715178)
(31.13950507184326, 0.937272806824745)
(30.880043907234068, 0.9307530784865846)
(31.082315272349334, 0.9281656473231001)
(28.904752604562105, 0.7741080477616803)
(29.14184981447995, 0.7960099686863965)
(29.548107601742345, 0.8725909303902918)
(29.15354766893526, 0.7974725949562653)
(31.520506753183636, 0.9333379644639802)
(32.20471868525841, 0.9185772800008003)
(30.815656300955062, 0.9353241721219069)
(29.445766427838752, 0.880372583863292)
(31.610359966967728, 0.9301311748240207)
(31.213702133304906, 0.945314450425104)
(29.080915438054046, 0.8310446846465906)
(31.327586566319678, 0.9362468100148184)
(31.726844031146165, 0.9530751930958034)
(32.224801383251034, 0.9193381966875899)
(29.504442066742467, 0.8059703147151828)
(29.185892979255446, 0.8109623919177171)
(29.705778403630482, 0.8329381037732043)
(31.882514178800285, 0.953757213221707)
(29.648742297535428, 0.8315716218990005)
(29.962970865931908, 0.9127352453562625)
(31.2851919318121, 0.9319011712634369)
(28.84513307092289, 0.7683320021458716)
(31.1154850029519, 0.9329023865903983)
(30.934550492440994, 0.9247312639604088)
(32.227531904468435, 0.918574160853432)
(29.511945059273707, 0.8080916474045767)
(31.80255512855019, 0.9446329783662627)
(30.418918591036224, 0.9110232198262073)
(29.371390666349765, 0.8844986042386402)
(29.660058031276982, 0.8322047062122909)
(29.428356161864514, 0.8611364007662898)
(31.11265524227406, 0.9254611036083755)
(30.8818246408544, 0.8241127190850841)
(32.523079417026594, 0.9112566770863201)
(29.72136777109229, 0.9209546042952793)
(31.127774534562228, 0.9276852678365877)
(29.201541961475243, 0.7874269281669295)
(29.937606574108017, 0.9076985674794051)
(29.74703366477685, 0.8545597791363516)
(30.166382357763727, 0.904455152867037)
(30.845165936536585, 0.8965249314728153)
(30.987378485620255, 0.9314138101639657)
(30.73382485097184, 0.8930034962281477)
(31.22814431076862, 0.9446303274840271)
(32.73410760532738, 0.9157458656950754)
(31.48176126877338, 0.9153741162819403)
(31.1202307631345, 0.9272016916709408)
(31.290597786400763, 0.9409278671726323)
(29.23113021011777, 0.7819840083493973)
(29.16071707901772, 0.8043654560734246)
(29.477011287713914, 0.8399273122604611)
(29.083508452532868, 0.8439834125586148)
(29.756774028497688, 0.9174031326089123)
(31.584480421083377, 0.9314152495287527)
(30.643677846347067, 0.9232009462198318)
(30.815858485438, 0.8952353287011641)
(29.517174930461923, 0.8081014385928894)
(28.99596885006586, 0.7957077090831861)
(30.898890489711412, 0.9315160391504451)
(31.905608467673435, 0.9558168914236131)
(28.845293155455632, 0.7609200773120663)
(31.117170395366443, 0.9265523581214626)
(32.021188265776146, 0.9482475590985191)
(28.858490693868898, 0.7892647653472936)
(28.728600344935384, 0.7613337353125529)
(31.02652521152274, 0.8353286209206808)
(31.66734319320375, 0.938237725734266)
(30.446457205003213, 0.8274643628749833)
(29.392905240320083, 0.832787330725922)
(28.779648880184663, 0.7720341793194616)
(31.874207471588598, 0.9476103462199992)
(30.703361314647772, 0.8920293437288107)
(30.568836733264003, 0.847711912619617)
(29.57929625838495, 0.9008162627766385)
(30.995669096281354, 0.9420181066273656)
(29.760338292068226, 0.8766576853481736)
(32.355059262836065, 0.8995979894371249)
(30.87507409098321, 0.9032438118854773)
(31.965024230084605, 0.9521394880441828)
(31.250403653688792, 0.9343002795199375)
(29.314880615150148, 0.8202712009708191)
(29.00578014102582, 0.7925849481793046)
(30.704455773277775, 0.8916348761990273)
(32.41699878532949, 0.9245096213924929)
(31.035905548547717, 0.9380872949218355)
(31.55800873015351, 0.9501743627370105)
(30.916611611991822, 0.9041081658962111)
(31.563746724547627, 0.9146591905172129)
(29.214155604867646, 0.8040461099501878)
(29.18490700358552, 0.8485724765868876)
(28.99279865704699, 0.7939151743193427)
(31.15763752623633, 0.9174423044240566)
(32.00193317357383, 0.9513196730381845)
(31.655689927436725, 0.9530021442107175)
(31.328938201540836, 0.9427215020964029)
(30.789156634543765, 0.9290356629017973)
(29.1359242174995, 0.8275275028977983)
(31.135105828927493, 0.94366123653423)
(29.302460669777084, 0.8227750339923403)
(31.504614398246275, 0.9439610853664857)
(30.733090317223215, 0.9336378109503032)
(30.93166525048554, 0.9345281449729834)
(31.521731486363876, 0.9432894471240423)
(32.285118411305355, 0.9206435289626377)
(31.63119548577952, 0.9318515966717155)
(29.315096124645585, 0.7896201186974062)
(29.445270263841756, 0.8411354632898156)
(31.298399518111367, 0.9212437333562301)
(32.425506109835844, 0.9235364873152294)
(31.561304633632922, 0.9382714060365122)
(30.826074819201526, 0.9321878618397993)
(30.505523476454574, 0.8336434527205523)
(29.136290865505543, 0.7949298524329383)
(30.864597263285933, 0.9020831656856374)
(30.85289762300419, 0.8573504236287375)
(28.637511366811715, 0.7997237875137453)
(30.48487256375661, 0.9134175546858397)
(29.434196236238485, 0.8868386060629683)
(31.262912638396294, 0.934855548061066)
(30.67239128005855, 0.9225157864286042)
(32.222252808465015, 0.8982147606129016)
(30.80519821633151, 0.8193834493437757)
(31.44856297878225, 0.9494399152738106)
(31.62195811278863, 0.9328330102760973)
(29.303795279602124, 0.8231234654323207)
(30.75485391933219, 0.936645333850859)
(31.285294379305007, 0.948478384371011)
(30.98924184552034, 0.8254861684843782)
(29.215691579064803, 0.8089719679298152)
(29.610455734778576, 0.8206001639341932)
(29.4393894251556, 0.8832962521047689)
(30.837543331324365, 0.930909799549346)
(28.832489729663934, 0.7733006045353688)
(31.111904260390475, 0.9367203057447566)
(29.20474908331608, 0.7819180207815045)
(31.74118250581222, 0.9366617913810902)
(31.56765724362868, 0.928099354174941)
(30.485979385542347, 0.9158832730333845)
(31.289413766326213, 0.941951885417936)
(30.9336981692323, 0.8220203836003352)
(29.77599098989007, 0.8781501314924681)
(32.669915919311876, 0.9081595907006402)
(29.250733399237472, 0.816076223805818)
(29.18270829771338, 0.8551685453105049)
(29.020614391056867, 0.8153300863319718)
(29.350860514299942, 0.8539446337145552)
(31.090957550147124, 0.9282548400755166)
(29.38201919824481, 0.9102016402646202)
(32.74709704920219, 0.9260623207169235)
(31.10109396853481, 0.9259073295674117)
(31.010471508653335, 0.9146629624527913)
(30.711508704987352, 0.9234590158587632)
(31.779357176713432, 0.9479054391382641)
(31.246548444638698, 0.9385283188745646)
(32.45044084628594, 0.9101049949321253)
(29.242977282288535, 0.8236287897583245)
(31.241767051090864, 0.9343467916674478)
(29.81533261751477, 0.8840227514595739)
(31.321490205662975, 0.9473644807007139)
(31.313897446288706, 0.947649095075982)
(31.26038206601808, 0.9232530740556198)
(33.08866417516451, 0.9522429155974944)
(30.56348174672752, 0.9222937624134712)
(29.491879658204784, 0.876907397453101)
(30.646510435714227, 0.9244484871934905)
(31.53632421856727, 0.9163395928727819)
(30.819783470780322, 0.8227263620258165)
(30.995594800694192, 0.9152594913821603)
(29.469040313213828, 0.8080593720533579)
(32.218181124961134, 0.9162316685802314)
(32.363888792129714, 0.9198689500691676)
(32.41611575788712, 0.9086936564588669)
(30.890073414356777, 0.9025727601750912)
(28.947584411189823, 0.8438549124569944)
(31.53476576836859, 0.9349168309282991)
(30.952999432086425, 0.9299337184112294)
(32.02359036127475, 0.9553750331525309)
(30.655211339140074, 0.8511225259922479)
(29.87516912229415, 0.9019399153698642)
(28.825942513570123, 0.7619498693238372)
(29.20363431938486, 0.8087803551673841)
(29.68228781801998, 0.8470767651448696)
(31.31207633766121, 0.9221315087384594)
(33.35400879452944, 0.9559344413367785)
(29.14739044273857, 0.8568162300268474)
(33.31089990225371, 0.952806741092737)
(29.374000728822516, 0.8198957493006904)
(31.085527958852484, 0.9247788442549149)
(33.15485665573835, 0.953326801478876)
(31.39966774062673, 0.9311430744081856)
(30.88695869154065, 0.9321066260011057)
(30.718745688181393, 0.8084115543333086)
(29.102724595710203, 0.8301690104934061)
(29.64318376482005, 0.8318630317945438)
(31.62386031895163, 0.9362411394972051)
(29.520163168357897, 0.807703637171549)
(28.686891227330285, 0.767873551645809)
(31.32615994876895, 0.9405785826532399)
(29.453441087339737, 0.8893693220406425)
(31.09740009386254, 0.8653145852480455)
(30.77035629396118, 0.9286041311965987)
(31.746785325141463, 0.9463044217646515)
(30.008098596379405, 0.9108618667311069)
(31.45938454606512, 0.9121767315528815)
(32.52303780112857, 0.9071338960621051)
(29.214972829480182, 0.822658038906485)
(29.682594410563567, 0.8975485607464283)
(29.67673309829165, 0.9005869845006201)
(31.54533402632527, 0.9422218051744128)
(30.895150571824402, 0.9375631491186455)
(32.0093176633743, 0.9578616909993336)
(30.534492980232834, 0.9175373388361879)
(31.77880839174327, 0.9371127663574097)
(31.284595599571347, 0.9216811283909777)
(29.83006469122374, 0.8844850531326484)
(32.165343508432834, 0.9163997863447145)
(31.78390062980602, 0.9383428674334503)
(30.04126451581506, 0.882144454925898)
(31.033638666524933, 0.9158743689052278)
(29.572006029653267, 0.8755246925770691)
(32.4093413851766, 0.9044449898051353)
(29.740647228808, 0.887078112322651)
(29.83431297665801, 0.8909003725594067)
(30.916511264756345, 0.9032292430264243)
(30.888339413772158, 0.8983454515481434)
(32.97527996839706, 0.9266281871033685)
(32.33210191046009, 0.9033229000537523)
(29.264079469231472, 0.8237482691688489)
(30.761008666199064, 0.9351167634853387)
(31.823975809074533, 0.9490953855788834)
(31.001282501580665, 0.8269570652785097)
(29.300149874885303, 0.8165528233830494)
(30.8060018925788, 0.9368629487043735)
(30.734250807447104, 0.933103207159678)
(29.659926238546817, 0.9035641711022228)
(29.259171981058465, 0.8288019108456851)
(31.151371296677496, 0.9430530774255445)
(29.476516408200943, 0.8023983234993362)
(31.011972465485364, 0.8308602215033896)
(29.609180045555018, 0.8984695949352319)
(31.23348774538648, 0.9224463638605594)
(28.798497126544234, 0.790744675662742)
(30.702793017726417, 0.8911183412139279)
(29.589700689414098, 0.9042310575528034)
(30.54394325177908, 0.916652800478603)
(31.297390708553188, 0.9342209765314952)
(30.5744993716722, 0.9182743380607077)
(31.10529685124623, 0.8729106279756174)
(29.56309411098962, 0.8690662481111562)
(30.62624888905798, 0.9065712714806023)
(31.84014012686749, 0.9496239369951143)
(31.01723947939758, 0.9293025125573706)
(28.60178922802127, 0.7908893428802446)
(31.170787779644815, 0.9275162492862452)
(31.129149402552883, 0.9393107038142183)
(29.212669086591994, 0.8059466968937279)
(32.452430065457285, 0.9071719779357349)
(30.77627152002799, 0.9368728390088896)
(29.78488297664284, 0.8400302923734173)
(29.85457513532948, 0.8417505680455212)
(30.440130649248726, 0.9106227918517764)
(29.410061722756005, 0.85013114743551)
(31.288148528053433, 0.9477996832881055)
(31.777638940375642, 0.9205649078777269)
(28.679603278966816, 0.759849891697451)
(28.718603312363676, 0.8196837612170826)
(31.964717647413256, 0.9498019189838784)
(29.55491713336597, 0.8066400182869534)
(31.04864481469012, 0.9178859638578665)
(30.805347043836914, 0.8949044106814598)
(30.091828724921225, 0.9174861272920387)
(29.20753440948443, 0.7865811713977225)
(30.770292047968194, 0.9341550188396031)
(30.805192665137792, 0.9308834755919406)
(30.544726890297177, 0.9171795318534044)
(32.68718003669981, 0.9103589418573083)
(31.687974479521657, 0.9461500306328132)
(31.19349197344164, 0.9190433118541824)
(31.383881795384518, 0.9327508329275895)
(29.434336391235565, 0.906944972527075)
(29.877170283658817, 0.8877872767334727)
(29.222197813258393, 0.8202459835718976)
(31.018266052135704, 0.9346241026876401)
(29.730183178746714, 0.8513246016968821)
(31.152362496685196, 0.9325660898402202)
(29.815840500334424, 0.8909089361249155)
(29.79099766529391, 0.8804151844166959)
(29.257157085558045, 0.7770115525083792)
(30.751431505318788, 0.9342854046138759)
(31.31798516669012, 0.9340654628144459)
(29.454677645025775, 0.8875798982446814)
(30.546064729642787, 0.9165495425784784)
(32.447273338598926, 0.9088045898485622)
(31.330644373103734, 0.9422252579400736)
(29.763930025882743, 0.8715294211199652)
(31.46841366726119, 0.9362437206501801)
(29.727116022947484, 0.8742732316850115)
(29.76121162751543, 0.8402534682215113)
(28.860974317697725, 0.7647013149060891)
(32.42098019264216, 0.9083145270605171)
(31.03202687358803, 0.8419813733593897)
(31.288295952774288, 0.946399393553657)
(29.48582830404932, 0.8778141896307359)
(32.22895706246509, 0.9164440968763079)
(31.96494965392933, 0.9425210333165408)
(29.433790448445137, 0.8026237877111498)
(31.645592886321378, 0.9452420333922912)
(29.198916060815282, 0.8053249477290765)
(30.924738752783792, 0.9304058891768133)
(31.542371907401794, 0.9292630891510099)
(31.786054364752232, 0.9371472653139165)
(31.635355410094373, 0.9431776355367276)
(30.45883170216522, 0.9114670700270536)
(31.48351218120668, 0.9101667075099803)
(29.604765901934684, 0.8316022667317831)
(31.313042805850447, 0.9284523582072238)
(31.303933631304417, 0.9344360295255211)
(29.678343849555088, 0.8986259268869132)
(31.013977322144044, 0.8333382098650378)
(30.606266515713564, 0.9063129647394127)
(31.23374827722513, 0.9217092902524164)
(31.51471942774517, 0.9151622215456456)
(31.3670120521717, 0.9363494429960093)
(29.10751431947134, 0.8297402820706001)
(29.65895913629651, 0.9055839032606401)
(31.195959851264647, 0.9182961130649183)
(31.299050764439333, 0.9440608504675139)
(32.1707203590037, 0.9171833597990902)
(28.742857572131886, 0.8237965286151084)
(32.993395261295106, 0.9250625741787124)
(31.61397958855126, 0.9343986567977701)
(31.86849264353777, 0.9494934384478492)
(29.4954853500965, 0.8046356301879881)
(32.02788707822719, 0.9489198003262237)
(30.70321335922063, 0.9303571598831912)
(30.404486237101644, 0.9117047424211748)
(32.204323566076894, 0.9043378038378664)
(30.139123388922012, 0.9207829401911901)
(32.169229861010535, 0.9168626123689447)
(29.24160461178007, 0.8174452908069216)
(29.679172089801618, 0.8756837529413005)
(31.92792991758128, 0.9495568811273098)
(29.172114730068923, 0.7863799490056779)
(29.310862168970683, 0.7716732591563019)
(31.022482319151962, 0.8338475020668021)
(30.238897835215436, 0.8186808508187656)
(32.99697862604301, 0.9484347276946935)
(30.767044275044086, 0.9335577375992172)
(31.416378714406463, 0.9028777569958573)
(31.300802417449013, 0.941486845759968)
(31.779044238389975, 0.9156427432185466)
(30.851666521214987, 0.896388694453316)
(29.356156975244158, 0.8209911597060061)
(29.739458882881713, 0.8760899950778849)
(29.783639634542784, 0.8744286030113457)
(31.141346617550916, 0.9263707342594985)
(31.57441486013736, 0.9371554326223328)
(31.49191321093368, 0.9521915788895084)
(30.005110025879574, 0.9102473112231572)
(31.525229597375205, 0.9248270059057859)
(31.218837366819262, 0.9389423241849462)
(32.33500376990393, 0.8957004031480901)
(29.783458491546043, 0.9174402013153578)
(29.388744538544692, 0.849791652195124)
(31.26642317242292, 0.934849805063045)
(30.5692513170176, 0.9169816678154626)
(31.06051733899055, 0.9172371201212907)
(30.931945849902757, 0.9362477273555604)
(30.68357055740512, 0.9254399213620964)
(30.724327881567195, 0.8555639157256122)
(29.762482455128673, 0.8836191709551012)
(29.731078543878237, 0.9221259414091207)
(28.71265955037099, 0.7695210684851639)
(32.44545423381347, 0.9066637815365658)
(32.13549530230567, 0.9515434306195428)
(31.18518811855058, 0.9439255939603474)
(30.001117331961062, 0.9185992225195221)
(32.378527084945, 0.9202165201770901)
(30.749584684358503, 0.9343703338249092)
(31.550862888519873, 0.9439823323539736)
(32.38152018337943, 0.9217247343377692)
(32.1455066271872, 0.9175880984520158)
(31.810875398048722, 0.938973858566656)
(29.98617996385984, 0.9089700174561642)
(30.000343084685078, 0.9095838821027867)
(29.830263416712256, 0.8940696091956324)
(30.75949571139931, 0.9336328909031677)
(31.35962346933548, 0.9320313943914986)
(29.262494786338742, 0.8154372504280356)
(31.166235526037944, 0.9182686385514375)
(30.88500003149411, 0.9033621811974254)
(30.75370619721102, 0.8205242619596294)
(32.08829854876932, 0.9604491175046453)
(30.684106780747292, 0.930518018235333)
(31.576044744359866, 0.9438175174138035)
(31.445206920735927, 0.9332229745982483)
(31.27542977246616, 0.9351042989442659)
(29.439193714416785, 0.8884218471664854)
(31.304768686745533, 0.9399558950182044)
(32.91451941786708, 0.922346202622307)
(30.33217176628503, 0.9033643173100208)
(30.89424955278325, 0.8122015596860102)
(29.69913447815939, 0.9164463400997424)
(29.214144426139853, 0.7939082775354915)
(29.453942639949652, 0.9100992957496673)
(29.727156857366296, 0.8827942692603491)
(30.97365843668008, 0.9288060819218255)
(31.05420594073777, 0.9243627818127648)
(32.12622644793133, 0.9152679232366586)
(30.52591857342299, 0.9124269590807745)
(29.853809163317457, 0.8420089980248858)
(30.929004131669874, 0.9363560704702459)
(31.366226906936966, 0.9291574682511798)
(29.452042468230495, 0.8014741446143482)
(29.233112449126438, 0.8069201769621341)
(30.8025426483286, 0.9386697486091854)
(30.83507419251095, 0.8969134623790022)
(30.394244315266906, 0.9100969451897254)
(31.51575852877109, 0.9505416254122117)
(31.798147617257094, 0.918718483847147)
(31.809731260688864, 0.9470992580009121)
(29.440864873865266, 0.8853631583681777)
(30.189410509796247, 0.9058488845629354)
(31.59204144558617, 0.9295033418613425)
(29.298884777990715, 0.8415873951863612)
(29.71164578289839, 0.8390254019579777)
(30.5711642723549, 0.918141301069422)
(29.709643851009098, 0.878069205841427)
(32.7349703269216, 0.9144500678377999)
(32.318253392738356, 0.907856041052804)
(28.834388419621718, 0.7697712666706392)
(29.947486910184644, 0.9039414834960514)
(30.708710976930487, 0.8924972370822063)
(30.698441724522784, 0.8914758211929088)
(29.768473427330715, 0.8534269019177395)
(29.46658363898509, 0.8813543784181019)
(31.034699778963333, 0.9339156859891209)
(30.7207583193821, 0.9327761602835275)
(30.613550390185868, 0.8126138777889562)
(30.937939110071326, 0.9237245909433)
(30.79185119944561, 0.9327861998735001)
(29.311207907212122, 0.815877392986395)
(32.1918794888699, 0.8953908477986694)
(29.76087719535868, 0.8746888156366341)
(30.778882953825022, 0.9345514401209463)
(31.028169468739843, 0.9350591541220779)
(31.23929463069404, 0.9458760226234377)
(30.64836390503935, 0.9075093062877)
(29.36485301227631, 0.8322266173845464)
(29.60420532751924, 0.9016851750824104)
(31.798809173304274, 0.9494275011881712)
(33.50110358429913, 0.9568819679031226)
(30.732966563765753, 0.8470555210822304)
(32.59194518123393, 0.9042877592090132)
(30.908394618899532, 0.8238933304389585)
(28.729123950943844, 0.7961830338685848)
(31.540089887651757, 0.9328450856803832)
(30.771597083604764, 0.9338574347235249)
(31.029759787715314, 0.9365744720300047)
(30.717695291510214, 0.891616901863282)
(30.62863583684575, 0.8182645366793233)
(29.431545324852337, 0.9015455141741684)
(29.518143985607406, 0.8398467473347102)
(29.171580993014082, 0.8026943587560912)
(31.519198549877885, 0.9334583142462085)
(30.637369888009562, 0.922203380648394)
(32.334624437344814, 0.9075805406641722)
(31.635234122542244, 0.9449891424027324)
(31.784678262624922, 0.9183165067349297)
(29.250801778754255, 0.8322805482581002)
(29.852512181955255, 0.9037832735310796)
(29.417712092315632, 0.9090341246751725)
(30.608278456020198, 0.8167913569436691)
(32.255894298449554, 0.918367959449363)
(31.701656915683177, 0.9502082565019496)
(28.973686883910354, 0.8120094273362118)
(31.023393386072136, 0.8339629981659946)
(30.807305803521935, 0.8955687578362362)
(29.164609420131328, 0.7888758036336426)
(29.40090783323063, 0.9088607552875346)
(29.28245223289443, 0.8210968401436227)
(30.939023710129774, 0.8587510024075975)
(32.382832950021914, 0.9217776359818443)
(29.596439518041777, 0.8918112970763719)
(29.490505518453034, 0.8016994754427011)
(30.827661636329566, 0.8243952474295824)
(32.11300847695292, 0.916074787471256)
(29.291850768470745, 0.8102837551815327)
(30.713924611072546, 0.9250303120868794)
(30.837694603055482, 0.8956245337654264)
(31.489248449535626, 0.9234605262059342)
(29.09762810464524, 0.8543294732146733)
(29.21708065542483, 0.8143071987549807)
(31.17325774736691, 0.9449733656800101)
(31.802496261350036, 0.9463091622446512)
(29.216968243997062, 0.7762866913902725)
(31.512999138380913, 0.9273082123587599)
(32.34210403864295, 0.9215067594770061)
(28.712817927750393, 0.7858046909711384)
(29.181842369221023, 0.8240280242221748)
(32.345166718617776, 0.9087980941055079)
(30.74650830665231, 0.9338030445575651)
(28.846407850785155, 0.771142823821081)
(29.396516230973887, 0.9085320933521506)
(32.420291129235025, 0.9045915620241113)
(29.35050385179858, 0.8384669473368643)
(29.97452639820581, 0.9123214419558703)
(31.062968562730195, 0.9316246435569397)
(31.082574780903037, 0.9396050668732685)
(32.084315701274015, 0.9477450282897402)
(29.661957590421473, 0.8326866370410557)
(29.471178138344545, 0.9093815872656907)
(29.994506739027358, 0.851539730907518)
(30.030900247438545, 0.9101773767963881)
(29.8650489628676, 0.8829197909328214)
(29.35398965829659, 0.8361005951859302)
(31.525966318845754, 0.9252086018624452)
(29.69104974256564, 0.914939054561948)
(30.56854584727619, 0.9192967367158166)
(31.054344794214256, 0.840690899696487)
(31.524100262846066, 0.9257035171225481)
(29.18432928507748, 0.8476675097206089)
(30.26124344397369, 0.8831537774108488)
(31.00549393108183, 0.8317686513205564)
(32.00547660777778, 0.950811962156862)
(32.020987160177874, 0.9538192120944468)
(30.74604802880764, 0.9334666456189601)
(29.986116918246175, 0.9126745851119794)
(32.282016804531935, 0.9200517514143775)
(30.201821423873515, 0.9057195266598055)
(31.48996578398389, 0.9435164475926557)
(29.694737309137217, 0.9179049705809237)
(29.491576470163213, 0.8061166798178047)
(29.681382047180477, 0.832773649428225)
(29.47755899155959, 0.9096978465613667)
(30.766343923786703, 0.9347095323940371)
(30.906035033504303, 0.9325019369475728)
(29.42829956040096, 0.7957433002651559)
(31.212394885610774, 0.9346122588053702)
(29.655096733425385, 0.8938340922940978)
(30.938440352985918, 0.8169325680903058)
(28.748565099261615, 0.8019110964948949)
(30.748814341876766, 0.929566107123315)
(30.000232175456247, 0.90983506081643)
(32.53656904200475, 0.9575904444213355)
(31.30338215573505, 0.9209168089231052)
(30.8774394873199, 0.9357862097402354)
(29.672717385843956, 0.8670211391593754)
(31.082432486019048, 0.9179458063385515)
(30.998894307711126, 0.9142957775814844)
(28.949320301375515, 0.7924206011471289)
(28.66681442324768, 0.7942565534642213)
(31.882804510395808, 0.9371518977565658)
(29.523646995530804, 0.8066316675278659)
(30.62681613656339, 0.9229014424360363)
(29.423250367678577, 0.7993755514104405)
(30.873120245319868, 0.9341728832236489)
(30.699771784198575, 0.891967581256401)
(30.616016158532126, 0.9060773314742601)
(30.431083551106575, 0.9093835801448621)
(29.450861040273942, 0.8740927984207741)
(31.14719768358578, 0.9452379480838511)
(29.950888568830543, 0.9112363277798277)
(28.73222640273893, 0.7979201133655457)
(31.99206950440017, 0.9536769304758506)
(33.24984496159192, 0.9570961730023081)
(30.687716314470546, 0.9302900894854635)
(32.92839987709622, 0.9447332264093953)
(32.15525862841843, 0.9156832035194331)
(33.01509250727481, 0.9225088238496068)
(31.070802061614824, 0.917059234020861)
(30.933545694540335, 0.9364938914616097)
(31.404808662948692, 0.9318967169645003)
(29.406042191602374, 0.8583620602877409)
(32.95631672168703, 0.9278117572037473)
(30.49502576347536, 0.9109332293556709)
(29.198847762917246, 0.8207306512986061)
(29.858742673528727, 0.8801892817771954)
(30.982391219228454, 0.8570494109223152)
(29.417672337740957, 0.8503573601320872)
(29.131642649682753, 0.8364268984154603)
(30.819381132500045, 0.8949515673269911)
(32.25240880195656, 0.9192162791858078)
(31.09355229116118, 0.8727095399097318)
(29.258318813066296, 0.8129800557895893)
(29.458666465661565, 0.8038895810815704)
(30.942257038124637, 0.9247441840241947)
(29.749514335316313, 0.8538078286927133)
(31.56638736395575, 0.929339664693541)
(29.449486273616245, 0.8886747350809734)
(31.32470251667605, 0.9420336824790155)
(30.035305648506334, 0.8895598679252696)
(28.901272947870147, 0.7934212117531615)
(30.66284618241535, 0.849457993383893)
(28.92261641187513, 0.800994891360213)
(31.91982776483773, 0.9458701451675607)
(31.33637957462146, 0.9285789949753775)
(30.864458718276477, 0.9318737462686851)
(30.942093895939436, 0.8183545652086218)
(29.848739148090388, 0.8828286349798485)
(31.296621008568827, 0.9207476693617045)
(29.941362310973272, 0.9136319265423885)
(31.270682404936643, 0.9432228900586127)
(30.514650751424924, 0.9188561760839778)
(29.414987921557806, 0.8865262884671897)
(31.334702205167765, 0.9480593620213205)
(31.229273852341464, 0.9364014796023383)
(29.315215981812486, 0.7837002751064566)
(32.346735436061174, 0.9088951227128456)
(29.506823806633584, 0.8511174190510495)
(29.13520037206469, 0.7955092395591865)
(31.254768861963104, 0.9424321542149086)
(30.05649789474294, 0.9150538032281322)
(29.4363410833644, 0.8811692186620907)
(30.598886946069204, 0.9187643195788034)
(30.153681042711064, 0.9049210257577673)
(29.988184109169364, 0.9090634200181122)
(30.85823946649452, 0.8976282483150191)
(28.74223909852808, 0.7925375213187699)
(33.1783812506763, 0.9536654572353189)
(29.64434463727706, 0.8982999619050425)
(30.503148730092754, 0.9162408070724016)
(32.45574397773793, 0.9548463222663711)
(33.23055255842958, 0.9563155720920384)
(29.225301356490835, 0.8046211367498611)
(30.158757658753924, 0.9057287616534361)
(29.830000703974186, 0.8901685602404387)
(31.899164868098232, 0.9432649015553491)
(30.56864497662918, 0.9186821959663093)
(30.17217685490012, 0.9056590352129904)
(32.24624029970343, 0.9184944900322395)
(30.518041192699464, 0.8464779446808359)
(30.101655227280762, 0.9123499727702153)
(32.44664566906758, 0.9245057092962177)
(30.343567174507925, 0.8301707330724694)
(29.2814312502737, 0.7975965139611874)
(29.248041765029956, 0.8112676330339861)
(31.4062319083979, 0.9330804733323446)
(30.574005084115434, 0.9180510847221586)
(31.165635774178, 0.9442235175318426)
(29.643147353484792, 0.9156749453693693)
(29.13401929809213, 0.8285019765309914)
(31.28448608408447, 0.9214285165449599)
(32.49066202219857, 0.9122580584746021)
(31.183518234145062, 0.9179309190004359)
(31.487498935141325, 0.948271810981952)
(30.673960618305287, 0.9319469531961705)
(31.814590758140568, 0.9174727048590466)
(31.861816909377474, 0.9505159292340589)
(31.281609856151995, 0.9212821110840833)
(31.00859264833877, 0.9154480300812678)
(30.317009841083753, 0.8234620521629019)
(31.29718583661969, 0.9219985083358474)
(29.760780757308147, 0.8789408040967174)
(33.79601020690749, 0.9644359089548935)
(31.20101303717732, 0.9221658777524896)
(31.324536869397438, 0.9465883742572125)
(29.694718886030675, 0.9186984892927078)
(29.49163624654263, 0.8996056991692792)
(30.585099727782882, 0.8419882606230582)
(31.21156346942457, 0.9297222341237362)
(29.600695162825133, 0.8963366004577904)
(28.719841319136947, 0.780950163839574)
(29.13130012674266, 0.8314787584877361)
(31.956935696284276, 0.9421223582439746)
(29.306893866222985, 0.8250731630812076)
(30.608703138493002, 0.8206648653099097)
(29.882172736671706, 0.8885723168120906)
(31.228665332143795, 0.9457919845839897)
(31.300578422419218, 0.9322073160041899)
(31.624536072323814, 0.9450356466802133)
(30.465475001763217, 0.9113202215260882)
(30.81194075068934, 0.9322739515722355)
(30.74370671313272, 0.9356053671155246)
(29.64517026345, 0.9086635026471105)
(31.87846037276937, 0.9506040181601393)
(33.37397337983864, 0.9539845603244498)
(31.77052352111434, 0.9174136814373614)
(30.770602535364855, 0.9318579693629452)
(29.15555591432532, 0.8448809051336594)
(30.347699891487988, 0.9075735787181445)
(32.4364178426353, 0.9092808844608252)
(31.617112704836593, 0.9431948693831232)
(32.16953928367129, 0.9170900629240666)
(30.85116156845202, 0.9020593704111838)
(29.493357612234846, 0.8029429160755372)
(31.318452222809032, 0.9440123827607697)
(31.731809242920093, 0.9364136723905573)
(29.246415473499656, 0.7735395641630824)
(31.506653842463024, 0.925738397048142)
(31.632030669507238, 0.9457464331192962)
(29.247353836056224, 0.8284594032867552)
(29.73345820607024, 0.8535598341836792)
(32.77712573981722, 0.917489221814513)
(32.2442030142811, 0.9081734177850864)
(31.453171056560496, 0.9022301062795579)
(29.953095471567064, 0.913706191158699)
(31.169379546085622, 0.9179038899141863)
(31.813204252061258, 0.9526093692671396)
(29.156675403538195, 0.8059386557465407)
(28.70345110793219, 0.811854007881239)
(29.398315013777424, 0.8677997878819617)
(30.614814218855784, 0.9234063643480823)
(29.245104653491317, 0.8275516272438791)
(32.09875553552247, 0.9153959607824779)
(30.83317869538717, 0.9347069675104335)
(31.51294002332516, 0.9445873769655126)
(30.721196219357502, 0.8919209869152851)
(31.279571652812113, 0.9256429958817011)
(29.236110712556215, 0.8179582259999315)
(31.963898818721695, 0.9494391382897143)
(29.08007098930411, 0.825537306465634)
(30.62538141765824, 0.907079326013063)
(30.531006290385644, 0.8088484842852214)
(29.743863288307132, 0.8693499050498255)
(29.16082025990712, 0.8311408059113118)
(31.496830083784275, 0.9135208558221419)
(30.886979163434898, 0.9027434184716204)
(30.839973104965225, 0.9383357055634919)
(32.44954983566215, 0.9184682632017684)
(30.849654807139366, 0.8975227234091525)
(29.479989347800768, 0.805174440482152)
(29.44346448905566, 0.8204074207333294)
(29.611370728039432, 0.8272313937497311)
(29.011750720554343, 0.8242327810981837)
(30.685302853868762, 0.8121339886007468)
(31.724237630269258, 0.9323238664469763)
(29.676532917531986, 0.8966789556622045)
(30.840158304085538, 0.8503134456835353)
(29.424931561396246, 0.908771356593413)
(30.772687361744488, 0.9366088414702818)
(30.444537567457402, 0.8303642086027783)
(30.814074922993182, 0.8953221583841877)
(31.100070264729478, 0.9270397792055811)
(31.34069993125262, 0.9481962297821785)
(29.338874863599884, 0.8356388842355317)
(29.440409811561548, 0.8871198308346591)
(31.573212407843254, 0.937603502777468)
(31.752599550560245, 0.9375928677315515)
(32.42601670338763, 0.9251144464920236)
(31.959923204894793, 0.9532252496862663)
(31.055994018712262, 0.917917967284769)
(29.70088618844005, 0.8379598620006548)
(31.282271571014096, 0.9257072634824128)
(29.4035326381896, 0.8026888333681218)
(29.153299730403113, 0.7982662448360158)
(31.129934992695656, 0.9435181166020513)
(32.0999346099797, 0.9607985161039678)
(30.70632690844141, 0.892060571201488)
(31.293629059821573, 0.9254701431074244)
(31.76888566871473, 0.9151597026760806)
(29.81583776396449, 0.8807511805440582)
(28.973579905522723, 0.7921374842581587)
(31.307262057111238, 0.9398564985927785)
(30.563663523847712, 0.8297349322313081)
(31.70416005781724, 0.9519280739377215)
(31.005123838960202, 0.8200740430150946)
(31.070615191413964, 0.9264288568900261)
(30.751216633338395, 0.8506014061137126)
(29.500470506919093, 0.9091521462513812)
(30.707325711061074, 0.8915903875939604)
(31.843257482704242, 0.9497310364035232)
(31.27550636169543, 0.9180444326548248)
(30.634588238155406, 0.9077611576754429)
(30.189654136726748, 0.9049137940368809)
(30.18070649306841, 0.9059442709207373)
(31.226981562866413, 0.9391040389175076)
(31.991488657433976, 0.9526868243832955)
(28.98313477449181, 0.7914469300282239)
(32.06540255317801, 0.9482638263231122)
(32.50034049512565, 0.9102921604740578)
(29.785121864468124, 0.9166348779805243)
(29.439144112602822, 0.7976302065505623)
(28.87040000463656, 0.7673852350581799)
(32.09810541875844, 0.9616166317789688)
(30.857697896093388, 0.933143773381106)
(30.72890052078219, 0.8914326790363674)
(29.287174769785686, 0.8025156265097637)
(30.751239347127868, 0.9347399466482393)
(28.840927873977826, 0.7668592411318652)
(29.560939945911837, 0.9120547848088852)
(30.584575589822713, 0.9180817406328007)
(30.022457774401367, 0.9095605533217249)
(28.8142454173034, 0.7614304798257762)
(28.99257348489605, 0.7936533097432579)
(29.787903586232503, 0.8793307189794761)
(30.516192050114487, 0.8071707957411801)
(30.78677249072434, 0.9334932477609753)
(30.596371424633464, 0.9225220490471485)
(29.548971150163222, 0.8676866303965026)
(31.553972141546502, 0.9267896964538734)
(32.3538670097956, 0.9076241324089452)
(32.13719697963184, 0.9149005687476586)
(30.92792094301288, 0.8620031979888001)
(31.056947158395754, 0.9406430959718834)
(31.017524552465506, 0.9142859774712122)
(30.478952040856562, 0.9144581478586703)
(31.106687004861282, 0.9260386077415697)
(29.289678190608768, 0.855907940871919)
(29.716369922587734, 0.8541867900397846)
(30.742154700321286, 0.9331677072824891)
(30.62147512468755, 0.907607826594078)
(30.14260413625413, 0.9040580416466586)
(29.655256575617663, 0.9048091635304207)
(29.414669134978467, 0.8293661072386228)
(31.247576243861918, 0.9226633845056371)
(30.98540295116218, 0.922723631266886)
(31.75568856561593, 0.9167044601083518)
(29.53714322890692, 0.8996598963460949)
(29.93901389107115, 0.9065140070256691)
(30.572757834640836, 0.9192103682176715)
(31.32966533046708, 0.9432632010748718)
(31.205703366820494, 0.9193725126225674)
(31.301020794095717, 0.9302659714844251)
(31.629690833814674, 0.9316970003339233)
(31.10901899721654, 0.9368040564623745)
(29.63605660569252, 0.8941255462983223)
(31.33272728809635, 0.9469468806295072)
(30.75168555358633, 0.9342930278743394)
(31.300552645954642, 0.9418339137741153)
(29.15781725066982, 0.7976552889903747)
(31.988021866665072, 0.9487030955697947)
(31.055961532183318, 0.9179656682503545)
(31.12327679202567, 0.9281140125366651)
(32.36299038701183, 0.9198208501971612)
(30.72086565134803, 0.890756117612256)
(28.98862537876351, 0.8029183792101462)
(31.234495824864595, 0.9180536730055284)
(29.683416315995537, 0.8286023651016698)
(30.616604850763878, 0.8081792519125813)
(30.704814540952476, 0.9325996783444969)
(31.52804391611295, 0.9466360335978327)
(30.955935012493324, 0.9275359698771455)
(32.13968065682793, 0.9160411723883778)
(31.602431604227498, 0.9290287466123288)
(32.46525265531147, 0.9548735921403129)
(31.027581526596922, 0.9153710169553515)
(32.0830088821213, 0.9540030222925119)
(29.46133922630583, 0.7906095776594984)
(30.85735811120065, 0.931930135386416)
(32.74096134225134, 0.9250955763394563)
(31.337816128062048, 0.9333541201269693)
(29.491451841011582, 0.8062765011881851)
(30.486405047980885, 0.9144858320916001)
(31.2435685583474, 0.9263585400773293)
(31.522797837204433, 0.9306935623317809)
(31.635767621077278, 0.9442160480911713)
(31.239119063769646, 0.9349359713697187)
(32.26330708999028, 0.9188683672883058)
(29.69578407464904, 0.8779822646159609)
(29.494753767639065, 0.8783014085689348)
(32.23870358244808, 0.9186511501097331)
(30.771067258990293, 0.9343938058218264)
(30.544120230201408, 0.8167889703455063)
(31.849509673718437, 0.9503194343862235)
(31.00571594612727, 0.8592174598664796)
(32.2753499821072, 0.9008649021608451)
(29.797928161127786, 0.8369879630228322)
(29.444448538388173, 0.8892393726388668)
(30.53044025294762, 0.917844583619265)
(31.488060682927113, 0.9367087763661901)
(29.31923207701164, 0.7718481188471562)
(30.836379673938406, 0.9305083951813011)
(29.707227312297096, 0.8497350621514816)
(31.292338639657117, 0.9399369988942761)
(29.79375195033111, 0.8549425287598617)
(29.576002150253405, 0.8244787607045454)
(29.637077604921053, 0.8928547326229267)
(30.73363997077866, 0.8925281057946309)
(32.209815404975316, 0.9164236353563346)
(31.764030535594635, 0.9188769351025261)
(30.47329058633219, 0.9138764596314503)
(28.86040788253201, 0.7893611509687528)
(29.76093476823295, 0.8845884889536326)
(32.550751006998276, 0.9584050050882391)
(29.408058965544473, 0.8884692160318001)
(29.411936898248044, 0.8876657618846816)
(32.799230961962984, 0.9155165355557805)
(32.469111828434364, 0.9245056657885706)
(30.711736109280903, 0.9277367934273534)
(30.81059865811791, 0.9336072260889836)
(29.750879412011138, 0.8381516958342428)
(29.72491833655056, 0.8529600972487853)
(29.42762174780603, 0.8861112771531918)
(30.168596081496585, 0.9075170638556668)
(29.854799197593884, 0.8910681558825839)
(32.67672677723563, 0.9091385538584432)
(30.54091781245575, 0.9169619498269805)
(31.04287189248491, 0.9376138020081582)
(30.82889950646205, 0.8971667001911131)
(31.26991771772098, 0.9467619024518219)
(31.768335895446175, 0.9160031981274487)
(29.546974937226107, 0.8192185956491201)
(29.49931692870258, 0.8850643737508581)
(31.64674303371397, 0.9379302924768076)
(30.606996576110514, 0.9069834522081379)
(29.573301698205178, 0.8981817089098242)
(30.88821627593278, 0.8190125112974003)
(31.154612862183107, 0.917069582301265)
(29.32905760681998, 0.7622626421448766)
(31.063014846706135, 0.9434143196447986)
(29.712523151615184, 0.8377167517229442)
(31.062485555760816, 0.9440111859114673)
(29.57120056149378, 0.8997356121170075)
(31.012353954730777, 0.8251771670870071)
(32.04687960720843, 0.9558470491412661)
(31.298720834812997, 0.9253441654589418)
(31.747025677935817, 0.9184455446985033)
(30.548689316816684, 0.8067942331433666)
(31.522913530188358, 0.9446393509374107)
(31.760984007564925, 0.9381915757296826)
(32.07687673487508, 0.959890396239199)
(31.05127845385312, 0.939868549472171)
(31.651210804092926, 0.9460035893867001)
(31.546948013882282, 0.9458173081909791)
(29.028828145970998, 0.7935333667601684)
(31.50346433305814, 0.9354872202001838)
(30.30709141181635, 0.9063510968379341)
(29.691773217937687, 0.879228660656568)
(30.743342372867563, 0.9366746974922806)
(31.567755547988217, 0.9280902065283735)
(31.27807229220837, 0.9253126600454762)
(28.75516494992672, 0.7697796324447538)
(31.506689570779727, 0.9261379471892294)
(32.74076072424187, 0.9249628028255715)
(31.05182988283167, 0.9299429524134971)
(29.167144676680785, 0.820139876007507)
(32.2457087898382, 0.9068565082867576)
(29.462449578434352, 0.9046233651341555)
(31.524273387616326, 0.9166086712384102)
(31.324799941677306, 0.9426596226020564)
(29.28403956031781, 0.8194662546049232)
(30.562879211234495, 0.918247110527799)
(29.098772553876422, 0.8291757977291649)
(29.250145564615355, 0.7896118483667752)
(29.31026688907988, 0.840120990315276)
(31.50002620045911, 0.9341367425610874)
(29.851846538702617, 0.8779968443527342)
(31.2655402030477, 0.9183843178287479)
(32.22430950728278, 0.9022720041691153)
(32.82906999303457, 0.9487357061851976)
(29.02660400923374, 0.8378063597683664)
(31.969189752944217, 0.950981223593809)
(31.24141309393665, 0.9379978160901183)
(29.24286143146539, 0.8016273971251575)
(30.163228854857692, 0.9050149636749474)
(29.658834888507887, 0.9043172031013651)
(31.48077350580177, 0.9430966032360063)
(29.398947919007476, 0.8870586078437862)
(30.67086530914985, 0.8544483922689492)
(29.428367905798, 0.886258866877661)
(30.641713850988943, 0.8481980686740271)
(30.936305770347335, 0.8572523718377784)
(31.872930249612264, 0.9496142812095539)
(31.51808479977566, 0.9373096370486859)
(29.075907124015284, 0.8268158955043843)
(29.220979078895986, 0.8208513314025504)
(31.35837484457258, 0.9322259744168422)
(31.520496156338027, 0.9299415725254591)
(29.049245588064757, 0.8432400971653098)
(29.84930461849196, 0.8879496518549932)
(29.550738763292657, 0.8494775222050958)
(28.968272786954085, 0.8100283630259871)
(29.589358228266377, 0.8663037050604987)
(31.591742984531933, 0.9482293489615462)
(28.851182171011175, 0.7678203061540292)
(29.399245473702106, 0.8162453738088098)
(29.68144755513773, 0.8360412769140894)
(31.95621033070115, 0.9526826223285217)
(31.35818478960033, 0.939408198625764)
(30.007820723052415, 0.9084206925003622)
(28.965169981051982, 0.7903084072430899)
(29.62117426816271, 0.8977778299452829)
(29.293816686716838, 0.7968179322841986)
(30.915055405875815, 0.8219408328640682)
(31.5615585345313, 0.9449079884337563)
(32.73637874911009, 0.9146145943187093)
(29.450890842990987, 0.8914515832570205)
(29.189218474332733, 0.8486709005685684)
(31.51483490572314, 0.9267575678140073)
(29.330377828894317, 0.7650321651492311)
(31.71771329728717, 0.9334099347047455)
(30.893409957272805, 0.9290040409651554)
(30.9406618906068, 0.862475047143426)
(31.14304179241551, 0.9265232962114702)
(30.606721052908846, 0.907669371386879)
(32.23682052607958, 0.917011475933231)
(31.554015485249536, 0.9276487309990561)
(29.47448238768985, 0.8927535225464192)
(31.95212917791022, 0.937614665246356)
(31.510497408392464, 0.9451437294916872)
(29.746639209171356, 0.8788120948824356)
(30.826950910731373, 0.8968132843241432)
(29.93404355501309, 0.9161595253569786)
(29.73907793636121, 0.9206271884518687)
(30.770432603701966, 0.9332211776995769)
(29.70209273186213, 0.8390708038004456)
(29.195623644493594, 0.7968859684626906)
(31.658268690974623, 0.9437572115670649)
(29.41600335807974, 0.888010650697241)
(31.66353066839871, 0.9451726042113638)
(30.731751315381786, 0.9338444079997485)
(29.504505547183506, 0.8081318496216262)
(29.67543147687494, 0.8764264040351469)
(32.43344552370043, 0.9093217610524003)
(31.3691218177425, 0.9327180168532508)
(30.911736332614087, 0.9274082727782794)
(31.329129366792273, 0.9337515420212905)
(32.4787147497442, 0.9088178447897833)
(29.524261036770394, 0.8406307885045625)
(31.572940474504854, 0.9295526456076834)
(28.79369334257928, 0.7931666477727234)
(31.122240737550044, 0.9273855167064087)
(31.48284133179515, 0.9344558077378466)
(29.80777065685997, 0.8550434377955745)
(30.871345223648316, 0.9007537357526734)
(30.85820976399587, 0.9018251935167303)
(31.590129052161924, 0.9304197089781406)
(30.95430583495189, 0.9390846129533015)
(30.980679424078556, 0.9273739089986955)
(29.364956605337817, 0.8585932976000916)
(29.733197566897836, 0.8788922256791208)
(29.295470351850565, 0.856613370579565)
(31.2239187129542, 0.9436643913370868)
(31.583479139030114, 0.9296360823542894)
(32.277334782009454, 0.9202451379929418)
(31.15746580281471, 0.9169887770170819)
(30.348741360020853, 0.8220357869029128)
(30.436416546007734, 0.9107499594510984)
(30.818666192167342, 0.9297692472549134)
(30.673564383813066, 0.9251106793358277)
(29.939379218501738, 0.8969050574253747)
(29.40557007955661, 0.8830021163039348)
(29.692996875363605, 0.9209489312554165)
(32.99249846028069, 0.9505176553242402)
(30.720754689845077, 0.8905006590844827)
(30.410334041006063, 0.9080342898923698)
(32.3852337470862, 0.9025221856274672)
(29.25206440594462, 0.8103012807706835)
(29.15841207786968, 0.8050155343660568)
(29.222318622250157, 0.8494422831905145)
(29.859980701627947, 0.891006771820845)
(29.558487880921263, 0.8354871053820924)
(30.860081150557388, 0.9034045988157927)
(31.364669370314566, 0.9276596697665697)
(31.281415166561732, 0.9253242583320245)
(31.61300332103396, 0.9448741389095414)
(29.71578508920512, 0.8385248390393865)
(31.595792650604494, 0.9303369283467319)
(30.720715283638373, 0.8902321763479489)
(30.441397265371407, 0.9108634446860296)
(31.29241493621219, 0.9424708578603329)
(32.23254679077086, 0.9193449889601992)
(29.695066686530552, 0.9222762030324149)
(30.7170831523154, 0.927970981510656)
(30.8215680529327, 0.8955716423949139)
(31.77742300995876, 0.9467315068970802)
(29.498817544341218, 0.8038212979764952)
(31.616468057095872, 0.9390677901088593)
(30.867363728948018, 0.9034614319250782)
(32.27376791070738, 0.9193509970359065)
(29.221516535492135, 0.7677935945607586)
(29.243674481719736, 0.8206864724215044)
(32.285541022484125, 0.9176415850350007)
(31.052994800381846, 0.9370176638718006)
(29.31434892075255, 0.8568211286775199)
(32.12638876960327, 0.9615751061751973)
(29.490291281683003, 0.7999359898108458)
(31.00836882417076, 0.9355768469095713)
(33.02143894001462, 0.9269083799663246)
(31.843562995891247, 0.9357116358554288)
(30.671475838235555, 0.8120406824935081)
(31.853200034410655, 0.9509359567663841)
(31.22973233886674, 0.9383327964266854)
(32.30755386603546, 0.9058120937454341)
(29.632427790834505, 0.8769775929218)
(32.69829941918731, 0.918739570986885)
(32.723657276417235, 0.9241426196942619)
(30.687325511901946, 0.9316169645735985)
(29.58132872499184, 0.8763038267665455)
(30.07103946753179, 0.9106085709456045)
(31.66757177388775, 0.9391588222278884)
(29.19629849963057, 0.8476005427776908)
(32.237335142172626, 0.9011661402366624)
(31.38077844070809, 0.9317435788064179)
(29.380557890806, 0.8164647029982173)
(31.573126914204565, 0.9469294724982711)
(31.71867750702564, 0.9474343475042709)
(32.44509520880803, 0.9115951189937492)
(32.25212698462895, 0.9160322975660528)
(31.19881925372974, 0.92244484555885)
(33.76335522479869, 0.9639364550445924)
(30.78336692351759, 0.9359623048043301)
(30.732354867903354, 0.9344156265888295)
(32.82552439626209, 0.9177429598316117)
(29.192094681692325, 0.8292601730455745)
(30.786073951520862, 0.9282191628656477)
(30.615193489791054, 0.8383993750646126)
(29.210765188281794, 0.8295207624569467)
(30.817041572573373, 0.9193652271427797)
(33.09412001584176, 0.9525484536451173)
(31.329149646907016, 0.9472791360202047)
(31.810397582426862, 0.9387807648723191)
(28.99808894558928, 0.7924509267259365)
(30.00155800069683, 0.9099424922018481)
(29.124319267016567, 0.8307767790021524)
(32.13928170667004, 0.9182338594924748)
(31.38282243838665, 0.9345377789510249)
(32.82189883885144, 0.9185923692027465)
(32.37078325141233, 0.9059059639682306)
(30.20363577817666, 0.9063160418505781)
(31.288125484160553, 0.9413352660757501)
(30.47916685238996, 0.9119241125381649)
(30.61607639078799, 0.9059669233665876)
(30.453664935951576, 0.9149075418671162)
(29.209906646632714, 0.7825103712438016)
(31.90070326195315, 0.9502616584218104)
(32.42394974577555, 0.9541034315695032)
(31.25304593105094, 0.9226038999007553)
(29.752513548360362, 0.8719828940151361)
(30.838220366565373, 0.8949346736767174)
(31.016260602661248, 0.8263268691243989)
(31.270684758933562, 0.9209035244295777)
(33.46766913863482, 0.9567398490253576)
(29.672539385100745, 0.9000946776514328)
(29.888418987686816, 0.9127672194974646)
(29.343163226629795, 0.9049790365613956)
(32.7002341429017, 0.9127405266063157)
(30.666299315593836, 0.9259020652129488)
(30.87470044234739, 0.9019409104677967)
(30.551162902195465, 0.9138007766941747)
(31.524634320364846, 0.9462279434058243)
(31.78748790922738, 0.9175582353220086)
(31.01394071065629, 0.8390752452739084)
(31.511480758834868, 0.9343675010500945)
(31.916273950765834, 0.94366646884843)
(30.27997499437252, 0.8223804475850421)
(31.84996928428719, 0.9500185301072277)
(28.797187051713596, 0.8034456617576836)
(29.895290094462187, 0.8440438296130677)
(30.799392110369503, 0.8228260353942027)
(31.009899535309696, 0.9366966246474314)
(31.02783611552973, 0.9363155408888747)
(32.21192103944762, 0.8955156100892563)
(31.663296824771, 0.9401027344585029)
(32.3322484415126, 0.8962913699037497)
(32.25493010997327, 0.9176174288932346)
(29.763756358468072, 0.8421329837962098)
(32.29056570013267, 0.9191106791398936)
(32.20435165738938, 0.9197839927793203)
(30.077077555088565, 0.9116131196303817)
(29.45271655260763, 0.7936393190006181)
(29.49879915118612, 0.8969393629395054)
(29.442838778249396, 0.886241021803204)
(29.28108080236957, 0.8131885119933832)
(29.385783190552843, 0.809466190984425)
(31.62925778757621, 0.9321904218420326)
(29.72987485921069, 0.90738243948577)
(29.641062504642406, 0.8788842236547274)
(29.260412965704525, 0.793391087031942)
(32.137272058424905, 0.916317397021799)
(29.711056243011626, 0.8299513300002673)
(31.104388831389528, 0.9307380283176071)
(29.313223106277697, 0.8052318173290284)
(28.869521195359997, 0.7641018688131115)
(30.740616003529567, 0.9350280479626529)
(32.73983329599943, 0.9261201144147801)
(30.85095292521933, 0.9306882795040573)
(31.019262876027348, 0.8423400444011192)
(29.734512487953843, 0.9086874245375582)
(29.28959558396845, 0.827719494010803)
(31.171692245538388, 0.918559703042827)
(30.81507550352744, 0.9319867923843054)
(29.71832041641862, 0.8368028007574733)
(31.787181344108014, 0.9395530144340267)
(32.02021150442316, 0.9574081842214651)
(30.602994999171745, 0.9052019087833362)
(29.771644116429, 0.8531444180922105)
(32.96923552092841, 0.9274218674378615)
(31.563599404888937, 0.9466262207340094)
(30.61217794887742, 0.8366561987873299)
(28.74094226683885, 0.8022373815379691)
(31.621621220997206, 0.9330984819823689)
(29.234786058597674, 0.8069305717548036)
(29.71079263012035, 0.8699516554150435)
(32.86761985466511, 0.9437694905995333)
(30.528402285535524, 0.8294719720241406)
(29.432269419032554, 0.8853677666685551)
(28.837791518240113, 0.7864344388297072)
(32.36756836394854, 0.9202235902882542)
(30.7336602526096, 0.8222109661614327)
(28.978157016779118, 0.7924047004797262)
(31.89397888879104, 0.9449833388032598)
(29.6842890207227, 0.8963464892455336)
(30.549861875887135, 0.9194097077021688)
(32.74238905241494, 0.9251645633292698)
(29.35821170960628, 0.8186584426849653)
(32.983307090106095, 0.9515227049839828)
(32.23713406705509, 0.9191755677035066)
(32.40193875660074, 0.9069760002049447)
(30.9100803193583, 0.902606412143065)
(31.241177235945287, 0.9381254295569071)
(29.568154544709824, 0.9112773751555477)
(29.56974123000133, 0.8995908968144279)
(31.382747254395564, 0.9325138662970868)
(30.180495188284503, 0.9043811037564329)
(30.611331232129018, 0.9059913902454214)
(30.417527714005168, 0.9131492056179045)
(30.77511602444686, 0.9357045064412723)
(30.002696345561883, 0.90917182432478)
(31.44792263932292, 0.947620123178517)
(29.366674599256708, 0.8398413723632834)
(31.81269984439676, 0.9173144890939405)
(33.01492146721312, 0.9503721394560565)
(30.8263893205079, 0.8134975534381269)
(32.14770553577986, 0.9507920809211483)
(31.17824395654178, 0.9689516109125018)
(31.139519632097414, 0.9425084196799663)
(30.970953344528006, 0.9661758999745937)
(30.972611308181605, 0.9640662317039942)
(31.310986533658554, 0.9685443673515395)
(34.734316456270726, 0.9833672308389975)
(30.820228287593984, 0.9647333780814972)
(34.324194133816434, 0.9785250960153831)
(34.013279708955196, 0.9423027037112368)
(34.364415722561745, 0.9766411066690451)
(34.487806920249525, 0.982250309254767)
(30.852477240134913, 0.9642741001095918)
(30.83397931759455, 0.9638134495109192)
(34.069347673602444, 0.9420279965352067)
(32.16540533584897, 0.950935840844946)
(34.035409546939476, 0.9401802990828552)
(31.53111843565644, 0.9480875419420923)
(36.5290218065953, 0.9866649332960852)
(30.901503214689562, 0.9633437492844759)
(33.19647579084651, 0.971088016040252)
(30.66860515071072, 0.9072397502669075)
(30.836297404245194, 0.9105262890615126)
(32.164237271869176, 0.9507820474570516)
(30.684062050094703, 0.9078475402003718)
(29.956374991667673, 0.9406507206100645)
(36.834841716134136, 0.9840189180811413)
(30.634289865137866, 0.9075494044305825)
(34.455157079755566, 0.9825454291156408)
(29.931899925043183, 0.9375508058380165)
(30.771147253118446, 0.9093158534804564)
(36.53617641689106, 0.9843201415920882)
(30.752441258787595, 0.9088276838857867)
(30.66305391210793, 0.907513859729967)
(31.307396481686652, 0.9680780169037029)
(36.43708427833461, 0.9865650251705057)
(34.44291355322221, 0.9819326884790109)
(34.505031378105, 0.950084535154727)
(31.210738597122827, 0.9672476038892196)
(31.265290100209803, 0.9652537087546783)
(36.50625584291617, 0.9867148278172588)
(30.800091475027294, 0.9104171917300167)
(34.30817594233198, 0.9780986418095929)
(31.47836496093881, 0.9624300452483678)
(34.461858979508484, 0.9497742852209031)
(31.178053557885246, 0.9676638683490512)
(34.02008532799448, 0.9430077917924515)
(33.20918435491181, 0.9715084179929278)
(29.957364767362293, 0.9388629570273684)
(34.04131203630104, 0.9418559172450035)
(36.530381846545396, 0.9865773404383726)
(34.39747955225187, 0.9772332414766256)
(31.260280791593935, 0.9671278932848282)
(32.79972300440393, 0.9701638821696894)
(34.23713237467587, 0.9775976658760952)
(31.293045469130423, 0.9439699089934216)
(32.84632889138389, 0.970264142654943)
(31.25350546877883, 0.9632320485355174)
(32.13674258305821, 0.9512951177611997)
(32.716802446294466, 0.9686572095648629)
(31.54821002568614, 0.948894389772245)
(32.80593313522996, 0.969542141014833)
(31.137000863458816, 0.9683162793107405)
(36.51844246979173, 0.9868257599629402)
(34.56472722864465, 0.9494296064595364)
(34.424292488381425, 0.982846751949557)
(29.981239787578488, 0.9431515617853944)
(36.388207022271835, 0.9863836145392505)
(34.56988871006048, 0.9500216173631386)
(34.26805757598328, 0.9772119471472427)
(34.39341015943425, 0.9813693600266788)
(34.46037879193852, 0.982974409852784)
(30.705374319045752, 0.907962514721788)
(36.49949947896088, 0.9865468632662466)
(30.871611484337606, 0.9632623721737908)
(34.197246344699835, 0.9821852175152543)
(32.88857836168216, 0.9711618241872927)
(32.881207306016094, 0.9703120030376844)
(34.512128517577985, 0.9823566827983067)
(30.029095164719738, 0.9396640346755935)
(34.6103419046281, 0.9841870851591384)
(34.06912739929298, 0.9425588675976748)
(36.69873922286672, 0.9835028539081807)
(34.28250389817316, 0.9778755202656515)
(30.899671710771663, 0.9627422041253617)
(31.46222815522504, 0.9459848183197606)
(30.874837434160725, 0.9627360537901477)
(36.94098599343016, 0.9846929140542358)
(34.33421808803511, 0.9777901868004252)
(34.47128560990093, 0.9825933666340742)
(29.976521895342934, 0.9370445359892908)
(34.39404373107094, 0.950208071939534)
(34.52746562147398, 0.9501291054962197)
(34.26458481643869, 0.9822931801430205)
(36.503743678529325, 0.986667654065434)
(31.119934605091398, 0.9566585882660641)
(31.53589318843448, 0.9610430064676402)
(34.63616613701101, 0.9496114310995839)
(30.047601453248483, 0.9394548744364475)
(33.17498267391509, 0.9709184671950779)
(31.112473655604536, 0.9622605733800957)
(36.57097552210336, 0.9868347320930425)
(31.261574933543187, 0.9667388487659523)
(30.884245672695663, 0.9634471103854504)
(31.057741087644906, 0.9648157077397603)
(36.737720625608546, 0.9844728602835666)
(32.24718192800785, 0.9512028145238796)
(33.25925966049106, 0.9719948924913029)
(31.421675953524165, 0.9663861741981246)
(31.54916681479913, 0.9482785112561884)
(32.22766944759104, 0.950924434694961)
(29.824759697131608, 0.9353558898990653)
(31.381664628470443, 0.9457724276921077)
(34.199029292444735, 0.982257871811419)
(34.327022538331356, 0.9811229867653616)
(32.190027166591534, 0.9511553466989966)
(30.834824002303197, 0.9636620851236956)
(31.457578207562168, 0.964397536578537)
(31.3519503157789, 0.9688673548072827)
(32.84415593805229, 0.9707118499137384)
(34.66881380311537, 0.9831722857399837)
(36.73650022089645, 0.9843531639714419)
(34.077614070085666, 0.9428041351325973)
(33.17166743791019, 0.9709760115798566)
(33.22554297085149, 0.9714527033312916)
(33.21358177842425, 0.9710468014113174)
(33.14158736273344, 0.9711089998685252)
(30.963937631480075, 0.9669314446165606)
(32.17505069889489, 0.9508694623101802)
(32.72703093950406, 0.9694318571878332)
(34.05666843741338, 0.941018553388289)
(29.77827290063344, 0.9356509296219281)
(31.250016778049932, 0.9676672056468928)
(36.629387690065904, 0.9843048401516175)
(31.002962599462943, 0.962531985576449)
(34.527451295596705, 0.9501090836982794)
(31.090626964750363, 0.9427321078436093)
(36.873205161435195, 0.9841179655631017)
(36.680492906504576, 0.983967383351372)
(34.4365610222802, 0.9822976576494287)
(31.207771281457806, 0.9435862144414314)
(30.89193242597375, 0.9626931420218726)
(34.5184422100671, 0.9495667517018807)
(30.956280956185907, 0.9621311640827159)
(33.163050095712386, 0.9710851049455196)
(31.180835763740184, 0.9653648576575525)
(34.425528004714735, 0.9819453188625479)
(34.92205191064079, 0.9851000051443269)
(34.02636936133557, 0.9419460912484229)
(32.2443598645572, 0.9519321574825659)
(34.223722139736964, 0.9763280873762349)
(32.77280590676626, 0.9685456446335771)
(34.47913154053227, 0.9819703966238174)
