32.46130904489371 0.9584062605914998
31.66073825153441 0.9409915147437158
33.98189460203692 0.9642281648500652
33.94320912716419 0.9444594473017636
33.87949100163826 0.9541001407115263
31.64285204755751 0.93483719865367
33.30530414749855 0.9670724685429478
34.184757383393986 0.9490534055507498
30.78866047734345 0.9229835004373265
32.676787789133115 0.9201951051190215
33.324308966926054 0.9316349899097032
30.451318613542337 0.9468502613344787
31.5011375004476 0.93058841122531
29.56217473749892 0.902421138956351
30.528293405852143 0.9481189597550249
30.813280344946172 0.8847445255029621
32.970980114948816 0.9488074510680825
32.8331025203807 0.968274345752602
31.38610462740543 0.9434294393771099
31.91036783769967 0.9505715106316306
31.843943742405294 0.9463768989115124
29.341195793888456 0.8715731351528959
32.89693402613648 0.9570340138790948
30.966947563946057 0.886650039939672
30.336128498805856 0.9276191697283546
32.648706937045766 0.922450317159667
30.019021452990412 0.9037020154548565
30.65965422761097 0.9172046386837384
32.792821931960894 0.9235942838673576
29.675068535513134 0.896601710704693
35.11526320267408 0.9713334587431848
33.04895446777362 0.9574011893569054
33.07265087853138 0.9503343842735323
30.99971059162053 0.9344866257625212
31.64017188687986 0.9504249231732131
30.968276284093527 0.8877537077020465
30.612099818501793 0.9181688738154992
33.27697109781825 0.9360036725242618
31.4947850220428 0.9325328277997692
30.810404922797858 0.9600496915732412
32.607319662653055 0.9625906151268173
33.85174767866489 0.9444523323989605
30.546175799043755 0.9470824208557506
30.856875501821204 0.9246759290009465
33.72848439979791 0.9595683272927316
30.9400584077008 0.9644591518126003
32.05449782151584 0.9489419628867023
29.84796317784295 0.9127469666699555
33.08899423055226 0.9516060154982172
33.08060840924603 0.9508429333512004
29.788970124004592 0.8787446124085107
32.50470674468885 0.9223461521250702
35.08263873009996 0.9700907970708967
33.794183739813484 0.9412705240648278
30.31517867915166 0.9564729618213293
35.136624943493864 0.9693544450374108
30.633915275909324 0.9495395849186983
32.374725531372526 0.9579666616935144
32.84659112311059 0.9560121243004934
33.90240821431329 0.9644267188331967
30.309138227819833 0.8933705404435713
30.498563235990247 0.9496347169064719
32.65655733155899 0.9186905576363346
30.242912121747278 0.9542925165078854
32.41042616637027 0.9655406954085353
32.5618920962434 0.9455918390877548
29.90977152769373 0.8967568089196556
29.75067122252705 0.8969361478474648
29.989048412627742 0.9255462265954368
33.99703149908583 0.9445540728715393
31.70045705023043 0.9437189053163544
33.78195553474559 0.9688162062454869
30.0598620318042 0.9121577932154071
31.253914052720823 0.9207624718530806
33.46955076295853 0.9651512892625415
30.971274669743032 0.9283919424206847
32.49817267793412 0.9209623603709683
33.39324290378704 0.9733397987339942
33.467856532363356 0.9656921867168718
29.64227458422637 0.8813570411475556
34.48946998431026 0.9543512369424537
31.848632950996972 0.9478415947118811
30.60767750402117 0.8765330488719723
30.620761627883567 0.9587845215349124
33.925051182461466 0.9796005361573034
32.46485441427235 0.9258625101265582
32.2435664664959 0.9456517594194018
35.02792845631285 0.9784969554200651
31.462644861931835 0.9300320068483876
32.71120336441229 0.9699281328495521
31.839719124796027 0.9506077987160894
34.96339621043616 0.9677627699041642
29.53567694215963 0.8934173654466077
30.059918141394025 0.9322346397805955
33.31377254873987 0.9380956377699297
32.45115633505713 0.9176092958111703
31.830588228694452 0.9492734876886253
32.152803522725634 0.9470855189391144
30.48012014545604 0.909581798937774
30.547553694248556 0.9051971207570473
32.96712719040894 0.9725100019439366
32.59128987113616 0.9628486110506187
32.99640899424863 0.969565639926588
34.032914282495405 0.9541827158687973
32.45813205639951 0.9454110762282648
29.544361477609968 0.8873987337104046
34.75526106998405 0.9675329290858264
31.26483019545361 0.9571411824273672
31.75183783040587 0.9480560964024398
31.991285101461973 0.951305796473781
30.400613183721017 0.9026979019082053
32.44144571335356 0.925925985289355
35.11220063989298 0.979081073330911
34.04847245542817 0.9513692937131693
32.00186840705304 0.9522047173478373
33.117779384123025 0.9663865756440191
33.14146649468813 0.9313063604795679
34.18771180867122 0.9671176198739958
34.59428540054055 0.9751870003475323
32.4270104214223 0.9256021595812993
32.352026590231546 0.9427428523666045
29.851141102179216 0.8682039999974029
29.98173705138088 0.9083524603384021
29.892522950801805 0.8977870208388292
30.95744160151419 0.9009481977886983
31.52008944401063 0.9471963673642463
30.030638604371358 0.8811218203406065
30.654143005419712 0.9573947604888294
34.09074108530107 0.9482648522503857
29.907708853051677 0.867501500034932
29.851854391679428 0.8779702598332921
31.48972748459258 0.9321116472955915
30.751775897045608 0.9326164249721689
33.00157256200536 0.9696623331686157
30.92226137417526 0.9599493434463243
31.677327480372092 0.9352857655009783
32.76154123567613 0.934778574926632
32.30476810254319 0.9593437848172571
29.74204428717936 0.8956751311710349
35.41719851643285 0.9809634121651373
32.91974305093633 0.9573150547026728
33.516720096916444 0.9793926570922883
32.43141116216274 0.9449107255902041
29.95469362942365 0.8960812284239734
32.66863809252948 0.9637524632815343
32.30048445026216 0.9495702381426822
32.91641237179216 0.9571574374974079
33.77090279679218 0.960109237046724
31.017991202224042 0.9006446264950525
35.446287175619005 0.9806072798666203
31.80030344467522 0.9436710733572563
32.91199089381145 0.9565460270882035
34.107333634666816 0.9478290188164332
33.833040444321526 0.9641922555917342
29.47087328134303 0.8897668311814725
31.993222743631627 0.9396835501589303
32.93899495254408 0.9479631576951043
32.799328445535345 0.9712069609666503
33.82874925027029 0.9531303438236779
30.723451494101077 0.9308144623384426
32.725646112553555 0.9348280113007443
29.73981566277482 0.8634383619323497
29.75023704270641 0.865782463131155
33.222407531314644 0.9253393269308788
30.563074463581096 0.9121024803397966
30.020476366690204 0.9283171724684814
34.00178369101726 0.9649696068173484
30.371510869991983 0.9431011212119608
34.68648014597954 0.9635294442701898
33.922169306919145 0.9643320335584203
33.003071921839755 0.9296447299202033
32.27782268240511 0.9497282885123903
29.999420098729274 0.8822951855808634
35.0910846378277 0.9695289325692731
31.69034042707382 0.9429012234662182
29.704073748079125 0.8930238206214111
33.09316815116175 0.968540522503412
30.76970338914032 0.9219340750262333
33.55904359544832 0.9360031873186485
32.390248368744594 0.9454474575756406
30.9634794950256 0.9471163556864987
30.938330505244068 0.8842269166737994
33.316304934606734 0.9792590687696676
30.622370708799803 0.918145415363572
35.72543439510297 0.9864792444805259
29.5429846688757 0.8695781423009417
32.70239025718321 0.96405850775263
35.47952850125246 0.9728190673220641
32.69545858948159 0.9339609050888338
31.265422937996586 0.9204108519842354
32.36842111548927 0.9652067087563923
31.311089294448628 0.922327294580758
32.374641300973025 0.9664771140043201
30.4580873244986 0.9373418393928387
33.20611170026776 0.9271656195643886
31.063171093831755 0.9537983884220385
30.346818276698365 0.9390093776117192
30.803966818157686 0.882218786572693
30.46101505089744 0.9047921185828676
31.16120597860741 0.9222573343610161
33.77101164132041 0.9600135704523898
32.831050807650655 0.9717064287406437
32.17493764082799 0.9483599612118968
32.655692235080316 0.9288853799222281
31.276625602242337 0.9220195308383393
31.472785148780705 0.9299362140831992
32.83359166833651 0.9419449763610537
33.58132296352677 0.940277874712181
31.443679902731816 0.9458669840630317
32.26976025305217 0.9555923596672857
29.80217259876312 0.8962286592606199
31.05120124259816 0.9351149012200012
32.87549411197124 0.941835243777338
30.43286137815578 0.9070437380310731
30.80589957421589 0.9179181640671078
30.39626358174634 0.94066657825647
32.61521543751098 0.9190238156752029
33.08353588762326 0.9509540742297357
30.998943507069328 0.8927117734299075
29.96204250809409 0.9067409712485245
32.446180858581045 0.9453538692288845
29.68778772559442 0.8944056972728075
32.79962927773618 0.9408506930348447
32.95387300448796 0.9578779410695984
33.78306944136885 0.9692091618852079
33.21419811382856 0.9294978346304419
32.85870825596729 0.9236364224654604
31.915088057896575 0.9511326331199274
31.07907455320003 0.9072910468827668
32.551199089623054 0.9464078311448744
32.627494051319246 0.9288306539770715
30.298218422557586 0.9003346795948372
30.466653668718994 0.9052449031437452
35.3450469497414 0.9718168069666054
31.757412949297606 0.9413036090034617
33.37702570205538 0.9730607024056908
31.083583658532227 0.9224386986910558
29.743968046893194 0.8945649477347581
33.09764364063756 0.9755680727080617
35.29779697414335 0.9718457952350119
33.12962552542143 0.9514652917153853
33.48526667006759 0.9738824269011159
30.60962262611558 0.9153704946720271
30.806218434737815 0.9323615392308494
30.72478975547465 0.9126794246615721
32.05292054245405 0.9394735966122878
32.846229078306465 0.9417604699578057
34.127535963487794 0.9543567418939226
31.350301986865453 0.9230140940732969
29.573473487896553 0.8641069855840294
30.988770001836205 0.9324679948003697
34.19806382313622 0.952181656005445
33.15905393653462 0.9327565620846578
29.617484060435668 0.927118611061834
31.349377230293825 0.9394121429482782
33.24114860430515 0.9273864779409897
30.83095055516943 0.9170352153110014
30.655055566663467 0.9226584434424207
29.823031107049403 0.865384993229319
33.97497246205662 0.9639991898235378
30.571321322869956 0.9094636860516883
29.63978790100326 0.8929447658583906
31.892199770302643 0.9504057782130718
29.717972189344877 0.887132148531826
30.585705856871744 0.95614343863748
30.988068535913392 0.941697231635556
31.14820967246457 0.9409761457906751
30.646877447009597 0.921047213250215
33.0535633744021 0.9756040576791943
29.89984304362811 0.9128183329180746
32.26569005747713 0.9641103666719102
30.85353001107086 0.9684168610562055
32.757742409696114 0.9356097459209493
32.29843424090877 0.9572778620763408
29.57469910491799 0.8652686647162318
31.79921094084891 0.9430902663737282
33.650863781643274 0.9581337898810436
30.322154829217205 0.9407143485927977
33.507466276788044 0.9656343098979683
30.90100945944084 0.9303455121520772
31.31764219504253 0.9591207959110596
29.993917658357027 0.8935459282053707
30.779441587396555 0.9351908039961507
34.06997717042536 0.9663750027149574
31.27963445683358 0.9215997333782432
34.061635760320755 0.9659182155304669
33.02424439272471 0.9694005815271648
31.961854837244243 0.9509867066910712
30.996806612692364 0.8922502196274852
29.72801776928396 0.8952449265870335
30.332345774391612 0.9373904453624414
29.928523902341094 0.9326750754504047
32.32314810623089 0.9461579436106692
29.70965494291672 0.8676941154542182
30.475531201688565 0.9094874139184927
31.78126142598922 0.9426653175454525
32.36803620112529 0.9556823463591415
33.2248797999673 0.9268885586252221
30.900071560148273 0.95935777854846
31.964434561012176 0.9504518728600375
31.666152769272713 0.9346017949203725
29.83700540526138 0.8994508537372744
29.432795705860606 0.8728730390639002
32.89624430823491 0.9585314580695989
34.86937295649109 0.9777307647057849
33.074581947883544 0.9787680358870565
29.70083084104823 0.9234189858329552
29.61386811255224 0.8932526184602643
31.395169045404025 0.9390499914935154
32.264108541473085 0.9496772309414984
29.712666416515177 0.9003584110248192
33.73515614296407 0.9404850265617158
30.587486033350118 0.9513015940858861
29.649323438351868 0.8786901348756537
33.90748937259148 0.9518224235385726
33.24572968680049 0.926028770710714
31.950591733080863 0.9494009895140244
32.510829775233944 0.9230269817374931
30.742396221280387 0.9307488881268438
30.881139160270898 0.8762810172759877
31.90155381304458 0.9523509613577095
30.85951044207937 0.9673684908492575
29.767762459343224 0.8986436364286968
32.466813430341126 0.9268948236149138
31.04132030704836 0.9243005200412014
32.42101585666223 0.9467636654435782
31.57780314224899 0.9423675934870772
30.971998150452187 0.9428089171769112
32.80076292033807 0.9697098272176063
33.856518494167645 0.9643087496433972
32.1113487445401 0.9609196107111857
31.15293235299715 0.93626607851723
30.660002666198753 0.9592984295464948
30.620938977647505 0.9121373863150932
30.49711534811315 0.9376268647181478
31.977409537520522 0.9533231114449229
33.175153292346515 0.9267848134014983
32.2676826625328 0.9520904195278465
30.85148670855313 0.9584161784005907
32.8089582984575 0.9246448607078539
30.547676261414715 0.9451973416326083
30.902755556216324 0.9627435845188623
30.733805088437677 0.8987589810726565
32.49689521901443 0.9497798436960172
33.05101379404035 0.9316247879084635
32.62382711255399 0.9163280759782195
30.701296075271163 0.9272568773852926
31.473352704135216 0.9299999575973754
30.46997869030221 0.9434777200184534
30.488167336417394 0.9425174907587773
32.13910740211421 0.946287554367369
30.395185640851665 0.9532413307904183
31.87990139035502 0.9470490010676621
33.10756149833607 0.9758700503522657
35.13333173011188 0.978900687825368
31.86480546532985 0.9467666665268984
29.625720572446518 0.8798213962635281
32.96198354149113 0.9717074457356825
30.007017344531832 0.9054323247926305
32.28187864359913 0.9493904805291005
33.215225687394884 0.9265584144845
30.554763633647273 0.8711197779618802
32.010458396620024 0.939456417645751
29.77960321232387 0.8653651357062307
29.88834172091253 0.9125221947055209
32.999430077403524 0.9695921388350863
33.00157782201221 0.9693032596107215
30.338080324737405 0.9566227097475251
32.004683508038 0.953374106089884
29.571083972007916 0.877523789112779
30.293971063196818 0.9295249043624298
32.48043159937084 0.9668044629277064
33.791841661005805 0.969376975281523
30.432698580531632 0.901446616519799
33.17252268161034 0.9256823953640041
31.018341014221463 0.9497824737689944
31.57352915909188 0.9323647382075281
30.386372493673 0.9450498228066059
29.97114610370899 0.8966859101052832
33.69625575036188 0.9440254039557211
33.77773336452252 0.9620909021941445
32.84921600449806 0.9576912309430026
33.14477686881582 0.9313561355524603
33.77079971098022 0.9635991041909867
32.159484746146504 0.9581080133078419
29.60931010654576 0.8972128651861065
33.820498714320046 0.9639624370108038
33.82270643360928 0.9790265892044796
30.46763796990905 0.9411001045753513
30.090409134221304 0.8964719855319546
33.07957336865692 0.9340098151834196
29.79950859202994 0.9138098656107981
32.57985880467888 0.9626927998837489
33.48565719796134 0.9655995115571814
31.909870086522 0.9504579048925946
32.80395745858097 0.9413355513264987
30.876419868512116 0.8822056079453378
34.11436765614661 0.9523828699917501
30.942360983080984 0.9007796604849627
33.882762403635034 0.9441227135709346
35.4568484164128 0.9854571729754308
29.829938407062706 0.9014393255184072
29.818326467854746 0.9098398510172155
33.85500197592349 0.9642627449749259
33.794751435700334 0.9601520813889531
30.207053930992956 0.9414784839725612
32.16010655980383 0.9465090453466821
29.877466609042326 0.88523052713661
34.07705196835355 0.951120544413708
30.469821836301488 0.9409414972820673
29.494540103124763 0.8701715120829809
31.020728261514826 0.8980572622938647
32.306717090238784 0.9573817561019197
32.8160975989949 0.9714869594790986
30.883025030525708 0.8824655187631073
30.350648630045196 0.9382297041754936
33.061739748906106 0.93322504096448
30.933878150712797 0.948081839440268
32.48214407198713 0.9262759511982415
30.653875197175182 0.948006274796557
34.15054109619499 0.9669085669001749
29.774493316345165 0.89195553775214
30.38455120712815 0.9356723566854867
33.760767623625966 0.9692342253481119
31.907179467863223 0.9473476301719088
30.860393037490002 0.9205818199578002
30.697191489056088 0.9299218684902811
31.988683482220992 0.9400992491886018
32.17245074554017 0.9457130536502559
33.815678987160624 0.9705789627261527
32.94748464102482 0.9488973824114533
33.60024731404695 0.9394266592699951
32.32075964226516 0.9474002392983784
34.64508640063109 0.975132143954386
32.61724067387533 0.9628298722991501
32.72013545514773 0.9181590809685208
29.96831866436906 0.9303805259250609
32.32406418248346 0.9579310506803619
32.014598250851506 0.9399018092134394
32.279311210030095 0.9571276643257516
31.30505962978234 0.9537721980386116
29.632546038847565 0.8864774432771877
30.40903591280494 0.8999041636527013
33.573227417637604 0.9565013978487843
29.586996101883702 0.8759030763656966
32.02619372304876 0.9580309750475346
31.701254974192867 0.9445898277710774
35.111465974572 0.9719300217737747
29.715679979770982 0.8953583393263591
31.164314199661103 0.9507252288546196
31.108681648130393 0.9134625497759543
32.37971283304589 0.9564585040699427
31.728710674656142 0.9357043027425154
32.21059973771809 0.9462907550886298
29.51618094503598 0.8685789923488006
29.821148302556637 0.8940384201747614
32.0742378658755 0.9533490028052648
30.586860047962972 0.9528697211993389
32.47605200230697 0.9204686500128348
30.587990155443055 0.9556926022027196
33.04543601586494 0.9698127519003209
33.3436681102002 0.9398802040442652
33.01907714028016 0.9495179900637459
31.027785196549207 0.9320375665173883
32.162279995918645 0.9457996389114713
30.456972704990047 0.9367596243269691
30.785547884071946 0.9259844088783092
34.68444219834146 0.9766162655134427
29.843236762779387 0.8994441845105511
34.05329749653155 0.9461508601408443
33.056593418072026 0.9174405052250963
33.90683871725592 0.9644955289220617
33.26509350514641 0.9252627874569532
30.34979093325646 0.9003972301403923
35.152892621720156 0.9793341095791036
30.49113435243283 0.9445752164818041
31.332475375360666 0.9562584685850716
33.57872439857377 0.979899800395799
30.839208143076206 0.9669820585464624
33.798161803155345 0.9696584874920006
32.444729272939206 0.9256468973276103
30.77876182968432 0.9321990926753281
30.843856211461326 0.9350376934022044
31.27897609174307 0.9216387159622894
34.98863615527582 0.9674949798413744
33.397444729744194 0.9637356918474581
29.604036928738275 0.8941242663015703
29.649494210091085 0.8669459078747548
32.26230723976849 0.9633304067152006
32.476465254374546 0.9258910817133889
35.0345496746493 0.9787227564960099
29.64536617034593 0.9026997091912117
29.833664277558274 0.8971956045312306
32.79836918521602 0.9193810067647183
33.82639005159758 0.969450257103736
30.67715284264589 0.8788436874562126
31.691585805147295 0.9344236829801551
30.56020331377931 0.8753322471397578
29.48033400832566 0.8993580928555789
32.44561698102498 0.9165501793519603
29.799999527446793 0.9086181426526309
33.993792994996134 0.9435256694516851
32.98390600113418 0.9486224384382298
30.739867300555687 0.9292833270768759
33.03936527513947 0.9696742155972433
30.651679230915825 0.916109096649183
32.28997255253767 0.9497017801083268
32.4068584246613 0.9448466488564184
32.2952530750928 0.9493830249086213
32.429430776470056 0.9172416557301466
32.68438639979706 0.9192337907236989
31.15216292147587 0.9531879576300546
32.66563523844263 0.9145445970537107
31.2931137922185 0.9570422091925299
32.03489411133178 0.9396656227039082
33.694532448412026 0.9597545000651843
32.45166300173882 0.9163102992070783
32.22108876682857 0.9429361125926626
33.520697850578294 0.9658432568878124
33.708432957135244 0.9446803465938085
32.26988099194992 0.9470589475284642
33.11375087718913 0.9359139231571785
32.44285958673855 0.9649035288850903
32.67723523590654 0.9637391379942458
29.826201382765895 0.9005164476004968
32.049537456626936 0.9507963204059268
29.72478620978572 0.8963455282568388
33.551616263072866 0.9667777261841979
29.544721568092204 0.894682371813386
29.673463683473884 0.8922605065896971
34.10383501595729 0.9516997651616418
31.394355481940313 0.9700123019601143
33.14890274367627 0.9304508562745115
29.808279126936057 0.9256498757327296
31.303171368250414 0.9566643184529872
35.44102462631317 0.9855969882763727
32.165892031507816 0.9460979631272141
32.67608498400649 0.963716914903262
32.99905594121641 0.9771436907124786
32.75876485964235 0.9341794565854853
31.796552455602047 0.9428701721071312
32.86988027500409 0.9570742923293079
33.20347237835556 0.9233740385338584
30.334895531782063 0.9361607028511568
32.47903847770169 0.9209107718978887
30.785628934833888 0.8803936922803822
31.74191316948273 0.9432503937068473
32.19042498738018 0.9481397370626353
29.857909228460223 0.8932106336556263
31.6995936641233 0.9513354988682138
33.41186644634044 0.9793072552559603
30.96934076089314 0.9460676626310723
30.507616885157628 0.9072062650082623
29.71806088992671 0.8989266374450581
31.288308361496163 0.9559649416264574
30.244363173202757 0.9159662167056679
32.33613369301782 0.9581068399773138
31.00049965524857 0.9323593426291285
31.29893170256343 0.9210783332453755
32.68149194576428 0.9694445105305854
30.18353594557452 0.9273667282507022
29.580293830610497 0.8985928474065182
32.71349045241001 0.9640246540578385
33.635850289353904 0.938639267810076
30.51796696445198 0.875258930466782
32.99173698100682 0.9696276884469345
30.8212011018426 0.9300000855300726
32.9295443599233 0.9486265399018106
33.78428808755846 0.9419933236103116
32.930524414854105 0.9483976441204148
33.26593567061248 0.921510133897961
31.506219844556348 0.9316462916893791
32.31202512962542 0.9396368602657865
32.91992888053452 0.9579957708978915
34.91658621462489 0.9776615699187872
29.9353436987779 0.9446660801222639
32.385321225949085 0.958698250959393
32.39892888693054 0.9671035457738986
33.80267587915724 0.9416315080583747
30.860357430381427 0.9417075703763335
30.619145798447903 0.9507988220233814
32.82716671726863 0.941384422832025
29.376137730405752 0.88984084658773
31.9514190702716 0.9520523292669051
31.886120477605683 0.9445083801413487
29.71594553512531 0.8899405231861361
29.833950673979768 0.9005368808144671
31.250379930572244 0.9437002109473729
35.15710138589245 0.9705400836915808
33.23831247071488 0.9795749129719103
33.02477846656608 0.9697297302159064
33.080594124989226 0.9759728511764684
33.060176015920945 0.9760681602501671
32.43690200851219 0.9450316466360519
34.381772280715204 0.9534546112052936
32.84146820668106 0.9415472470524936
30.028876960420398 0.8919072490855214
33.26069249445256 0.9273085940634885
29.7283808307376 0.8679968978049268
30.789909142460317 0.883591238407679
34.40731014981503 0.9520758969719326
30.624571173262353 0.8763707155940373
30.004671195038448 0.8904335832708732
32.453905866122874 0.9455772126957681
33.78709143181794 0.9406024887475649
33.58180238308719 0.9666217311861118
29.751422534942883 0.9286421780980306
29.63691196657877 0.8649795050519858
30.87166436264717 0.9621445144349791
31.97886506584976 0.9531862000224408
33.750888874402904 0.959887731599265
32.227924005554314 0.9383522581436246
33.22154148606765 0.9298557597284642
31.29665031387784 0.9214507662626154
35.16089117864324 0.9792240715868418
31.453517227859873 0.9293608419108879
33.395682395491434 0.9733909041046639
31.04748497633214 0.9270877098683408
32.23189395891515 0.9492179774434759
33.09776015811731 0.9234127516109941
34.16022608715415 0.9543015146297688
30.341351789705094 0.9259834455798592
29.61481839166348 0.8741942137877716
31.316131716880726 0.9214273891576309
33.53133954640569 0.9654016337864648
29.670267359846644 0.8889757580578712
32.719595659392425 0.9347783013424501
31.781278304911254 0.9452844899467918
29.758617699170678 0.890620823904595
29.588459446153767 0.8953883733763452
32.34708114269149 0.9483533382076637
32.64262947896426 0.921239523399346
29.720480583098233 0.8986614161464229
30.740259214187788 0.8856955267038332
29.866437005553777 0.9114639827298812
29.76688926262461 0.8776613088491342
30.757903531459156 0.9201054039236809
29.780378754570375 0.9069306614884411
31.282029943424288 0.9222266686590462
30.33264070323565 0.9381842564225069
32.8567834705929 0.9582943346677555
29.732220619004114 0.8939032263628683
32.19168923755386 0.9371319258572743
32.388077712474896 0.9450360098620502
33.786453838885514 0.9687516278684949
35.9370847079323 0.9837962633926147
31.373904556802806 0.9708856703970005
32.16703015764115 0.9498769946528244
29.597252483443036 0.8561061448477668
30.539656653359046 0.9274084156158282
31.975169192095166 0.9505227652824209
30.302648412921904 0.8991148908144309
29.544766853412927 0.8751407580056526
30.18070351687331 0.9081666435443734
32.80087759834415 0.9196343655933856
32.878457779999536 0.9722148495019813
32.628765459537405 0.9088900553055024
30.795286637877915 0.9308175856204158
32.09001345524649 0.9524663831097917
33.558200435236984 0.9659551359269377
31.51540611554153 0.932811847263168
30.92593149512441 0.9435296407485093
35.386513068734246 0.9808826896879307
30.721247816164023 0.8985595899398057
33.91449075697026 0.9787363311397278
30.901265653843723 0.8814654339939311
29.608506319716565 0.864130663310372
30.936098717426617 0.8815023230523523
31.231074265733092 0.9321126510075673
29.833566843671857 0.9105285744457456
30.372915800757937 0.9397482603403782
32.91126958730491 0.9489809670555797
31.6976148253329 0.9367032657101682
30.67309587355473 0.8753861990876948
32.259953471902634 0.9492366709128471
31.254771793697195 0.955343436586545
31.70137552024137 0.938048178916668
32.2886786258231 0.9571599204815967
30.5573060969705 0.9129657799664052
32.11084527134037 0.9566556333417172
32.665729768890586 0.9561973025255467
29.811157096774682 0.8795220004587261
32.254841158499 0.9643438620973042
34.79218429140741 0.9685075129583857
30.57540813528609 0.9174288063065241
30.838631912809007 0.9289125389626209
29.599592759880345 0.8791264998622914
31.715342499716353 0.9364664387765553
29.993258710820285 0.9298998806348325
31.947979634842984 0.9528854540509798
31.16796832054429 0.9699113159549683
34.30544914584771 0.9516881587424697
29.73459677545346 0.9104657549612207
29.474461956951558 0.8668788980283311
32.44977295721432 0.9453334785182733
30.79196873612038 0.9268898141488502
33.06931709238882 0.975564824528149
32.2691995648599 0.9490818624529774
31.741685561782084 0.950310345719569
35.47888718264951 0.9730039285870729
34.89755164153052 0.9772941240386789
33.13910503688016 0.975727260567082
31.65181822610279 0.9349927605668624
29.783384950063613 0.897055858671353
33.037491343307096 0.9299979070374533
32.902044858750614 0.9659054585438999
33.13433444838448 0.975892825721351
33.257872866956895 0.9279528455669979
30.637029363729074 0.8796750806640207
34.755913588231955 0.976814198328782
31.247976074306255 0.9556028405830708
32.210736380266326 0.9386863969737805
31.6935327074108 0.9369677803448196
34.126251181318345 0.9664717748801892
34.87485103977039 0.9694124660715497
29.717375205412118 0.8825813049564954
30.985804434443864 0.963096779074441
32.37568936484588 0.9551919549274781
31.918281216545516 0.9463552053226046
30.608866858234464 0.8816444328893924
33.0079519311605 0.9619737546452004
29.598703070004756 0.8936408248317428
33.19721854873932 0.9797586511071329
32.91673045182334 0.9777612034305238
29.585594334219767 0.8814292324442373
29.970373690911952 0.8806341852253349
30.59619835025915 0.9156059123959719
32.44807242719173 0.9262951063112205
34.83170963938455 0.9665239050738951
35.074784993339506 0.9788210824364572
32.27088110573301 0.9498993777477517
35.64980980974284 0.9861877037983189
34.084118063063194 0.9660556458363388
33.11961577243734 0.9311666491059221
31.31051404351556 0.9231025278811557
33.75281655260443 0.9594833402610201
32.80075957212062 0.9653712132129286
32.34200876479504 0.9463666681267188
29.64129502622025 0.8916875066216866
29.94824506350838 0.8808037120119291
33.293152968236036 0.9326372045633687
30.969928009191776 0.89154085874235
29.681929405710296 0.8960044306984049
29.792538308791276 0.9111363153847707
34.58952511477511 0.9543260892380911
31.206592808973138 0.9419620661174174
32.13885584086275 0.9463334524696598
29.53466884884247 0.9236409062910426
32.76254674142473 0.9415540710419543
33.19317343208051 0.9791039874488355
34.951182608636316 0.9785814293871062
30.74298171132265 0.9337606099061804
30.387275860585614 0.9396656385693677
29.652188349143277 0.8941231812057169
33.349920004178784 0.9320945359521947
33.17116421755446 0.9798840394623575
29.85855433198897 0.8624536171440639
30.09958500806954 0.917049423159703
34.81073969274878 0.9777929033542088
31.364147409255033 0.9703815916991861
31.720924789875372 0.9369097215434458
31.136511264557953 0.9223566860427993
29.61858980795117 0.8881796404235583
33.206727435917884 0.9257581675914444
30.396307368977112 0.9411678626947816
34.36163541064584 0.9524379865528328
32.6333300692642 0.9625514575104492
34.91473497322927 0.9675241868555403
32.626504854762565 0.9290844281187614
34.93554446848876 0.9779924972981303
29.761459194568474 0.8690117460771654
30.795693344194145 0.9288700625678931
29.650366405367482 0.8889885236259154
32.147910435143395 0.9557117604596942
29.741537925741717 0.9267689007152873
31.69413504897953 0.9512429826983577
31.067923747558865 0.9330605881577254
32.65900336568719 0.9652348810244392
30.774210431645592 0.8974944988857018
31.026964175631765 0.9315191610470746
33.298999692128014 0.9273273971164215
32.15429885152051 0.9465970474038424
30.735837719992276 0.9524879463151943
33.12613044837783 0.930571547067614
33.210999092332216 0.9261063149773033
33.18187981091008 0.9241642576769291
32.81299988683577 0.9415793891349851
32.06485385714486 0.9414723200428731
32.80070641951428 0.9701780279090398
33.03108303148022 0.9572455524579858
31.838539194657677 0.945304702417791
31.697859614735417 0.9364734093020766
33.2925946951532 0.9684407877953091
33.82989803422146 0.9702029496314741
33.47112697614006 0.9795167742402833
33.83211796798078 0.9641121124877703
29.439256634264375 0.8851252477418343
31.675128153054494 0.9358968616502891
30.529424250685825 0.9111646095373094
30.821106914770127 0.922575736012877
29.454641618162462 0.891497532108009
29.742696622356352 0.8812372507903474
31.31790306520027 0.944770676817665
30.450470038116336 0.9464940478872361
32.91337759859046 0.9287897032224119
30.596706004259065 0.9223216551377932
29.774378645283853 0.8940333809129157
32.566358767444875 0.969014793119265
31.28595754170108 0.9212991869014672
31.281043805621177 0.9205401442024586
32.87251884898277 0.9275056781927509
30.179954725210628 0.9210248911300442
31.902571631282868 0.9466214889846788
33.82593320439187 0.9704972685828089
30.740828788936675 0.9290272542602435
30.745966148794928 0.9327056762293215
29.74652672130725 0.933056428515258
33.79739885687082 0.9423228305138546
31.785490487801503 0.9424691928368426
32.13743227875421 0.946364443768955
30.883877963555307 0.9431360371075007
35.10285877546582 0.9691829269794976
29.55059559311642 0.893581022546625
31.03494949016095 0.9522916006850052
29.621537362653214 0.8648355015528568
32.562094522934224 0.9596682962018583
32.31500266843321 0.949928275681613
30.821264513444753 0.9326152424572671
29.940345416200017 0.8852753913316554
30.757728866564285 0.8841592024246008
31.701239378183065 0.9368505567968118
31.40174187845245 0.9450440750673451
30.690606360448555 0.9305801493027358
30.68437054672192 0.8805601096694797
31.51508361400639 0.9469369325783981
33.03960935691494 0.958740918780522
31.07868715815302 0.9351507828283081
32.984311578898875 0.9490287440068674
31.526814592622856 0.9462483248459367
32.948634597957664 0.9574735286737923
31.301069093263003 0.9565963749699183
29.601780413732854 0.859770404263795
32.24819930757688 0.9554027799421578
29.68141408677443 0.8703566589837823
33.97332081528329 0.9802087647440527
30.574323156217098 0.9179838223868882
34.108844733654045 0.9662147751799807
32.21146021905058 0.93837430973333
30.575974046385944 0.9459914201567107
31.905783524988447 0.9476259220084711
33.10050056449259 0.9318495051361003
29.624365869256486 0.8650366803723726
31.588715809716813 0.9412022181184919
32.70459042513322 0.9169521879886188
33.7087182101441 0.9586033582262441
30.800596333701662 0.8985687675099877
31.282784373490227 0.9416829497047805
32.18305703666253 0.9432916196407682
31.771399804602922 0.9423259999619232
29.5429376231019 0.8650364900492084
30.619406408119822 0.9187656284644268
30.694588502626768 0.9251917251744953
30.565192553052004 0.9102669465660642
30.304143824984497 0.934954858564214
34.1446195447598 0.9478318507909133
33.840706484090866 0.9421430987001701
32.901972459325954 0.9569855317178265
32.604935763329394 0.9284832229675284
29.882272763309835 0.9112633964923488
30.045063527130065 0.949194567228834
32.9560252248043 0.9655706899458156
30.66479698169548 0.9168412158571726
32.38322488055764 0.9469773749461522
31.31639011741815 0.9224704959336385
31.753885276901727 0.9430064567221389
32.210302354091155 0.9394794962474103
33.04614009824169 0.9340156092139089
29.782758853273535 0.8854249468372837
32.97247460862582 0.9491120889777929
32.45661151506691 0.945712659062628
32.86719825513133 0.9420445284782282
33.7975489081813 0.9603131194971255
32.604389695654774 0.9288872576779333
30.4175867060013 0.9033822638521661
31.257945970266125 0.9199332968909064
30.949169473208876 0.931444287113364
32.438600094603 0.9261041211136352
33.543985565320725 0.9658890904246243
31.473355478895463 0.9392873889768676
29.90011817089272 0.8885963965252998
30.150672250356227 0.9234915474021359
32.032816800484156 0.9396042441162824
30.84857761033064 0.9645040071653266
29.8370360755329 0.903671785910094
32.7064763518526 0.9260132874467324
30.93113784885045 0.9626500615605451
29.80705616790898 0.8934076197765389
33.16904895960846 0.924682411848078
29.595711540818193 0.9005113248441284
32.171799280359366 0.9392318170911618
32.50990828464293 0.9209010497235434
30.062914600224538 0.9381147397916387
32.427715914922864 0.9486791829276973
30.468568186705088 0.9389330961337184
30.452798596396295 0.909313379123988
32.13685644714259 0.9463573807544884
29.758289075106596 0.9035447111379139
29.559060838105037 0.899602432511395
31.66171726065847 0.941678788314244
32.91981015515178 0.9491600358881179
32.810854867936776 0.9405880013326284
34.56420457081528 0.9741460080823673
33.52766819295201 0.9656731089152994
31.913669439975322 0.9540006242075397
29.551520440827204 0.8935217676361528
30.607830070759533 0.9581072512289512
30.76823772625499 0.9199542854416038
30.56306321320756 0.9134170661615398
32.49219219524728 0.9266236637242047
35.57655324659531 0.9820171119022948
33.08806003306074 0.9505530866063561
29.541979818706977 0.8876545404472396
29.6703955991771 0.8869295046249098
35.49576746738338 0.9728079130895684
32.95205596124262 0.9547942054567137
31.01948615151396 0.9671085425303139
33.9803545407335 0.9433634705283193
33.57743545837303 0.9409571002161282
30.30907715357895 0.9323841592472257
30.424088470781243 0.9029039583359535
30.454456103193237 0.9344759101354205
29.670874189224357 0.8991082971553188
31.259199210628324 0.9344937866153794
30.426073457415548 0.9376524792730044
32.91399873166227 0.9572603376730474
33.97105493583996 0.9799240334570696
30.87995058680134 0.9274036950798802
33.03070704117864 0.9362778084912875
29.490206136731068 0.8807758826478361
32.0747558799475 0.9537711073768054
30.47390531159386 0.9449198225316144
32.92837487857747 0.9481796104498286
29.983626473159497 0.8947880069529802
30.868736893345385 0.9628868980835908
32.773214698487905 0.9191487673723464
29.813279591484235 0.9035516611178435
31.537662936826784 0.9300189766212855
32.191227285298936 0.9463968975795024
30.496735169776503 0.9439784982040721
31.59535440967065 0.9400089843737206
31.275902879840885 0.9202977150247639
33.83631315325384 0.9539066857163326
30.474140938526098 0.9492990342348874
32.173905035082285 0.9567923226945111
29.718709632320532 0.9296331697360879
32.58350113216323 0.9609757755421683
30.573320142683986 0.8764393450764648
33.090274438755735 0.9785773777746499
35.10385728094909 0.9791320477992898
32.39794004701821 0.9530671826170931
31.993567836768214 0.9401970920314127
32.54693587998321 0.912138542173913
30.033696588195333 0.9106606092305787
32.666372062425374 0.968573934633795
32.58590794571677 0.9566043664950764
32.472926697711976 0.9256047971752419
31.271317147566407 0.9203774031255031
33.33985059157436 0.9395279463740616
32.955940642317586 0.9581681665042334
30.59549831337361 0.9556788539252883
30.66483716345074 0.9591303634993567
29.69249497248697 0.8910572792415944
31.35704463439373 0.9709012313330025
31.339206224721785 0.958916381872881
33.866623091706046 0.95408935500545
34.0305654406621 0.9532630807180789
30.697153327462622 0.9137497294620747
29.536006907261477 0.8672550605901874
31.365254245681427 0.9705310670022848
33.49367052302902 0.9647548452510553
29.578588089291664 0.8871398973844716
32.81868729873364 0.9702533722007933
29.671357718477395 0.8679074955264011
33.34913784700014 0.973475722655971
29.721227926040665 0.8947662328927484
32.42785610556013 0.9165977638173549
30.73050652578965 0.9204150547225504
29.656255519732298 0.8897137513665133
33.81492352990164 0.9700192839650322
29.37434601621866 0.8734649686270378
30.781473349152332 0.9294125158054458
33.932036970594595 0.9530152591157374
33.51930008650062 0.9347532382553034
33.0028658387816 0.9693956892494384
31.125894051007712 0.9121829844641491
32.998595105812655 0.9696156475890881
31.071589533857793 0.9353147138237169
31.451046144862307 0.9725057098202005
33.62904967859369 0.9569042965977305
30.96780232177846 0.8853248991987381
33.0086534746349 0.9655180805494709
32.55275074520884 0.9584362721075903
35.3631003718693 0.9718096397160397
34.82847540674398 0.9772350601514213
31.884081590048226 0.9508898724946585
33.454413512741766 0.9316748494545788
29.96707268936238 0.9025931161085248
32.743531806402245 0.919900714575983
31.899874305052176 0.9429416820672926
29.586665434808765 0.8627422616024701
30.449878350502008 0.9039303085465626
29.661761746297728 0.8852215330846922
32.80125178778875 0.9409477859116074
34.094444517227544 0.9519649569568788
30.62698054056503 0.9230560387576053
29.997799034634454 0.8957934651010586
32.92289979229097 0.9575634698102505
34.11203945230937 0.9521618313414103
32.6389799854579 0.962546092348493
29.862221658092984 0.8763102361377707
30.732926266657298 0.8823012684221877
34.96849507884323 0.9664386967237879
30.65379988705951 0.9145954665901945
30.539853351170663 0.9383714675859491
33.927446160144015 0.9468703878707653
30.41640556806259 0.9338231919550743
32.88121625941672 0.9569181056577322
33.519725295027314 0.973461160069083
29.683708899606533 0.883551192688535
32.187882325969525 0.9461337516949896
31.263116781080093 0.9191332546349661
30.770641610097943 0.9208045567811404
35.03383432620036 0.9787782418105677
32.820237067478956 0.9709892980335888
33.779334285728055 0.9408384627073106
33.812154995898666 0.9454149821541669
30.62898585687376 0.9171954232688834
35.04495443549422 0.9685166865970074
31.517294599856204 0.9408432129156027
29.688175849763567 0.8671719628859426
31.380724116278188 0.969088932715754
31.83298294241949 0.9485017866172933
34.92639842673542 0.9784294924434171
30.962588584051275 0.8891065070669412
33.570831077326936 0.9672037645949249
31.07250477736246 0.9680671455894587
31.69979796384323 0.9452092136823564
34.09257268346369 0.9522081356662171
30.86315173550887 0.9680655469461943
30.97272779595828 0.8890774892800253
31.347544780340606 0.9382548582801337
31.26213551534484 0.9211314441954583
29.494503548583886 0.8742038841608575
31.561553500416345 0.9442884328522954
31.87927983575882 0.9486463305909202
30.811191298356544 0.8863079750382082
33.64868267435276 0.9592651522293411
30.82877511885048 0.9218700940629683
32.30008164085509 0.9496654206940094
30.705742980203333 0.9175423185756532
33.068085775426674 0.9281115819634562
31.513108347784474 0.932000442991342
34.80954047489753 0.9771602604849002
33.11334742237464 0.9300095681366893
30.974055262957116 0.947742266350243
30.66392510357045 0.8945314974893305
31.781004609699433 0.9375505835314969
33.980577497254934 0.9533210466918492
32.18117073283335 0.9609751399950084
29.502166983947365 0.8550851072926331
35.24658791927338 0.9711594137512453
30.32711743256747 0.9365658288160187
30.004177453428756 0.9358592685915489
35.4862381661752 0.9821923867284245
30.971007446339915 0.8875629998919216
33.390623080262095 0.973615232680935
32.79420160376344 0.9563540849863505
30.430874014857544 0.904619010780276
30.80173221621385 0.9262355760687978
33.79007003100127 0.9413390539308266
29.562668355311533 0.8880594023334006
33.05978106133661 0.9572526637028166
33.07040892059548 0.9205246455749871
32.06115400074717 0.9398685742996816
29.54514794117174 0.8923888273236397
32.390900310411205 0.9479763999405154
33.96552729359796 0.9641877504791696
30.98792544416135 0.8921375683575365
33.05935193880261 0.9493677972011119
30.772966796138583 0.9283603108048758
31.761710432694926 0.94428919726504
29.783050895199068 0.90156937502532
32.90116929223841 0.9587648658294059
29.837328405818923 0.8959044194196123
32.94251509954695 0.957074387235956
33.30984944302482 0.9385218169502955
34.09729750110221 0.9656727862229955
32.701721342266126 0.96386028595012
32.328079497839106 0.9462085933213156
32.86299257605726 0.9562668798340871
32.03889297740984 0.9410136316821277
33.4782759417916 0.9743027106089479
34.96131359822866 0.9780925215310095
32.96917548003016 0.949493009788536
32.88248057963387 0.9425842509915305
29.9989737188465 0.8902500630815282
31.317939951184854 0.9687204587905578
33.16825771147984 0.9240327518094448
32.76422891214262 0.9578525315292125
31.8988197141738 0.9469691741755327
30.19369248835514 0.9543592374317765
32.23694329323758 0.9497451839828217
35.52602073995112 0.9857016513736526
35.510668962334115 0.9729605457661917
32.68685713183772 0.9218845640828206
32.29944468149115 0.9496985180369868
32.00973764162131 0.9398061580490199
30.429227663977706 0.9481993351709969
33.20056482658951 0.9243679390961649
32.64410434568647 0.9635639248540167
34.17153864480172 0.9670528772494227
31.61751043935766 0.9429126200118554
32.12269449799851 0.9568767138143675
31.777691519238807 0.9529357171715033
32.44988568041918 0.9258242127540266
31.25858648319792 0.9214900615034726
31.46705579284701 0.9297381626823613
30.605885498685822 0.9131794410902807
29.76580357966302 0.917122825635205
30.86626122057408 0.8803097659417476
32.46281690587036 0.9248885026401638
32.0042685473944 0.9396135283131547
35.103259145749014 0.9684372441062733
34.90504756585989 0.9784677785236257
31.892597707951733 0.9457821709607207
33.05940435522391 0.9504763046697335
31.00198804140035 0.8922554394640697
30.46166516502838 0.9041484885779095
34.011041004416576 0.9453112399134198
32.65624155339791 0.9290700439956472
35.5226717281727 0.985722920920678
29.634455402933494 0.870023925760257
33.925951313539656 0.9644051017703573
31.98228919467602 0.9395665166790328
31.76616751070478 0.9435029843136785
33.86964177032408 0.964229379172305
32.69209261829629 0.9163384061248327
32.263639561601956 0.9574955122672685
33.05868301867524 0.9501801754521133
33.09740210089633 0.9305382774044066
30.65424129952847 0.8832115012704291
30.969077774075224 0.9287577277358877
35.60848131248448 0.985973677147692
33.86646207597861 0.9406224470814503
32.22950377225939 0.9491947714155435
32.012186812031366 0.9392222242534654
33.85751663289512 0.9643164167186838
32.60222570269347 0.927168861970253
30.640750638963908 0.8796900657193545
34.62497478398983 0.9747921535515818
30.420810724725882 0.9572428762506858
29.68569747943448 0.8964533552756657
32.30239942477864 0.9450758516419506
33.954467960585305 0.9799154269853219
32.02036571529586 0.9534738425333378
33.77504709318693 0.9638085331509966
34.84873452259816 0.9776344952630007
35.31471077118472 0.9714670248899849
31.944567319555063 0.9503752171339858
30.302486892133643 0.8994828704527281
30.701829071157945 0.9291770387458081
33.10283708059799 0.9664772405354778
36.038724394008696 0.9843192985894297
33.224622773487475 0.9326682163284798
29.679845444577992 0.8699078812490161
33.101392140882005 0.950822422571172
29.59623640052303 0.8852646706343494
30.759612637235662 0.9311147598392879
34.778508153610034 0.9642011489651089
32.12639629459613 0.946342193501661
32.02325197235412 0.9478900073612787
32.25420452581988 0.9494492471441697
32.322480388531666 0.9579860017701229
31.294289945990666 0.9546729731380234
31.512132716650743 0.9309240375082436
30.414929476414354 0.9392206668769721
35.42793900125456 0.9848674237510234
30.592085895703967 0.9113719246702114
32.62694433582502 0.9105021956793002
30.569220271935755 0.9241972093945163
29.757572087928597 0.8721812139750703
33.59936895395298 0.9576776612011206
32.83879607050943 0.9408524537396109
30.297244731811737 0.9265869493234786
30.688786506235473 0.9263054244914349
30.963721031920663 0.9337242315595438
30.785405785737424 0.9297094093756064
32.41127857525424 0.9461593772602757
30.237432140025014 0.9214981050167441
32.85290426475313 0.942861553601103
33.53230083789686 0.9656777118264154
30.708075286921126 0.917899075927844
35.51655395538389 0.9821215211308406
32.54187475569098 0.9454613604473924
30.85158128961954 0.8785510933156017
30.73580754217693 0.9348724287009236
31.82212423669509 0.9427674948077922
33.31559336169638 0.9270213235038135
31.915807269765768 0.9468114209592103
31.062835604233992 0.9231963471523593
32.18828649289672 0.9377809414431596
32.47975402930282 0.9503112316303284
29.552271356066655 0.8900130547465445
32.184718257633556 0.9461181251281371
30.824154039980005 0.8897694599725129
32.83244731711951 0.9552430254184714
29.91111627731888 0.8916261310464104
33.68413105742851 0.9590338204172391
33.2728776426767 0.9682696642526719
31.0106095251308 0.8989296707000587
33.08751141426907 0.9206435870846745
34.18904256101931 0.9669744980510002
30.803992716477936 0.9676475426655539
32.42523816821455 0.9469776263652291
32.606243804584885 0.9650126846893065
33.048127643365255 0.96968949066339
32.94572565756492 0.9477121713028424
33.95653295609073 0.9642876197640174
32.132361981281804 0.9509238151412738
30.915642680047142 0.9276398294173598
31.301423501130095 0.9565891857630455
30.459141205578803 0.909144826836881
32.327567152808584 0.9401855797175706
32.95882605221074 0.9669356550925798
33.55504751022167 0.9379397539425427
32.817315372180396 0.9411854374956449
30.39447349506664 0.9369953785094439
30.498550673567152 0.9553303982311849
32.72980933024744 0.9188781953630014
32.88628983627119 0.9273711062505174
33.05380293181792 0.9344012102387791
30.77917934123989 0.9350386577077267
30.64743974808232 0.9519408298950967
33.95666512302443 0.9480241949669541
30.339147269635824 0.9294611417602031
34.80001301711439 0.9777482906754609
34.29772738697503 0.9554940771525309
33.945277490504154 0.9798027657769951
31.393603215181095 0.9446707705171209
33.89358981180341 0.9791935602168764
33.877083171462 0.9425251339156966
30.111640559368432 0.8994385767983027
29.68234109253408 0.8698693669870419
35.084880915835484 0.9789908046085439
31.92234879054459 0.9473273930672803
32.7605289133143 0.9235569587808178
32.310290202294226 0.9450776680194646
30.511545335094624 0.9544729645882735
33.32482977774083 0.9385331838434372
33.0511680833665 0.9790506166935499
31.83196188019555 0.9502581520104076
30.093934296298407 0.9483559467837932
32.60275390384314 0.9628889989472242
31.47446028264511 0.9301471198776865
34.20665896382339 0.9474177280208581
32.260202907904215 0.9498641741062904
32.73406474164274 0.9205177307989808
32.75507903643256 0.9653448985880203
30.880693978677733 0.8867836535853778
30.434896499421665 0.945280324224674
29.6855963640039 0.8905970188132398
29.70953724689702 0.8865757607557281
31.269497035343733 0.9207379515056692
33.84066713380016 0.9438638624263108
31.320478697566926 0.9211184614250767
32.47816217505662 0.9172252836196213
32.53812966121498 0.9614084871784959
32.71299044631911 0.9342690913987611
33.75406114100797 0.9692725519563219
30.76007357018964 0.9194817952550174
31.096938969085276 0.9392276350750589
32.441067371239384 0.9256789880712104
33.081816938218125 0.9227549904155772
31.08081178043185 0.9075426192626482
31.7653216295096 0.9493969369087308
32.05660316222666 0.940083396206472
29.70533924926904 0.926987215286508
31.052947783485713 0.9685587045727192
32.87495296473023 0.9571586788448899
32.025708427975815 0.9534270173456945
30.974532656739797 0.9480587239330825
30.413711377861866 0.9453417797714588
32.92003212263609 0.9608012040380399
32.653142073770354 0.9639958908368088
32.917567457475634 0.9256303988225499
30.616800508627115 0.9505101635721558
30.643558906804834 0.9228583224816599
34.720235647456846 0.9646312105356508
30.413269835073073 0.9022193719217547
30.494575383895572 0.9078732896389667
34.06184446413559 0.9526504689624776
32.87736331292182 0.9555697063612797
32.158630168463006 0.9466570917752247
33.83278247090259 0.9630269845631291
33.95971153850592 0.9459785962233829
31.49886525466354 0.9321406260327617
33.03540351829452 0.9636222714755467
33.02734267107104 0.9491749346036875
29.503663331289847 0.8860852663152554
32.050244073482745 0.9518771058612112
33.21952968126362 0.9687799002725672
32.24165664680244 0.9640613205374644
30.027938165867766 0.9348270385109896
31.49760850772827 0.9472598891029306
29.650566194144933 0.8742806371641145
32.95676571721562 0.9482114647237428
29.824256253605228 0.9049384155738166
31.283343273221984 0.9225535429669189
31.748845172860793 0.9473761559909913
34.24516143226435 0.9486649404204393
32.856778807024575 0.9662214557606967
33.04721636924644 0.9698229383637916
29.719031363811965 0.8732766123100023
32.45673949535656 0.9260250672313084
31.77093390617656 0.942978968722171
32.637142079707 0.9627085175968749
35.51021672085574 0.9729243234043716
29.71659848774349 0.9053554229497098
32.29324294224942 0.9492885747773347
29.912411726659602 0.9009426749687037
32.37398344946479 0.9654626354959785
32.34813275764437 0.9643804588841866
32.00715214122369 0.940027773269446
29.926578835096258 0.9306993632409858
30.41662045034403 0.9008480245655601
31.344727964315364 0.9382743365191029
31.265169609271425 0.9203288124017489
31.9508900931734 0.9509786923501719
30.594938415467524 0.9563527698600377
32.994406462492414 0.9321898621100058
30.696274929964424 0.9264993931014408
33.128766951525186 0.9315581526623844
29.864578291640957 0.8664408414066762
29.659595860484064 0.9106256684991363
31.305990422518683 0.9213877504671809
30.930068274712173 0.9320911620375301
32.05951325815918 0.9461855325541059
32.808300019288296 0.9712808781718263
33.03868130020498 0.969758520511252
31.27919838567831 0.9511114823412654
32.29604777551154 0.9573606178309454
30.972045672575703 0.9491655360200796
30.255757534056976 0.9402287614946878
32.35165293874415 0.9458380557837792
33.08068384875657 0.9511654107192946
33.035305006589965 0.9493285497264993
32.9856154471111 0.935162276987113
30.66842533146125 0.9250767590182467
29.785864109868456 0.9075746988987126
31.51429738341097 0.9479142787887729
31.277058762992635 0.9209850903051823
33.75070657075413 0.9692657601225269
32.61338355064584 0.9272967280322237
29.868511059812363 0.8921610078403232
33.57964766504347 0.9664147016882548
31.775324447829874 0.942633308048872
30.306115494285795 0.9549342670632505
30.54325432429855 0.9269917573693497
29.810999612498897 0.9066902065047886
32.21942602514885 0.9468156749702716
31.980049102948122 0.9517101430558028
31.013316975987593 0.9670084252925373
30.02790191792222 0.8778365310745068
32.71251141326666 0.9335871345042912
32.93523676718889 0.9295511268377995
29.40293696149027 0.8972847007731766
33.25283075552578 0.9299315513246567
33.966540952732025 0.9460178224647604
29.612180869796617 0.8798263123254167
32.41463474362931 0.9668228389625831
34.968959786880816 0.9707603758924559
33.06279944358621 0.9505713536308938
31.019730823530622 0.895443891872102
31.270984315453177 0.9203269228279328
31.272686412312602 0.9200442030852972
31.25698141809735 0.9365453110293698
31.34192404136684 0.944433020836898
32.196109366867525 0.9421598338170415
30.859007788194226 0.960974507118735
29.704492463407227 0.903578500308808
31.814322625761026 0.950012583832799
31.21941194211578 0.9411215978408622
30.975881570895027 0.944813953553404
31.300778121133213 0.9215927691805439
33.313888888340756 0.9380461458362805
29.680071687471848 0.8908175921946142
31.79031927362368 0.9503966243771749
33.104070661593305 0.9303251027568306
30.921877126800293 0.9036487406107407
34.224311101582806 0.9492398397598213
29.953149349567113 0.8747472249289381
32.50879719727544 0.9577236346199165
34.0732606651685 0.9663844552220087
33.55523223937577 0.9389702347834127
32.22693410097476 0.9462280225458402
30.796368898450535 0.9208917063542065
32.70542642098768 0.9253302192290652
29.51347992364335 0.8673126588704586
30.910811281709037 0.967744511706091
30.405771432343155 0.9364800107118232
29.986301241676394 0.9292540090177492
33.28615466840716 0.9791022875647997
32.17024289514613 0.9463741404060442
32.952651444625864 0.9497162570302408
32.96154660126194 0.949609619513585
32.32652988611243 0.944872559971072
33.18091628382338 0.9233295719777581
29.668582280480983 0.8990278521684385
33.79457622599427 0.9697355629980836
31.66826178009092 0.9347549705457928
29.664441757758585 0.8864301008397741
35.05452755942494 0.9785938356310692
30.878272237132162 0.9613276004391115
33.38185962791469 0.9647932011989854
32.2964632534453 0.9489502566242061
33.32010935026341 0.9297825291421618
29.561345482630088 0.8732702171158949
35.05364227715659 0.9786124768834417
30.311750839946832 0.9303399226300084
33.20362345531444 0.9796988439485078
29.81620150579328 0.8944735008935109
31.642982203886383 0.9511628098784085
30.856348545070258 0.9358403924859362
30.97118376250568 0.9228099198049012
30.960551140901412 0.923543262471139
31.229298043364317 0.9312752609588919
33.789671645216266 0.9644423275548006
33.812576582708424 0.9427018287571991
29.9935727126173 0.9399566446804533
32.233187968636415 0.9381349182735312
32.510790234027255 0.9214586895445767
33.34146811196978 0.9311220944454687
30.84751376023331 0.8832836745354607
29.92390735373946 0.871920530662143
29.742717319873044 0.8898820218437478
31.155135164093323 0.936668450025855
32.42462442156072 0.9167643294681728
30.995870722681147 0.9483891061681338
32.26816170502599 0.9401557866953114
33.0130804649989 0.9696461412262528
30.634141194582583 0.877321367105011
33.85293615846165 0.9703514993288495
29.73446827898796 0.8761927237398263
30.713307309300735 0.8793616365612407
30.522119014443444 0.9045398348706506
29.455994961386974 0.8813493815233469
30.609377511456188 0.8803864466559866
31.597236748591957 0.9504112150535293
32.985456918451426 0.9308680931507552
29.821799350295663 0.9411566799741474
31.26494891380718 0.94443216151546
31.697451531851833 0.9424164826419785
29.681190630836625 0.9120764887347855
30.954691320761203 0.9319407627176669
30.61192839172922 0.9172330005490649
32.45612785322844 0.9172034142338957
35.053762507446436 0.9711731927579955
30.25357903106862 0.9394421368680282
30.231966477295188 0.9155943702100555
30.46385775863439 0.9414430433990301
33.9462112451981 0.9529293363546614
29.954444143342613 0.8992511542337783
33.71974859537438 0.9595138244414473
33.0113496325551 0.9696775843199652
32.00727764926001 0.9399840417311206
33.34364060334294 0.9386338126686427
31.754413817528878 0.9491256479816579
33.123927445813976 0.9450689968115649
30.436606194640177 0.9413600656266438
29.786073784250704 0.8955222057456659
31.28033833679683 0.9215219053634699
33.23999818417048 0.9276775255301758
30.85644991909231 0.9029601565600196
31.20257784876675 0.9276809540166019
32.45197390499467 0.9259388081382475
30.673649782754282 0.8953451873216917
33.80226790214414 0.941368799143177
31.27240175101373 0.9202502905373415
32.04234931747785 0.9451428773298355
34.96593593888268 0.9787291490235871
32.94783531098241 0.9720253562701917
32.73929434770322 0.96907883987726
33.05848804740641 0.9503005195359479
33.204460673048175 0.9239199086936907
33.77079186190697 0.9452875185652281
33.04574066139934 0.9579536034909555
30.972611308181605 0.9640662317039936
34.47913154053227 0.9819703966238181
33.17166743791019 0.9709760115798451
34.035409546939476 0.9401802990828568
36.49949947896088 0.9865468632662464
30.963937631480075 0.9669314446165612
31.207771281457806 0.9435862144414255
32.84415593805229 0.9707118499137376
31.090626964750363 0.9427321078435887
33.17498267391509 0.970918467195091
31.53111843565644 0.9480875419421091
30.83397931759455 0.9638134495109197
29.976521895342934 0.9370445359892913
32.716802446294466 0.968657209564861
34.487806920249525 0.9822503092547686
31.137000863458816 0.9683162793107422
31.260280791593935 0.9671278932848292
36.57097552210336 0.9868347320930406
36.51844246979173 0.9868257599629404
36.629387690065904 0.9843048401516147
30.029095164719738 0.9396640346755932
31.310986533658554 0.9685443673515388
31.293045469130423 0.9439699089934169
34.52746562147398 0.9501291054962151
33.163050095712386 0.9710851049455226
36.530381846545396 0.9865773404383675
31.54821002568614 0.9488943897722555
34.013279708955196 0.9423027037112369
34.512128517577985 0.9823566827983076
34.223722139736964 0.9763280873762457
31.180835763740184 0.9653648576575596
31.250016778049932 0.967667205646891
31.210738597122827 0.9672476038892193
33.14158736273344 0.971108999868524
34.364415722561745 0.9766411066690457
29.931899925043183 0.9375508058380184
34.26805757598328 0.9772119471472421
34.424292488381425 0.9828467519495642
29.956374991667673 0.940650720610065
31.47836496093881 0.9624300452483758
30.771147253118446 0.9093158534804557
32.22766944759104 0.9509244346949473
32.2443598645572 0.9519321574825628
30.047601453248483 0.9394548744364468
31.25350546877883 0.963232048535519
30.884245672695663 0.9634471103854504
36.503743678529325 0.9866676540654314
34.02008532799448 0.9430077917924526
30.634289865137866 0.9075494044305831
36.53617641689106 0.9843201415920849
34.5184422100671 0.949566751701861
34.92205191064079 0.9851000051443208
36.834841716134136 0.9840189180811428
30.901503214689562 0.9633437492844759
36.388207022271835 0.986383614539252
30.956280956185907 0.962131164082716
34.455157079755566 0.9825454291156404
36.5290218065953 0.986664933296087
30.66860515071072 0.9072397502669093
30.89193242597375 0.9626931420218724
34.66881380311537 0.9831722857399794
32.14770553577986 0.9507920809211504
30.800091475027294 0.9104171917300149
32.190027166591534 0.9511553466989974
34.505031378105 0.9500845351547317
33.25925966049106 0.9719948924913057
36.873205161435195 0.9841179655631028
31.46222815522504 0.9459848183197405
30.684062050094703 0.907847540200372
34.527451295596705 0.9501090836982704
31.3519503157789 0.9688673548072819
34.30817594233198 0.9780986418095958
31.53589318843448 0.9610430064676453
32.881207306016094 0.970312003037686
36.680492906504576 0.9839673833513691
29.981239787578488 0.9431515617853965
34.324194133816434 0.978525096015385
34.26458481643869 0.9822931801430187
31.265290100209803 0.9652537087546773
30.874837434160725 0.9627360537901475
34.02636936133557 0.9419460912484233
32.164237271869176 0.9507820474570546
34.39747955225187 0.977233241476625
34.44291355322221 0.9819326884790086
34.197246344699835 0.982185217515255
30.836297404245194 0.910526289061514
30.970953344528006 0.9661758999745943
32.84632889138389 0.9702641426549379
31.421675953524165 0.9663861741981326
30.852477240134913 0.9642741001095924
30.899671710771663 0.962742204125362
33.19647579084651 0.9710880160402521
29.957364767362293 0.9388629570273687
31.002962599462943 0.9625319855764489
32.16540533584897 0.9509358408449508
34.077614070085666 0.9428041351326277
32.13674258305821 0.9512951177612046
32.88857836168216 0.9711618241872952
34.04131203630104 0.9418559172450326
30.820228287593984 0.9647333780814978
34.56472722864465 0.9494296064595333
32.79972300440393 0.9701638821696887
33.20918435491181 0.9715084179929193
34.06912739929298 0.9425588675976676
30.705374319045752 0.9079625147217872
29.824759697131608 0.9353558898990653
32.77280590676626 0.9685456446335745
34.23713237467587 0.9775976658761035
31.178053557885246 0.9676638683490495
33.21358177842425 0.9710468014113216
34.56988871006048 0.9500216173631458
30.834824002303197 0.9636620851236949
34.6103419046281 0.984187085159139
34.05666843741338 0.9410185533882902
31.261574933543187 0.9667388487659533
34.63616613701101 0.9496114310995858
34.46037879193852 0.982974409852779
36.43708427833461 0.9865650251705064
31.17824395654178 0.968951610912501
32.24718192800785 0.9512028145238781
34.069347673602444 0.9420279965352003
32.72703093950406 0.9694318571878348
31.307396481686652 0.9680780169037038
36.737720625608546 0.9844728602835667
31.457578207562168 0.9643975365785269
31.381664628470443 0.9457724276921138
36.94098599343016 0.9846929140542362
36.50625584291617 0.9867148278172564
31.112473655604536 0.9622605733800962
34.425528004714735 0.981945318862548
34.327022538331356 0.9811229867653648
34.199029292444735 0.9822578718114189
33.22554297085149 0.9714527033312892
30.66305391210793 0.9075138597299676
29.77827290063344 0.9356509296219285
32.80593313522996 0.9695421410148324
31.139519632097414 0.9425084196799703
30.871611484337606 0.9632623721737908
34.47128560990093 0.9825933666340695
32.17505069889489 0.9508694623101838
34.39404373107094 0.9502080719395324
31.057741087644906 0.9648157077397602
34.4365610222802 0.982297657649431
34.461858979508484 0.9497742852208979
34.28250389817316 0.9778755202656455
34.33421808803511 0.9777901868004251
34.39341015943425 0.9813693600266766
31.119934605091398 0.956658588266064
34.734316456270726 0.9833672308389935
31.54916681479913 0.9482785112561792
36.73650022089645 0.9843531639714422
36.69873922286672 0.9835028539081799
30.752441258787595 0.9088276838857873
