28.937062918414984 0.7537182429915849
29.433422669747443 0.9064987363089948
31.946291018420947 0.9650607770222827
32.76041073456571 0.9611040853820356
33.408984528005156 0.9699284216422741
29.269111657376428 0.9197840426845367
31.72318564554864 0.9612610195128278
32.93559249368868 0.961060019493626
30.112612499813515 0.891340184379762
31.22762772209313 0.9132006282248305
32.556116019222316 0.9336418497898692
30.032479729699407 0.9392150248861045
31.12916990926367 0.9321897149831706
29.142528982734422 0.8771332757696733
30.019649907086716 0.9424627741808859
30.53125446684382 0.8382107377070748
31.922073580333574 0.9694031667550708
31.16583453333874 0.9624915179687112
30.434352315641423 0.8982515952981361
30.99188329663452 0.9512053693830804
29.59803356990693 0.910587288828397
28.801567226554702 0.8199686598597355
32.08340730852384 0.9610775842522709
30.61221360106925 0.8446346480437367
29.993177802024704 0.9156138697617618
30.900189090445362 0.9077498753949893
29.77671686546109 0.8732343345715872
30.122055444583356 0.8802074766906397
30.988230381399575 0.9168532211392737
28.93933093471084 0.6562277680511502
34.01523391764306 0.9723057333323254
32.155347006365794 0.9625584365454833
31.96892814596932 0.9583734979389958
30.83521739296645 0.9172248818367063
30.324850307839043 0.8945138827222372
30.594676499708804 0.8293373796341516
29.89962673115369 0.8865751069946686
32.025157722272375 0.9277274166853424
31.143586708543864 0.9345288942258142
30.35543298551291 0.9437673171919498
30.0271538190435 0.9412430727347657
33.282997627395694 0.9442175834105337
29.998526067639943 0.9244268323037396
30.027212601469003 0.8741124590168503
31.566989022004186 0.9645520563654415
30.275467911710642 0.9432489995056936
29.500216435049143 0.8705735384249096
29.483930318311312 0.881059863203018
31.950131672395777 0.9576860236967165
31.972112044176875 0.957605063294817
29.27210628482076 0.7917553874101204
30.89464917308107 0.9214746620471003
32.76858799315099 0.9623355817925554
32.478143912536524 0.9377204333857109
29.96936371923467 0.9433636688357715
33.91181209024903 0.972674511522899
30.003717176768596 0.9290475456810545
31.610055790071215 0.9456247086750382
30.33966872925115 0.918790175638285
31.95416617530463 0.9745450135995771
30.062237526671225 0.8678973458585442
29.973229969357288 0.939490292054286
31.234445050577243 0.9060346385308472
29.949676672034627 0.9406923700584572
30.381681992775423 0.9145832631999289
30.872574668395124 0.9510613272251514
29.72410111142998 0.8894542622499243
28.864773352391943 0.5899974637614749
29.60512000732603 0.89838274371986
33.397673775289014 0.9440813549273622
30.249861217607737 0.9200650933252252
32.81751199538312 0.9711631149913694
29.866351184864136 0.9001381408689842
30.756511636865934 0.9217146423506201
31.406757737857983 0.9412803593569002
28.880189979548305 0.3135005618582583
30.936207963855942 0.9204265610870401
32.76627627993955 0.9707755415277645
31.415069254504935 0.9471704731322911
28.93146708079346 0.8147429730624031
33.049501782727624 0.9645739852036409
29.777066705719815 0.9165954966486664
30.212384764081605 0.7983976815547807
29.68372298821921 0.9107363272913047
32.51598221518063 0.9778977106480993
30.739990990407335 0.9226730686276927
31.443186630791576 0.9573264320654449
33.43911213082976 0.9777112398669869
31.139414570966043 0.9329568639222267
31.458196622626836 0.9550494094374518
31.018631990427732 0.9505216476193938
34.099329399589124 0.9715956974551191
29.059710066878374 0.8723443799631945
29.450038643386314 0.8977886113702689
32.08001316271846 0.9278482551192081
30.85085889210958 0.9211170823458275
30.343102997851183 0.9146447993249414
31.026006745798938 0.953164666612141
30.13774107411272 0.8854189214969465
30.2172395990957 0.8814143381892792
31.71950847787331 0.9611878111658353
30.032297418388634 0.9414806892186303
31.760813043531655 0.9602035457583632
33.5673019579394 0.9726203761909309
30.780364830377017 0.9500626359228684
28.863706846551757 0.8386092530838426
32.26651045296379 0.9296270654389862
30.600926237725133 0.9477828493318418
29.49376959069594 0.9005723133725028
31.189820655353774 0.953376298315861
30.179116579650067 0.8818859036924344
30.70586260158506 0.9179037192048695
33.54596415314883 0.9779848611594361
33.32827115382139 0.9452405393502032
31.016881707255646 0.9518729097095876
31.63829935200866 0.9654289749264644
31.729514788141934 0.9280990778159897
32.14128006011271 0.9701670707076797
31.402410628403427 0.9404972712180323
30.668792662473315 0.9169392934130273
30.737963962688383 0.9523447495390797
29.64353231766023 0.8484306846928484
29.620096837166415 0.8737891572196572
28.9002155127549 0.5848781740670943
30.80838815388276 0.884564888227616
30.366182390736448 0.8942612003186516
28.99598383806399 0.5197452762290905
29.762634239214503 0.911126521819043
33.36164500967368 0.9434428182306888
29.719843929416445 0.8484393479158064
29.32379801900961 0.8127974396362212
31.09923291976282 0.9344665884145933
30.179528079294855 0.9453335412550778
31.799346865661473 0.9596171973495006
30.47651849750306 0.9459999210523001
29.275500711487375 0.9203001700314966
31.28276165311126 0.9286063288237778
29.48111870499485 0.8908064924595865
29.025274530374553 0.6596408251308588
34.68263629736632 0.9786429466692875
30.31839204940514 0.9278484388001934
32.8865165001844 0.9783007459652114
30.874464611662084 0.9451327590394218
29.72503459493806 0.8897215969439508
29.98622133804119 0.940860546907561
30.800809965738402 0.946535273420779
32.119611897088156 0.9614914813536682
31.52285833395984 0.9672750070731887
30.872328751600694 0.8856379264279621
34.798847256368106 0.9793899404808875
31.456676702032894 0.9389020131623599
32.001331508895376 0.9613455670191048
32.747834594971565 0.9513515644893225
31.86917310867898 0.9734622195859977
28.594796397574687 0.801385091096172
30.654829834169686 0.944274983334553
31.903971308184182 0.9680929390501765
31.448380584303234 0.9543450460213121
33.34141834041975 0.9679509645782745
30.17442782595832 0.9347453217196532
31.271134395741758 0.9295788194152785
29.441783059431877 0.8303220718179251
29.44322763947452 0.833079932558514
29.136909215397942 0.9170459827947373
30.219404564817868 0.88700044152224
29.435629230716415 0.8911295630866973
32.00936649596755 0.9616805006055359
30.000373393046313 0.9367968642518538
32.36754336354227 0.9292879207297182
31.920033807871224 0.9744180709511662
30.997531320151232 0.9170792365416648
31.35498602860688 0.9564655128505263
29.501644950552517 0.8302641911766994
32.56358627470746 0.9541465736217999
30.54523279560058 0.9268367222822675
28.525492361906622 0.7994429057862603
31.10211876284353 0.9607215285937318
30.07859386822995 0.8799370998357059
32.47329462919251 0.9302535765269137
30.699845315670476 0.9439472757849358
29.823373311997685 0.8996417457873839
30.573047749972307 0.816025000289149
32.479959271725306 0.9745111707888447
29.99536374624447 0.9283108066889105
33.17296769377284 0.9817190588237251
28.834182058466112 0.8093070967703129
30.021871291234163 0.941543818084782
34.379097012587614 0.97728866624593
31.235784056220407 0.9287795760917769
30.763467982447942 0.9206076081017472
30.278975878316437 0.8934687628011848
30.90181187401501 0.9249285877322619
29.902366841389593 0.8855211654137457
30.057499629886845 0.9081093789762896
29.10167499718023 0.9126983905876243
29.853136102870508 0.9269445345656677
29.882329830821412 0.9202201163764737
30.46963219979383 0.838793730931387
30.17455996305867 0.8830896256548194
30.963383541985156 0.8983803188563009
31.499020318965144 0.9679847499454357
31.528628731719643 0.9562257861285235
29.839603839508754 0.9123791522839199
31.257846512919933 0.9270865906081702
30.88848896223257 0.9250799024815815
31.10780834756396 0.9317947191486745
31.613779604598633 0.9559360099481896
32.47859389231122 0.9298444736280064
30.359493756651432 0.8965353662419457
29.25494462847672 0.8757766540073323
29.598185319555697 0.8837686497829824
30.0424443643187 0.8793873435847758
31.655997317482 0.9562607834662546
30.147022831267428 0.8863652244589173
30.59946147154386 0.8872974773469853
29.96250883940698 0.929660080704424
31.09362884657215 0.9121448678162614
31.948130958124498 0.9580029356346382
30.614625987274657 0.859113173344691
29.650898925671953 0.8760654318724957
30.711718775428615 0.9503112393316586
28.53852364463951 0.7941771191845226
31.54289192593736 0.9557032043943814
32.11533181026186 0.9623033014990868
32.881376571047085 0.9720803892401079
29.459983635151513 0.8938409004381158
31.085884663445107 0.9113695604251691
31.13742174579079 0.9542873422533805
30.91859353813362 0.89074172901301
30.849858580661348 0.9510672856663137
31.28176885912524 0.9286275292925348
29.284662360755238 0.7481449391220507
30.079953231695068 0.8756825520758234
34.322605636485925 0.9764857184356726
29.85355139219722 0.930461942667815
32.81155591073605 0.9710259456297391
30.893766603658808 0.8946253106547768
28.62426026563591 0.7915209673695021
31.878054591052233 0.9627694550758891
34.29165848786858 0.975046308348459
32.004841698268045 0.9569566974152572
32.84748790608828 0.9705039781430121
30.13382867721052 0.8784246705536649
30.13449186213215 0.9203345359869631
30.570214075064737 0.8876132093178521
30.695671988554928 0.944464694551678
31.638443142778936 0.9550339075223647
33.61948643987128 0.9719195987870655
30.942422914723252 0.9257681751326766
29.32734803105895 0.8073809376089324
30.00053921427409 0.878300349632449
32.36906562034616 0.9234337555147397
31.87110060249683 0.9274808650588964
29.442762091894565 0.9026444267681462
31.180974978477515 0.9228976667573904
29.124417458022002 0.9142926096948822
30.676261287801093 0.8916131793464844
29.99766272949456 0.9242020979631098
29.595947049508222 0.8440756098919344
31.901126135134277 0.9622885666240396
30.14486548507028 0.8745568617374607
29.060755408633227 0.6988481571723555
31.022861675534617 0.9499163085221982
29.157333018733457 0.8053263985986796
29.65293862846636 0.8760334412161572
29.76551186293741 0.8728816776631626
30.371787896317844 0.9013022625409636
30.006130764904704 0.9161401843428216
31.84074637445271 0.963026694677854
29.57408943866277 0.8818496339079508
30.054753309009122 0.8801214060638303
30.13065141533506 0.9542070553635782
31.305056367316077 0.9293004890067696
31.548415168615357 0.9446285229543434
29.283052835428983 0.7821791687495743
31.485097169380396 0.939109431407068
31.39723012910382 0.956582612553898
30.018791402853722 0.9288462015601272
31.44998530537268 0.9486241345508553
29.990536267278397 0.8777562571870346
30.63160238221926 0.9524239557764639
29.673309687981583 0.8582690585704027
30.22135430378338 0.9476017730081484
32.05352622597698 0.9682428553637655
30.822842407329368 0.9241568768253323
31.967025835285014 0.9669837516990828
31.802336292932537 0.9595588585932604
30.697098148454227 0.9184297426222191
30.63227422406547 0.8466798626764052
28.915750310552596 0.6116893035278373
29.857270383458978 0.9011872587886872
29.423817873297292 0.9036125525972868
31.42410263728617 0.960416645108934
29.424861346371326 0.828368797374238
30.152398713411273 0.8846350141773776
31.473334514084208 0.938263805484527
30.677777347994926 0.9586843008983981
29.13030183997322 0.9134062735923509
30.405331660385414 0.9442642400528282
30.44380998648204 0.8979618121386359
29.25390345955428 0.919327111051206
28.872848775986522 0.5642473518688783
28.861109306736545 0.8194326076391981
31.92614265633885 0.9613232065574759
31.59163653204847 0.9603967517543144
32.319102883006266 0.9749926810191499
29.504070411298112 0.9038192774363903
29.022249622690612 0.699246820636173
29.22151616835427 0.9037049836527783
30.772943181268925 0.9470064904165418
29.348275469041525 0.8771557404098035
32.4832098476582 0.9410222535584445
30.300553582622747 0.9370379478183788
28.567420601702665 0.7702571732174208
33.365891200576264 0.9658366891876444
29.13376869405649 0.9126176145531393
30.67760048553629 0.9346042250247083
30.863199152976378 0.9223460997578533
30.20844305080007 0.9398980337713851
30.523904033889213 0.8108489782273332
29.0195886535885 0.8749581549250641
30.15368627562686 0.9535509911776058
28.9688259299172 0.6630190271929449
30.744495961238826 0.9234751345469974
30.88402278232627 0.8991180304272398
31.56654926792461 0.9610195243178442
30.27921498010755 0.9189558120084442
29.855389885374947 0.8933087999796234
31.650498131113682 0.9579765237878
31.937135584356643 0.9735312040514158
29.990567822064527 0.8841003508208097
31.001848915695575 0.9196001904017652
29.58744402020203 0.9121653863306177
30.323882695708456 0.890504914191183
30.095571222240185 0.918264232215922
30.585959943605232 0.9310263228311755
29.583686772394984 0.8951068243943261
30.773366169271373 0.960131717712886
30.311811243935022 0.9408135591777151
31.176036593704893 0.9157307677565127
29.95749720393574 0.921581879800353
30.3228866755965 0.9501507508536001
30.54302736056499 0.877145876010041
29.963389388556703 0.8857797666108584
31.78117107522787 0.930951984215145
31.172433501586397 0.9165039524970451
30.12418566837826 0.9407764475832726
31.135192247099752 0.9326047441352677
30.0475002096739 0.92637192860851
29.999453913929703 0.9189075378087643
31.010026172139483 0.9536101881538159
30.078774108149588 0.9432509545404966
31.38273517676733 0.9359557397421964
31.88635781681935 0.9626654421665628
33.539411390996584 0.9788922639966446
31.403702926842453 0.9364733410316183
28.930668190103695 0.8219140665145082
31.68726643633601 0.9596237914605694
29.721632644606622 0.8707075263090298
30.799922761807235 0.9462775935451417
29.13797024611639 0.912717840272487
30.189729154550584 0.7912649309896532
30.680582183828488 0.944142968498986
29.51796808141792 0.8392142921321812
29.519567597614103 0.8796493825434929
31.801794572555853 0.9596608539468067
31.776821239111477 0.9600124791492631
30.011783473680808 0.944945839880461
30.440890914894688 0.9565186757451597
28.82667929100769 0.823206755744771
29.933744641879592 0.9111008473483714
30.513279299786586 0.932850999157462
32.86909109861305 0.9737358121084352
30.14438460585687 0.877097335925171
29.20175941155659 0.9165988272839344
29.818264338177038 0.9101925438854159
31.177896578886912 0.9355582095295095
29.96769258046036 0.9383813497415502
29.79258185665826 0.8903838026590977
32.47455972850957 0.9426908424921452
31.864416138410476 0.9726285614141179
30.194643694062155 0.9167765779161656
32.05363017666797 0.9329974468870635
31.84611772578913 0.9712242218774373
30.565675832231733 0.9560937484814696
29.203435970027787 0.8750712932624584
31.875739416289207 0.9716582195767087
32.504485083226164 0.9772584657373623
29.874548642226827 0.9263145069652264
29.91071093700124 0.8927069197362439
31.80007142665825 0.9282310645919339
29.521238312495747 0.8879678737602182
29.99651802295587 0.9414040662995448
31.416777654839247 0.9480377328481262
31.14865624678222 0.9550299852107316
31.571684186878 0.9541045744849465
30.563512500781215 0.8377161851376421
33.81156547695899 0.9751132001186084
30.791659879733317 0.8817295544975019
32.73324876371848 0.9549843381667903
33.0851152053675 0.9807324002117886
29.43046364746059 0.8711011278937703
29.501097724846584 0.8820979282788396
31.957942449458923 0.9740207972018985
31.53626916444013 0.9678971346970364
29.913514669444922 0.9276395388829098
31.03754332237921 0.9531993159765058
29.400153370987653 0.788689107904009
33.296405128241 0.9449589286982382
29.92012333804757 0.910366281362531
28.70952698801085 0.8131926654649418
27.78772450718092 0.8230035756399909
30.526714585226 0.9486963834787556
31.536980855394532 0.9577544291061919
30.53508438634396 0.8198499069856359
29.94064868329074 0.9196417608563884
31.828843584550075 0.9305423836816161
29.80160022390184 0.9113213281879041
30.73120943722966 0.9225432414809127
29.861166120531713 0.8954572275438032
32.09473676679976 0.9692817696880611
29.581651207795506 0.8824482785682828
30.043099505996445 0.9323246980420519
32.83505311516975 0.9739146089109327
31.39992540010743 0.9356580645486167
30.63889634467856 0.8901603656009216
30.118658376258068 0.9365323512727277
30.64672350238442 0.9442582397184066
31.02908701784317 0.9531926739490101
32.8566791774431 0.9737456466706753
31.89033823238234 0.9688715591985971
32.40617733069729 0.9318043874746221
29.734371186109705 0.9089913245403671
31.513345133159728 0.9467105678172677
30.031554092263555 0.9406911895679544
31.292121881951598 0.911450470401565
29.307770862332077 0.8901922324577464
31.57154574306209 0.9455606982061325
30.671798566494253 0.9441000849869904
31.545229018780596 0.9450936723783346
30.601012490005694 0.9494908467055657
28.515843462342964 0.7956826638268791
30.06158350122362 0.8711564547744188
31.377540081267465 0.9554532013490062
29.1287025067238 0.7487702243890787
30.48191399258979 0.9602157952735173
30.197051345280293 0.9241879568362412
34.086566396977254 0.9738913378442253
28.922841070507232 0.6197040884987768
30.513051919959043 0.9418392592697151
30.93948281823274 0.9018854456364624
30.804233736823846 0.9603934426360107
29.287921599699192 0.9205724250747624
31.042473474636513 0.9534074208246766
28.705284095878746 0.8177368909527631
29.61138960418921 0.8834087411507381
30.962125656630946 0.9527088852393073
29.58576521345297 0.8587177885507048
30.877307520002987 0.9202396726624892
29.649467672167802 0.8875249493577093
31.837501402877187 0.960350040352344
32.02981589073058 0.929813590984921
31.97553708051916 0.9694681017567872
30.435344130769234 0.8991019589401025
31.021883198104998 0.9528303711879674
29.970889344647446 0.8895600332325521
30.140222390312946 0.9204463570100785
31.529930408656753 0.9568653569772444
28.827622401021276 0.5900645313889428
32.85480148136031 0.9624855509523417
29.65216706507643 0.8845301285714372
31.939933395710703 0.9745856764313332
29.53509305219773 0.9018966455982311
30.008659457431513 0.8745653918105318
33.57089104468234 0.9790313271286354
29.94302811514047 0.9218177572771281
30.63447895094024 0.9478793225131468
32.789383434847146 0.9746148960777122
30.14614672727278 0.9525741589893939
32.849194843405286 0.9730843026615589
30.674627502305558 0.9169672158162522
30.09899026382355 0.9058103597400529
30.175107757655077 0.9328469498488932
30.83627823483181 0.9236692352183633
32.5885444670703 0.9560748927096292
31.368716095018968 0.9483427586279124
29.198661136170657 0.8715121341976317
29.3858541111444 0.828137229895734
29.951888171380716 0.858271401324048
30.69151245339833 0.9223279812947062
33.47992775207121 0.9780386378771816
28.9420800068483 0.8480743226214182
29.593362955443663 0.8810045552439757
31.160126988345457 0.9135551636840182
32.88654083204204 0.9728677363984343
27.85262849509822 0.7689942172271335
29.26111982430992 0.9197209930837479
27.86328590901934 0.7567302791969467
29.135343799778 0.8736941594499248
30.86506250672098 0.9205278715349464
29.5522687808255 0.8847998497292339
33.00407660716566 0.9678047888319027
31.930166570212283 0.9685192873382568
30.174603628624407 0.9461127560579394
31.822677186378122 0.9603884609071781
30.035899706008106 0.9054430764752311
30.814237034769484 0.9473246904080513
30.79950430738262 0.9409004072280703
30.814096643501028 0.9471069194443764
30.87466552355668 0.9213540430767003
31.146752403101637 0.9119615407811873
30.501541555577223 0.9421432870941528
30.967745241214203 0.9006229929316046
30.570089117299478 0.9544693643751065
30.655934605207314 0.9436840812883915
31.49808753565192 0.9657372614311518
30.877676554771746 0.9209828233090598
30.464791076638804 0.9421381471690873
31.44356017732929 0.9490433298854531
32.544172993393474 0.950211001491463
31.371307894779115 0.9578908822638004
31.634123170978814 0.9258396533134595
30.235588776100023 0.8978912717747096
29.990431962811268 0.941811066048679
28.820839789641965 0.5731914380720156
29.8441307439467 0.9211036497244881
28.9548701494879 0.6500319779552971
31.49606202678454 0.9491670601632072
29.061429619493975 0.8757160769497677
29.017091304676836 0.687885403266598
32.692413871599015 0.9504212928965294
30.500299170355646 0.9572990476504984
32.06479733090637 0.932280067317278
29.320327901056096 0.8980920407482204
30.643185045258853 0.9487724711473214
33.01837523121725 0.9802688458017265
31.011339311663786 0.9531724690869318
29.993932790107035 0.9407941627065257
31.91912804322778 0.9651310744461048
31.25472459301889 0.928218727698319
31.45723631989485 0.9378964083628019
32.01692262683632 0.9593121846484925
29.346737234418804 0.8655637395058398
29.878399482835817 0.9057480852147028
30.922813500769873 0.920718706032951
30.413414032021247 0.8185145982847369
30.590585109850448 0.9277992544313703
29.49009248253873 0.8965129711578967
29.06850550179226 0.6477365096735161
30.334099757622045 0.8959317140020194
32.47354730905385 0.9740121899938465
29.771049709303284 0.8960368221663887
30.287251863098355 0.8898247252698043
29.39092469273637 0.8746404768423868
30.59569503778107 0.9476562901349187
29.990982438190468 0.906915294754715
31.5706101803889 0.945225633342474
30.00391301918465 0.8758856308011054
30.804982782352365 0.9225779888043595
31.355354765393713 0.9521022109797984
29.892717699005324 0.9129739537512286
28.640066187041583 0.8051231389441946
30.01488439708874 0.9412185486128966
32.466582456073624 0.9256264088225874
30.21491949231253 0.8194193298422355
31.78840640843363 0.9604586736034202
30.15460304327067 0.9340229123714295
31.850785406229896 0.9682733845989849
32.46645379788258 0.9506554098009057
31.900961811862825 0.9681014617767152
29.814743143804346 0.869554560611188
31.128664674891418 0.9331952295734056
30.679533271838956 0.9508014464322817
32.0981253551755 0.9619178695337656
33.40235913416639 0.976198829688267
29.331520526064935 0.8903773435939619
29.32789956709067 0.8901674569319038
30.19217195651224 0.8990963271015517
32.517706021303894 0.9384064951785892
29.63218404058424 0.8569771327749854
29.639345061280746 0.8579269978053614
31.59236432623478 0.9557890437767448
29.078481340696513 0.8725621624583629
30.587744750047314 0.9293626355632415
29.678510055995506 0.9045911470314675
29.14322610582908 0.8047554366731784
29.440978598621047 0.8713214534390229
30.376336716581616 0.9008776024665446
33.83898072401574 0.9676431510427121
32.38237605917009 0.9752049805233525
31.809043390746577 0.9602027347990186
31.86332627613018 0.9630947300956483
31.864443464377725 0.9630079765739115
30.79164196041232 0.9416247224262257
32.93305426320536 0.9572353002026704
31.647340524756356 0.9580815065260521
29.770836592598123 0.8554383609042832
29.092445816677387 0.9133114071709557
28.66455674975288 0.37436426201976364
27.87030485670883 0.7919995339837385
33.1790770843274 0.9689122503559531
30.263068333003144 0.8018318459565601
28.985365266831383 0.531165770167104
30.858903678128872 0.9450134062237747
32.48423502832334 0.9374315392665918
31.511167256718295 0.9475916551668564
29.544051637814974 0.9064794960440603
29.377873474821484 0.8277536756590199
30.242630887090584 0.9499459447421927
30.29493931937936 0.9143121271498462
31.453413496330505 0.9660335163251768
30.551914429317378 0.9442071638005102
32.35476617314883 0.9302362213053569
30.897520180620056 0.924274420701499
33.519414162750756 0.9789827324509391
31.10594357003228 0.9323900302143597
32.77946114545089 0.9706961819114072
30.849740535070683 0.898064852395099
30.763683461448164 0.9465555351817699
29.477902875058525 0.9012578580799623
33.71405016246642 0.9730833564877293
29.98971548512564 0.9110646194381953
28.853617428738158 0.8015628906976848
30.868536791978094 0.9239583433836056
31.473895357643507 0.9519863051843328
29.145603150601623 0.8041186997752405
31.264405010550558 0.9288364944956561
29.695790626684783 0.9225268474131567
29.199670330955186 0.8001634726153628
29.167965613012644 0.8709927543422884
31.424106600078908 0.9582850029990954
30.696131855915752 0.8846376979895131
28.81839054900513 0.5694863097975641
27.775973096057868 0.7819700263290009
29.523993367094555 0.885019562294339
29.28487749350158 0.8000791549007923
30.08396424504697 0.8780789363944079
29.370621745975043 0.8778361392214995
30.895870927849106 0.9246639809201815
29.899069475729938 0.9227418195076899
30.20988723886528 0.9282309409954826
29.534191225726673 0.885971901944871
30.47444761559301 0.946902258991481
31.497743064281117 0.9598634691002833
32.778743194091 0.9717292260126816
35.01854762645036 0.9814387251366187
30.462296567355395 0.9587402444743353
29.934478118831912 0.9414698949002465
28.844812582924217 0.4762736700891483
30.216972257401082 0.9157664092330186
31.169651784301493 0.9525551645869365
29.997858079573717 0.8726453378960035
28.840985051075645 0.8132761545463815
29.314181455186347 0.8094162782612719
31.214050934693468 0.9158692326761253
31.45432568213134 0.954516722656589
31.313568169903387 0.8998610964961633
30.130015065135765 0.9161217643490445
30.83186912221525 0.9404586609399697
31.4654518311376 0.9499068426788183
31.14680416425534 0.9343805902643721
29.686509348040325 0.8647103124823093
34.66432726821278 0.9780447653039093
30.554149083125424 0.8823836621852406
32.55513108042336 0.9767813428392856
27.85527568884369 0.7771247662449878
29.37399312368225 0.8057324121064208
30.571040539585347 0.834632791899737
31.01960945782213 0.9073414541373452
29.5560023046886 0.8882280889808194
29.871299397708704 0.9240671053329146
31.830075773458283 0.9683610309653603
29.28624807409157 0.9181308543949772
30.28308670135936 0.8017265272725949
30.797179385667278 0.9475044564819755
30.52543796300548 0.9504309788897108
29.265394175429673 0.918458314135661
31.54225068311463 0.9451953524847406
30.149287164509573 0.8847881729143335
30.52103760896239 0.9611128263791933
29.307696711486294 0.8719869147981172
29.336461302793314 0.8110770646623691
30.198973139968317 0.9065466453303224
32.37141787038813 0.9389019439705815
29.8859334419252 0.8805508179173656
29.975078354704987 0.8758422044354766
28.845799202786342 0.8110040583937217
29.28903677173521 0.9163830976568239
29.383186235734165 0.8901377044190103
31.120097176871955 0.9536908255761093
30.334512688098908 0.9491716402398914
32.95075303023254 0.9607282856641554
28.613230663476592 0.824904822406011
28.695368826443577 0.8128919528191718
30.819826173339454 0.9393239118488347
30.077468320636047 0.9003372889152638
31.87579962294416 0.9627282568856396
30.779829467456953 0.9472015599065532
29.414288963155958 0.915085900501236
34.36160243660843 0.976513638566624
33.440368418170124 0.9762014176434476
31.90258592531364 0.9628415980284575
29.25182297935999 0.919831414707989
28.837964608478273 0.5721555303483313
31.67208975825119 0.9291244470531378
29.15069777185344 0.7969821927951476
31.903626452905755 0.9628714672612521
29.10044194923348 0.9143650325202264
27.867986259579446 0.7735730027780683
31.52407000571182 0.9509737985518731
30.620440389894334 0.9503069546789639
30.68465078348558 0.9460626996652717
29.261730638354596 0.9180977571952477
32.0611285855098 0.9697268433173201
31.798133330618867 0.891079706181742
29.400966183260756 0.8384134384179227
30.374432018423914 0.9434688251486262
30.747582651939986 0.9593931955901557
29.696032854193813 0.9220055852182486
30.300724210285026 0.8303786143562621
29.286731802090983 0.8302088192638241
28.95443443487637 0.8399669132602585
31.902382069657136 0.9652740009191201
31.80449686299065 0.9639019309369514
28.808378367680902 0.8166003056512653
29.497842423192626 0.8300967793363853
30.100849812484043 0.8782740940057606
30.670257940945888 0.9182813488376073
32.25183965306684 0.9372911374157564
33.49442661238031 0.9783795983786902
30.780351425787067 0.9462941805392852
33.08314282282447 0.9814859763670017
32.095956382520555 0.9655979937303081
32.06474186525001 0.9321054819475674
30.91486373200425 0.9256651698323893
31.46283523793221 0.9672816249602961
31.29684006313869 0.9569296577238364
31.46079043965937 0.9613103210913185
28.997677989449215 0.6898712434675905
29.241997259698408 0.6124469312152439
29.663623435104746 0.8965426754206246
30.61008585478826 0.8561561391422565
28.89347168619223 0.6275755755307261
29.490526415403767 0.8833091844974357
33.26616626983589 0.9685153408775261
30.42160052677567 0.9016274411891217
31.009187722152728 0.9537323281128071
29.363260342862816 0.9011160444616026
31.58817919571929 0.9535946949060626
32.01738422673473 0.9661908356452078
31.661487700073728 0.9609448185772249
30.193470218259144 0.9424755902192258
30.15026915912528 0.9288189028247816
28.550543320107074 0.8039213102179301
32.53776013532423 0.9356801371555054
32.01617110320588 0.9675910743199396
29.64755230548438 0.8453943286749418
29.85076190312357 0.9064497649266982
31.574043140303118 0.9578751262333787
30.494966448521403 0.9603573400619031
29.285044577973757 0.918208140928465
30.98676847653097 0.8997101063392886
29.11518644585349 0.8035297158109483
29.654541794021128 0.9016013600843662
30.00783744335163 0.9343912503928521
33.1181157120272 0.9669408163569155
30.028791185035146 0.9411202606675112
34.01365376864912 0.9705859234068299
31.285791593970803 0.9274678941754322
33.46947753275885 0.9764603956638968
29.490784999076904 0.8264146979337393
30.099469063623566 0.9241656110014687
29.116355241485508 0.8010182702012281
30.62112494932167 0.9599816209659604
29.55754568150384 0.9064625739333555
30.29878886213744 0.8947481631719667
30.068412628248563 0.8794918398749437
29.56729870316995 0.9192583323789425
30.584013329972777 0.8783524913453477
30.17065858266152 0.8824982633625462
32.63231860716838 0.9335725169732931
31.0036805872641 0.9534731692374329
30.112049545591624 0.9403778695061669
32.07709815969824 0.931981990559873
29.168581961149357 0.9175893720357206
29.186288816061623 0.9162281420672903
31.591494916271316 0.9551769905590525
29.606327310660824 0.9060781204472649
31.471371669542165 0.9511175973458965
32.160103670800495 0.9617209176043431
29.333029459856313 0.8973292603838301
29.277060584800417 0.917900245304102
31.41461450427757 0.9608742419119309
32.85743345141829 0.9732162803751266
32.636149071576085 0.974516124804486
31.914074127122724 0.9732658821716237
28.832330619875137 0.8265257963600907
29.26190387544502 0.9201596234278376
30.159112333001854 0.8850724086827383
30.063538964941987 0.8719025212581746
29.15609817325727 0.8726677106344621
29.331011452166237 0.8190604295356797
30.43582337077825 0.9028451114463564
30.000758415494218 0.9398825156093452
31.098489345681305 0.9199287825509961
29.994680451933373 0.9193779614661782
28.958165491139127 0.6695425684508164
30.709819973332255 0.9519645421208557
30.809937823309802 0.9246420799146697
30.817945801990657 0.9228885245096177
30.964206339617533 0.9172706102522552
29.913695291177277 0.9073907907384101
31.41203260833763 0.9348407813905399
32.88484006468321 0.9737479655356427
30.191133396983652 0.9457552834308965
30.19538284802701 0.9382166828651055
29.51085004067096 0.9059675169981654
32.483565423710246 0.9381362204637291
29.535872905252518 0.9179749428889636
31.0291966802949 0.9532474712447827
29.61885271077927 0.846696584617971
34.246537932568394 0.9735305354737671
29.075088140995934 0.869728298706774
29.82422672793742 0.9241315161631348
29.301269313527527 0.8175118232889022
29.45825121255064 0.8726256773346803
30.82227577502223 0.9471538686137799
30.19573891798295 0.9186481974880591
29.216290902953563 0.6280964303216422
30.449515680242023 0.841284071014547
29.278958061099654 0.9178361122183504
30.386274798227358 0.8960591280591189
30.11281083573731 0.9356957842804631
30.32288454658202 0.8304475617944473
30.42013524820686 0.8990216413128684
30.457550963554322 0.9423109350835549
30.937273056204564 0.9179294736635589
31.936191948335676 0.9696038051045385
30.51663453578817 0.9016587270695677
32.05044865119282 0.9608358288960124
30.528306302619733 0.9524156444494747
29.315723207443334 0.8153909469556678
30.674222229821947 0.9567028093835946
29.43764706063572 0.8204927093075219
32.56336872042398 0.9778646534075783
29.850987254138843 0.890455716855275
32.070024171980606 0.9680748852844874
30.64104716536045 0.9338768376477514
29.803163732606073 0.8980418303314379
31.427320090897112 0.936767579594564
31.788389501785417 0.929717370552591
29.321563381786877 0.7957411346712499
30.216616981601007 0.8936905306736298
31.344085993125397 0.9065674916092785
31.463810007686163 0.9653964347248967
30.64389204761386 0.8804314432332782
30.501011385025002 0.9042859813759674
30.51641093761624 0.9312755993968177
30.495405299907993 0.9185986309642924
28.78051383468417 0.7901287681995643
29.95458170663039 0.9255894793760153
29.966996407894126 0.8765840790225382
30.233055166886025 0.8884235992717585
29.897778643024957 0.9178161746338562
32.71081512604863 0.9503945449727214
32.50745714779149 0.9374251580624168
30.43205303036261 0.9363168164401398
31.299461582589526 0.9269934551325658
29.547934833502016 0.8810492776649361
29.39823318261446 0.8989844739510159
31.489469393248733 0.9680757392982984
30.126806447617092 0.8812443668116996
31.44433676705464 0.9607531948444702
30.91264532270927 0.9254401366259053
31.416971508691166 0.939235549273922
30.617474621261664 0.9446662816790387
31.624696327800965 0.9233375169331065
29.221737558118907 0.8059062369250077
31.930352210729623 0.9692049528641322
30.928643220074918 0.949451126769692
31.65335370258541 0.957525419639063
31.540394526023412 0.9676456310302002
31.269722669006565 0.9281534332342418
30.024446270235764 0.8734760172648226
30.765855866963566 0.9216696960784208
29.999541527264736 0.8760801872617463
30.698835592295556 0.9184488349457993
31.475329399188382 0.9518680398077115
30.213497620103436 0.9035748354111872
29.2688670543139 0.7945520670884545
29.830533115049086 0.8995570105328906
30.66655380902968 0.9439137809214613
30.19770471981979 0.9506384298814681
29.421361075749605 0.8706728757910602
30.933172426415357 0.9083892165769574
30.296125962575495 0.9424711841889511
29.583707324413098 0.8835489606305286
29.174112152845186 0.9163212733163728
29.192691851957946 0.8801680630366531
30.494612052398956 0.9352803374479723
30.93049650808698 0.9212898502823185
29.468802842035018 0.9045354565917388
30.665158886832124 0.9474941295939829
29.994534374706724 0.9161893655879921
30.113852247966342 0.8848618308894743
31.013434838057844 0.9535239121205954
29.340903888009187 0.8735021639966873
29.152713553025244 0.8806271188214931
30.68971101013528 0.9425744773178705
31.90035798574864 0.9693999486582343
31.647500340268348 0.9578276365666099
31.50023714564788 0.9457467353367244
31.484678612006256 0.9473981677449556
30.691387819000507 0.962610881496105
28.63767793971804 0.8015561998586836
29.686188790944442 0.9069284095965796
30.156269147751658 0.8782391063726404
30.153693556215842 0.8844839186316735
30.77815126831494 0.9237562567074903
34.86765354614042 0.9801611189659786
31.96324165813003 0.9579849405300127
28.907996459655433 0.8266534675761882
29.12641371188173 0.8187747460851219
34.40843357578556 0.9768484323461111
32.08578372489576 0.9601893662955583
30.303396525584493 0.9473280795616992
33.40380054291889 0.942289989144358
32.537854680533385 0.9299339164476178
29.829907364528538 0.8875146146043381
30.018310608743985 0.8746821696678094
30.156002801245883 0.9126486981255897
29.33837643004452 0.874928051200828
30.377914022229213 0.8995579214676098
30.182632289935547 0.9272973315886169
30.35694024971918 0.9250139936888757
32.513473980459565 0.9775846265383229
30.018086109357583 0.8765164688366394
31.720301098805777 0.92936058227712
28.911630213607463 0.8286580411255194
30.41638429795386 0.9549249804456804
29.922683329943844 0.9177779229275989
31.922255456431728 0.9676137901646955
28.91912704162316 0.5419404617053417
30.382988279254725 0.9504356907734443
31.169200458867078 0.9147815311848038
29.404647071611343 0.8719860152913458
31.185082523840535 0.934015314108996
31.040385938297902 0.9535515138032461
30.017900431993134 0.9270714730757063
30.551958567501366 0.9232036306475261
30.898228776825867 0.9246859591689179
33.35516747019387 0.9692974767436647
29.971314521464812 0.9394438469728025
30.615794217471773 0.9596127812993566
29.510713280861005 0.9091358388735131
29.69750903452621 0.889259634497388
30.211104352268812 0.8225477872860336
31.93673663215153 0.9661337478223425
33.544046653090064 0.9790164631225367
29.66612482432489 0.8665109183248969
30.64441142130113 0.9436569780975121
30.906099966514446 0.8985157920639756
29.850964548751648 0.900849323120299
31.49790770020448 0.9553524171319947
29.32338193199882 0.8701807267328255
30.761973276669316 0.9226468773433804
30.88896458751442 0.9243991514055339
31.990217457288047 0.9296872909868227
32.09401184834773 0.9622597346212173
29.606401123478626 0.9067904019908316
29.607356591180206 0.9164169934481009
28.620198120313365 0.7947718558848372
30.443215314232404 0.959856451551022
30.635249103166416 0.9509464893283158
33.14942425258821 0.9651106651806862
33.55252781248808 0.9719071433018522
30.253493822695674 0.8839569941422556
29.199205151780994 0.7869510016038611
30.512091371568175 0.9574091341024451
31.422848442657447 0.9456587057370703
29.122695398480136 0.8620570858572721
31.623602430412113 0.9568497170209537
29.381279055897835 0.8370841083839085
32.71764695533982 0.9698441413146497
28.962239723529777 0.6306143947120051
30.863902438910213 0.9206497503091369
30.08657855552459 0.8804754485838531
29.04939485029601 0.7161756156450685
32.860123023044125 0.9736800908748877
28.79959254453345 0.8232347620576789
30.179445913569655 0.9370016548346166
33.477196439681485 0.968766170764355
32.45793867215632 0.926818344173899
31.783306569762345 0.9597651621579024
30.933585446354854 0.8918378882540442
31.757444876595912 0.9599681803403594
30.046696117553736 0.8808626609934632
30.506011017528017 0.9592844647259754
31.39136686153477 0.9616737999768089
30.599831083611623 0.8273359093178706
31.550283230637987 0.9700564279692658
30.93736870659543 0.9573845567707151
32.779120062111346 0.9646849339004364
31.637536924156407 0.9559516048802683
30.42462507363435 0.907344703167684
29.619546955341256 0.901436115213026
29.539785531472788 0.8690118669833967
31.30909866261846 0.9188464244767084
29.645018482158072 0.9019397131742328
29.125477775078643 0.7471998617157184
30.11640228251587 0.8781901350157967
29.184612492235523 0.8179044471725786
31.610189739824115 0.9501708383918661
32.79928200459062 0.9556575437450228
29.94194798923497 0.9090407107116362
29.837762918594144 0.8925704468389288
32.05012083854943 0.9623303813043742
32.86257694431077 0.9560576026491243
30.030325891916657 0.9412142617463314
29.340510685765224 0.8035540233827239
30.358800319222215 0.8127297523201733
32.72530922946254 0.9589395304781644
29.968095862327218 0.8976191919535813
30.285168196617743 0.9271398810688897
33.33496567032265 0.9447626713206398
30.112421384674384 0.9336506970230141
31.988656404685013 0.9585647918110825
32.9100569460982 0.9707901591251954
29.49318427244787 0.8740125691155836
31.05928481858969 0.9536853722198898
30.869039745256266 0.9226884302810373
30.097476920556648 0.8784782183367225
33.43661469681574 0.9783239763394784
31.623874682006125 0.9580932929902265
32.53492316099709 0.9370134980812762
32.27963191703299 0.9353930171492807
30.01224724880164 0.9233224409307649
32.55834541643667 0.949808258189698
30.394950651099762 0.9293974700591402
29.40729655435941 0.8243861577917747
30.521993203949435 0.9582882680439468
31.087271154933358 0.9496211012568916
31.630400739544044 0.9610785569405
27.769267109844616 0.7807111099630328
32.729470888933186 0.9701838792023173
30.27150034528962 0.94583674501853
30.458631805926885 0.9221223508930922
33.74432035753391 0.9737644459901584
30.11490428276254 0.9534051038326111
27.860797406935344 0.7993454839765812
31.192812721887016 0.923416526086909
30.84714434352037 0.9247350795097716
28.731912827043708 0.8199838536229181
29.485564748268743 0.9174163543196958
30.71276902130389 0.9339817498788705
30.478068874944615 0.82644521751051
31.477286010450545 0.9606238388760963
30.641287201125262 0.8942367416475037
30.844101054685005 0.9473444599150219
30.122800418364648 0.8757621609732003
31.805985104575715 0.9279512801049502
31.130326416602635 0.9343655471731954
31.53203646609318 0.957542489453536
32.033118057695155 0.9315513269453477
29.807970676001723 0.922050204192277
30.48250098092124 0.8752109927081768
29.29186009678336 0.9186079112044199
33.27292150234625 0.9683765198069864
30.315364051237918 0.9129041780559526
29.229155495555435 0.7875780923509714
32.651231445911506 0.9578646959196145
29.951351315165976 0.9223403580875534
29.435968074225837 0.8956327054649657
34.66108295021352 0.9792152159533601
30.623999401610945 0.8490655362832854
32.73564190921953 0.9709459546235866
30.096910535222644 0.9187964035494645
30.043564641169958 0.874031743762571
30.1674430879668 0.9132202263753971
32.50323351421804 0.9380246213810215
28.857618342479498 0.8377624205262201
30.42824718155639 0.9425607156132734
29.74849350356349 0.893292794879073
30.689361466870608 0.9444129179314481
29.101298403702515 0.8698683739990066
31.514840819772324 0.9600909150967116
31.998884623265866 0.961464994541484
30.59420181765291 0.8400596585798151
31.931729349400616 0.9590055786759498
30.211044641211934 0.9389562328894415
30.813250418680568 0.9502885598087556
28.62746750697059 0.8090580917033688
31.94636836890431 0.9587016954419042
29.642458629893454 0.88660593200766
30.35542106869642 0.9402241730966856
32.077183544126015 0.928157748940038
32.047098100461106 0.9677828789628744
30.000077785740533 0.9406996695451255
31.4649865437781 0.9599942372113585
30.327047343949843 0.9259807326615029
29.64335308153928 0.9029950566042266
32.83742706357474 0.971872713102935
33.41529072795614 0.977460780446617
31.926789435401844 0.9693813018364141
31.674116410151782 0.9554044268054637
29.717765159768916 0.8585796750840171
30.461130559935125 0.9569308126339916
29.157845832351992 0.9158942225205972
30.209530007071095 0.9144276578612612
31.41013494654709 0.9359628943169286
29.88448483841882 0.9406534100377396
30.777236900406145 0.9476952353722473
33.08507945773664 0.9811133515995687
34.29052239752027 0.9737449551691192
30.696682265679954 0.883979169786542
31.38916975960056 0.9571100647622379
30.644440206455933 0.944008323096448
29.99659504416183 0.938017972028054
29.197011792058326 0.916383306352469
29.969409294843743 0.9416344228984571
32.10144497659732 0.9696513507194817
30.435408706127298 0.9204895666182754
29.086608376817935 0.8695839969212962
30.292774671955765 0.9562950313361833
30.755188391226266 0.9220293565996152
30.735995636635344 0.9224407278571827
31.12930377489379 0.9314609527752411
30.221093872069353 0.888359974682423
28.656598844377378 0.8282143954289062
30.52354900279857 0.8393181477449252
30.727333017531528 0.9168280278288007
30.653755212184294 0.9438762220337188
34.19047227791253 0.9726580333913757
31.631511378655787 0.9599009669383843
29.66581918887495 0.9327271721519415
31.92025113748457 0.9563057204641974
27.77092377366861 0.7989429899006593
30.035899706008106 0.8725919695688944
32.78320982917152 0.9602521655212498
31.30718935681182 0.9279918687037875
33.088814441173774 0.9813165566338081
29.40512118977942 0.8312623137262252
31.98165038739368 0.9744041335697488
30.62748495464302 0.9438883024117758
30.654183344031555 0.9390648606111182
31.97355403581373 0.9744764196129382
31.01759506027814 0.8926031438700748
29.23156275862928 0.8746794101715267
31.896503641961296 0.9515290146653091
32.09689872393849 0.9322021316132901
27.778378954405277 0.7861528217182552
29.184446679119812 0.5227107833350929
33.14911678149643 0.9817314779877903
32.8694116842267 0.9638663482506301
30.792449720902447 0.9475274171459533
30.66381149336521 0.9441373379794282
31.87948599515266 0.9739368456455335
31.247994222681434 0.9255203133133845
30.24567318266369 0.8135693271914658
31.495101062018946 0.9534920215034058
30.089117104588375 0.9444479632762324
29.03021668021232 0.6742943306275544
31.422660420880987 0.9605978888985981
32.54963613781784 0.9778318868071806
30.51956042874763 0.9046693674862422
31.80502927008461 0.9710051657414617
31.583753630534904 0.9582619709936311
34.35898389849607 0.977165222403213
31.16258802849908 0.9549001566798839
30.008590803620287 0.8707282396172039
30.137956883032384 0.9444890542597754
31.810275304729153 0.9688330224150588
35.013723375162364 0.9813571469480578
32.47193871529967 0.933508766514313
29.429210856621264 0.8254930619294942
31.976062837822216 0.9595905721395004
28.81615821775723 0.830714621520327
30.13947941133289 0.9251191801682472
32.38379516274327 0.9334760441618294
29.971658576479822 0.9045277994791233
29.299461679262677 0.8390662211517472
30.782109094166316 0.9461296827633419
31.544205093222423 0.9456345969642446
30.580490688119948 0.9445783651332552
31.15077960485675 0.9334522682383318
30.05222587070978 0.9320823200470348
33.087356722555576 0.9809377508955349
30.211909263659727 0.8867846617870974
31.201329255694176 0.8988230304732004
30.259892591653653 0.9132388885952883
29.504853922418338 0.8454031733170029
31.32876195523081 0.9518249885300236
31.602275344164653 0.9537949676999591
30.009082406449394 0.9136451012299485
30.05976228321218 0.9330170131607791
30.80278200303681 0.9179438837543484
30.07379052551954 0.9228265029078254
30.69511165547008 0.9339227457995378
29.967035856143283 0.9088533168601777
31.65145138572769 0.9566564865716811
31.414751988956546 0.9487500102438394
30.197310339185826 0.8835404231044367
34.69453470849854 0.9793440895899613
30.894438969839406 0.9521726357104158
30.51748970712395 0.8186227533964968
30.19113729828952 0.9389321780041181
31.476894123978365 0.938568506907189
29.66720824443751 0.8945741077073546
31.4069699699747 0.936181172805963
30.903431478717955 0.9015942714149682
30.621536953082817 0.9428077542527509
30.654722589811108 0.9342954864242495
29.075014841203433 0.8677084627911767
31.036938774187014 0.9531258368646018
27.770029522505972 0.800985586680946
30.15090166302987 0.9368735812642446
29.12166213162486 0.6352693053309983
31.434077454426887 0.9648356472389575
31.640962335061005 0.9684950662442462
30.871147685943118 0.8813728524350202
29.327596326470243 0.8641617798749017
32.0742021064184 0.9699651864799365
30.10036973673293 0.9533085270210925
30.750557463038316 0.9400606436824421
31.194393374205845 0.964654478879111
31.794338736286356 0.9599814274889441
31.92372236729841 0.9684426930130924
31.902288142725087 0.9592336681621294
29.59269707727078 0.8799657515861795
30.095983188201014 0.8784135723008281
30.61072657161401 0.9498516374806456
30.052662864730387 0.8769000231812062
30.707988691376013 0.952018488865865
31.566869313760826 0.9658631127163241
32.490245858503386 0.9287879097094474
31.627970728651043 0.956596787505794
29.88050382864301 0.9196105659634107
30.135870650517404 0.940872705480055
31.26926641278859 0.9132655569338723
30.97817131310518 0.9120764338153892
31.786368139976474 0.9312210790408305
30.217614089831606 0.9468920439710676
29.75541166482899 0.8868451275979868
33.25969876455833 0.9417340990054708
29.94500528530835 0.9053405092478739
31.596364459788482 0.958468570890724
33.82169508475533 0.9746538309688433
32.57234464729511 0.9781577316173564
30.355531896351803 0.8967301521241312
32.53331686292552 0.9771123791087409
32.5341189536874 0.9459652631233165
29.90722386250297 0.8932786025755414
29.195008738021574 0.7737400187776368
33.47785721768275 0.9788214592852096
31.42598933552795 0.9358843014978262
30.933287588869863 0.9097928237430917
31.41998968433399 0.9579618420081595
29.574477289589325 0.8771491838553785
32.02904461332024 0.9278047745131551
31.932596965417503 0.9669492463098324
30.951653230767697 0.9487016404241959
29.42459223135117 0.899197672481675
29.999035634023734 0.9412274385974289
31.116723922776224 0.9317868459227282
33.03301292119603 0.9668579877744042
30.79384870104908 0.9467597639344624
31.03749479926134 0.9146514875564615
31.260358875434218 0.9629674855762204
27.781005766694452 0.790967585849461
30.01556757188557 0.9413741746458025
28.58837153296299 0.7867188912651876
29.12987584470561 0.8060354316464772
30.890810722586522 0.9249318802484051
29.240531788768635 0.9217519433183946
30.95733784252634 0.9255895155923045
30.821276983617718 0.9208268834283614
29.131563174761723 0.8094718569859432
31.235287863873452 0.9293168466679398
32.85408749174062 0.9722228006138075
30.185301422529164 0.8801541251811781
30.338391786677864 0.9005891656286856
30.72324215239391 0.922643681486268
29.565909040634146 0.8954187213283119
30.921795665293534 0.8929405889444534
30.97989918169594 0.9519819828492736
30.67653638249474 0.9443618297235007
29.50465563117559 0.9060995231402831
30.32366336240412 0.9467654118237933
32.02949874281948 0.9612313103389699
30.36055356775147 0.9084660605237352
29.768261894384402 0.9110547120811295
29.992854181914783 0.9370038211940391
30.203567424142065 0.9145447340155592
29.995123100318132 0.9413177402220501
31.156751747018156 0.9185216103945653
29.68388980903507 0.8864531846553066
30.018432566615036 0.9094594897358849
32.20555939082368 0.9362885458204574
30.070057592178806 0.8749908592429101
30.192011508665374 0.8860143855284186
33.46230159526775 0.9690262673351352
30.362469375613188 0.9285053296954071
31.019188175721997 0.9532138034554384
31.921553976304494 0.9734928993191513
32.8283956014292 0.9651563446464468
31.122598764113185 0.9338091872715942
31.62533613170274 0.963358418704149
31.87894370522136 0.958075297524312
28.86714535617638 0.8389318522359825
30.7630273703394 0.9362716898418503
31.687460116460716 0.9687905571702674
30.17500098258576 0.902856994952988
29.39971919377149 0.892128133871359
30.40661252379243 0.895367298119061
29.19141300508079 0.7782955946608013
31.930186092919147 0.9686851525555243
29.382769944951864 0.8727156862447386
30.88096565506906 0.9246922073655393
30.39204547730368 0.9227857855396204
33.079480097684666 0.965857123911844
31.265669227652122 0.9635442080754213
31.834339930176903 0.9603207290534348
29.20726251136747 0.7675363282177018
30.671570680430086 0.9175785556774361
31.43606110913784 0.9389936913614275
30.026462632760072 0.9408242230754573
32.941413882470385 0.9640005064128419
29.368409982819692 0.8785032101057122
30.821249124770027 0.9476910057158342
29.526865575891378 0.8658125021013916
30.498619644181066 0.9396987621190521
29.981678662575266 0.8548208940648503
30.61805338347716 0.943743143947441
29.29548155516152 0.8943709658390309
30.079368103062194 0.874010283625248
31.220421703928103 0.9246873336920666
30.77293583444678 0.9219922639861515
30.814800499725457 0.9450524512029461
29.60091171052847 0.8994117042846685
31.858363795349113 0.9288396459643968
30.001275932407417 0.8936769881074461
32.0890235799014 0.9328193749870288
29.616044476500228 0.8439784281804622
28.649435208486857 0.8168083426814111
30.88979658541792 0.9242298926596305
30.0177903965412 0.875796784531557
30.12555689319842 0.9228489596461575
31.351361233882386 0.9521700531287006
31.797268245975864 0.9593311757827854
30.623698712889002 0.9440210228769933
31.5597922330203 0.9440753733591856
29.739418966722525 0.8895507863493767
29.974008347798215 0.927402643746912
31.452841176078646 0.9594923633943848
31.952761247276193 0.957103124595607
31.927306585735977 0.9544068738156948
31.716226302777454 0.930503709561174
30.03660546247433 0.9303378490044725
29.54069345968927 0.8818616393849277
30.334226644773143 0.8934713369137413
30.79695326773834 0.9230519413850639
32.829854457802234 0.9723233072690777
31.31656199648554 0.9262490756705847
29.303089297536392 0.7998762955689711
31.472337260933063 0.9497091354354888
31.426096073724157 0.9376045533547355
29.94983687833219 0.9411000786218661
30.186618264197094 0.9165704744733969
29.41769173485512 0.8781988819439037
29.917626050612288 0.9273557730720892
31.217384984043992 0.9567864355372301
30.278924359575928 0.9457562775215312
29.527025691125015 0.8305850294865639
31.22055172200524 0.9274980013771669
31.794805160473505 0.9270185341969776
29.068027227469656 0.8718075413849365
32.53324209263068 0.9347064572425249
32.60217852358139 0.9464179696132987
28.804384018065335 0.8196017144523337
29.962967817527968 0.8739832657954532
32.48841334233825 0.9472787854314542
31.912547364017758 0.9560795865719875
27.864423585984966 0.8204556038757732
30.774319355281676 0.9219852170080871
30.753209110563034 0.9223902364783779
31.08220256988097 0.920280641952564
30.331424606357356 0.8962036502099497
30.580675688811205 0.9412264135890277
30.348027509563362 0.9487539788072203
28.951646827027506 0.8446061686062617
30.545133701239603 0.9200459271044725
30.320406135425827 0.896098745920735
29.782558738600745 0.9079494116197672
30.90947646772332 0.9244733896560133
32.05333771157993 0.9282525007368577
29.133044308431 0.8137361535171472
30.93930096854163 0.9493333314974429
32.10163487825081 0.9311479621880268
30.764530295371678 0.8874570008175822
32.77342014853053 0.9518740819772179
29.416293828111183 0.7816961323736955
29.33322421133632 0.8646246712883014
32.03904223390354 0.9676698348858479
32.453283418878286 0.9231839184273585
30.495075234243277 0.9371346501183262
30.130863024696815 0.8786749452877602
30.82519677986498 0.9055607853962373
28.766108026613743 0.8063798655625117
30.17322643153271 0.9534359743740298
30.109980448286265 0.9327961636803128
29.349024374519516 0.8914815221127682
32.476512641053205 0.9743832702816005
31.01962306616524 0.9532917818993772
31.907101790145962 0.9544357831194846
31.90737843817793 0.9690087683021834
31.50049618794735 0.9597050538562709
29.743903452367526 0.9014412355238097
28.97694535193847 0.8469161891663891
32.83485949265323 0.9730711554104625
29.30105504993606 0.9195309431157198
28.94761302103477 0.8296891833919741
33.473058470650734 0.9784016930824867
30.43258067130894 0.9499598121069667
31.43090658935909 0.9456882717556568
29.84316982751909 0.9223090573241391
32.53605355428873 0.9353081863416914
28.7966927959593 0.8207772055967711
33.505498254939305 0.9785044112337746
29.864268583314498 0.9024590494501878
32.032191907456195 0.9671892156815778
29.060537298794614 0.6670511636161116
30.27601079873872 0.8949275339643833
30.191268567800257 0.9324806961806671
30.787746790477946 0.8999195454668696
30.740972040798596 0.8956965585788097
31.010181355784255 0.9081046506890745
31.892166157785596 0.9720020944045129
32.4505682587573 0.947995154810296
29.347706976857157 0.8971984136422833
30.63669903745747 0.9399358719831452
30.86172597069055 0.9215786751415039
32.414145013214764 0.9320940859108204
27.860685089513172 0.7912535964480013
29.68475035502118 0.8551443589310909
29.10992986004322 0.8001410907154687
30.10022612887777 0.8827659188638084
30.834536035246806 0.9203984558657375
29.792749980645645 0.9025502173142302
30.614881265677077 0.9513896824192474
31.769053650538766 0.9593908641843052
30.257634880503158 0.8309556149573543
32.90699401332071 0.9730943632110161
29.20601320647257 0.7951203364409881
30.36629707735689 0.8296302470714545
30.113225567394878 0.8769974041062342
28.860496061141212 0.8327129281266205
27.78130524304395 0.7676601236046566
30.28553451921497 0.8950352788218958
31.732284379909732 0.9300955318797623
29.21855694430917 0.8889843434269264
30.39356790858772 0.9025703043556725
30.30658044768446 0.9109458921840705
28.627667637947205 0.824126770866855
30.03194255278442 0.8767091426079188
29.953893933760675 0.908825243714903
30.844002635651666 0.920669721000695
34.14130161966819 0.9741386713790752
30.032679307408813 0.9269540298139186
29.99472914543414 0.9072060144897479
30.079729773038792 0.9254444235255889
33.38293818055294 0.9695294870487967
28.92247144382408 0.5606697166615573
31.538106347210086 0.9659853033481932
31.79585869993815 0.9604720897861457
30.623456858653345 0.9444976866871578
32.059256738617606 0.9284548239264007
30.90484125079371 0.9472789180910242
30.916423123827094 0.9253792262846412
30.00548843216155 0.9022218277574661
29.019241713685293 0.6540105858110425
30.82882428874122 0.9238552886849387
29.138431253185082 0.9141933128400134
30.720831947788007 0.8831075238215136
31.000750725878376 0.9049090920064594
30.727007174618407 0.918358580734835
30.53687076774946 0.8787557677844992
32.53900278118579 0.9377115852299104
30.816769889874443 0.9234283980552668
29.800741383507905 0.9157167258560864
31.625330703828112 0.9604840265247537
31.67687318020349 0.9585960329311881
31.616245017875585 0.9575282699461447
31.915521550553954 0.9575940369655588
29.506340415336 0.9047821497375357
32.69363256427265 0.9563721438287927
30.475074999325038 0.9437422794899443
30.972611308181605 0.9640662317039936
34.47913154053227 0.9819703966238181
33.17166743791019 0.9709760115798451
34.035409546939476 0.9401802990828568
36.49949947896088 0.9865468632662464
30.963937631480075 0.9669314446165612
31.207771281457806 0.9435862144414255
32.84415593805229 0.9707118499137376
31.090626964750363 0.9427321078435887
33.17498267391509 0.970918467195091
31.53111843565644 0.9480875419421091
30.83397931759455 0.9638134495109197
29.976521895342934 0.9370445359892913
32.716802446294466 0.968657209564861
34.487806920249525 0.9822503092547686
31.137000863458816 0.9683162793107422
31.260280791593935 0.9671278932848292
36.57097552210336 0.9868347320930406
36.51844246979173 0.9868257599629404
36.629387690065904 0.9843048401516147
30.029095164719738 0.9396640346755932
31.310986533658554 0.9685443673515388
31.293045469130423 0.9439699089934169
34.52746562147398 0.9501291054962151
33.163050095712386 0.9710851049455226
36.530381846545396 0.9865773404383675
31.54821002568614 0.9488943897722555
34.013279708955196 0.9423027037112369
34.512128517577985 0.9823566827983076
34.223722139736964 0.9763280873762457
31.180835763740184 0.9653648576575596
31.250016778049932 0.967667205646891
31.210738597122827 0.9672476038892193
33.14158736273344 0.971108999868524
34.364415722561745 0.9766411066690457
29.931899925043183 0.9375508058380184
34.26805757598328 0.9772119471472421
34.424292488381425 0.9828467519495642
29.956374991667673 0.940650720610065
31.47836496093881 0.9624300452483758
30.771147253118446 0.9093158534804557
32.22766944759104 0.9509244346949473
32.2443598645572 0.9519321574825628
30.047601453248483 0.9394548744364468
31.25350546877883 0.963232048535519
30.884245672695663 0.9634471103854504
36.503743678529325 0.9866676540654314
34.02008532799448 0.9430077917924526
30.634289865137866 0.9075494044305831
36.53617641689106 0.9843201415920849
34.5184422100671 0.949566751701861
34.92205191064079 0.9851000051443208
36.834841716134136 0.9840189180811428
30.901503214689562 0.9633437492844759
36.388207022271835 0.986383614539252
30.956280956185907 0.962131164082716
34.455157079755566 0.9825454291156404
36.5290218065953 0.986664933296087
30.66860515071072 0.9072397502669093
30.89193242597375 0.9626931420218724
34.66881380311537 0.9831722857399794
32.14770553577986 0.9507920809211504
30.800091475027294 0.9104171917300149
32.190027166591534 0.9511553466989974
34.505031378105 0.9500845351547317
33.25925966049106 0.9719948924913057
36.873205161435195 0.9841179655631028
31.46222815522504 0.9459848183197405
30.684062050094703 0.907847540200372
34.527451295596705 0.9501090836982704
31.3519503157789 0.9688673548072819
34.30817594233198 0.9780986418095958
31.53589318843448 0.9610430064676453
32.881207306016094 0.970312003037686
36.680492906504576 0.9839673833513691
29.981239787578488 0.9431515617853965
34.324194133816434 0.978525096015385
34.26458481643869 0.9822931801430187
31.265290100209803 0.9652537087546773
30.874837434160725 0.9627360537901475
34.02636936133557 0.9419460912484233
32.164237271869176 0.9507820474570546
34.39747955225187 0.977233241476625
34.44291355322221 0.9819326884790086
34.197246344699835 0.982185217515255
30.836297404245194 0.910526289061514
30.970953344528006 0.9661758999745943
32.84632889138389 0.9702641426549379
31.421675953524165 0.9663861741981326
30.852477240134913 0.9642741001095924
30.899671710771663 0.962742204125362
33.19647579084651 0.9710880160402521
29.957364767362293 0.9388629570273687
31.002962599462943 0.9625319855764489
32.16540533584897 0.9509358408449508
34.077614070085666 0.9428041351326277
32.13674258305821 0.9512951177612046
32.88857836168216 0.9711618241872952
34.04131203630104 0.9418559172450326
30.820228287593984 0.9647333780814978
34.56472722864465 0.9494296064595333
32.79972300440393 0.9701638821696887
33.20918435491181 0.9715084179929193
34.06912739929298 0.9425588675976676
30.705374319045752 0.9079625147217872
29.824759697131608 0.9353558898990653
32.77280590676626 0.9685456446335745
34.23713237467587 0.9775976658761035
31.178053557885246 0.9676638683490495
33.21358177842425 0.9710468014113216
34.56988871006048 0.9500216173631458
30.834824002303197 0.9636620851236949
34.6103419046281 0.984187085159139
34.05666843741338 0.9410185533882902
31.261574933543187 0.9667388487659533
34.63616613701101 0.9496114310995858
34.46037879193852 0.982974409852779
36.43708427833461 0.9865650251705064
31.17824395654178 0.968951610912501
32.24718192800785 0.9512028145238781
34.069347673602444 0.9420279965352003
32.72703093950406 0.9694318571878348
31.307396481686652 0.9680780169037038
36.737720625608546 0.9844728602835667
31.457578207562168 0.9643975365785269
31.381664628470443 0.9457724276921138
36.94098599343016 0.9846929140542362
36.50625584291617 0.9867148278172564
31.112473655604536 0.9622605733800962
34.425528004714735 0.981945318862548
34.327022538331356 0.9811229867653648
34.199029292444735 0.9822578718114189
33.22554297085149 0.9714527033312892
30.66305391210793 0.9075138597299676
29.77827290063344 0.9356509296219285
32.80593313522996 0.9695421410148324
31.139519632097414 0.9425084196799703
30.871611484337606 0.9632623721737908
34.47128560990093 0.9825933666340695
32.17505069889489 0.9508694623101838
34.39404373107094 0.9502080719395324
31.057741087644906 0.9648157077397602
34.4365610222802 0.982297657649431
34.461858979508484 0.9497742852208979
34.28250389817316 0.9778755202656455
34.33421808803511 0.9777901868004251
34.39341015943425 0.9813693600266766
31.119934605091398 0.956658588266064
34.734316456270726 0.9833672308389935
31.54916681479913 0.9482785112561792
36.73650022089645 0.9843531639714422
36.69873922286672 0.9835028539081799
30.752441258787595 0.9088276838857873
