32.28275299414223 0.9572440169355535
31.518996963305387 0.9476111081452725
34.33091408380256 0.9687445814151101
33.383349287751635 0.952066673990614
33.06835595861492 0.9598683922061327
31.739922825997937 0.93670832844692
32.760144947796526 0.9694457336886424
33.65381251101478 0.9559050916159604
30.754482110890507 0.9275347483861107
32.89200486425928 0.9236270488841339
33.18994773975923 0.9348943112510567
30.322314954423515 0.9461208428507205
31.436792334744496 0.9333142165437788
29.38001504884777 0.9025531647275972
30.40593491156262 0.9464364938017925
31.00798823876522 0.8852440858475528
32.680880797090715 0.9525060661328401
32.55593800169708 0.9714743019766721
31.037058115595176 0.9434281411577903
31.209644620467888 0.9522663482775494
31.667167494085863 0.950561299965856
29.26493173021615 0.8732500449686352
32.30952354037604 0.9588193261639728
31.154854093108966 0.8879170962718089
30.253566226424965 0.9296341213856671
32.88362710110335 0.9252770974163474
29.970397247362214 0.9107297805436692
30.60693343909428 0.9173045801479929
32.92151477782043 0.9283789223053802
29.615042879999656 0.9014929001204695
34.13783817621002 0.9749350062810423
32.44736130445298 0.9592768130335925
33.096208043333434 0.9544481152354716
31.00055108483426 0.9293058368097132
31.212731387335076 0.9500257315405687
31.17929403554745 0.8882327141370526
30.543238645501354 0.9216414537475898
33.41919012876617 0.9333613429803937
31.4047337043229 0.9352230265748076
30.778411876093195 0.9605881260518777
32.71199101686153 0.9634081800850628
33.67703888444912 0.9456278347442836
30.472709493810484 0.9463877986982597
30.791276475101306 0.9250786492050946
34.015552230878185 0.9652328822600222
30.850476369310194 0.963750772258564
31.974198227082024 0.9536797778395817
29.791028221659303 0.9190113182908037
33.10299905506262 0.9549454460117875
33.11817064355687 0.9543619371549638
29.723121468406642 0.887636790393538
33.154894344614455 0.9227000457460243
34.62559463720101 0.9687713171982951
33.83533315290709 0.9426007025391897
30.14174525940338 0.9522001001347778
34.16642345458539 0.9740374978987588
30.608991420752147 0.9489760574771333
32.326981689632234 0.9580932511320668
32.66072289359916 0.9552604094403849
33.81577785658215 0.9689637035345905
30.24528092838263 0.893796325846375
30.36591169453689 0.9476902963998332
32.90224835472144 0.9220963650475994
30.10757510044106 0.9505665581327374
32.12579111181335 0.9657105651131466
32.190748289065986 0.9475417768428506
29.80670474381737 0.9033969260832521
29.73692441775215 0.9009859612984747
29.850219368654255 0.93052481057682
33.80673032229013 0.9458949986091167
31.264470827743306 0.9469414082028226
33.708033221785584 0.9710587084621352
29.996747993455042 0.9154012415382051
31.434983142759098 0.9242879940351639
33.04488567120454 0.9650067895473028
30.946805660846934 0.9337156560056346
33.152380350685426 0.9215321611039866
33.62679293455286 0.9730523132671742
33.06590089152208 0.9653256604870927
29.56047351633724 0.8782844797792614
33.91785900742881 0.9612856240443831
31.80496171731931 0.9514962898159883
30.765656520828202 0.877950608158525
30.517952118954724 0.9566021742346256
33.73774410387895 0.9792748929748324
33.15621502404385 0.9261726915793942
31.840685645230305 0.948441285619737
35.14646069413788 0.9810815077249827
31.40685277041337 0.9329389267958834
32.056055224153766 0.9705557679023943
31.123469355325923 0.9520253540776139
34.09877294519483 0.9725133889400049
29.27846069075781 0.8905746655941543
29.89344063614919 0.933344064886527
33.52587992230178 0.9374854237909832
33.01718202614413 0.9171724426078097
31.42600946310139 0.9523943062800225
31.916408126567482 0.947547567144892
30.286552035617618 0.9072559407824254
30.48515249646675 0.905707494844396
32.28782018909814 0.9735869956372248
32.688686427853554 0.9633807151773884
32.68846577862171 0.9686008621264535
33.31348289080359 0.9615813923340374
32.11532466183688 0.9472152614973367
29.44273292439214 0.8884515544328742
34.40042506493142 0.9665191084318324
31.084027864443463 0.9588974798013665
31.7464005256862 0.951432325515825
31.284963426514526 0.9530030696761674
30.198919802772814 0.9013930770140116
33.131811095481005 0.9255999850116668
35.2282450264026 0.9818828793144558
33.781734151637856 0.9498822236222567
31.27280946712997 0.9542128931867017
32.55115206643567 0.9689360821255524
32.75599232854249 0.9326827288090025
34.56719814085917 0.9714763820638412
34.43150615017324 0.97480592151795
33.09154875930892 0.9253652538447605
31.96024979736944 0.9457118396828205
29.803169609153464 0.8754112405944193
29.94082220491527 0.9166611704730975
29.883569257124254 0.8984773709477467
31.072216915861404 0.8994837057605731
31.14720740762532 0.9474290726745446
30.018755672286332 0.8834381005914083
30.547906208743534 0.9559877341602994
33.85597521880816 0.9474504769035842
29.856146788328562 0.8742934934019877
29.83880326042356 0.8859743403718375
31.402646307687387 0.9345680297758119
30.47591834976773 0.9334369013461471
32.69557460538982 0.9690709643430845
30.86515523976811 0.9603407340020975
31.763547957565265 0.9367604976800702
33.11676155434468 0.9351045959717221
32.18119867478521 0.9595015973697432
29.70574864644177 0.9013302200283926
35.3279571573877 0.9806674355803796
32.733403705310074 0.9557943046945658
33.158662158020405 0.9795166129150916
32.04136954269846 0.9477635693060903
29.82644276526329 0.9031811737546108
32.74746952723429 0.9642494618549045
32.22720255224181 0.9510819484015641
32.33334758202351 0.9589912053606873
34.09819963471425 0.965672391343809
31.140005287365256 0.8990332756981038
35.48916821183091 0.9805451763223372
31.760797561571955 0.9447478588941104
32.345536420540036 0.958888724352982
33.584651437191745 0.9570371778104512
33.71639716004823 0.9685629265428668
29.427256608325774 0.8891177859946997
31.892537607522094 0.9412655506304272
32.661588182188986 0.9517646342452978
32.10523816961596 0.9718152724384154
33.033298593015445 0.9590249035859079
30.44353902960006 0.9324281347723453
33.11044787854204 0.935264979609055
29.69866854013326 0.8711805287767406
29.731841132671683 0.8786278041780392
33.273459052575035 0.9258127177653102
30.339658042974907 0.9105339683209895
29.83870211395839 0.9286730478178619
34.35332548356103 0.9694637735925158
30.24457784083512 0.9422213533144225
34.33232458850022 0.9624078367268633
33.85232614884173 0.9692432530763396
32.97594662211327 0.9323616330113066
31.86066298210736 0.9520198169019048
29.965015738315497 0.8872346833648768
34.63758034238447 0.9668689910912941
31.240641561474742 0.944990819480004
29.617336259936927 0.8893144354487299
32.658173827552474 0.971136518543117
30.710165736108856 0.9212977373303332
33.42313747110027 0.9379009720368413
32.00770684442604 0.9478807217660902
30.850105365066906 0.947087825524255
31.123264277128825 0.8860474491789778
32.82063268968072 0.9785704971036511
30.51257446106758 0.9223330082778723
35.72097283296871 0.9860607403558704
29.41339192027676 0.8682744141199532
32.79249483602749 0.9647868575585516
34.51963579319734 0.9765887583469725
33.06995959916123 0.9342796135378265
31.419640998290088 0.9236337882332653
32.069813718358546 0.9645339121998645
31.514441483908016 0.9253216722258051
32.115464773111256 0.9666375201614378
30.43310303834081 0.9373775007556461
33.319013276459216 0.9285667021349514
30.99760012253157 0.9544442981200102
30.30333364807745 0.93935595269672
30.965141189593762 0.8818013606424041
30.22997793127913 0.9019230559978489
31.254637522306137 0.9219813888941041
34.11313205792383 0.9659033887225665
32.14781176535035 0.9722845689563798
31.987558518092747 0.9514667655547823
33.07230646920316 0.9300461838194024
31.518008794795406 0.9251120145210525
31.411583647093984 0.932848262803713
32.80454973209683 0.946369179509273
33.42122804663938 0.9411900774700794
31.054226656498876 0.945474864495085
32.18710789893593 0.9556294559938776
29.681811030010394 0.9022285094636312
30.944658228644126 0.9352322333368293
32.79047473957148 0.9464891557331844
30.25035019730428 0.9052770862005094
30.892033555299392 0.9181345616297945
30.261907714658662 0.9401709553577814
32.886974986523356 0.9239337211897884
33.1031843684383 0.9540506764201381
31.165277054150554 0.8911457205487152
29.945166186782608 0.9140403441413038
32.0542338446031 0.9476985229315473
29.59811645098407 0.892586685317364
32.749567741650345 0.9454991278128476
32.39391033559975 0.9602730281023981
33.76121035703514 0.9715572103737187
33.29311452899787 0.9314259799622975
32.85313342891146 0.9261800678919795
31.225035508962154 0.952661875341976
31.208514660729723 0.9051228450943745
32.12894084800878 0.9482432828740853
33.04980582714986 0.9301210531163057
30.24895691307755 0.9064263023879998
30.38946723995163 0.9043858858579567
34.47485633859689 0.976121764824529
31.598226612080826 0.9475895164142535
33.623616138753285 0.972979291250968
31.194646366669634 0.9230823170678768
29.6878198124806 0.8910257768073535
33.171982436119876 0.9751426167706947
34.38456973708303 0.975735218683809
33.15260772147708 0.9544372365861838
33.74004886870153 0.9737787973615236
30.54336308195777 0.916133128038908
30.790903906738905 0.9344699338984943
30.819848983574136 0.9149062972952428
31.947044986528535 0.9418127029467925
32.77334237581248 0.9466010366662732
33.32431840990256 0.961573799219349
31.568670641476942 0.9261020157957232
29.549636098509588 0.8733036244571053
30.906777492164412 0.9327397007815607
33.653849694792896 0.9588299393536466
32.82167846620014 0.9336880864129257
29.479430623333972 0.9194533489936014
31.339924610715833 0.9335570907850469
33.31404385564547 0.9290214597018263
30.958767142200667 0.9191738050592408
30.57919966797027 0.9257111972561086
29.764620396529217 0.8746957896905992
34.31092578445075 0.9688412991945776
30.511445277029992 0.9105308107370415
29.637262036508368 0.8991226672575563
31.17211103821969 0.9517160187215736
29.787059577656457 0.9027200820214785
30.488279638056028 0.9546285884662202
30.889876101174355 0.9428233899162939
31.04821511562549 0.9368068494308195
30.586957836520522 0.924745388354705
33.10887010644673 0.9748959808680183
29.837215025021877 0.9196300384398784
32.007839342159876 0.964526118217876
30.725030572139282 0.9654904087486352
33.101252651813816 0.9357804540672146
32.27452309530414 0.9577134533891881
29.542823568866552 0.864513865563318
31.74768179057108 0.9441592126784166
33.906162786904446 0.9639925666588338
30.231785325814727 0.942025589177457
33.09848711852345 0.9658048904077329
30.856021970973664 0.931406611667287
31.132292901131823 0.9602959542287759
29.829569712112246 0.9029888970106668
30.521130460097133 0.9365223876073153
34.460143284367845 0.9708049203363429
31.45140840468435 0.9251828435580658
34.44005080365643 0.9704272021362287
32.70372430338555 0.9686883024037943
31.542242538968573 0.9526184641955757
31.179678695918867 0.8920127112560259
29.710045437199895 0.899554976030105
30.26457444976712 0.9355005637763611
29.778074244558645 0.9346557257495804
31.933532279646958 0.949288539288367
29.671720146224892 0.8737445185387023
30.287795286650237 0.9084516878223713
31.729770539862365 0.9438140779908821
31.78181846505616 0.9598777747385315
33.326558391778484 0.9282662664165916
30.829620121038893 0.9595639462434565
31.54135491859406 0.9525111685072406
31.736355279350388 0.9364851370230624
29.827042270567098 0.901996629213488
29.32577394273029 0.8746542042931716
32.316072746517236 0.9602843139182599
34.69256414796469 0.9772878872398948
32.645557502496516 0.9792373898913472
29.519147660213584 0.9175563963235543
29.604821241530605 0.8987809764614957
31.470047990177687 0.9437282844387989
32.17831797125498 0.9506226420482469
29.593173379730455 0.9092036530197918
33.25397250175153 0.9499334529247689
30.435704162775078 0.9462710159188155
29.589497687014656 0.8788562267559369
33.1363871939587 0.959871484262333
33.31449371607591 0.9277085722404937
31.5238653856774 0.9525625271382062
33.155545551059554 0.9228757732759906
30.471128718154716 0.9324083286893475
31.080567022789577 0.8795391204119246
31.91140000086485 0.9534063276511997
30.729437694788842 0.9648548646042608
29.753739917393467 0.9028048791959087
33.17313686507103 0.9272485273950942
31.142481231648894 0.9236229596764487
32.007390958241515 0.9492273217236618
31.123960615299282 0.9453848839318102
30.842520485370073 0.9448454456786554
32.14975352350243 0.9706458299119495
33.75160201561791 0.9686726314013027
31.870653615283885 0.9612541449757139
31.168461766215835 0.9306850507611008
30.55287509725952 0.9572971434835745
30.40239351605186 0.9114274442104999
30.4709483254856 0.9383101966181844
31.544380588266048 0.9556560582246173
33.20162498072953 0.9269366931905362
31.7259247344187 0.9565926922246583
30.793902750212723 0.959010455464503
32.868032143789144 0.9283750363315507
30.483733620139798 0.944890167942501
30.860584464167395 0.9633616550797103
30.829539840092135 0.8973285733414937
32.42200996526439 0.9534207789331205
32.74134691810926 0.9334383060708803
32.86831014225997 0.9196789188933214
30.405102147970172 0.9300695033725611
31.429112054356292 0.9329833114055198
30.425946522870596 0.9436984977467835
30.447048183250885 0.9438684767458815
31.932536308899696 0.9466716325111221
30.289815419258016 0.9527413315460733
31.872416491764074 0.9486632313607637
33.1792044832708 0.9751221169505824
35.24531723459336 0.9817081956724838
31.86320418541491 0.9485803691273433
29.574937658642014 0.8851534079394229
32.26856008353795 0.9725719742002001
29.986140779152034 0.9119705524898246
32.197413518256084 0.9508163675798393
33.319842852479255 0.9283357449490274
30.71131908115987 0.8718203807345712
31.929206640792884 0.941577112873519
29.786983256920312 0.872296816042409
29.853384507357692 0.9199832857354351
32.68884468226516 0.9688838199278721
32.71380098557934 0.9690759216056148
30.193200202950614 0.9523206863088441
31.439882449530245 0.9581038792105938
29.436378308888685 0.8766975308690792
30.265756092561706 0.9302496126218008
32.18019759415708 0.9664898440782179
33.7462586501522 0.9718178511392561
30.423642966441275 0.9027186967040637
33.22870376903209 0.925894271469021
30.906589430318256 0.949430865335824
31.475308424846226 0.9350385130756126
30.277622309247697 0.9429952752172028
29.859751268784443 0.9021948191229211
33.189043290858045 0.9513405742415593
33.68488872557351 0.9669718361080052
32.66101549180665 0.955842900688512
33.34647330152087 0.9308995454164727
33.64903220883453 0.967889538438964
31.560257409984832 0.9610452267769829
29.35803326201267 0.8942029568955612
33.68363559240328 0.9683401512312588
33.651356030831884 0.9787059858176598
30.430817267196502 0.9407297000764976
29.953492185725487 0.901350178591535
32.7011776946638 0.9344807505148911
29.766648253780605 0.919484367550405
32.6673622650799 0.9633380627243019
33.02039236999257 0.9655152592605999
31.250254873815983 0.9523367073186049
32.72858456118477 0.9460249970759045
31.065861557894788 0.8858802274014822
33.375161758037734 0.9594720771634248
31.0749968136603 0.8981043660339911
33.3193617828414 0.9518385891549672
35.368922445016 0.9847533993185964
29.695241518490153 0.9112308173048941
29.763734936501663 0.9190645247782345
33.746637462153195 0.9686495537911756
34.09703744609687 0.9657052661672711
30.101803378724945 0.9411773476639771
31.92387524176265 0.947166561763921
29.930605782583104 0.8981018314205472
33.81172816773968 0.9497727176785107
30.430902873995237 0.9405816237424491
29.363813992928733 0.8745307913894712
31.17332795214255 0.8986152799934907
31.66412531924351 0.9599060862928371
32.13159093294428 0.9719175473431982
31.04753472924727 0.884018764811579
30.307044979474284 0.937836693227614
32.76245007997452 0.9345628542497945
30.809645415488877 0.9473927288595995
33.14948819842571 0.9261120594549498
30.535141022485956 0.946732943710788
34.56611898618816 0.9713083365204338
29.674895532591243 0.8975062507334814
30.277631673438083 0.9358816550776329
33.697579932939476 0.9718258996121185
31.879222965924072 0.9492064385062566
30.964474241729427 0.9216118121826994
30.434738480067676 0.9316908140509093
31.876521829615644 0.9416748988157183
31.945169419355004 0.9469217356448881
33.77858984162398 0.9730039196167156
32.66294705345209 0.9524361683184005
33.482987413073296 0.940989732825588
32.08014575770168 0.9513361042070847
34.423099888517044 0.9747574235694743
32.69788740002255 0.9636304528992371
32.988488307549815 0.9214193260628925
29.798832781556168 0.9314559892198095
32.28928982608287 0.958098361306905
31.903471566307317 0.9415961661730231
32.23625892896062 0.9575405352847588
31.092506357384828 0.956054435433743
29.563374727453823 0.8870522713969302
30.351137900168585 0.8987495647437443
33.88356681059193 0.9623387440111744
29.533625090398523 0.8780653491577278
31.35883455378281 0.9611101948962462
31.27802542710765 0.9476748277593445
34.18757069218506 0.9754851745409768
29.728751968673144 0.8988503260371358
30.968763748047987 0.9528837505095616
31.215951973476916 0.9092447834089771
31.761718340031496 0.9599292311917922
31.808268709827153 0.9370335300109534
31.9832463683127 0.9472010421444851
29.354235696283215 0.8670194190301356
29.709204716392478 0.9020312170302515
31.630133192782203 0.9560010610721487
30.47145207302127 0.9505992057145315
33.12331296911266 0.9206604428654456
30.481613658005816 0.953832339195869
32.745288855742935 0.9689656174842852
33.53902344074399 0.939310935495612
32.70771497415661 0.9526880260903957
30.898116970809745 0.9276009151327774
31.929684352958727 0.9470451739741095
30.429622585808005 0.937286540500003
30.72146613707438 0.9299988950481867
34.50938044204485 0.9759715630141829
29.83276462951599 0.9019914878339698
33.47109865003775 0.9539599163543293
33.142817510904116 0.9204349470774
33.841696207975986 0.96904146098609
33.34995277522256 0.9289237650657142
30.324330387705018 0.9001356208202751
35.28974961713524 0.9820186961044364
30.442959958502662 0.9442378985881121
31.10999008518537 0.9583059630813583
33.09955806052615 0.9788994494007738
30.724600588817204 0.9642188953215921
33.76879865656585 0.9720528541674938
33.10671401099586 0.9256223751329375
30.729258196469587 0.9358458813767485
30.795061937104148 0.9383364115166741
31.444258060589256 0.9253745930314368
34.54649404839492 0.9648904012600407
32.986867284347305 0.963561293187456
29.360880584207916 0.8955311677759762
29.628664303140635 0.8777195985963291
32.00331230292821 0.963841531228129
33.1731861129407 0.9261583000278943
35.141910621548064 0.981341154006529
29.546256588428477 0.9040735050387035
29.72504366487221 0.903676173644705
33.06191886537596 0.9238767413687881
33.770716511525514 0.9714121042439916
30.829993898892695 0.8806202097794859
31.75085242784867 0.9355439816493649
30.682094100387758 0.8763292934857088
29.288527246876942 0.895782023239712
33.0325767228936 0.9167559733253554
29.791174099873658 0.9161949787520828
33.43717047336835 0.9511645886617823
32.69285231661244 0.9521593988498581
30.430455215175414 0.9314408793245341
32.71947941079184 0.9689600701724811
30.552349097756647 0.9199609962225503
32.20033607890555 0.9510609234589327
32.069880567227386 0.9469454658133709
32.22020513864186 0.9513559194053298
33.01719962265727 0.9174075740058578
32.9822631220037 0.9234510025487824
30.968687715440126 0.9553787707424364
32.922686287057545 0.9228447336708938
31.08400334173939 0.9592810223086525
31.92992545489265 0.9419570623007826
33.982954947371525 0.9649174299418115
33.04220313086402 0.9170705546091465
31.86999318550745 0.9447533755187413
33.0654489224234 0.9653046941297072
33.20646734588194 0.9524536320213524
31.835533129971125 0.949563093843519
32.82086814614232 0.9386943208060037
32.146376625392634 0.9648931774291407
32.75889459992955 0.9641770287768379
29.826118885355676 0.9025572144784316
31.956766490912724 0.9552359065675032
29.740937073195234 0.9020214582598532
33.0697961805943 0.9661595775111322
29.292516113975484 0.8930761332040065
29.595019895414218 0.8981230781062653
33.565632058323885 0.9588859330947339
31.237474454457008 0.9678955622070845
33.35335280831826 0.9299685657582859
29.681322254175516 0.9285238104292409
31.12790664878805 0.9581460900491443
35.3448619896214 0.9847377371036782
31.95683058830227 0.9468610375327537
32.76749220564472 0.964098793931206
32.82037370231623 0.9769079580617163
33.111534812042535 0.9341241699514662
31.768270230903006 0.9444601470560001
32.2992791171884 0.9586777105820752
33.28844996950583 0.9259917933174505
30.2916871159682 0.9356786142352069
33.12536907977655 0.9204766536489893
30.93952807736023 0.880131629274623
31.30595304458726 0.9458496449520687
31.949999547295533 0.9536739610001057
29.813447887527428 0.8980155192943279
31.225720110632032 0.9503379212562234
32.82496418733026 0.9776433853302404
30.82873232820942 0.9480392579770407
30.318000969777145 0.90701221259256
29.569194305959257 0.9082089794096925
31.118752163771983 0.9581554191129055
30.171322390234433 0.9206828881599373
32.28374344403776 0.9579607931011072
30.922619583088213 0.9330394934434425
31.47267694865488 0.9244855661843628
32.035414822499185 0.9704077015582627
30.100943316557593 0.9288071089140709
29.52025794812529 0.8972722996317289
32.81929125186843 0.9647295832126963
33.45977082278019 0.9397681833155577
30.706942701894015 0.8774596416431925
32.67904501819067 0.9691341177888689
30.730135496792144 0.933770341427056
32.63518610280501 0.9524453616359672
33.21847344198695 0.9498588993509475
32.635066854585475 0.9519622306712254
33.282613680406044 0.9216626467810192
31.39582648694844 0.9341729072948491
31.97273596068619 0.9432628966340367
32.32273569126255 0.9601128484213781
35.034677077829855 0.9806296140915968
29.738391820572105 0.9436791935276508
32.299114304939714 0.9592317934740757
32.11538435154652 0.9674063731779186
33.8645148468125 0.9435828873435145
30.779154641516072 0.9422276530637778
30.488316990666927 0.9493572664359997
32.789739936529465 0.9461817987000245
29.218870094310173 0.8881121019291608
31.492394707654267 0.9544668619164135
31.861361100125336 0.9481655893506525
29.669559465469145 0.9044207446589965
29.65879184925317 0.9092833683720103
31.1614134302186 0.9398394174289249
34.154470232729274 0.9745035228100473
32.68642948293382 0.9790800748592062
32.72248110039973 0.9691132531107348
33.136317110672465 0.9751074985349059
33.13406012933683 0.9752058691662142
32.10519252610443 0.9474920265244657
33.79849250750237 0.9602816501943315
32.80679306148723 0.946221515018671
29.98024411908403 0.9006818207933049
33.30590072848792 0.9284677353797535
29.693385874644687 0.8670619893191001
30.935169008034748 0.883594985480944
33.84314157808882 0.9590568111925974
30.79007272548647 0.8766873149112054
30.009882425263854 0.8918864353750898
32.04996768000604 0.948295982779852
33.833344086990216 0.942029866342394
33.08979308629998 0.9656608098295533
29.579280511180205 0.9232414717167936
29.627152283136127 0.8776552908607762
30.746910731160785 0.9590203908665279
31.592916669395834 0.9553846707472929
34.05277761908045 0.9654995525309142
31.892687690375745 0.941980193900921
33.15135982484063 0.9332123531623396
31.50444298692939 0.9254190978483681
35.313075909593586 0.9820206188381203
31.38854930379338 0.9324343719974542
33.58222624006628 0.9728638188466621
31.14044216654468 0.9268384580315812
32.18082492069954 0.9511436162093435
33.18484025890647 0.9267945408764461
33.41253181315369 0.9609269805388876
30.316913457321967 0.9264637133574741
29.550024543548787 0.8767423551324377
31.470607793228112 0.9245211875513437
33.04637747500989 0.9644937203890961
29.666705245190318 0.9016558539824426
33.082742647940655 0.9350257326258028
31.597325890514494 0.9484594913247022
29.776802601880004 0.9045293379724949
29.371655744586196 0.8929326123004832
31.912061641783733 0.9507384872810797
32.88055546277321 0.9269553725588717
29.73143835184592 0.9026708530699479
30.88420960028998 0.8861580520724666
29.837774554149263 0.9187135761831493
29.7581762850948 0.8881774438484921
30.665482937813685 0.91960807873579
29.612468894132505 0.9148945971034238
31.506752329056326 0.9251319118515856
30.269426323579232 0.9375694181165624
32.68629822069681 0.9563615781490069
29.610787415129963 0.9033821406175636
31.877646478544058 0.940982578676672
31.964526044233498 0.9486876246160895
33.75168328676844 0.9711540331912858
36.10071800622854 0.9838563862357557
31.20933504898516 0.9683442133445592
31.978727214751473 0.9547243701591075
29.604818033418834 0.8604541135614914
30.47370986361013 0.9283014843572256
31.249612074485015 0.9521784245869132
30.278002745734444 0.8992762583387683
29.397710876100533 0.878622414998229
30.203944650561724 0.9249727320753206
32.98849224068688 0.9243328932801347
32.17394452320797 0.9727459965899825
32.84383002539999 0.9153331388195433
30.7598376040755 0.934386533456682
31.62295905250149 0.9537756040805948
33.090501265515535 0.9652510683303515
31.41533513054163 0.9353911115329889
30.819980807858624 0.9439629965490233
35.29821795730176 0.9800482511117139
30.842801249745833 0.8963928574053276
33.73273363116232 0.9780625850092081
31.065871662903824 0.8840631714361696
29.579807973946743 0.8700869206990791
31.106185512368114 0.8823060318211711
31.31848970847114 0.9310055530690989
29.76548689522643 0.9163996981231157
30.322047451662062 0.9389320622251122
32.62689407270101 0.9523857775028214
31.801413845752947 0.9393582640775925
30.855115395198066 0.876292295204325
32.20780608454011 0.9512219951049125
31.033362006235762 0.9573748191441237
31.814436680048527 0.9399362544823082
32.25774464847864 0.957430481009452
30.333600308890585 0.9110976765776123
31.474452881405846 0.960338273750309
32.547421076053695 0.9576958645131817
29.786067721738615 0.8872507530635029
32.04027862608336 0.9652697003972337
34.40544386922014 0.9669789361030169
30.4935419024163 0.9206461131745207
30.77378053803514 0.9293156699958381
29.52261060427101 0.8789806421599302
31.799003572313786 0.9381708645872272
29.81898172680978 0.9319544546387801
31.2657988439275 0.9545159608927081
31.063919587107698 0.9694347813826658
33.7706783135676 0.9585695880117231
29.683362824124018 0.9088262888344132
29.34986870198403 0.8669920383946024
32.08929287755717 0.9471710840468258
30.7226056288215 0.9311594562415825
33.13687147776668 0.974832894324474
32.20422068775646 0.9512645906868841
31.476005876039103 0.9554449805204974
34.50879307956707 0.9765959960513838
35.02247106222414 0.9802586884118181
33.19763032975919 0.9751175368910271
31.749971079708033 0.9368642726352965
29.805740521676697 0.9008951837633259
32.70648003770444 0.9317040080657354
32.79552151833859 0.967369689624423
33.19190649888555 0.9752546231593193
33.31270726785357 0.929297926164306
30.762214070158084 0.8807206073924434
34.548734275164264 0.9760455950794019
31.093902875155006 0.95751382014166
31.896336434885775 0.9425795520990053
31.758085776236808 0.9388641636201563
34.519399537164254 0.9713551390121251
34.50438822276829 0.9666302093173721
29.740473869319075 0.8961633689993428
30.93372158546274 0.9631800203482791
31.7719228854953 0.9579053178651443
31.827222058821963 0.9516687788590581
30.7938732208302 0.8839304437862056
32.88349528692002 0.9623761887316687
29.506186941031366 0.8934868345847954
33.02681621781577 0.9797984148532215
32.70563442144932 0.9767840071132822
29.510178644309228 0.8812803852047083
29.928394290492598 0.8875799975344095
30.571312305461824 0.9162133564907545
33.12705437341705 0.9263562971886253
34.50866036029537 0.9657217259258218
35.20742172760972 0.9817670405476205
32.19691817866937 0.9509649296068803
35.62009935029327 0.985729460876562
34.461523393388916 0.9707725281544668
33.328963064975305 0.9308104956489813
31.542105656953098 0.9265719223847618
34.071234755611314 0.9656892751739022
32.32563542377181 0.9679269531049319
31.96248901388865 0.9491981108040513
29.624991901126393 0.8967608887607155
29.941067010008204 0.8855337222091643
33.36631118537552 0.9328245442690032
31.166458443435452 0.8929823892693621
29.695437445102947 0.8995778944178817
29.73780897612949 0.9178108545420304
33.99180050670347 0.9621323521178731
31.107776321377973 0.9384467162013564
31.919224726561872 0.9466617136700686
29.42407713130948 0.9173435612160779
32.71986020844172 0.9461341253124477
33.00498984015457 0.978732252657081
34.70937398275257 0.9776631872812708
30.487200237244142 0.9347522572409876
30.340713736596733 0.9413148765392904
29.583090008147774 0.8960808886657862
33.21757777541628 0.9340681335975998
33.023267630539415 0.9798613218780164
29.821206258498265 0.8727392074034717
30.05127157173815 0.9197918685351819
34.58602176868468 0.9766963307316974
31.188557533552395 0.9681449874871842
31.79906405378039 0.9387577103439031
31.253418715586527 0.9221033623631807
29.590771604200683 0.8992648139581088
33.333556386914665 0.9279136101651132
30.278349732868545 0.9404797110485102
33.83615750699087 0.9607318492545046
32.71853557092607 0.9634626355894064
34.05744478364751 0.9722461846804146
33.05306877450796 0.9305968897984422
35.039215628264316 0.9808056320961512
29.72554233426447 0.876136232681891
30.716071744450314 0.9333912753038449
29.68172755667219 0.9029683146929802
31.526730631722767 0.9589722996138398
29.566733801000026 0.9205628262567883
31.24664062057368 0.9507957983088247
31.00146807150611 0.9346796883837284
32.47316305517768 0.967572016010599
30.881640615819403 0.8957673722584517
30.944529662136734 0.9316888217923747
33.17905151366365 0.9305219680861054
31.904378837825277 0.9469484733993657
30.569134148031782 0.9521138370993092
33.33582907046275 0.9302052971127941
33.23666489110743 0.9262632808760868
33.24658758377395 0.9245415036963904
32.75499289452673 0.9462557940092534
31.867939907410758 0.9473574052080507
32.11198013243118 0.9703877785712599
32.44268615149875 0.9592209612530794
31.558269355097643 0.9503959410245679
31.772116414973418 0.9387409758722414
32.74187290868579 0.9715433708902761
33.791560885687176 0.9722955219910362
32.957337548771484 0.9787662704045886
33.69537987164636 0.9682757363390778
29.398480019152558 0.8889350423121639
31.760126619876022 0.9374736025358016
30.32927131466854 0.9087916326666879
30.75221615247145 0.9232556411922235
29.27393080775035 0.8893012141307429
29.641455574470562 0.891207505970335
31.23516470020283 0.9416707337363958
30.32479540209074 0.945252337966515
32.96238490504904 0.9315859103067998
30.549868854869683 0.9249594728396383
29.720484907391246 0.9000110877827728
32.28272810577523 0.9696809801043444
31.43267468261985 0.9253364691099559
31.437817847604578 0.9245367701201823
32.95770724019762 0.9309358072973736
30.0850491507559 0.9239534336492801
31.882012157591944 0.9482482927520596
33.79209142958799 0.9728895688861038
30.434442118257863 0.9314976542365911
30.464746349048056 0.9341342621404238
29.596172565550496 0.9268991770376882
33.85441461413088 0.9438022553448999
31.610099697136004 0.9473613534270229
31.914029084192407 0.9468867197055233
30.79296713551139 0.9434978144180006
34.28350657901119 0.9737445517644643
29.30320339920993 0.8954853321419285
30.926871462283735 0.9529229142958451
29.575332157282293 0.8734012083081992
32.47033498365314 0.9619687651510618
32.240292425829836 0.9514064552334305
30.77411200902276 0.9361320180443394
29.899383607075976 0.8915825848553882
30.92930985568526 0.8857602632810253
31.80298152384344 0.9390487497450892
31.013259571384655 0.9444490202389082
30.392246658603245 0.9328732951177399
30.824922993258802 0.8818383190083514
31.145592657477522 0.9471367861781613
32.867305351135066 0.9569077820955703
31.09417776862084 0.9297274681292926
32.68743201701926 0.9526141991078648
31.186787644200308 0.946637936221046
32.36447849516321 0.9593391469093889
31.080384801373913 0.9587213396096171
29.574707667137123 0.8684451937870875
31.624702393363457 0.9582870437535468
29.637084876993036 0.8778856422667409
33.79530289255986 0.9796521436809212
30.468442694874753 0.9222619977755437
34.47581272195649 0.9708942988124786
31.88500142845254 0.9424252804271489
30.47304178203853 0.9443314489167804
31.882876672835415 0.9492145608666173
32.78153570891841 0.933063679967319
29.588917304352208 0.8714877582126203
31.177410700041527 0.9442706251039323
32.93987558614139 0.919867548151196
33.993385391234455 0.9643467720115734
30.927784169883047 0.897741863405937
31.196751546281103 0.9387940338371527
31.85727713466868 0.9459957608434343
31.32146400707244 0.9446820394432129
29.371425059099984 0.86644401175606
30.526142909539637 0.9228329795383706
30.647128765689587 0.9293353074753146
30.35382665521402 0.9098306575035083
30.261866428020795 0.9349002510523946
33.5794669016546 0.9570860164922097
33.896841689017826 0.9429462610517938
32.73413728043381 0.9560884716427069
33.0274096948253 0.9294318403488838
29.833540213532295 0.9198523069344481
29.86339087709994 0.9479542575794041
32.481483344622696 0.9690215209415712
30.607315810917633 0.9175065740802303
31.94900288928764 0.9499211625350638
31.56422397382609 0.9261407273174089
31.749088924842148 0.9442658931483673
31.85649885391857 0.943368068200281
32.7137948321305 0.9367811671396862
29.778700918497705 0.8992365237188186
32.67370247512646 0.9522526485802761
32.069618129429756 0.9485586326732173
32.81396574297298 0.9465909649282971
34.11593106137525 0.9661524337364882
33.0464988256083 0.930615436380334
30.382309066769686 0.9030073141503624
31.411361463403114 0.9240726723550916
30.87121290459954 0.932350090277972
33.109420980819124 0.92587894930074
33.03636533964993 0.9657048103553821
31.07985564217966 0.9421677272091521
29.897991860332063 0.9004201623201654
30.055392516122183 0.9242372992324788
31.93724742104404 0.9417263464342026
30.737238357416548 0.9620424561364611
29.65627012825579 0.9119982453802892
32.94612811799008 0.9292404968601796
30.834554664700498 0.9623040608375982
29.70931747403789 0.9014611386675301
33.20910802930747 0.9245925062746579
29.368234533478624 0.8997797435599472
31.86477037724408 0.9428216881681097
33.15950984396073 0.9214196597086404
29.884671741648525 0.9400704979622991
32.046413454646256 0.9504595036527709
30.435653421461048 0.9388172898512318
30.257960668060303 0.9074043614092625
31.911975349906836 0.946928088216575
29.61259363026398 0.9125875096130538
29.375413234284263 0.8981870419491311
31.23605406705007 0.9450175937198879
32.63528359871462 0.9524823509597933
32.780501635944226 0.9447575144187045
34.381844559298656 0.9735625838531566
33.05837879626229 0.9658400160002473
31.505933435906847 0.9589374814820336
29.511374162976093 0.8922461881195716
30.485846267134807 0.9557822321522549
30.714183463920865 0.9205449799573173
30.31313751195027 0.9106835183976757
33.19534218374386 0.9274310843139915
35.628446255616474 0.9821055225482267
33.1213934585672 0.9538761334252808
29.459516869746952 0.8926086132192351
29.640197027209624 0.9004340295754693
34.51578207321514 0.9766834015785623
32.37017032936572 0.9570203609949999
30.937148250600156 0.9665558784828155
33.76654445515096 0.9445439873758936
33.417467670739434 0.9421659706663214
30.263266893964055 0.9314178024463581
30.37610777342778 0.9020854572930663
30.430454730196296 0.9353320388568718
29.558316881339415 0.9079105378925045
30.98394888382126 0.9429338430667692
30.363578863660155 0.9392053575380416
32.72538820337333 0.9555535283315519
33.7873230682458 0.9792099265814963
30.79813411833152 0.9289148127376926
32.75134999369993 0.9381807877606955
29.408128526180466 0.8808198884577024
31.44925277506525 0.9578888259346618
30.412053650644054 0.9439707525513914
32.639542115017086 0.9519371177946009
29.96954231729916 0.897859520558112
30.821940076938258 0.9635585884011514
33.01827402484839 0.9234710106585293
29.626704482777363 0.9120408478213953
31.487759074724902 0.932611491006292
31.95711834899265 0.9474011091204656
30.488678492073312 0.9443277235692192
31.171284134107914 0.9424880633412125
31.497595176315226 0.9245016120818373
32.99265199697426 0.9603178447325879
30.323285056230176 0.9476966780856771
31.540541999961587 0.9587844353282969
29.531524327986503 0.9240042915940805
32.477542457980526 0.9619954355099277
30.740165464187193 0.8766834054478918
32.88187161319138 0.9779449960147304
35.23514825794566 0.9820495331218675
32.313698645014284 0.9573628734097893
31.890452603663807 0.9419140060797799
32.798393446493755 0.9199679796881544
29.98092099139957 0.9144044542508356
32.010161846924625 0.9691473563955462
32.412855283907376 0.9573050831128255
33.16405517083301 0.9256077721640075
31.470065242248538 0.9243357521466878
33.53887065143541 0.939369945766816
32.35556730663758 0.9600847429606927
30.495819086560054 0.9536688861425275
30.595143677799147 0.9573174212264558
29.628074429753912 0.8918416873395103
31.215395287332694 0.9690939050963665
31.161273980325962 0.9601639430051252
33.00828776230088 0.9599291332934352
33.30518615734096 0.9604218052161116
30.668769607311887 0.9151360557966367
29.493988690036815 0.8690773596421396
31.21318174234522 0.9676859441414717
33.05784013060068 0.9635829594935602
29.3088892705485 0.8879595530053247
32.135533006377926 0.970884666887706
29.66494978076151 0.8760876177474757
33.527279806026996 0.9727374260158649
29.741697256648845 0.8996263709269504
33.021885911511305 0.9169709146975304
30.669391883429455 0.9202741436811136
29.5898207769932 0.8981483802579534
33.76635783399507 0.9724808023066874
29.267217735217045 0.8730900633666212
30.45774568566493 0.9308740925890692
33.13726265210651 0.9598391874867783
33.3660213390828 0.9363590342003808
32.688057545922966 0.9688552517774516
31.240673998147635 0.9081510294361178
32.67853065083105 0.9684631065457863
30.985530528991774 0.9357162861473192
31.304492590634602 0.9704251431779083
33.903952171277915 0.9626470247679539
31.1682496667973 0.885502975070851
32.47552345429672 0.9687905601000518
31.851751701881028 0.9608930004721522
34.85789236528015 0.9692947926952663
34.60732607109027 0.9766772617923565
31.46169156968913 0.9533459966838366
33.46919975742687 0.9324220937884292
29.78261409298956 0.9099891182702677
32.89808051801868 0.9226733306101134
31.70934124515227 0.9457860206707502
29.5610564618848 0.8672282784819645
30.42000219752449 0.9048875111124628
29.63940347069 0.8997444295100322
32.75809425119944 0.9457827360128279
33.572504477343095 0.9595652687091157
30.543691611334864 0.9268173770424907
29.884220535911034 0.9019872918522275
32.37817734728806 0.9592689674265625
33.61662000426269 0.9586255880955097
32.73909421930868 0.9636469170583595
29.825592500163655 0.8861361291133385
30.887706786446778 0.8824629782030756
34.47134894092296 0.963288995127725
30.57029245722137 0.9194291546369654
30.471985012419882 0.9390614268149132
33.716413179577685 0.9474229044514668
30.287985360160654 0.9338488870855131
32.32784264804531 0.9588819427484913
33.8008086702049 0.9736344144194281
29.57305586962071 0.8902252989771507
31.960991705327352 0.9471753602510965
31.453411654964793 0.9232499317421694
30.702171358697747 0.9210772879198799
35.17413710056182 0.9816493330673426
32.13993621983463 0.9719354213757949
33.84549445851007 0.9425771986323773
33.17703190683765 0.9526985443153718
30.536125814529676 0.9210735013255235
34.64485025998692 0.9661661968918664
31.111538888136124 0.9438536444437305
29.672318218140052 0.8769840058330319
31.21586480496379 0.966496520792882
31.133036299478754 0.9503823109710976
34.712685790793195 0.9777238217532771
31.130810759933873 0.8925151512205933
33.572968925162705 0.9694487803097533
30.955828005428224 0.967758945438745
31.295839606599323 0.9475465052684825
33.376282130910305 0.9587736081110311
30.76282501267531 0.9652080000803561
31.174626945237396 0.8893123523167189
31.3759796886577 0.932936206591415
31.46051469618447 0.9250261370513478
29.362306083351505 0.8802117367721305
31.64033976898804 0.9495363430968804
31.45570844475138 0.9508243750260049
30.98731701222755 0.8856906844618686
33.90851820089208 0.9648186252993801
30.921641164166314 0.9224952607951249
32.24066655058538 0.9512020241623731
30.649849596741454 0.9172366372875256
32.719038680226234 0.9318916057931881
31.415364335308972 0.9341562002057625
34.5942132935566 0.976416263511248
33.31534410313181 0.9292454252988751
30.854783298869073 0.9489939798211262
30.762321384600632 0.8927378441401412
31.84708835954258 0.9393801337097437
33.167328623101206 0.9607686574420097
31.956299917992265 0.9613849623631138
29.480881157068772 0.8611612336583996
34.84907927027875 0.969494027034177
30.298023902150298 0.937193394934197
29.84763514466287 0.9383307597841989
35.381329993301236 0.9812697413324972
31.16805338347483 0.8878617267065451
33.59415678129476 0.9734976616565546
32.62877833238751 0.9555765855644174
30.37909623923262 0.9042596616220815
30.730654894295697 0.9315929947769327
33.86000550596405 0.9429528390380292
29.42505583515448 0.8888198409921405
32.878149307491185 0.9559830577500454
33.18874307011064 0.922902085780527
31.952967481531708 0.9421503222625105
29.296590078949837 0.8941275446925979
31.939113048384375 0.950400145637534
34.313305607454964 0.9688414088364207
31.177682866142213 0.8898413884449544
33.089866448841654 0.9527714614758674
30.4446823197679 0.9301882124901486
31.307145440485872 0.9474419263184907
29.713146398646572 0.9001211656173136
32.353728432085454 0.9602221073197558
29.71517380342416 0.9026241867771488
32.7584502659023 0.9558195410274534
33.547562385469426 0.9381253487289483
34.46554354262952 0.970381303962397
32.78959591300583 0.9643127997450917
31.90741864219103 0.9495845336719564
32.672135448184 0.9554912312918658
31.862302776496616 0.9455081690722159
33.68864567485371 0.9743315643270126
35.098717855469836 0.9809015499194373
32.70292791853326 0.9530990403927886
32.82530047237721 0.9468116839682124
29.812679879489753 0.8991358706079641
31.16913549486354 0.9665374675222644
33.224651382504874 0.9242653022917368
32.59682582395306 0.9569202453001135
31.850222813784423 0.9488396639690199
30.051274904974633 0.9499966721463301
32.154634623073285 0.9511051201230224
35.43987405305061 0.9850729455621501
34.519370316916415 0.9769165047593138
32.93516769746016 0.928016324920243
31.87123643085439 0.9520531989591398
31.90559246083915 0.9416680320842068
30.30393090338925 0.9465125509699865
33.242101034457235 0.9246673140591094
32.73581095488693 0.9639528643238028
34.57562501491043 0.9716707740641707
31.18855147006765 0.9456435118010305
32.078892648608594 0.9571398729423007
31.397418870881467 0.9574103546823041
33.15718308097444 0.9258314450456344
31.446590459541955 0.9253207399518896
31.38153452623093 0.9324639718272466
30.389258981347595 0.9125807855793318
29.72247886513027 0.9169129612182088
31.031161888872862 0.8813226274083984
33.10743169225252 0.9252348524790731
31.938032074123008 0.9415416938696275
34.221720034477585 0.9733130919226893
34.67627997554757 0.9774466868363747
31.63671572679395 0.9509812962222123
33.050358568834014 0.953867942716863
31.157168241410076 0.894185523346186
30.39615098803725 0.9027447240077353
33.429147929137734 0.9521660263615528
33.06570159226369 0.929981412466299
35.46326272057008 0.98519043834351
29.631166208289407 0.8803028942842223
33.854267919450585 0.9691526673262155
31.902420185513346 0.9416471059311855
31.291442107693147 0.9452934983776929
33.816457843093126 0.9689409539809355
32.85708491731414 0.9181908638846458
32.22430364322576 0.959570552983163
33.05952740303756 0.9538753462024167
33.298040334713505 0.9297935364847836
30.78777022269609 0.8858067917227892
31.101487329634573 0.9383827891882935
35.57720597925089 0.985463762181708
33.29276765370014 0.9468861943275191
32.17077212662457 0.9508112433321384
31.911236993475967 0.9419203867237907
33.807462719467985 0.9688897906823483
33.02679770052139 0.9281771148628337
30.799929362357755 0.8815894690739127
34.44008498918987 0.9742366512308402
30.234901628136797 0.9538439330764886
29.658441663624192 0.9025166847904765
31.915188747214913 0.9480515078313846
33.791766470329954 0.9795162261255166
31.629325857667048 0.9600651883540962
33.6472995670885 0.9679322116003116
34.61689039803372 0.9769096885900926
34.39372300785174 0.9752313325468578
31.241264329473978 0.9521185236456232
30.29175005994777 0.9000864420688411
30.42734276464167 0.931189290262289
32.7389778602346 0.9693062559989192
36.24551493947293 0.9844790783395463
33.13727667172529 0.9355793396713186
29.664010828448028 0.8786321507411547
33.10373541957222 0.9543874146315732
29.531887890478842 0.8900493923564455
30.7228717434654 0.9340973708304062
34.38430756848802 0.962922967604197
32.0582082358112 0.9514041903925264
31.817820652552705 0.9491658357795686
32.18739025262787 0.9513275481789086
32.2802863961173 0.9582223251586882
31.080429581507822 0.9563732458401277
31.4100948383662 0.9335891619280016
30.26891509875651 0.9387783663859911
35.37177361880625 0.984474212694343
30.353921955667317 0.9090041557728429
32.87258735500178 0.9143396226518518
30.470600778645746 0.9269320784234163
29.753120776631086 0.8799036216050626
33.87800559511114 0.9635105111922537
32.76236379174204 0.9449847034110097
30.27490099481068 0.9271968453552968
30.62931407386938 0.9294064108669674
30.968909229311045 0.9275649271731194
30.737014818383983 0.9338963335791273
32.07106173360809 0.9476725445766753
30.169385616916063 0.9248582106597166
32.78919976858775 0.9472691769739344
33.05102000097639 0.9654242576135762
30.672862278400718 0.9187953597983956
35.42278665276909 0.981400873179272
32.10933841420576 0.9477391274269203
31.005237050030672 0.8785274485806622
30.4341387385001 0.935806238029314
31.79726592071173 0.9439052587783489
33.33944358125847 0.9273885732648427
31.891839213237283 0.9486144436124941
31.17153520869392 0.9223445514125233
31.87129319620277 0.9418562347426293
32.136525638932945 0.9517056540108465
29.286708322523317 0.8879588722358664
31.943443760640342 0.9472212712651609
30.98051097893795 0.8909326871731174
32.69090333070388 0.9546103992234902
29.914034811474824 0.8980073660310132
33.990260782016584 0.9650251235950907
32.816231163513315 0.9711186658605602
31.137842954300602 0.897212957790963
33.199819660997385 0.9228610947111164
34.59636816445756 0.9715490511633689
30.688781359214556 0.9647747079104186
31.991299343122304 0.9497999580744089
32.28243354235482 0.9675460062186793
32.73722294935027 0.9692150930160783
32.69084089598126 0.9511955691395368
34.30671109761297 0.9689237761042488
31.91083632139957 0.9542553468995383
30.8607169952716 0.9294426813396334
31.138779404943158 0.958070418188885
30.450958259364093 0.9103092260689902
31.94870913039928 0.9434458441807393
32.54565307584673 0.9695306141902211
33.44192631184928 0.9393348820194253
32.77698629642049 0.9465452659550928
30.323916294668738 0.936719473450746
30.3407821458463 0.9513620629635646
33.016332639259375 0.9224551849186691
32.991261178914364 0.9296313606820462
32.7544495772655 0.9361178192353371
30.51982725938258 0.9364359969173781
30.523382026821878 0.9500580188236377
33.66735928575124 0.9464271102165659
30.297833153597598 0.9296596153212743
34.596535233753045 0.9769826405022317
33.50664390249902 0.9622640033494204
33.78808792387699 0.979152358095764
31.042663325814924 0.9446167266054307
33.6892007676103 0.9785747829380539
33.39162948485559 0.9511868394287922
29.955417176643998 0.9051762160116956
29.66851818710885 0.8778162604472908
35.21742953814906 0.9818077757934067
31.896792531143024 0.9492894851669306
32.92404110411285 0.9255036342668983
31.871445587801603 0.9480234543173023
30.431559410553376 0.9514074931902134
33.531444530283224 0.9382067074784474
32.86471623776513 0.9787080925906256
31.17854901505766 0.9524244110438485
29.887897196121294 0.9476185637825099
32.68622892235817 0.9635328182042613
31.400474114175346 0.9326810008703498
33.60019046176821 0.9550739349906961
32.18293033790963 0.9513491174012899
32.82784133920465 0.926974336311005
32.40176045740438 0.9680199780187944
31.04643135462353 0.8892523510696879
30.296857432922234 0.944419673518803
29.6178573042203 0.8893191571773607
29.648142805372043 0.9002864429494651
31.459796984506212 0.9244181932127586
33.881674704358254 0.9443814474212758
31.536678646219116 0.9246763671269665
33.056331955753556 0.9175311653242896
32.41322696535737 0.9621680371860144
33.10722374111177 0.9348724057301478
33.721664050073436 0.9715401360886848
30.711591231448878 0.9205500579836048
30.983482021535433 0.9354786069810543
33.089486676886125 0.9259557432122185
33.163124706243686 0.924782277934121
31.201167958207492 0.9046569985043968
31.11767685081731 0.9506491256764981
31.962699851553715 0.9420693378349602
29.500620255776624 0.9211591623466467
30.93176159392548 0.9677697591197313
32.28808387625821 0.9594018626805109
31.607606288253756 0.9558057332999927
30.848801893046133 0.9498229667165039
30.29270724965986 0.9444678268888852
32.73268755880092 0.9584445396755185
32.75050056091155 0.9645771772960376
32.957646056696944 0.9278108413473596
30.487421845117503 0.9485316204869358
30.55846375279979 0.9257113027644608
34.36502767812306 0.961059014995563
30.36375007524487 0.9028344880282935
30.280518913654667 0.9069830293632576
33.28558793499506 0.961040750683388
32.68036580518893 0.9548711927620546
31.91666658884069 0.9470324399141308
33.705686614760324 0.9675218937178959
33.470257253701845 0.954554736248629
31.425782880804288 0.9348675481107118
32.5530159970467 0.9673825391367016
33.0520398323568 0.9529233638179672
29.41652614132518 0.8864751686077491
31.579560988619964 0.9541373147806035
32.63897111455593 0.9709656943369243
31.978423126544836 0.9643119688751867
29.846131216664794 0.9364314833500039
31.136647924432378 0.9473035874003084
29.650318789723045 0.883496914500336
32.703566733642866 0.9517372953071805
29.646165877858664 0.913004921733094
31.522660943018433 0.9259573261615572
31.346898499697563 0.9507198955212444
33.6653343284637 0.9552980736366266
32.53125406852101 0.9685788175617691
32.730490410104586 0.968834350656271
29.70406738867689 0.8811232745572543
33.12611420926579 0.92576174123243
31.732676439790378 0.9440022638434284
32.732362900669415 0.9635866747460274
35.01747789644148 0.971990764701122
29.57648399565631 0.9121714221281968
32.213304890820005 0.9514291106255294
29.77408489268712 0.9087723793483857
32.113868415622505 0.9664422228003263
32.08427914899067 0.9642862498952257
31.90902642630039 0.9418665319230803
29.762296163008664 0.934588701943189
30.358388650582683 0.9013172866729637
31.354524026700222 0.9329726336995495
31.42805472784582 0.9246273118888628
31.525691398843563 0.9540394445104832
30.509371259034243 0.9554415186073961
32.69910722098648 0.9339007615826354
30.647550636534287 0.9307251966042024
33.32374337007995 0.931650047064587
29.818951605056398 0.8716618874233532
29.619579145552912 0.9085414367666744
31.496837833235496 0.9251553925786802
30.842168289060737 0.9323968224144351
32.072922748875826 0.9502837163283051
32.131116675256244 0.9721172186368578
32.71287806567087 0.9688683384808725
31.070982476264515 0.9539993619530461
32.27325785540533 0.9575029515269085
30.882684334773902 0.9499796396061665
30.159489134935626 0.9403392804405535
31.91358038656754 0.9487791474177776
33.10939536765587 0.9550673852839998
33.08267655117327 0.9523431268864898
32.73116788992124 0.9370723531369445
30.602121816750802 0.928631953254914
29.743264805001548 0.9165486384404993
31.118581971014994 0.9477487732740415
31.468309579322735 0.9247203099070608
33.72014941054145 0.9717692102563694
33.047692582475825 0.9286074201120783
29.889482241049304 0.902685169627254
33.08997470558749 0.9658710014363346
31.766720637903273 0.9438935102317749
30.144451353613356 0.9506463276512485
30.431923980357137 0.9288471170920881
29.626902984439802 0.9153374257797733
32.047541101999634 0.9508846187915583
31.28688749781983 0.9534345542315887
30.87769321986402 0.966086540165299
29.974145004062763 0.8852919389652569
33.077009369534444 0.9338036554324831
32.64012892040021 0.9316100341945602
29.23610002973217 0.8937707946676605
33.15833948996222 0.932066142783627
33.444091412009314 0.9525096359599498
29.526980787364252 0.8778212438274084
32.163460544067675 0.9673189832323905
34.5875024670646 0.968380340909997
33.07396861887442 0.9541900464958748
31.171036237360347 0.893640607968779
31.434169420233395 0.9246018263723413
31.444609953869612 0.9241722901800524
31.25618746610321 0.9314482214613828
31.031417801691585 0.9446378573173312
31.84450417873073 0.9449053096019392
30.83061790842514 0.9620015112805663
29.58927031960876 0.9039479674203176
31.420193427390846 0.9522262174794148
30.929198334645296 0.9415075880495851
30.85219852173448 0.9456158855424736
31.533040647381874 0.9248386076366046
33.53004033337561 0.9378915627384808
29.70153913591534 0.9026703055021573
31.099261205809306 0.9525294592397464
33.30642262775962 0.9295636049859007
31.00460626114172 0.9008220820099391
33.722354814164454 0.9583452121667884
29.90869490951034 0.8880268822967521
32.30257481045186 0.9573270515318087
34.43552359876448 0.9705574441654738
33.36044604104063 0.9404142358987482
31.905328186315902 0.9485900981773039
30.689841259518307 0.9209463293610898
32.91057200896175 0.9299413313156738
29.36259715579128 0.8677583363882382
30.764753945744864 0.9651604484770782
30.28562411113395 0.9356306703968297
29.81013933192525 0.9306344702577222
32.695702471583076 0.9779446381618355
31.945877130798564 0.9470230477833469
33.00002201441802 0.9532872386030882
32.692010982107725 0.9526719208160632
31.942018599095235 0.9483118827398259
33.24650132268546 0.9251041140633913
29.591195127042024 0.8999750777187955
33.75954825174668 0.9719813176345458
31.740429670405156 0.9364319220883331
29.583373116769913 0.8860703621467674
35.18011719665505 0.9813549424012113
30.847699548143424 0.962262421930697
32.91756960715853 0.9645754040243028
32.14522590368481 0.9543262793512945
33.25767107006597 0.9326074761604131
29.505957229728708 0.8781918875424328
35.1883162193693 0.9813573700379605
30.260148598714757 0.9312291391616309
33.08087803340608 0.9796093887679329
29.817231220327074 0.8983951927826274
31.184113538179346 0.9497163583355348
30.818033027272996 0.9385073910240949
31.07398486661538 0.9232477931149731
31.038804555871128 0.9235126691823875
31.33534727059921 0.93064259775556
33.62260913736952 0.9685037245622714
33.272531446789536 0.9516072020840529
29.81604552249337 0.9409602503839266
31.87110262975452 0.9415656092617137
33.14784177972746 0.9217068491738576
33.259083845250366 0.9343764679559794
31.009273333055482 0.8843120041971384
29.907499887717215 0.8777148681894271
29.737250808948176 0.9036615335651726
31.070533420667175 0.9372557804661917
33.04262569472998 0.9171307893614549
30.884435999976013 0.9485278416482255
31.915212639938222 0.9436660682607819
32.69239713481732 0.9688503263822773
30.79722687984389 0.8788862079113495
33.80522581301227 0.9725373064959139
29.684738305383476 0.8854939592911099
30.86601432065268 0.8783554507416639
30.46624607439149 0.9053836430720948
29.338756426230503 0.8806571218118069
30.731492972712104 0.8819465979692822
31.19599860827472 0.9501709395652133
32.72180538521035 0.9325202148335064
29.666067477910598 0.9412116412352255
31.141946452121886 0.9407021679665636
31.24236747048159 0.9448123845428081
29.630819251600755 0.9105957565082804
30.865018553020388 0.9321954485889324
30.509743160797296 0.9216377558180321
33.02695025011 0.9174667921269999
34.17611869231364 0.9749488755209889
30.20610829368083 0.9414975302709119
30.19297038171718 0.9185975832172097
30.4583811553918 0.9426058428404737
33.172063582630166 0.9597997076325625
29.932997881533243 0.8996980624197856
34.032200104621644 0.9653011446782572
32.69969149922185 0.9690652111360207
31.903068546628703 0.9413862278634616
33.54527653763168 0.9380792613698529
31.134515208185473 0.9506000780639061
33.7406027763106 0.9447061463605597
30.424687794631172 0.9417421046711407
29.71950607964779 0.9003001715715969
31.43738364146186 0.9247053012472182
33.30593034811918 0.9286657831880296
30.97769351920132 0.9000080610606402
31.304517797392464 0.9275520864945184
33.12062390956631 0.9261603442368874
30.780142214411885 0.8945735198504039
33.858386321492034 0.9431687164396786
31.447806474881048 0.9239500927113632
31.839124088688155 0.9509217880258751
34.75296031421135 0.9779522327413844
32.25779931059695 0.9727210870159224
32.062309492162214 0.9697439868319296
33.08869548015436 0.9538170596261705
33.26429341292299 0.9271301214391354
33.2258799022993 0.9522174918586334
32.88242087326596 0.9569154023713471
30.972611308181605 0.9640662317039936
34.47913154053227 0.9819703966238181
33.17166743791019 0.9709760115798451
34.035409546939476 0.9401802990828568
36.49949947896088 0.9865468632662464
30.963937631480075 0.9669314446165612
31.207771281457806 0.9435862144414255
32.84415593805229 0.9707118499137376
31.090626964750363 0.9427321078435887
33.17498267391509 0.970918467195091
31.53111843565644 0.9480875419421091
30.83397931759455 0.9638134495109197
29.976521895342934 0.9370445359892913
32.716802446294466 0.968657209564861
34.487806920249525 0.9822503092547686
31.137000863458816 0.9683162793107422
31.260280791593935 0.9671278932848292
36.57097552210336 0.9868347320930406
36.51844246979173 0.9868257599629404
36.629387690065904 0.9843048401516147
30.029095164719738 0.9396640346755932
31.310986533658554 0.9685443673515388
31.293045469130423 0.9439699089934169
34.52746562147398 0.9501291054962151
33.163050095712386 0.9710851049455226
36.530381846545396 0.9865773404383675
31.54821002568614 0.9488943897722555
34.013279708955196 0.9423027037112369
34.512128517577985 0.9823566827983076
34.223722139736964 0.9763280873762457
31.180835763740184 0.9653648576575596
31.250016778049932 0.967667205646891
31.210738597122827 0.9672476038892193
33.14158736273344 0.971108999868524
34.364415722561745 0.9766411066690457
29.931899925043183 0.9375508058380184
34.26805757598328 0.9772119471472421
34.424292488381425 0.9828467519495642
29.956374991667673 0.940650720610065
31.47836496093881 0.9624300452483758
30.771147253118446 0.9093158534804557
32.22766944759104 0.9509244346949473
32.2443598645572 0.9519321574825628
30.047601453248483 0.9394548744364468
31.25350546877883 0.963232048535519
30.884245672695663 0.9634471103854504
36.503743678529325 0.9866676540654314
34.02008532799448 0.9430077917924526
30.634289865137866 0.9075494044305831
36.53617641689106 0.9843201415920849
34.5184422100671 0.949566751701861
34.92205191064079 0.9851000051443208
36.834841716134136 0.9840189180811428
30.901503214689562 0.9633437492844759
36.388207022271835 0.986383614539252
30.956280956185907 0.962131164082716
34.455157079755566 0.9825454291156404
36.5290218065953 0.986664933296087
30.66860515071072 0.9072397502669093
30.89193242597375 0.9626931420218724
34.66881380311537 0.9831722857399794
32.14770553577986 0.9507920809211504
30.800091475027294 0.9104171917300149
32.190027166591534 0.9511553466989974
34.505031378105 0.9500845351547317
33.25925966049106 0.9719948924913057
36.873205161435195 0.9841179655631028
31.46222815522504 0.9459848183197405
30.684062050094703 0.907847540200372
34.527451295596705 0.9501090836982704
31.3519503157789 0.9688673548072819
34.30817594233198 0.9780986418095958
31.53589318843448 0.9610430064676453
32.881207306016094 0.970312003037686
36.680492906504576 0.9839673833513691
29.981239787578488 0.9431515617853965
34.324194133816434 0.978525096015385
34.26458481643869 0.9822931801430187
31.265290100209803 0.9652537087546773
30.874837434160725 0.9627360537901475
34.02636936133557 0.9419460912484233
32.164237271869176 0.9507820474570546
34.39747955225187 0.977233241476625
34.44291355322221 0.9819326884790086
34.197246344699835 0.982185217515255
30.836297404245194 0.910526289061514
30.970953344528006 0.9661758999745943
32.84632889138389 0.9702641426549379
31.421675953524165 0.9663861741981326
30.852477240134913 0.9642741001095924
30.899671710771663 0.962742204125362
33.19647579084651 0.9710880160402521
29.957364767362293 0.9388629570273687
31.002962599462943 0.9625319855764489
32.16540533584897 0.9509358408449508
34.077614070085666 0.9428041351326277
32.13674258305821 0.9512951177612046
32.88857836168216 0.9711618241872952
34.04131203630104 0.9418559172450326
30.820228287593984 0.9647333780814978
34.56472722864465 0.9494296064595333
32.79972300440393 0.9701638821696887
33.20918435491181 0.9715084179929193
34.06912739929298 0.9425588675976676
30.705374319045752 0.9079625147217872
29.824759697131608 0.9353558898990653
32.77280590676626 0.9685456446335745
34.23713237467587 0.9775976658761035
31.178053557885246 0.9676638683490495
33.21358177842425 0.9710468014113216
34.56988871006048 0.9500216173631458
30.834824002303197 0.9636620851236949
34.6103419046281 0.984187085159139
34.05666843741338 0.9410185533882902
31.261574933543187 0.9667388487659533
34.63616613701101 0.9496114310995858
34.46037879193852 0.982974409852779
36.43708427833461 0.9865650251705064
31.17824395654178 0.968951610912501
32.24718192800785 0.9512028145238781
34.069347673602444 0.9420279965352003
32.72703093950406 0.9694318571878348
31.307396481686652 0.9680780169037038
36.737720625608546 0.9844728602835667
31.457578207562168 0.9643975365785269
31.381664628470443 0.9457724276921138
36.94098599343016 0.9846929140542362
36.50625584291617 0.9867148278172564
31.112473655604536 0.9622605733800962
34.425528004714735 0.981945318862548
34.327022538331356 0.9811229867653648
34.199029292444735 0.9822578718114189
33.22554297085149 0.9714527033312892
30.66305391210793 0.9075138597299676
29.77827290063344 0.9356509296219285
32.80593313522996 0.9695421410148324
31.139519632097414 0.9425084196799703
30.871611484337606 0.9632623721737908
34.47128560990093 0.9825933666340695
32.17505069889489 0.9508694623101838
34.39404373107094 0.9502080719395324
31.057741087644906 0.9648157077397602
34.4365610222802 0.982297657649431
34.461858979508484 0.9497742852208979
34.28250389817316 0.9778755202656455
34.33421808803511 0.9777901868004251
34.39341015943425 0.9813693600266766
31.119934605091398 0.956658588266064
34.734316456270726 0.9833672308389935
31.54916681479913 0.9482785112561792
36.73650022089645 0.9843531639714422
36.69873922286672 0.9835028539081799
30.752441258787595 0.9088276838857873
