30.868148417782564 0.9300683108624637
30.163485839514795 0.9349051362853249
30.289773162178506 0.9488219578348784
29.6334638820497 0.9473265229907701
29.60973604341205 0.9474155506932767
30.7642878022435 0.907901793271882
30.471933845441193 0.9554375380378713
29.853918731293867 0.9524732017859696
29.521340196552636 0.9023311644353925
31.141603393732712 0.9070330531283338
31.3013467498158 0.9179628800210043
29.12742978718886 0.9042686151325436
30.418189243915336 0.9019846729930685
28.63625954638302 0.7972527109691923
29.133122731238494 0.9009025782889704
30.834662717107836 0.835910073269986
30.430637328661817 0.9406801694296747
30.371401547539616 0.9552305694380815
29.86152261762696 0.8710922853920094
29.76064254702555 0.9251854341203433
30.126495325369945 0.9301770582845814
28.51438661879104 0.7772878127064841
29.596423108194912 0.9451254115262082
30.949531548154134 0.8416754626421359
29.54063596774382 0.8999231516479761
31.13102816218087 0.9066752019639879
29.30672668787434 0.8301280897862781
29.567407835949318 0.8507559528563973
31.162832286118594 0.9081713330457292
28.964079228573993 0.8190691694086246
30.38897867670987 0.9594436257272894
29.610433650424635 0.9472242883439322
30.727796509529995 0.9505146055667573
30.64240075368283 0.8479232587652114
29.777144312744785 0.8661316146762185
30.996950826193125 0.8477947906473107
29.25103113521148 0.8887304433806495
31.325841959796573 0.9157395065525543
30.3634064649515 0.9046003296727014
29.641288151490652 0.9308310760113333
31.184271895870307 0.9282643936267194
32.50012061853465 0.919396458484503
29.325268174052447 0.916691775144164
29.72829893297459 0.8377337708205412
30.124090306720063 0.9384556226307135
29.585262177003685 0.9294499905872594
30.17576286987691 0.9426711919554868
29.13874876424486 0.85149822997205
30.718563003515182 0.9504829954707459
30.72484658492771 0.9499799312719766
29.404591161248913 0.8507445960422116
31.3246762987003 0.9172552691383626
33.301561520083126 0.9599639686002428
32.479858204168735 0.9220205283749014
29.134482584833847 0.8480111456373568
30.317337514623897 0.9614778572134058
29.28874518122166 0.916935440971717
31.06755981012899 0.919387271639985
31.776457241287545 0.9464413146250128
30.233056093743805 0.9397933834074597
29.42915270354877 0.8215564764040595
29.102963411672874 0.9005460514307456
31.134516348853097 0.9038887975061725
29.222266295754537 0.8560637815485949
30.620154639791387 0.9334047821525915
29.483002984585504 0.9443723344771184
29.218134126737564 0.8362396834774929
29.103434830417033 0.8272933898869042
28.99812800326634 0.8499747072416748
32.57341531679086 0.9215931638010284
29.756915438174502 0.9240916149373749
31.109084769166493 0.956257578152532
29.481353537495867 0.889514334773155
30.36083299822568 0.9001746435113064
31.32492805739092 0.9495142019563132
29.873366604180003 0.8720611088937021
31.30750835696699 0.916482536363359
31.757933031425832 0.9480375312073099
31.176853748723087 0.9495048183546135
28.74020329530415 0.8119743185517935
29.781106408006536 0.9591710750383962
30.114302702306453 0.9376455884600999
30.555848728483777 0.8239459210781181
29.243515623313492 0.9163927123034005
31.074217160455287 0.949983171229779
31.211768405700138 0.9134151483545957
29.38615858716538 0.9347266130931347
30.74234749914244 0.9563717003915778
30.366164710151903 0.902349293023432
29.978573596746667 0.9397315973970233
29.797043220076866 0.9238023620560903
30.27934636289534 0.9561996703145107
28.64810578806662 0.765372256127854
28.850061362641863 0.8660126679435777
31.307672465709203 0.9164980012162285
31.321930842003788 0.9151787295673559
29.866399738296604 0.9302081278694537
30.107853802151602 0.9181598150086101
29.386755589900204 0.827244788497469
29.49765345032018 0.8345103362824497
30.113818431958347 0.9462844758813569
31.174955352160353 0.9286403479235107
30.367625990483425 0.9405906876812221
29.583856379338478 0.9495532772956858
29.48484146639691 0.9437560194187545
28.679186869902015 0.7991177844818217
32.99001987824843 0.9531440122549644
29.82394181555742 0.9264743825203491
30.111292669723646 0.9333982254199313
29.765282581518253 0.9255775947574939
29.415442247264348 0.8195161675885182
31.200464342651365 0.9129253451821765
30.743078909787855 0.9570242505608035
32.47078337920585 0.921641266879902
29.80127693258448 0.9273735845928448
30.45079600010574 0.9537925982366567
31.075095827257755 0.9056744803918517
30.39199884879875 0.9510870838233246
31.90327890189635 0.9492964545701952
31.18264071329644 0.9128691639344082
29.446191507837327 0.9386160417883536
29.44535453234372 0.8563887336887319
29.241459660083095 0.8331980415962312
29.149956833985694 0.8319544235954307
30.87627342210837 0.8301765801750773
29.792107459678316 0.865501993815527
29.193324668531556 0.8212151555639186
29.260094213076826 0.9164200427395959
32.56768697203658 0.9231580194861058
29.49656809148663 0.8568204448029385
29.4337734852205 0.8428644014242389
30.345003750760455 0.903673090080931
29.296650032455464 0.8980671406570989
30.373240061694474 0.9404750377332071
29.756066841558674 0.9325841631715097
30.83895718180043 0.9097529543379261
31.078367358048347 0.9157072523456239
30.827787852101707 0.9376770044652268
29.082602339237987 0.832889576079077
33.08485157350673 0.9544400714029637
31.809671629877307 0.9468677415340769
31.51307007750998 0.9542478737809831
29.602579349322248 0.941146085769579
29.234733581671726 0.8353921766790293
31.14140916785835 0.9268549819997163
30.425631624941833 0.9270173916775223
29.625334564890533 0.9453015726449158
30.173936804973714 0.9399366469813066
30.959713696035553 0.8305781005507681
33.22655338198438 0.9579586377952181
30.858300210074724 0.9227856563965062
29.624990893924135 0.9455623654975072
29.802702658300607 0.9448969649873205
30.167397896672078 0.9375219448328778
28.601248286168122 0.790915463828286
30.207907853025144 0.9168003762268719
30.400007540905488 0.9378595007784066
30.114213644815088 0.9438974259499108
29.556411544550777 0.9468949051693553
29.274964152379464 0.8926360120256002
31.0586556588656 0.9156761189749594
29.259380299482274 0.8324679351337385
29.23567568501017 0.8317573141492788
31.446371992867952 0.9160838349607425
29.447084137265442 0.8305916591194292
28.822695545435387 0.8612630207204068
30.303787705355685 0.9467335378948915
29.07381648519111 0.9002943159596541
32.97974588676965 0.9496979005961892
30.224285757500983 0.9408409056067196
31.05603826799606 0.9086287675667423
29.393620055284728 0.9311848000449597
29.563236502216093 0.8491610335578705
33.38667642817878 0.9593032509895819
29.76046090591449 0.9262281108218164
28.719024008667674 0.804343461009606
30.306711246891858 0.9565374529487524
29.569110781804525 0.8487651821978592
31.26075871017946 0.9109926542489939
29.56884749236305 0.9413009714115927
29.647639781883143 0.9073982848429671
30.97129691621479 0.8448557378281236
30.978894017812195 0.9440419942021646
29.263952673319025 0.9008286891104911
31.895317018826596 0.9496268633932557
28.66890807576943 0.7829117968761368
31.15438224419445 0.9283661753057894
30.413372245813267 0.9664226021556035
31.041049576182132 0.915195155813237
30.40327757008501 0.8996433384251592
30.625100667978472 0.9351485998861042
30.53983097043953 0.9095991937204255
30.619374495891186 0.9335457088254508
29.390206695281794 0.9166488002613364
31.43706871628134 0.9150377511236895
29.67747437745431 0.9163718461595804
29.121450269627616 0.9027043747103062
30.78551051702231 0.823342062322357
29.405851616871296 0.8192128793380645
31.061229203878007 0.8752966355349338
30.203408856130434 0.940435033726362
30.09568885867 0.943721340634435
30.29468783403574 0.9424179424874825
31.05570192873817 0.913790331567577
30.515754060905117 0.9095327470637704
30.356244836042926 0.9018288198593114
30.391884442835572 0.9411900074926028
31.31075458832772 0.9121743230699776
29.800190170468312 0.8690406662776022
30.78088422438757 0.9368972062482966
29.14354522976339 0.8286076028242935
29.753099407061327 0.8474348697846207
30.406748058926333 0.9412630434862468
29.386957723762954 0.8261631660098514
30.640953241933314 0.8592881703976424
29.07892950301372 0.8990407338360974
31.159880874965125 0.9094635608353794
30.71960687131005 0.950217065926633
30.977499885978517 0.8436067961729953
29.272507829559267 0.8382494825005492
29.615565458224275 0.941925343478576
28.70589064496272 0.8027351261516344
30.413534562122052 0.939941820727938
29.59367973332954 0.947748826622322
31.154750379358678 0.9589487519859317
31.908244951159432 0.9161642521264567
31.104865475658524 0.9036294717518232
29.796671229769295 0.9289925609270068
30.989495299965885 0.8365689411129759
29.505319511355236 0.9436027374007792
31.058899464957634 0.9149916556889552
29.367068658987595 0.8027636432031334
29.442437397170202 0.8295430626734432
30.43247392497941 0.9652403660942933
30.18700021151544 0.9370473025646345
31.780278921013423 0.9491301093223595
30.980629330233267 0.8689224676527466
28.74478951301508 0.8117498420509813
31.32165990490623 0.9332140406960081
30.33353367263835 0.9634919541464545
30.706439569118658 0.9492700452143038
31.79650795095479 0.9484802001519783
29.61699643841241 0.8512391384985544
29.515045380479158 0.9094185450374644
30.572510281811223 0.84505480755195
30.305953373229 0.9171474693275432
30.417145010803566 0.9402792796974977
29.49926741820591 0.9496654881655596
30.602373586099162 0.911650414798029
29.133358188038237 0.8250748692459617
29.73731654491157 0.8452081766832567
29.910502902813995 0.9549914971044225
31.052646383688312 0.9038949341700494
28.833844245094696 0.7971960265094362
31.00950884100913 0.8569441220215009
31.48338609934246 0.9155431725525877
30.69789367065337 0.851493737811164
29.290201837644105 0.8956944237898677
29.300502799677805 0.8338627028852869
30.332535199861166 0.9466843435441917
29.621790178074065 0.8468894904671032
29.051695831389374 0.8271197204588292
29.776956347580583 0.924534839940034
29.01408731496437 0.8196134321535187
29.23616652152973 0.9139475749686092
29.62201160494287 0.9016998550931018
29.787120844313755 0.8524446104172654
29.279534739756198 0.8921741418455866
31.26598372281461 0.9322490556043085
29.162823903235548 0.8297113819470286
30.556924607606884 0.9315252208361681
29.096695139552565 0.9080645617789279
31.087695708396076 0.9165489238382795
31.05101409492618 0.9170275971726256
29.228778349215897 0.8442723734820797
30.832803047173307 0.9234286142339357
30.142891222798557 0.9377788790089334
29.35099895111488 0.8478998808842504
31.347336630338525 0.9516315356571111
29.7247884771378 0.8437054074007452
29.888058991886133 0.928675653320147
29.114203138318327 0.8121511584829453
29.36730423874532 0.9019198138927421
30.37829927365398 0.9499717178983
30.329882573215148 0.90034305836405
30.27054945376215 0.9487455010103774
30.41637607998521 0.9394001386073386
29.899679091518287 0.9365604124850467
30.99266790324633 0.8557119806128987
29.13533534155055 0.8306923253694808
29.098769698623137 0.901119222270762
28.75214954476226 0.8659370172250377
29.417680019756002 0.9353887820909921
29.23771472361534 0.8318742864471648
29.39248228874043 0.8289843327914945
30.852015480550605 0.9226450853433378
30.216288510081878 0.9457084889580443
31.425725855897003 0.9148516162099569
29.748481690265486 0.9333141350248696
29.92189813408448 0.9334301244630406
30.78689699726297 0.9077165503823161
29.13254826302183 0.819832304644815
28.581006620970662 0.778169847956236
29.594931071877234 0.9451553101563843
31.988381820234956 0.9540726518479831
31.043019877589085 0.9473566459280193
28.796232384654022 0.7772057261029516
29.084772988585183 0.8373556509443335
29.971970147594497 0.9321955882613051
30.38988258594832 0.927513334564304
28.970013502940507 0.8330286136300377
29.520542693145963 0.9419670939528763
29.329754649121206 0.856375519613845
28.711280278611287 0.7826349496578751
29.531999291802574 0.9436203843286263
31.422896287423285 0.9138132385308567
29.906073086604657 0.9353089042283801
31.295728623404194 0.9178603056057327
29.32508336695789 0.8936393599802891
30.87202620713822 0.8281381805857104
30.642373255119765 0.932040274635156
29.159162059775575 0.9111400473315249
29.07237704964686 0.8366321813692856
31.18808576198734 0.915133078791174
30.89104366791552 0.8656017043095039
29.41724600720906 0.9391429599246357
29.74493045348286 0.921428877377463
29.664392564609283 0.9050993123796279
30.061448297757494 0.9445338685935704
30.18531494420046 0.937817279639998
30.482765544241012 0.9257677600714307
30.820021390385527 0.8509068359225214
29.22334838908111 0.9144622954571139
29.464179212216113 0.8334998320033703
29.409609684786552 0.9097669138361276
29.919774502324096 0.9350962179083502
31.88847240358118 0.9134475999070422
30.13820466847268 0.9436102754775387
29.655952403957862 0.9315910018677916
31.04841108891053 0.9036417213607486
29.304880478452 0.9142274439927022
29.609469075268606 0.935905707423049
30.601291938984076 0.8222261611934699
30.38263187132236 0.9468795596559371
31.226297344849034 0.9104875355998517
31.314926150037692 0.9055185636819336
29.278783770394536 0.8991533579342222
30.365818280788204 0.9020088399633883
29.369026010446554 0.922224264263033
29.320152693344255 0.9198703812149817
30.136256318377846 0.9178147183914338
29.25705029478591 0.8669346115459853
30.78154065273917 0.9190857535406317
31.321004068924765 0.9330232378800315
30.74315760826223 0.9580393671503143
30.819671013875723 0.9205236983360419
28.77852698440841 0.8132134018848169
30.102254608569257 0.9463204663032518
29.32282683551862 0.8382259994351481
30.48747958295025 0.9273721138527614
31.442913227337993 0.9137450106443329
30.494804505593955 0.8134778454355682
30.26453057037073 0.9167479541978837
29.366860615290797 0.8510577524629027
29.16026329322278 0.8377837868792296
30.358940572143275 0.9393687830452708
30.443602997249783 0.9405301669513358
29.177249105293797 0.8530096808314558
30.11963843521754 0.9349701816579054
28.7063932597529 0.7837165405713736
29.133863680819026 0.8991471958525223
30.698579716042786 0.9347117798082741
31.121233075396447 0.9596623464767845
29.460003610029325 0.8294671582180105
31.449946667368227 0.9164735881553563
29.6458001112999 0.9100217809136434
30.40257060158749 0.9063934249448514
29.100595659394088 0.8987592262186422
29.283241634660815 0.8369738730135925
29.521607702749932 0.9462464188727447
30.20002645386713 0.9386399190570972
31.652688230658157 0.9463905388330878
31.36684297825575 0.9238920671853689
30.209802191986004 0.9367223501024398
30.076632956732013 0.9317061845766429
28.658527774853674 0.7800734535130097
30.236635007676963 0.9380760159240672
30.980176309939708 0.9484453647160714
29.127781346760568 0.9024131270728526
29.364859463054152 0.8394602007564625
31.130410745440166 0.9077249937331724
29.13312327084987 0.8320779922208266
31.156258770177743 0.9286740838683631
31.308818432123786 0.9484744284197153
29.85907112160148 0.9270991434505866
30.41138170751367 0.9378302322794058
30.891078449019325 0.8363873759838835
29.607594939207384 0.9545392234960969
30.868737966299822 0.832553852587168
29.597641207532046 0.9437362171827256
31.799785576230924 0.9456968064907507
28.94957772728369 0.8173676000493466
29.146829962872953 0.8310089360019853
30.197450758487726 0.9379183964386992
30.164332605522 0.9409461910074957
29.144784446235604 0.8135749003229146
30.100440755830867 0.9181223070212793
29.169500026895744 0.8169009048131779
32.53236540858061 0.9246041623175034
29.30799669316172 0.9127414793564449
28.700492061256387 0.7793976038946353
30.87768246818427 0.8611547027832802
30.14306166813618 0.9337872076816245
30.06010250657907 0.944300442676777
30.892154913598695 0.8385939806281268
29.101507320659973 0.9048753261084073
31.17556128637526 0.9085558980772149
29.6289120899862 0.9086867058810829
31.227915290947802 0.9149284517288284
29.321334590368163 0.9094516281055782
30.368755683240263 0.9503105180962538
29.13698050680995 0.8262364852311388
29.13250995585273 0.8952577509831586
31.161712430472008 0.9596071566359264
30.82533673371026 0.9198395643494878
30.702714530947603 0.8628538615066917
29.2476332421195 0.8911701909243568
30.203922324473965 0.9165738805354412
30.09819208193572 0.9175028004470411
31.11980216474754 0.9599429149780824
30.448575168210823 0.9412660269020997
31.220981071089987 0.916173619846921
30.33645239753244 0.9352566147484279
31.93664161626475 0.9496412562857239
31.192413602761725 0.9283055812974486
31.106039325457573 0.9061972147693725
28.782093285386253 0.8575645016873026
31.043584780301245 0.9178305251234598
30.27086849813809 0.9165447024512086
31.01379759598368 0.9169957468123836
29.811086869436203 0.9254227783504656
28.699115345624616 0.7876119084820525
29.429693249046565 0.8204618667341467
30.162894136332344 0.9363829099036521
29.180995709044065 0.8349066206569792
30.051765363051402 0.9356755678822171
29.819308866719716 0.9248418451607686
30.385472194518556 0.9625616271502687
29.127952376320785 0.8283771220714257
29.763102308201233 0.9178266131932717
30.99147876767463 0.8442816463326731
30.250335308432366 0.9384059670409701
30.851124701185 0.9106901949445924
30.207415335822027 0.9173232987861087
28.692948193610054 0.7740430631780362
29.180406145464026 0.8349018800210087
29.97244496561261 0.9369765581177972
29.278216862456098 0.9093797674798199
31.324934910198365 0.9157201421415411
29.23664267675173 0.9094926046518141
30.44483607876678 0.9403802856649578
31.3705499742808 0.9178806651049479
30.37576150786527 0.9395305520435693
29.759937223498625 0.8408194263658331
30.099957803921136 0.9185785798160785
29.34664219921701 0.9182564267516167
29.48570891188436 0.9103217390552968
31.934145535603857 0.9510136425191484
29.135981273599313 0.835586326919676
29.547748615638216 0.9500948642144772
31.852597765472552 0.9091038096368796
30.286341851329354 0.9396753660084597
31.924451561893243 0.917427857657352
29.386940561088366 0.8252127514613442
30.750745675322783 0.958137333707515
29.295568755253 0.912944923250828
29.81908157243737 0.9210270974137462
31.243741088512703 0.942809303072191
29.174439728540587 0.9103087023432641
31.124232866094054 0.9588959101345437
31.195879446033416 0.9120544059409487
29.463837384140437 0.9076003035797261
29.555246779501797 0.91283535083168
30.374330043064038 0.9003839473984472
33.26474280630096 0.955846007462613
31.27107907142399 0.9497236886663014
28.67754576444741 0.7784842409159523
29.17516905452564 0.8331930090704003
30.509107045392383 0.9298428898415203
31.2013144867344 0.9136502195536149
30.657153090543012 0.9569229362611719
28.713432388686645 0.8282926289045238
29.16962064853424 0.832650619084711
31.107906128088644 0.910157547902173
31.128723625365893 0.9588636415506413
30.582446521522677 0.8303633737681503
30.83717928873906 0.9091842926522862
30.4463579051828 0.8241713083593537
28.56709707108534 0.7875228306780229
31.349559409143577 0.9147881219757618
29.190591999374007 0.843012526908622
29.628649383960813 0.95383311461489
30.44002833465372 0.9401420883168493
29.29472558321828 0.901699733270233
30.421224723758463 0.939996877546326
29.2940464595899 0.8936555499158121
30.430299782141606 0.927689290652347
29.52261316198562 0.942841398003761
30.395275599352374 0.9287552333939701
31.321647102802245 0.9153382255557247
31.18415565095432 0.9100937081298681
29.70198897850767 0.9149701728908672
31.240291786799382 0.9064296936187336
29.792585206512268 0.9298199135868184
30.241009324251394 0.9164086456736055
30.0910551810785 0.9386377582747448
31.3414601369035 0.91596469003458
29.375905285035188 0.9375998094734902
31.319820956739278 0.9515496903571413
29.543225638203072 0.9471257199014472
29.387609955660253 0.9354007682738569
31.176919692178284 0.9099209672551813
30.706045011157816 0.9362267708136067
31.124366864131634 0.9269898145019371
29.11511891470081 0.8275371551762297
30.2681904215301 0.9412395759471097
29.14674551821681 0.8425186145065201
31.20160263531276 0.9508582985461744
28.65637448953562 0.7678604043279492
29.034904724874533 0.8268640279219129
29.81187920060667 0.9518052831374078
29.87035206143502 0.9133472845361192
31.397894851660446 0.9234693576012812
28.714653730736657 0.8639916096395
29.88418910294515 0.9260519924276669
31.824838876083653 0.9461321854041217
30.182320578085328 0.9177382244146117
31.158222411539214 0.9273297046472234
31.006720969158714 0.938436277612192
31.06028297340628 0.9155538512981696
30.831339340089734 0.9224465845772186
29.699332424745464 0.9426749807488366
31.859038631927397 0.9065583737899646
29.096146335747044 0.902457586768265
31.32142381636006 0.9166805311973962
30.75285154636681 0.8259499925028674
29.764549253536067 0.9253143412881667
30.2736595578872 0.9431900031115653
29.062742074448057 0.8278344915346767
29.78038898472061 0.8682524351122289
31.089851274765373 0.9398867626892883
29.61643066440366 0.9135525256905095
29.461165025927563 0.8312302630419262
28.996170320970766 0.8279080088687597
29.832721944716795 0.9242367379041205
29.56075455896762 0.8950252064010032
31.07340643582741 0.9177709503036977
29.746221175056142 0.8448186374122991
30.42757951367917 0.9021340352935376
30.001035178328323 0.9408364252953914
29.490831873898713 0.8946472788058163
28.628446315241458 0.8136722840823452
31.15631437057972 0.9274387086507062
31.208023894319197 0.9087559280579617
30.520957634776288 0.8209334627076297
30.40409311227359 0.9404201188599729
29.500606553052165 0.9138789461252743
30.392132726830376 0.9387492363012255
29.559108257269813 0.9428861609286556
30.36712267146128 0.9371314628556334
31.899243084129914 0.9097960424165645
30.35742760629299 0.9015869640578483
29.38268535801859 0.9396045301130977
29.638689676684717 0.9467299211639243
30.675032812611693 0.95339584194724
28.709090896736274 0.8532547745969593
30.873391179802127 0.9340782899224278
30.604399624436596 0.937023509184033
32.447408374632985 0.9229672371726015
29.546658777894244 0.8999587882049401
29.279637619836308 0.912084041991256
30.413377801181905 0.9410860222502468
28.49852390447728 0.7758212691173112
29.922563384247034 0.9332266066108774
30.204312472116193 0.9403619810993786
28.954574777163756 0.8118869239089184
28.93307732728312 0.8145107657473614
29.78503575465605 0.8534124518236367
30.383898139536882 0.9616243221748213
31.079352451600656 0.949423072510688
30.425854715654914 0.9404187622752489
31.247108553350344 0.9324383351430153
31.25940493974904 0.9324096711488788
29.491946471817755 0.9421771553648622
29.847442195542165 0.953898351295776
30.404211455734252 0.9400047639705598
29.338120352112796 0.8210501524840784
31.490684475093133 0.9153026295162242
29.258483397749533 0.8029540200340219
30.661988251488303 0.8403073591122119
29.841657916224413 0.9605102983112238
30.606980665495914 0.8183516020785829
29.18207284214935 0.8270370786126164
29.51469893624246 0.9409788203257703
32.434766773392354 0.9216585075081729
31.167573776777616 0.9497478959538849
28.838190140284304 0.8013794063912457
29.1819433246811 0.8309802503868188
29.26691276608576 0.9043712816542651
29.968664226350405 0.9356793210783363
30.143611405602734 0.9401400022259506
29.459258008192954 0.9354043945227142
31.28028938292815 0.9152212848845419
30.652932000315293 0.9101173060972166
30.766351521454748 0.9580027992297663
30.364570886161868 0.9020683948948768
31.585666698237993 0.9486404768882918
30.919444258791454 0.8728303077729122
30.41708505782993 0.9289566241516026
31.89878911071627 0.9164999161196846
29.66387688318956 0.9523861406985354
29.17131877629447 0.8944726429254647
28.770423033065914 0.8109467943584177
30.37154555712199 0.9009172753737532
31.181241026506427 0.9478778464571653
29.051332372494993 0.8205814677229548
31.027160026911513 0.9162357019371307
30.08058788118527 0.9311107881888129
29.075940674727097 0.8147539397815333
28.652891062858558 0.7817473918068256
29.43624290980742 0.937756107979932
30.99545891762956 0.8905524151405066
29.07532029474965 0.8181562922788643
30.645539279757948 0.8388958877446492
29.126051308737257 0.8363922573377081
29.39823146188226 0.8499310125107556
29.58250549411819 0.8471966310959141
28.93437337728736 0.822366522092936
30.52809574287911 0.9090806873059032
29.123848268269615 0.9046818032850225
31.77872536883281 0.9469465506682886
29.007537706103086 0.8455722996570807
29.374995976326524 0.9370687281094442
29.458220390023122 0.9368967147960858
31.07696738375666 0.9566256684973954
33.50342238496263 0.9641641443141893
29.872793940207735 0.9152096567994386
30.317537627351626 0.9500244923505436
29.111455535431297 0.7995071867899342
29.707794568852115 0.9014492661698927
29.808883275174132 0.9269860636538387
29.394530788828472 0.8253163443082688
28.711041166683223 0.7818216214523076
29.05410859966444 0.8286115657250223
31.177264399810568 0.8992796836544376
30.065434446062483 0.9442464622439959
31.0664462836267 0.9010077683976035
29.50905641593781 0.9064854544119456
29.938940482805858 0.9365952439258195
31.211664194685813 0.9506437782282852
30.36509540754129 0.9041076288019476
29.559159446740118 0.9003006416666225
33.00178121382953 0.9527922764298121
30.597381792619565 0.8214867019990622
31.023101534800787 0.948723965846965
30.818085522360285 0.8401367372685284
29.25803446097688 0.8438173689928546
30.92961968160338 0.8275949167720573
31.069743611371102 0.8760825340575771
29.177558745627877 0.8404335239546448
29.088341107124887 0.9017848637431611
30.424258936704092 0.9396029440524926
30.81321810913858 0.9080012556881232
30.650426567698922 0.8160194914887566
30.44279313420129 0.9287705463480945
29.74776031098001 0.9260446923885632
30.85330735506501 0.9097581045693072
31.017191737733548 0.9178134189684755
29.409654733109484 0.8295201967718452
30.13268963073735 0.9425477076464913
31.053978353814458 0.9440098586985715
29.416560893378588 0.8431453154007469
30.614264979906597 0.9318339064143298
33.01162421720438 0.9555144927936591
29.230012149482715 0.8899420936190335
29.738444960689176 0.8442055978933648
28.781683355934437 0.8109059612364253
30.831081653171818 0.9078916333211241
28.81282498680536 0.8637303822136358
29.802783662804245 0.9300705928022288
29.61355307330432 0.9343591550331759
29.82745718260042 0.9564288028381386
28.706064426047035 0.810813854238722
28.66766979655133 0.7710820074427313
29.479905378690596 0.9423049586836707
29.445709019131666 0.901080325762394
31.278043701489292 0.9324545175890682
30.46760372960085 0.929948375795039
30.02434114817449 0.927165859834163
30.35762051350838 0.9660125007805137
30.655517537719376 0.9537784376501338
31.33654836294092 0.9326702531558089
30.790744771296083 0.9078180381154559
29.101543748235336 0.8263933118325906
31.154815701542514 0.9043902049002801
31.166182958267413 0.9485998755262837
31.32181948778815 0.932212498614069
31.409633317091018 0.9155875445590892
30.493236826330264 0.8318066410950747
31.85511169797752 0.9499489415863659
29.84756792954564 0.9261335804196492
29.358936562577206 0.9383701435082195
30.79730682954757 0.9078681304146066
30.30079787643729 0.9513129469693856
33.158373119035126 0.9565826257969633
29.2072747702028 0.8684583501197891
29.695554145404873 0.927938417568108
30.235719541264476 0.9373955345753193
30.29820430953842 0.9441600007044578
30.594414347925543 0.8281945125768645
31.167430393567734 0.9434911195342828
28.692512951232295 0.8243079254581994
31.09509298130224 0.9416776735987045
30.85128553025376 0.9350059507167872
28.74425118673163 0.8051676306998142
29.54076063337315 0.8503048391255482
29.587491949998494 0.850335768774325
31.21937762829882 0.9131688487544042
33.182173617267395 0.9573797563753282
30.66556126656102 0.9574394712008742
30.428826960483924 0.927635078182934
31.86835318667611 0.9489073800505057
30.366805796815015 0.9488337578091312
31.359205719647925 0.9239231614309013
30.591333424823052 0.9109706593706255
30.12139280089478 0.9419499717565342
30.30100264195464 0.9473719267409177
29.37069051957028 0.937920490583498
28.93560604875946 0.8260381204516266
29.28008339966088 0.8281093352633576
31.938180306103202 0.91720334176751
30.97952438493391 0.8514245207059427
29.097519813329242 0.8331358397236684
29.090562362301476 0.8298556344863043
29.746758743667495 0.9599159212027536
29.80152008065692 0.8528587237887143
30.10284305393901 0.9177791329004924
28.737196779115624 0.789611120776164
30.358502654560855 0.9369123232520138
31.124947000995892 0.9414445168860308
31.902738738249184 0.9534919661329864
29.326615642291756 0.8969755361907521
29.41997063443511 0.8507504736241339
28.73256411234696 0.7972635009220943
31.337813737395393 0.917865662687494
31.05258006174963 0.9438214305654203
29.370468624147183 0.8348200092993088
29.496655708157697 0.8932491063930854
31.854474158897222 0.951172893226967
29.915114261899785 0.9180999886222212
30.837634945968908 0.909710811829963
31.032561100233895 0.8671926612244425
28.974244185099913 0.8177165938983788
31.917519247835727 0.9145486144246694
29.096343590359723 0.9011074662266882
29.85123977999809 0.9579871265455414
31.194861494141257 0.9292986261655285
30.313180233008957 0.9570985593436596
31.081448383887054 0.9136859666877302
30.634792078867857 0.954926162291413
29.360820874744114 0.8525020963162466
29.462919181959414 0.913095227012827
29.022004859736136 0.8139081251020492
30.07575886914871 0.9319448998657213
28.854169821794805 0.7891882191555132
29.75263345210125 0.8664889172906762
29.784362401363715 0.8476018547802742
30.938879226527526 0.947222728716929
30.66883416207231 0.8239449204980122
29.84875293400249 0.851588087716142
31.249031440523755 0.9188108993941358
30.138522072123006 0.9176304821792491
29.561900551681003 0.9209992737507978
31.367220244754854 0.9239347549201565
31.474309793259117 0.9170459054751301
31.47284556939713 0.9155885870484226
30.356637229248193 0.9389507464914987
30.156043093642996 0.9429654432954631
30.086576987317688 0.9430813473153866
29.708289208054385 0.9465119709917326
30.09941738395701 0.9326397885800741
30.8314124738374 0.9074506620148753
30.337375819464725 0.9579509047965533
31.158217823897015 0.9596446417623652
31.248869239966023 0.9446625245813897
30.19296946337501 0.9373655177097708
28.58740996296948 0.8044333950056076
30.84284151279208 0.9089653918240617
29.385465015378056 0.8280970075693217
29.773339446545812 0.8429965037654061
28.52864232817689 0.7792164662361568
29.018358894154712 0.8051531930460893
29.842237077644764 0.855597216421475
29.104990929048178 0.8990236155538488
31.140207731141878 0.9077195187587656
29.304628426198075 0.895907305407905
28.977428450189603 0.8342379169732244
30.71725567202357 0.9360445353491039
30.33037543344988 0.9006417543066301
30.35532096872886 0.8994646304354852
31.139728048928653 0.9052834879345771
29.53548848649874 0.8961844078853936
30.843393767474833 0.9184393479407684
31.148143019249915 0.9586480511472316
29.292904994607945 0.8996826650998268
29.33266220568354 0.8938211853556967
28.882218296683682 0.8157250189751719
32.44499726299294 0.9227339888113577
30.10150460807994 0.9306781068842443
30.120292006007734 0.9178083907362758
29.51176626587185 0.9000374981450179
30.396841993735432 0.9612683169315788
28.669194019436233 0.7706236617135428
29.652206390005425 0.9134350661865562
29.1747840365025 0.8314588539061822
30.95730088411887 0.9393463630734046
30.45764807950563 0.9288141742572661
29.554500700988456 0.9088772207058387
29.161404454785607 0.82896259869621
30.746339315124853 0.833658317585182
30.80457018342399 0.9083034666263808
29.82416409200674 0.8703391721375965
29.218936506292714 0.8893186993996081
30.6365276540491 0.8224427108198751
29.843765926562558 0.8710828384988926
31.742069615698554 0.9488859192033267
30.732019290665864 0.8489918457717214
30.414481528184933 0.9404188785434423
29.869938998839125 0.8734208259239674
29.609543142228887 0.9469807447761595
29.78884670262476 0.9315549996270865
29.126271297128326 0.8208629374918285
30.097345086764044 0.9338000695567829
29.321100364020932 0.857366441292569
31.02574864860056 0.9513594546916186
29.196431731130154 0.8872734323840948
30.30954360333403 0.949447090765136
29.450002461499874 0.9368828120751542
29.33657062971872 0.9033460668832575
30.802967208171474 0.9199440967141801
31.113752584539107 0.9089821660546991
29.172756353944838 0.8285256381888481
29.737372979409766 0.9222142828290063
31.089510331152486 0.9086265056742027
30.108379737135067 0.9402025739009975
30.70565048903944 0.8245064809875053
29.874798061144748 0.8548952621810014
29.375556640304662 0.9339218717049366
29.80566177197327 0.9281965749596051
28.709203790089592 0.7720601477697371
29.232071163994785 0.9009801552023241
29.406947871054555 0.9002791244018534
29.427355541346802 0.8306713115140587
29.081051752307026 0.9031215743645605
29.718986900459075 0.9533773996604724
32.38025568099162 0.9226843850849892
31.81214516361811 0.9480509242610744
31.10714208149779 0.9137072059967976
29.180107757143134 0.8286593788871902
28.76642358523754 0.8655077740501885
30.38861217026131 0.9581195564913952
29.602676746555147 0.8511802720863393
29.399857092932375 0.9377688830298532
30.575824851321947 0.9108639108480939
30.813787533818346 0.9224822326788743
29.382868060237783 0.9363358072805531
31.101041617405794 0.8984458890589878
28.969472507220928 0.8126650618988407
30.417465579859318 0.9408469584631513
29.48983140161183 0.9423775246394159
30.368615352053673 0.9409511077431789
30.10656917657527 0.9419446457088455
31.032404279237728 0.9141900806898965
29.39122589766417 0.8261794845449281
30.37878711615936 0.8997251400094685
29.72657778694776 0.843034810796431
31.177080955500983 0.9140676825472287
31.297183764265114 0.9502995475499344
29.737862936093013 0.9185196271707203
29.04597087324887 0.8147601660227861
29.465246214966246 0.890971797775233
30.224546611958573 0.9158811332194586
29.254196974008323 0.9082109669230259
28.971492707150826 0.8173685753269223
31.070135828841718 0.909738728510092
29.57872780053478 0.9274307228308329
29.171056575405924 0.8343748059245164
31.448208312854934 0.9156581516703395
28.642153888948243 0.7910724017095832
29.470376962377173 0.936523806023581
31.379962438610633 0.916741843397827
28.82160935321931 0.8715693206118099
29.52484740910204 0.9424022547535685
29.315993164172127 0.9097771204515673
29.37151645773223 0.8260756816496644
30.094435655754587 0.9179741640843172
28.94585610573571 0.8208997107704805
28.63553191710946 0.8011390923714754
29.83889382871354 0.9250633566154461
30.366837578824594 0.9394871680746668
30.375361876055106 0.9373919811350099
31.899862060670365 0.9483620688129166
31.334451969465942 0.9511667623174769
30.10112898205555 0.9403841527112067
28.663007519408094 0.7901162808334203
29.238501931835955 0.9114478289484987
29.60000813104182 0.847127967875971
29.427746098569145 0.8299778431897057
31.256788709353565 0.9165565677166131
33.20151436381147 0.9579969630463396
30.735481583105738 0.9496908151409987
28.651632226223196 0.8041635147808013
28.987325040743656 0.8264893338290592
30.33328539638696 0.9657915777635693
29.68946964310945 0.9445286169765412
29.630404755384077 0.9320346790653453
32.61798377813173 0.9179679324461041
31.28902487758875 0.9161187170047417
29.12486428205885 0.9020944387785357
29.405193575863443 0.8270010229364347
29.420032123467756 0.9145973964701556
28.942468176430115 0.8176844769986891
29.646998936596663 0.8680411624980723
29.462106916337337 0.849236896682485
31.848168776463893 0.9468472491883565
31.042533221024193 0.9509086286510667
29.736803706766032 0.8429673043038449
31.11763537776384 0.9104509583734746
28.647852113379834 0.8169321425509803
30.046692343866624 0.9334070124793964
29.25250089342986 0.9097628369248656
30.432484356891393 0.9400493494679149
29.15671247765378 0.830706442754964
29.675117849740108 0.9382742145154506
31.144011659128637 0.9100518578430319
29.017281673461547 0.8256611318788362
30.379378063626273 0.9042848088684564
30.168798817207897 0.9173001913304513
29.298873379029203 0.9194555668519194
29.757276770156306 0.9222356201196803
30.578467741685763 0.9108009964435516
29.55134951730328 0.946136031918718
29.110964276019832 0.9008763707708324
30.020199244715915 0.9333546428552435
28.816507032723866 0.776094665199076
31.01861172141525 0.9477026899927758
30.535915372242087 0.812500743400718
31.014266341844476 0.9398567964067138
30.637370396654298 0.9586539751583465
30.295679522900507 0.9495521038496894
30.22448856586136 0.9171895069589409
31.09952993243978 0.8988634846170122
29.48786745144354 0.8856601927790172
30.039106317984213 0.939804887769553
30.972346749672536 0.93446374238361
31.232233443550427 0.9135313603431217
30.618225811804827 0.9107696920380033
31.36004906874962 0.9177814835823346
29.61766203097629 0.9471029270710773
29.23777995033536 0.9092211185567142
29.227311265439578 0.9106681725481536
28.717630781893067 0.7936486335803133
29.88845516013944 0.9205779133585981
29.8791482328463 0.9273246985224506
29.588105298379116 0.9458221944978151
29.58614472514317 0.9482773535994984
29.664258607576954 0.8534289187736045
29.009931304652817 0.8363660525837732
29.83280625816483 0.909516795899781
31.214165368562412 0.946195345048831
28.658088712693278 0.7658570293920044
30.094221998631866 0.9451336517203277
29.29692590395563 0.8497135823925812
31.619030005877995 0.9452412923959098
29.119413262346086 0.8232194632519435
31.334854205013542 0.9154950555744882
29.569483272153086 0.8473467453062536
29.00394122464819 0.8377803762815007
31.143551845580234 0.9592598857028587
28.52832824588919 0.7843264035472474
29.314053938145243 0.8913464138140881
29.526201347811174 0.9441992994803842
31.23914477029675 0.906828722604564
30.430348521074574 0.9404752412791324
31.00134915096924 0.8416379269184101
30.377695536608066 0.9397973999562713
29.77415514966223 0.8481253344838859
29.95817554257537 0.9195571061525046
30.127141335930368 0.9390590592279816
30.958273131801487 0.8338041177135187
30.320166882802795 0.9586852160921988
30.21932279610255 0.9366285924128739
33.51518941549388 0.9631449219984682
31.870609020444153 0.9509149873706054
29.888869559554074 0.9335122858015742
31.999739310274997 0.9139440922571962
28.98084828832073 0.8136312889978231
31.253945416204495 0.907682934937527
30.15886950216258 0.9334034538872794
29.245981074017514 0.8342543099990939
29.450834721161414 0.8298519756052698
29.03759550874622 0.8196922697684327
30.437937124801955 0.9397052152847692
29.80070152938176 0.9544188745745655
29.211289844618015 0.8898044411140122
29.292294445204682 0.8361036536016336
29.595328191199442 0.9473659081977016
29.874983694444598 0.9552214420077831
31.194811181116595 0.9289636108497349
29.443228412209088 0.8481726585592583
30.72824135257036 0.8327808607517984
33.438801387904455 0.9612164936392374
29.283384077383143 0.8884028387223972
29.580320946083937 0.85341008072624
32.50080606098729 0.9221022836950967
29.12959798170244 0.89340167592311
29.71121836363985 0.9436185438081308
31.851229344119353 0.9497757061704427
29.030291687046898 0.8079090794131432
30.14872579975012 0.9165466757659297
30.599641231192045 0.9085940029259717
29.56650603224198 0.8468607813601353
30.645659037974077 0.9568339487796235
30.08673627522561 0.9422745513323592
32.3924281108319 0.9206622813724644
29.5977432984117 0.946276161989583
29.251195998422965 0.8972906565174632
33.211610920807495 0.9563666054332078
29.717300511027208 0.9176290562972874
29.273024766276265 0.8452910831538181
29.882540794761677 0.9117269963260092
29.747000723047993 0.9241951199076004
32.01329652902913 0.9537333918942924
30.850496669952953 0.8495671302824317
31.024472850277146 0.9536270651921601
29.56581683619747 0.9324882814341156
29.805554464676018 0.9287761854120654
29.603871543434003 0.9539163118390172
29.04264524841496 0.9076631548913038
30.85584518721562 0.8472139837636892
31.039976587365032 0.8573784935379181
30.56078323902112 0.9106356691312919
28.711251551840853 0.7842088953261152
30.079551953794823 0.9354396174157518
29.879322731929363 0.9311649262555892
30.835510995281897 0.839073168453455
30.135953808669807 0.9367420818625166
30.646050950712095 0.8583911474732825
30.460280797838493 0.9275780885271008
29.584576983391607 0.8425694974152892
31.177824572070417 0.909120420431385
30.397398102185782 0.9032220638051986
31.887070590534723 0.952162583506363
31.340045100735754 0.922941168230541
29.605200817981956 0.9140044102081091
30.5428437078049 0.82128330147043
30.89714486590095 0.9100109452253334
29.55112235589313 0.9473007417325523
30.56653671267822 0.928789034015725
29.059318880148133 0.8116932995118437
33.365052305999235 0.9606503514627923
29.099319191007286 0.905150101518103
28.824576051955702 0.8610961474961343
33.007930421292656 0.9560560251669447
30.972977540896316 0.8345779047305174
31.714671372912463 0.9486269630846096
31.700945988685728 0.9457542580025068
29.40298270625821 0.8280555144302657
29.503005384179804 0.9044972137616952
32.42809732086477 0.9218377046028854
28.686733468003563 0.794066269215775
31.896625652812727 0.9493459592433895
31.801425483195636 0.9146883509377364
30.278006959986765 0.9155420295153677
28.664569506235704 0.7720176638880167
29.42809356810484 0.9374941774467587
30.327223277995405 0.9458438717759491
30.97259070335764 0.8404880359013657
30.69871642224578 0.9471464797944529
29.31761062956559 0.8958734401407304
29.862404839765844 0.9267655758310434
28.74897010335397 0.8121990497931116
29.63912618456507 0.9446286411423473
29.16548333563389 0.8378516128351688
31.793425951334115 0.9485484296729082
31.359855636604944 0.9165862383248519
30.33063918403976 0.9507754046865078
31.155079005745247 0.9268872626356685
29.419004025970548 0.9363288542602348
31.784526898134704 0.9469572619460676
30.264176983968675 0.9339861275607063
31.799052754980895 0.949971288875828
30.642158364938577 0.9570850281923599
30.41349857182182 0.9410707322304939
30.359075820321202 0.9386222845567699
29.069874518690497 0.8081376536208802
29.79299893334793 0.909210552270034
31.403756629254023 0.9150455386771732
31.60708514026121 0.9439538895795753
30.817131165326344 0.9196789115166134
29.182462509284335 0.8524733596160476
30.40169921766346 0.9290031017663304
31.790795548557416 0.9467414751716494
30.37785197311182 0.9630611539851534
31.138447442768097 0.8984221703753656
29.386479863970322 0.9331255309215403
30.24186832422455 0.9163160182675821
29.121723485631836 0.9032310529665175
31.442026391939475 0.9154244472214942
31.122445483043677 0.927413736981185
30.28063557704998 0.9518149716501939
29.803947692275816 0.9234783894329769
30.64591742120372 0.9307123006314133
29.95570215127664 0.9363267745661392
31.221656014533977 0.9141471118423156
30.399708964795963 0.9015260709745527
30.348516008552686 0.9017608657073986
29.436899306832366 0.8316112911622767
28.71293597980149 0.8285901212146898
30.87248687772291 0.8287316169824379
31.232883009997746 0.91260924421526
30.278509421822793 0.9158448183881923
30.239181844767064 0.9582983295797698
31.872887321465114 0.952343887250702
30.24057942373772 0.9409573316547646
30.725472277065133 0.947318615963883
30.878446710116073 0.855211930598614
29.41913466212621 0.8283465854127742
29.604255246984014 0.9504819275005651
31.106155198011333 0.9147757084029235
31.858926095727043 0.9464433689847994
29.263927648247407 0.8456888152149405
30.231499946483524 0.9412189305123574
30.23481052660013 0.9170811787931403
29.818249174458433 0.9253588829512106
30.22089907843227 0.9392233071127702
31.082347111326474 0.9022951241863026
30.761739562714045 0.9393229604774768
30.741528684247935 0.9481223212354487
31.36091691618589 0.9228940140356916
30.537846506836175 0.8374400400938965
29.505540566001667 0.8893349666948513
31.858861068653184 0.9486588659947517
29.54768845769468 0.9530412692965248
30.397547308260258 0.929448214367446
30.267754785651384 0.9178948226726807
30.240903934334938 0.9399735481062409
31.056120606470962 0.9119132385530255
30.62981012713574 0.829623635695924
31.926335995542242 0.9510656605316037
29.2137887377103 0.8568092544041519
29.05216330648802 0.8300604528602693
29.38045963728503 0.93694836302793
31.082366271177428 0.9505476080710821
29.709721700366487 0.8934719177005757
30.21744323308583 0.9378737558933451
31.829342174018272 0.9517302463363689
30.292855486121685 0.9662305471390111
29.79257013218958 0.9262714214672584
29.403237469407408 0.8264054767944453
29.27183662806426 0.9000541341797443
30.428313348064854 0.9615857283936008
33.506193878547165 0.9640527496127306
31.31224537237257 0.9193745863017166
29.32056790765833 0.8557157431239362
30.742886339071802 0.9485344742061756
28.77783413016443 0.8215223711384807
29.533210891787537 0.9095277036775701
33.10195597354046 0.9535129267613185
30.34131187894402 0.9420508769623394
30.132332126855154 0.9321586420279084
30.36804690174435 0.9286572810312471
31.034960917021344 0.918144228349706
29.797914116363295 0.9185178996662838
30.33393516560743 0.9033408164966227
29.14377223671035 0.8976931274456948
31.808136501651695 0.9472299319007194
29.434129726852618 0.831261249048911
31.144061101271554 0.9024706730797654
29.711029737172737 0.8989206331494769
29.356012125599328 0.8559277429079781
30.148346521885575 0.9371054703827673
30.356086792173432 0.9368290935320139
29.15882206399244 0.8968426131089283
29.33422164908646 0.9010302627624623
30.583339618466074 0.8469971803178085
29.489147627526524 0.9162356284967731
29.573970581632032 0.9420640653012128
29.539413999394935 0.8973852963794294
30.362956398084776 0.9411147052784236
31.330073088926596 0.9509647982924292
29.64301809571002 0.852998049446325
33.068046161841636 0.9573726842440881
29.509296490755403 0.9425818346464223
30.831716723446352 0.8277181821548689
29.233340321054833 0.8895617860254151
30.858819642518547 0.9232439776293944
31.92134444305899 0.910301414368667
30.854919396467444 0.9200255496945002
30.955892318821306 0.8669970952377014
29.42683203032832 0.9349836578871692
29.461922596267897 0.9433369359898052
28.654264960490565 0.7670163936352942
30.13327995013522 0.9167154263889441
30.736287550391154 0.8453244224940997
31.676592093656332 0.9462305217822936
29.221098936233602 0.8400447131198497
30.0904537556802 0.9387270992066921
30.286923636302024 0.9588573349642835
30.947685691191467 0.8300466341914366
31.805673569947682 0.8980677820370367
30.39250217469177 0.9509268953642691
29.131831813037465 0.9083274482441137
29.59954990320758 0.9377878941914068
30.222420457281128 0.9523419552943402
30.416176194772014 0.9402975933542445
30.40927070070708 0.9377106802576334
30.294377610496817 0.9448047309990796
30.162258287790678 0.9343384035671992
29.793090435951175 0.845287005225425
29.840813347211345 0.9254921797258359
29.54333594691736 0.8464281674885986
29.365723005128764 0.9383742243123935
30.332932806847964 0.9552613515962473
31.173209985750184 0.910827018857815
30.396669232003187 0.9414726493470468
29.108116424421453 0.9013942589041539
29.253300217396582 0.8588270886077353
31.180420740074858 0.9068421128527224
31.07616514915879 0.905687610090271
31.16151816404936 0.9122341294293428
29.362543111550792 0.9015325458707325
29.31239824429482 0.9110078252083549
32.385503035483275 0.9128695477476041
29.130390998701014 0.8975656150685332
31.983335474889543 0.953444450839663
29.575423369034507 0.9544411160790034
31.019024061719577 0.9501765057913855
29.771369716489673 0.8687530468669006
31.006632916523333 0.9492920800578272
29.46963715776603 0.9460016926579858
29.37113225439648 0.8396921995193163
29.29842398479797 0.8358465698142451
30.67299510044895 0.9582180280736816
30.85458811722343 0.9194505595373123
31.148330108549523 0.9043633970177676
29.41652978931772 0.935786699222656
29.207320878370883 0.9062112026735241
31.319683468756104 0.9154775828024243
30.899888921676528 0.9393100082311082
29.727271319526103 0.9238946672429612
28.80712838297803 0.8658357775041663
31.16929244495899 0.9284000873689984
30.3646735880017 0.9019469499004714
29.52939541704779 0.9541786064080982
30.40261445245456 0.9278627708013916
31.069461551362156 0.9061204819993094
30.213290249768242 0.9520334326715093
30.790160709887747 0.8436249905977299
29.0891654423576 0.9039750666677051
28.724260533244447 0.8094493969140529
28.94040877795595 0.8129065398477225
30.57207183723811 0.9110853179088338
31.400558397947812 0.9179190677850726
30.629635207311182 0.9117177915952841
31.35624538335165 0.9154999947426214
30.781000938876517 0.9421358912037856
31.053535251376626 0.9174575969969088
31.107527488793217 0.9569547736759901
29.648161842026653 0.8476473563758248
29.750415353903445 0.8496164188863043
31.246192927214366 0.9124634424319442
31.84436918386052 0.9125596806933983
30.985597212631664 0.8379307405437914
29.696966467648622 0.9208697321742408
30.305873728763896 0.916688599109461
28.80195887076567 0.7761188529888055
29.60196034677353 0.9331795634143519
29.727849863625973 0.946285647372604
29.891729265446486 0.9357402095941871
29.58687549334298 0.9164265679165051
29.07623855960894 0.901822131334007
31.745497103285814 0.9476005673425133
31.118933160716324 0.9274153599801978
31.089669227866924 0.9067182942087483
29.27299448765389 0.9058596880444564
29.300167071827012 0.8946760403174392
33.129221496056644 0.9509232507272857
29.453124693597236 0.8290126114345253
29.431858801579317 0.8277992819514461
29.56312330378949 0.9469179198261084
31.811812189175775 0.9464004923781442
30.10970048394476 0.9180685806083115
30.19581450045869 0.9395785423749745
29.624387621746333 0.9505652392223074
30.3517815350339 0.9031418762890624
30.380397193570282 0.9528396976039776
30.758077680398692 0.9494414250164489
28.662523619288216 0.8030053696387199
29.88329752784665 0.9341118536089674
30.364106369803444 0.9551205010172106
30.541803404288224 0.9289351211146052
28.814212324342833 0.8621424353149165
29.839696540990076 0.8682638737643621
29.270419719538623 0.832737770944831
30.428810962200874 0.9390959182163288
28.92284912484637 0.8159137782102289
30.506767604093774 0.9098785630414863
29.8751883270118 0.9271217602780001
29.83960278128409 0.9592390141278615
30.306251463849975 0.9565375915777066
30.374452844672135 0.9391607280202191
29.329867759677136 0.835825380039082
31.233427063842853 0.9131897327617223
30.827897064919437 0.9238058343448503
31.222375584851555 0.9284258005882706
33.46218169868194 0.9634529544221502
28.952186296758097 0.827192117312571
30.468366129515744 0.9288508177272606
29.017594828125276 0.8152778570073533
30.656267930433764 0.9329715095958508
30.646178368193024 0.932645094293571
30.202659821373 0.916084473155764
28.79074666069009 0.8618649974757978
29.457496026682982 0.8273114710137263
31.01617818392841 0.8624010478688634
30.339737596995512 0.8995131393663064
29.981111872720337 0.9337146853462097
29.218683889332752 0.9135034457426816
31.124377106189932 0.9021316348394814
29.429747557657283 0.8977897856079239
31.37722343452886 0.9241661779940216
29.372566444850325 0.8372442710781066
28.69441985692909 0.8192670929403147
30.66050530551545 0.91002371383423
29.742292419628885 0.846432568441932
30.3505264996771 0.9508004915318119
30.1069124114967 0.940646553839858
30.39864388951741 0.9390227257720304
29.850908740687586 0.9228506419520481
31.030583007895636 0.9172447254586109
29.55630110150578 0.9068951404593384
29.287278576490905 0.8393719479387015
29.46581496308709 0.9363992220575903
30.752752823089814 0.9497086018832689
30.69408911796639 0.9453769737225343
31.15417226355958 0.9084415271464386
29.32655564981497 0.899931497315174
29.191877714971287 0.833143530565304
29.800504361717056 0.8664398121443361
30.367082523168186 0.8999146357761053
31.123323438777106 0.9579354975252132
31.048202256061476 0.9119426786829651
29.119352299569414 0.8160932058009371
31.264149978349536 0.951293827488872
30.85311544704318 0.9216622457364305
29.178823884815586 0.8493610473251774
29.663467552570463 0.8999216488490329
28.983831799780077 0.8261043734503464
30.261740004712006 0.9379876778828068
29.861738955012036 0.9284233481325543
29.573595118310564 0.9295964858144782
29.623890161493037 0.8530540334895348
31.04462933178722 0.9146327097990686
31.14575933755704 0.9060609948296972
28.50739906932027 0.7790908291819638
31.35298027686013 0.9162104687841472
29.781227521417218 0.946977410310758
28.756605567451995 0.8080618297232326
30.592092691185524 0.9337430965510288
33.19714931099914 0.9565877081677145
30.679151165099757 0.9486554184453978
30.871755626218782 0.8540996796339922
30.373791241182786 0.8996619347854474
30.376081910315563 0.9017557220717414
30.90268526631501 0.8540698176636108
29.756252659033873 0.8682574766674318
29.400928112168607 0.9362804723885103
29.63692247028604 0.9345981744740087
28.76799312332272 0.8246053602944599
29.865773270338728 0.929774161607575
29.76511926229965 0.8681898561887721
29.622198618792275 0.9099690750413414
30.582614277130475 0.9101766100722238
31.320064100905427 0.9166209476308548
29.033706308659596 0.8315112444383012
29.73745256776897 0.9231670333548504
31.341455949725876 0.9225360237380846
30.79902016500441 0.825777675151314
29.751216807994673 0.9488134186869116
29.074669124235694 0.8046118515521261
30.885490892755534 0.9362170926521217
30.300986636945698 0.9492715593879559
31.31785338860319 0.9040071017135238
29.433611374109102 0.9339825771757376
29.603253358867118 0.846792916817599
31.083423856985295 0.9088055567665505
28.678371504286662 0.775292517353054
29.21844229339454 0.9147996068668306
29.149902483052415 0.8952684735745443
28.787527385406086 0.8620598913376109
30.961490958923072 0.9368652568195927
30.155493373687534 0.9181886437552794
30.677054798585353 0.9452619215484332
30.405494158651752 0.9410268804122585
29.373892737078855 0.9365438811702594
31.88400703541182 0.9144505849507792
28.748808591096797 0.8303817310775325
31.108664639626674 0.9586053473580233
30.793604829041374 0.9076310132377279
28.789670921647485 0.8133921265303877
30.648352176574242 0.9579957307197232
29.69347386984561 0.9375248884147465
31.15713183597134 0.9469697593142842
30.25052723920888 0.947372129682645
31.330373488522287 0.9147703958977321
28.73970874594674 0.8134905871984212
30.724341892749795 0.9573253825631838
29.107704759442115 0.9011247308460061
31.056628674995913 0.941793232439626
29.14369163796872 0.8426618205459617
29.748804184110842 0.8671404610613254
29.551955405186273 0.9135861882581957
30.7963749659895 0.8601644041390148
30.80732696125676 0.8687128219680436
31.060660599780494 0.8845685504881502
30.202851727646628 0.9364332477330606
29.48442506828615 0.9488186955307174
28.80020158119678 0.8668941359649335
29.382571625482164 0.936083326706268
31.31571010206273 0.9166299081378672
31.347716998315498 0.9201496783834603
30.761577566803993 0.8399504982376379
29.490438336414172 0.8609710009152887
28.95456908052504 0.8095037801795881
29.810392436864174 0.8498705955398254
31.334113965132744 0.9144489150167661
29.602091794776033 0.9083954569212898
29.4191419624979 0.9373897804303347
30.3909971779032 0.939753298344398
30.579453374328935 0.8182485837720673
31.126813125996343 0.9586226767653523
29.337378037725088 0.8404757073118193
30.693456079704262 0.8207067845423468
29.45289893345179 0.8310368799273482
28.61479974951774 0.790352716714243
30.489108351738384 0.8311951480679102
29.743094031912275 0.8657868221332721
31.171976134244915 0.9089835282530181
28.67623620841765 0.8537714782516502
29.808792489968937 0.8556886296216133
29.754012583109404 0.9234382259821068
28.688705384475796 0.8164695500384856
29.75980049459733 0.8470085085905573
29.24676793577719 0.9003918318764925
31.35491042493164 0.9160575308228339
30.434555709092045 0.9634283852492669
29.330851437564604 0.8500215806252478
29.57546339925113 0.8949826869957667
29.36363152149174 0.9226734637477495
29.535049643439734 0.9445343781354676
29.17048523190033 0.8277528287254443
30.09899857664994 0.9385240225742898
30.398438078908487 0.940330442993047
30.23141586507853 0.9157248197097607
31.29558331369507 0.9156688242821636
29.7301811149555 0.920506087861698
31.46233148245903 0.9212396564564687
29.33712918245829 0.9200690382818264
28.991892292676287 0.8184722642337793
30.346142794454096 0.9002615499334466
31.44879167243145 0.9156723526412991
30.775891834534058 0.8301216270482418
31.063067021961356 0.8807380566802154
31.217774195917247 0.9134156938878791
30.552853397584897 0.818753729321922
32.414687204344744 0.9216636145944811
30.376730450397538 0.9001417002748467
30.29809093661511 0.9348853248676933
31.910100885967843 0.954527419338115
30.085781083377178 0.9454670995635439
30.078747720200152 0.9424193860453853
30.72940496371736 0.9495888460001588
31.931849270201372 0.9165807945923429
29.599437356389018 0.9471556261386597
31.763050272735388 0.9500960128760382
30.972611308181605 0.9640662317039936
34.47913154053227 0.9819703966238181
33.17166743791019 0.9709760115798451
34.035409546939476 0.9401802990828568
36.49949947896088 0.9865468632662464
30.963937631480075 0.9669314446165612
31.207771281457806 0.9435862144414255
32.84415593805229 0.9707118499137376
31.090626964750363 0.9427321078435887
33.17498267391509 0.970918467195091
31.53111843565644 0.9480875419421091
30.83397931759455 0.9638134495109197
29.976521895342934 0.9370445359892913
32.716802446294466 0.968657209564861
34.487806920249525 0.9822503092547686
31.137000863458816 0.9683162793107422
31.260280791593935 0.9671278932848292
36.57097552210336 0.9868347320930406
36.51844246979173 0.9868257599629404
36.629387690065904 0.9843048401516147
30.029095164719738 0.9396640346755932
31.310986533658554 0.9685443673515388
31.293045469130423 0.9439699089934169
34.52746562147398 0.9501291054962151
33.163050095712386 0.9710851049455226
36.530381846545396 0.9865773404383675
31.54821002568614 0.9488943897722555
34.013279708955196 0.9423027037112369
34.512128517577985 0.9823566827983076
34.223722139736964 0.9763280873762457
31.180835763740184 0.9653648576575596
31.250016778049932 0.967667205646891
31.210738597122827 0.9672476038892193
33.14158736273344 0.971108999868524
34.364415722561745 0.9766411066690457
29.931899925043183 0.9375508058380184
34.26805757598328 0.9772119471472421
34.424292488381425 0.9828467519495642
29.956374991667673 0.940650720610065
31.47836496093881 0.9624300452483758
30.771147253118446 0.9093158534804557
32.22766944759104 0.9509244346949473
32.2443598645572 0.9519321574825628
30.047601453248483 0.9394548744364468
31.25350546877883 0.963232048535519
30.884245672695663 0.9634471103854504
36.503743678529325 0.9866676540654314
34.02008532799448 0.9430077917924526
30.634289865137866 0.9075494044305831
36.53617641689106 0.9843201415920849
34.5184422100671 0.949566751701861
34.92205191064079 0.9851000051443208
36.834841716134136 0.9840189180811428
30.901503214689562 0.9633437492844759
36.388207022271835 0.986383614539252
30.956280956185907 0.962131164082716
34.455157079755566 0.9825454291156404
36.5290218065953 0.986664933296087
30.66860515071072 0.9072397502669093
30.89193242597375 0.9626931420218724
34.66881380311537 0.9831722857399794
32.14770553577986 0.9507920809211504
30.800091475027294 0.9104171917300149
32.190027166591534 0.9511553466989974
34.505031378105 0.9500845351547317
33.25925966049106 0.9719948924913057
36.873205161435195 0.9841179655631028
31.46222815522504 0.9459848183197405
30.684062050094703 0.907847540200372
34.527451295596705 0.9501090836982704
31.3519503157789 0.9688673548072819
34.30817594233198 0.9780986418095958
31.53589318843448 0.9610430064676453
32.881207306016094 0.970312003037686
36.680492906504576 0.9839673833513691
29.981239787578488 0.9431515617853965
34.324194133816434 0.978525096015385
34.26458481643869 0.9822931801430187
31.265290100209803 0.9652537087546773
30.874837434160725 0.9627360537901475
34.02636936133557 0.9419460912484233
32.164237271869176 0.9507820474570546
34.39747955225187 0.977233241476625
34.44291355322221 0.9819326884790086
34.197246344699835 0.982185217515255
30.836297404245194 0.910526289061514
30.970953344528006 0.9661758999745943
32.84632889138389 0.9702641426549379
31.421675953524165 0.9663861741981326
30.852477240134913 0.9642741001095924
30.899671710771663 0.962742204125362
33.19647579084651 0.9710880160402521
29.957364767362293 0.9388629570273687
31.002962599462943 0.9625319855764489
32.16540533584897 0.9509358408449508
34.077614070085666 0.9428041351326277
32.13674258305821 0.9512951177612046
32.88857836168216 0.9711618241872952
34.04131203630104 0.9418559172450326
30.820228287593984 0.9647333780814978
34.56472722864465 0.9494296064595333
32.79972300440393 0.9701638821696887
33.20918435491181 0.9715084179929193
34.06912739929298 0.9425588675976676
30.705374319045752 0.9079625147217872
29.824759697131608 0.9353558898990653
32.77280590676626 0.9685456446335745
34.23713237467587 0.9775976658761035
31.178053557885246 0.9676638683490495
33.21358177842425 0.9710468014113216
34.56988871006048 0.9500216173631458
30.834824002303197 0.9636620851236949
34.6103419046281 0.984187085159139
34.05666843741338 0.9410185533882902
31.261574933543187 0.9667388487659533
34.63616613701101 0.9496114310995858
34.46037879193852 0.982974409852779
36.43708427833461 0.9865650251705064
31.17824395654178 0.968951610912501
32.24718192800785 0.9512028145238781
34.069347673602444 0.9420279965352003
32.72703093950406 0.9694318571878348
31.307396481686652 0.9680780169037038
36.737720625608546 0.9844728602835667
31.457578207562168 0.9643975365785269
31.381664628470443 0.9457724276921138
36.94098599343016 0.9846929140542362
36.50625584291617 0.9867148278172564
31.112473655604536 0.9622605733800962
34.425528004714735 0.981945318862548
34.327022538331356 0.9811229867653648
34.199029292444735 0.9822578718114189
33.22554297085149 0.9714527033312892
30.66305391210793 0.9075138597299676
29.77827290063344 0.9356509296219285
32.80593313522996 0.9695421410148324
31.139519632097414 0.9425084196799703
30.871611484337606 0.9632623721737908
34.47128560990093 0.9825933666340695
32.17505069889489 0.9508694623101838
34.39404373107094 0.9502080719395324
31.057741087644906 0.9648157077397602
34.4365610222802 0.982297657649431
34.461858979508484 0.9497742852208979
34.28250389817316 0.9778755202656455
34.33421808803511 0.9777901868004251
34.39341015943425 0.9813693600266766
31.119934605091398 0.956658588266064
34.734316456270726 0.9833672308389935
31.54916681479913 0.9482785112561792
36.73650022089645 0.9843531639714422
36.69873922286672 0.9835028539081799
30.752441258787595 0.9088276838857873
