31.674902726791775 0.9463007383635064
31.232806585372895 0.9384925451698122
33.39131780533619 0.9641538491376362
33.344263344354204 0.9517204868310765
33.77305245793199 0.9594235363976547
31.57132247622855 0.9300948121506551
32.604907358116456 0.9678773123848389
33.46738025581087 0.9551058561834442
30.41370461428585 0.9164012137740626
32.597613770231874 0.9183787829620957
33.22371614983586 0.9333676312078053
30.328195661170085 0.9437210912300916
31.685715039909205 0.9301773004655574
29.48102126785048 0.8931679284660182
30.361973575994575 0.9436631228111896
30.984769801752797 0.8542589356190021
32.68603040912066 0.949466616746648
32.37149445553158 0.9675032274167716
31.124246237262426 0.9411133312200062
31.6329050346568 0.9512731772507984
31.44056903241127 0.9422370848675584
29.17143890406525 0.8540388243472103
32.3006239503775 0.9572828998614673
31.11045940405592 0.8571899881777337
30.148712618777466 0.9210714620391822
32.701542164206046 0.9169847561046938
29.70932918128359 0.8870827280292386
30.45751582665971 0.9136233391476112
32.77580141634687 0.9203086758991312
29.302361923075782 0.8558256036678167
34.61922576977153 0.9745252601643842
32.418373294125196 0.9582413624753994
32.39935623310736 0.9500966468269914
30.920845122455923 0.9212111510870071
31.393340784962675 0.9507417133002054
31.114281348802688 0.8544455416536283
30.30017469550948 0.9115122992525762
33.21606836865561 0.9319592702456576
31.68189347642184 0.9326188040549599
30.65645133407422 0.9582913398220315
32.10105059200145 0.9587479305968717
33.75209904375132 0.9410461490571186
30.138011290334962 0.9396873588974365
30.570589721258937 0.9197455298925364
33.31500534174118 0.9603781800602036
30.745770581763118 0.962509413529323
31.441405684288565 0.9461491478396072
29.61327642821869 0.8938417577531242
32.44715682516676 0.9514509612492573
32.430555561642514 0.9508212329071281
29.546395659077632 0.8535361263433129
32.705969372263446 0.921915104269638
34.21754169785687 0.9686285401103597
33.54659075312782 0.9385382323318368
30.198416580187097 0.9475957671887492
34.65994425462252 0.9733374740334686
30.300386021015186 0.9425474784668159
32.161309996814325 0.9563236934657282
32.29421008848276 0.9512154448412268
34.01733244709371 0.9667952589011891
30.172627458514075 0.8868200840361931
30.34291429914965 0.9462426057842813
32.64909895826348 0.9168741872451374
30.150026822225207 0.9460282539587591
31.926432839475947 0.9606370859614873
31.84313494773942 0.9462484683043189
29.771091375570464 0.8883119926481912
29.33557227549022 0.8509900076644289
29.756272175520564 0.9130845387866767
33.857159518407144 0.9426043774837263
31.24283582015373 0.9451429309673081
33.39281263210516 0.9695372317611262
29.88195067722024 0.9015510764719367
31.405763512329163 0.9184933942001796
32.602134943331535 0.9594809156756715
30.252213337546806 0.8968411270235785
32.70017525439977 0.9206572392915024
33.464705586617164 0.97017438205096
32.60112472378166 0.9598771360592786
29.421414895833994 0.8510694451040884
33.73644447958322 0.9608099412294414
31.383083629836 0.9430484308574592
30.707474582039445 0.8448852332723975
30.12113400433297 0.9518938225079142
33.98659175528569 0.9780255137212136
32.602729911482236 0.924413041939311
31.938928405790374 0.9470851820267654
34.69040629373116 0.9797132198154767
31.63830863901927 0.9297376107353591
32.135946336289436 0.9699098383317739
31.548416109660295 0.9508101319193778
34.394325817960706 0.9690269862438106
29.36527669694869 0.8764541421827787
29.866523892743864 0.9221170129438404
33.23229165608911 0.9331464284120704
32.598461780899434 0.9178933023048376
31.25097714820793 0.9482534146601599
31.754883210269522 0.9477938668431846
30.42855233146916 0.9064402912626012
30.400678930547862 0.9008983818373748
32.47658877155396 0.9740795873305886
32.07652283287996 0.9588505681140747
32.466444884956296 0.9699893603711378
33.95548340944493 0.9604112593540689
31.78019984051762 0.9452239898474609
29.371134154428262 0.8733501628730728
33.81701576534668 0.9638763274675543
31.040823514883634 0.9570219249102832
31.337980190705508 0.940082023176237
31.658768024926882 0.9516885880601811
30.350008257552492 0.898624264854532
32.55713560681831 0.9231373584483198
34.751807769694636 0.9806393227559628
33.95643137597453 0.9481829314362262
31.69310524802999 0.9531697059440276
32.477820639786074 0.9661423788727815
33.222102689516355 0.927657308053107
33.60101564747589 0.9684311407466181
33.99759160790059 0.9696557760897297
32.53778889260754 0.9227373414142968
31.680239554829313 0.9449894455757463
29.650245645005345 0.8561320364353894
29.678090167571053 0.8917415646529081
29.405278602328437 0.8564224023738898
31.071316628487168 0.8796483278597987
31.329433578457518 0.9483619875388957
29.497573638160645 0.8429305192071278
30.133915193542997 0.9513076795502834
33.9981914895741 0.9451644625590033
29.712104688956494 0.8548288269670047
29.650784634989368 0.8545858736100125
31.67254646328161 0.9320941301757723
30.647531517633674 0.9322598471485076
32.47362532838696 0.9701705707576258
30.77570699275283 0.9585347190688763
31.571364732065028 0.9298009373500304
32.865376752616456 0.9321893105678868
31.756994624631044 0.9482507516764391
29.358467648837653 0.8556945082250444
35.31380442942527 0.9792716442887957
32.35512800580673 0.9522358280512513
33.172364476183375 0.9755365993569164
31.725267326208645 0.9440827976134025
29.796430448523573 0.8866214013451114
32.14171982848869 0.9603776902830776
31.70790983095185 0.9507764498391805
32.316917691876085 0.9572206150989535
33.372367102422835 0.9618125422317462
31.109137784351187 0.8800315592310319
35.484750202032856 0.9793741966853949
31.905787612013942 0.9431617101325511
32.32054080291635 0.957226252469711
33.313234695225965 0.9516654456838671
33.932221616376445 0.9660945320683998
29.20038143727133 0.8700341571131147
31.479015979200046 0.9407122275284201
32.651275521629 0.9488527726041532
32.2133370616536 0.9716414886339592
33.73251474292996 0.9584457936538476
30.598505315607653 0.9294841611637067
32.86984327915708 0.9328754240648324
29.5641167703066 0.8507493571532896
29.571469962823485 0.8482523955031007
32.93918808898304 0.9236115570860085
30.525092967588225 0.9104380366658751
29.837092763225566 0.9166195994079723
33.4008643822903 0.9651919578448994
30.198844855923987 0.9386348383411736
33.69581393156141 0.9573238736865803
34.004680246138335 0.9665128023113468
32.82195856008351 0.9273279225987996
31.931714273877112 0.9507004829712914
29.789974988231748 0.8603518413437825
34.20395930241612 0.9680667809214945
31.261518556350325 0.9433696977992524
29.343938062933127 0.8627576782339683
32.45714240657367 0.9681299938914131
30.53954649652942 0.9177044866474589
33.28011674885025 0.9294783477544454
31.662815326929582 0.9453669053170037
30.623352921243423 0.9359173391544016
31.095416276334802 0.8507965730876939
32.94250342440325 0.9752338288339413
30.389626263049323 0.9168394698092385
35.9718995443348 0.9856482024014023
29.304519900408465 0.8435728559308198
32.18518641913304 0.960821102552475
35.0440451452653 0.9770693217376487
32.831841531785784 0.9316921643506394
31.43413275589105 0.9181259192911163
31.9078207027933 0.9608289716592185
31.4755042921322 0.9210111777256452
31.93043201804041 0.9630552865712259
30.110082257976156 0.931829896211712
32.868912958480855 0.9221057136254471
30.79931924986156 0.9489529858771333
30.03283375410412 0.9324711398300356
30.966490207259703 0.8539319023486752
30.41352514181331 0.9007321330520341
31.219409906542804 0.9057172764574881
33.3862314807989 0.9613744419679712
32.26476586426644 0.9720819557651437
31.503248884954512 0.9433828914911492
32.828857259828574 0.9276798787888665
31.463423641717778 0.9215776353500323
31.647793029706662 0.9299439546432738
32.20638310440692 0.9416697356249821
33.285413390384925 0.9358779777316999
31.199900663793304 0.9448636546534881
31.749847862955257 0.9460983696375559
29.636118000247876 0.8846157641346519
30.76199185916968 0.930276174417921
32.21205077962532 0.942106291302188
30.397452248958928 0.9051432917596056
30.880236202056835 0.9026432197612555
30.225860603873187 0.9371134779540748
32.599415041896435 0.9179657401058319
32.41580089955193 0.9499348609419105
31.155364102832692 0.8649065861583611
29.662429765472336 0.8873945213925546
31.75224053589683 0.9452112112129005
29.314124072054515 0.8645735198381158
32.16184030839979 0.9398613231980076
32.37404566414143 0.9586806525976624
33.45945421458442 0.9698220602389597
32.8947835119979 0.9225423718723988
32.7303656335541 0.9149394253081156
31.63577562245395 0.9514178029798486
31.18608058294538 0.8863020490975627
31.80377389210562 0.9473170613652626
32.793843064216304 0.9281962468288221
29.660826326447243 0.8757655315006174
30.31562169615703 0.9015601796139261
34.92180840514003 0.9758247684650088
31.39002046029425 0.9399131368175683
33.43365918000963 0.9699184189226638
31.189114544044347 0.9070464454206517
29.389436344646043 0.8650689755104798
32.948926032241516 0.9729886176929682
34.839137518311325 0.9755472298563537
32.46627670534148 0.9512889208283241
33.557884541474124 0.970809423655866
30.42063241000872 0.9129917585576228
30.488445515591785 0.9293754391884622
30.78502188033866 0.8976679022781295
31.522391844702724 0.940704375853885
32.2080076319902 0.9416733168125904
33.95238321308439 0.9594218392874421
31.516621314716087 0.9224502674829516
29.38235902792416 0.8459559556791039
30.682227719006825 0.9273523972845983
33.38511572070516 0.9576411088653913
33.289618450126824 0.9292841754290008
29.508940698339387 0.9119541180394669
31.276406975603194 0.9253951262366312
32.87986663602135 0.9230475468734515
30.909160223776325 0.9029745193629705
30.39352222547876 0.921064839530193
29.627961141302947 0.8554472881012845
33.379694718112106 0.963148884904625
30.35824674604601 0.9043227948679641
29.35328190365816 0.8632213857840835
31.582867603983726 0.9512596851326014
29.37571355550036 0.8700968902942259
30.08368371394781 0.9479973520625208
30.603361631697055 0.9295825902310142
30.990187065936663 0.9373248276029505
30.384868179442858 0.9196325069836229
32.87334652508945 0.9726771257634249
29.592453147455828 0.896252075673848
31.69403546386078 0.9579937336366233
30.73455430741969 0.9638791200986232
32.861871862328556 0.933232611042569
32.083863610194435 0.9555958539260188
29.354601372335537 0.8351605681543187
31.89684045461853 0.9423610996970081
33.22318841131351 0.9575992307583344
30.164104534871395 0.9322818463028286
32.594525104283676 0.9608221426886837
30.643866067824707 0.926494567433211
31.122032873874716 0.9601078068024054
29.680095760899125 0.8744098510803419
30.721698990235144 0.9372393310698818
33.537904433153955 0.9668864371049025
31.455680809748344 0.9202798280204119
33.482696530176504 0.9664107900992671
32.48658159908166 0.9703943368580646
31.41799722174079 0.9504151418027027
31.14793934709594 0.8652960217995146
29.316210605038027 0.8496153019448262
29.97327798642366 0.9278658718512759
29.783965585607305 0.9281945104801003
31.965067733433244 0.9480319409218818
29.526130263898125 0.8508134489454344
30.42780561257658 0.9071215237042634
31.87639733765078 0.9423527173562688
32.11894004955126 0.9557443369170296
32.88504318279916 0.9217782015413226
30.72542322535832 0.9577262660288218
31.3977675951655 0.950641626362065
31.578611063058343 0.9290875295499837
29.384892968738402 0.8518535165592118
29.25931696962431 0.8575338054394731
32.296785229601205 0.9586538873249232
34.28449300006673 0.9743098969205616
32.76859588648243 0.9763928422808954
29.57246335054077 0.9103679722127646
29.282171322401428 0.8562736894120365
31.11724225561221 0.9333627907887685
31.66716910597207 0.950310246534633
29.50320673400875 0.8843762014515734
33.12186210321518 0.9454684783199049
30.499384059716377 0.94099866079405
29.306077879673246 0.8477216865632199
33.72608994745591 0.9570214682492345
32.87321076688288 0.9216748246497263
31.386010652110482 0.9488298170229054
32.687277891398175 0.9225706593125469
30.64221896085638 0.9303663556172108
31.044672906773073 0.8415550675440248
31.519479914323902 0.9416534396968612
30.765267809084413 0.9633822506787554
29.36425445973189 0.8598270396778195
32.609361644053244 0.9258987567464424
31.123779977639003 0.9100022180954663
32.020271999192175 0.9480486019347203
31.030621708930717 0.9418341739689774
30.610282735618284 0.9314724635404561
32.262955045461254 0.9698707794463584
33.92200730223818 0.966167982710343
31.590207913427033 0.9537298074064462
31.0995833968789 0.9228922802827871
30.14810815508546 0.9520774073598742
30.608219342299975 0.9108575847088338
30.116870146826443 0.9314515335940705
31.41233021892539 0.9534950808633509
32.87287926232533 0.9182100972822269
32.06466979628337 0.9519862502761774
30.67274176770194 0.956632288578802
32.764751455453535 0.9236622648479577
30.175726510273474 0.9375206697948383
30.740957975861146 0.9613668492652813
30.803173558714768 0.8797974789077734
31.80213442851565 0.947149897074293
33.24734638415735 0.9295733421445055
32.61415125333593 0.9136153693607645
30.587104900579174 0.9276278092231548
31.65502827666301 0.9298947759942399
30.155319253305667 0.9393401755752648
30.144545347091515 0.9370224093852774
31.75426383306686 0.9477693130335725
30.269391040590993 0.9466062559762488
31.968936094165766 0.9452751527549402
32.9350951754272 0.9731302504351439
34.79649414239818 0.9807258660451835
31.949884629252917 0.9455114666754705
29.431279841055392 0.8603702320039913
32.42678731423373 0.9726206139419757
29.719891901685088 0.8868021513395528
31.666569847915373 0.950486967304068
32.85900008023167 0.921164317399704
30.654355680928358 0.837384813935313
31.48717540634201 0.9406059939787323
29.60094296159738 0.8487302123412649
29.58392562078295 0.8937398502862369
32.453834382544386 0.9706077416212315
32.47716445455958 0.9700593061504967
30.25838110529035 0.9480315986060467
31.738568143573055 0.9523517533005763
29.33621551575483 0.8521466750906458
29.99701023612697 0.9237771059991704
32.05350543613734 0.9637055792750744
33.45143370820292 0.970339838821411
30.33272060300225 0.9003649735950024
32.90628339905296 0.9237557745986483
30.680770984068438 0.9407932989492388
31.765558063920665 0.9330103997453733
30.20237796002659 0.9388382362130753
29.84089527739733 0.8890141863070729
33.168910013837625 0.9495498893860455
33.83306061572861 0.9638501161221399
32.24553016114107 0.9521080268615876
33.207855745298374 0.9317277488700137
33.84734316999452 0.9649030714500599
31.9466513115197 0.9562454657863828
29.43364452832693 0.8793078994436111
33.89669463157576 0.9654684289303611
33.8342503636333 0.9765493131037143
30.12558763601679 0.9350698991832627
29.933213916287166 0.8898414306156126
33.187332859515 0.9283178464755998
29.553537767332813 0.8961867695838582
32.082629293460286 0.958743647041277
32.62191527774196 0.9610894163195502
31.71682006123408 0.9520973686125144
32.14337466273409 0.9414883926013611
31.03257558487445 0.8504558179401193
34.06593999731121 0.9596711354651165
31.05169278841814 0.8794997051447113
33.19795914063474 0.9497990640727704
35.626729861045966 0.9841871441279654
29.55567002394392 0.8825892749506428
29.554035358787274 0.8948249915127163
33.93953392330607 0.9660939980512631
33.3840342337833 0.9618689289411179
30.038192560085342 0.9319568273014056
31.752111666076928 0.9475164320742692
29.485737784198523 0.8662590276900578
33.958210463817366 0.9475728465351749
30.07138682644851 0.9317185356229348
29.253088862054717 0.8466147701236636
31.16226227737637 0.8684481807544949
31.983283466937735 0.95511476462397
32.254807571486694 0.9721123744313682
31.024411127605255 0.8486822506948353
30.034165365521687 0.9319023781753254
33.231708798234465 0.9303224066330147
30.610498581854934 0.9396069775621232
32.61199962333572 0.9250520957141999
30.104790416408566 0.9392793336985098
33.59046258285836 0.9681483704754862
29.63262574708933 0.8818974401349878
30.227066699195642 0.9315343492233074
33.41031303584446 0.9699655654069428
31.97767754249746 0.9453028268798926
30.921013712562953 0.9083202892960429
30.568755623680275 0.9277633515746632
31.454265518619906 0.9411703350163687
31.781898899059765 0.9472581625837931
33.46557468563086 0.97161536241485
32.66374952227209 0.9499083552676058
33.32625229195128 0.9347346801077304
31.70853825416961 0.946063310253775
33.998479329867294 0.9691392052951351
32.079230083998766 0.9589086899043759
32.68257439075951 0.917834219453033
29.738235919078008 0.9190200849514985
32.105886145267625 0.9563093598129909
31.46988348280169 0.9410636629385235
32.060855734067204 0.9556230227602477
31.06813437342973 0.9526630574943551
29.27706263005037 0.86212794332155
30.278604957024857 0.8961043083291137
33.177183436060304 0.9557967659157341
29.35799992229855 0.8428413702933866
31.75597876701119 0.9561617841314921
31.25406266487849 0.9462706502591397
34.652496473121325 0.975242435285874
29.380367669433596 0.8570331800037208
30.916700570398827 0.9490976311859087
31.20590367834861 0.8957463430329005
32.15307608347853 0.956606519184793
31.599383642348702 0.9306305889985357
31.83741322715518 0.9478361922237318
29.27770060910997 0.841329056342657
29.68024244847964 0.8853017399046905
31.607936370397212 0.9561743537079661
30.04515495017554 0.9403395131509359
32.658712523244766 0.920352947423269
30.009250541225697 0.9458045344638407
32.516480037516 0.9705777972498153
33.239088808403906 0.9351807788904188
32.690010558714555 0.949801179537789
30.848350135407753 0.9266254378243391
31.793383801899537 0.947169002118537
30.074270576117318 0.9308839464867961
30.47773276986089 0.9217808003801167
34.153299747346644 0.9728194261168341
29.391316186860937 0.8580314207417468
33.456438826128874 0.9528069791185518
32.80252444059052 0.9096078048611446
34.016907676039416 0.9665771880910974
32.9884371770921 0.9228403172773384
30.248168358790345 0.8977472756716981
34.81030756389688 0.9810186861533671
30.080825926623206 0.9365821233355502
31.089543069609256 0.9550882980374806
33.261943819566525 0.9758590972657274
30.737661005143213 0.9622660182382128
33.460227266293586 0.9707436491955737
32.54050396492771 0.9225297017355915
30.439325321160908 0.9290799250509688
30.529553005585598 0.9343043870112746
31.45430143245249 0.9204902143413461
34.10328702249107 0.9651795448225353
32.521116837076114 0.9576915189770352
29.426827026483355 0.8760169903425313
29.45469546487509 0.8516931052293298
31.721838131813946 0.9573550003182894
32.586545712004714 0.9244594192445819
34.671581609860425 0.9804604653768842
29.443961606078744 0.8925094863019606
29.659783687584678 0.8848059816332686
32.74245305851237 0.9188260696302761
33.465661507545015 0.9700716291578578
30.786992024739675 0.8395386604879006
31.579373956585307 0.9292805302261651
30.6541031777908 0.8369602756892259
29.372146419540144 0.8880632792509413
32.604439698996266 0.9170204539712267
29.584208185211192 0.8928304747387358
33.47185765807337 0.9527799251063038
32.66693815474492 0.9493516775538241
30.6223116563956 0.9295622093747545
32.51427045545171 0.9704623168712859
30.35780889841591 0.9096010161965846
31.675108129044744 0.9507666664693061
31.730496669024532 0.944004051311839
31.71814318573896 0.9500489133218879
32.59168033311087 0.9174522390843736
32.68377362149145 0.9173920084006568
30.919540060105444 0.9523981495673862
32.573404990082594 0.9143188128845172
31.077316631434066 0.9567214813748407
31.4975688236424 0.9408725219936651
33.282611342221415 0.9609593548728318
32.618946552030984 0.9172464657909217
31.572261346460458 0.9433571245214158
32.645765078330975 0.960742082150907
33.15478400340615 0.9500859066521983
31.95485193145187 0.9477033764678151
33.35623275460783 0.9350426625620183
31.97904344750896 0.9606174075293563
32.129756610660024 0.9604448434090908
29.36644892315298 0.8535815795728696
31.54724748896333 0.9458779021479227
29.357780189675935 0.8556821401902175
32.71167815289949 0.9626388509160239
29.3798872975908 0.8765679418644247
29.305451439324877 0.8548560420783952
33.368543363811376 0.9561371081989343
31.27629589862962 0.965868858813222
33.20296224545442 0.9306032668548736
29.6718038346828 0.9204360901198474
31.09857871491419 0.9561238846833554
35.589360110023605 0.9843020481453325
31.784935296251334 0.9472736717145336
32.140898939568814 0.9605146608551776
32.839081492952076 0.9750638884309497
32.85928768204925 0.9313791768636165
31.889353135039226 0.942279271246734
32.272660025266624 0.9572150709927465
32.81126222254039 0.9143413387887994
29.980192089984214 0.9288498721091522
32.65843223113238 0.9203861881205196
30.904293297284468 0.8476443186386564
31.28990997508675 0.9431309656380648
31.599548685498903 0.9480850062250565
29.43097507487694 0.859120533931605
31.42905498571892 0.9511648608186776
32.98384051850181 0.9747590713529787
30.642117628662355 0.9378527888035415
30.487467298240702 0.9060747281233602
29.445669394035775 0.8815987037827369
31.08078614923812 0.9574466193597437
30.014850681889595 0.9052398203562839
32.10008312982439 0.9561624811008198
30.697927970349106 0.9279905045366789
31.478487193057077 0.919788708288852
32.13533012641871 0.9697309416671837
29.988823011289398 0.9191238263632197
29.29997323632818 0.8776064186941439
32.19289709294842 0.9606082113715598
33.31302701305291 0.934075505808772
30.64956853609194 0.8439914825820145
32.461381425742985 0.970087700837254
30.49484092992057 0.9280057541090645
32.612603158605964 0.949681936552493
33.0992204768428 0.9455663097920631
32.6293757550626 0.9492446743633493
32.847605939902124 0.909025347543183
31.691084304655295 0.9318772834821816
31.65626421142216 0.941572296203471
32.300261781555214 0.9582874677204664
34.54812717220367 0.9784900870209892
29.761725693096118 0.9423841177031698
31.827280258677764 0.9488650604050144
31.94384023723362 0.9635351301466081
33.5950707716657 0.9397545490374437
30.510034086235535 0.9291606873864323
30.025236533911773 0.9407891615190804
32.20609805336278 0.941458992431737
29.272481083519732 0.8732980795927985
31.357753368660735 0.9517677474205183
31.397028975147375 0.9405305656379419
29.350911576545897 0.8720504735309487
29.547221470422834 0.8846905167830732
31.074030705699055 0.9402637865668996
34.58717976439656 0.9744817183126826
32.82278422718919 0.9754562808430305
32.47037726118784 0.9706444960263001
32.90176212228223 0.9732420435007235
32.89335185242996 0.9730839818934397
31.760320941859245 0.9442456503364486
33.5419805755452 0.9586145643072825
32.22308812184378 0.9413440738745036
29.7085773115591 0.874663375412179
32.87777567607427 0.9222054930820227
29.355256902905534 0.8243797950036854
30.90802540085686 0.8479369339093414
33.752933282757375 0.960680245577498
30.75714295375635 0.8447004958642303
29.473371095105794 0.85199599532949
31.729358139474705 0.9449021518956076
33.55183467915458 0.9383671889185018
32.72572632666514 0.9623340295487293
29.614761919701053 0.9167423298299477
29.46329528949995 0.8495678504288774
30.7646494519239 0.9570229390953322
31.467503136319934 0.9537595511361365
33.35414713470737 0.9609443068417765
31.586952988782528 0.9399593623245704
33.12303844379188 0.9306578934655078
31.47078434487511 0.9203812046859832
34.82828248406602 0.9810363777493457
31.6376534731286 0.9298149940948401
33.43827206113858 0.9701867397623912
31.131687273771117 0.9140742716029996
31.683931181978373 0.9495228808892201
32.87842284140523 0.9199183249507746
34.119285217768514 0.9612244696448726
30.028573438122468 0.9200800324215349
29.397470773830374 0.8432465060534662
31.471253335413007 0.9203803028633691
32.707736685964974 0.9611421096350115
29.334832092259887 0.8651449916962987
32.8232149991849 0.9322778323522389
31.30983643210927 0.9398773948469579
29.41946972340697 0.8726238047526368
29.436738622163436 0.8805360393903686
31.98583883386962 0.9493562355878812
32.6384735666096 0.9162305529170012
29.300425034124427 0.8507616539075683
30.86228706029579 0.851086999808766
29.58648393804053 0.895549280349151
29.577078059725924 0.8519776001688276
30.490520134202374 0.9164792796718686
29.486777900756728 0.8900178662892506
31.47149432133932 0.9212320271971194
30.051346459068174 0.9326635935142431
32.3161060620292 0.9545038457403441
29.565788221425496 0.8800675095387278
31.60284197246291 0.9393644552434653
32.01875918358396 0.9472185141676173
33.424624448109654 0.9699012276225444
36.15242651331217 0.9836750299374726
31.252784239011497 0.9666840397129013
31.583621758602906 0.9495214513943258
29.274416696241783 0.8124617946559531
30.3523535762257 0.9212265137750969
31.695436677492506 0.9510745788347914
30.19663841178788 0.8942406719789763
29.337630112483243 0.8509772549546926
29.639953446935415 0.8900976361083419
32.699485418708846 0.9185848316554912
32.28809577788988 0.9726558797677642
32.563085004799824 0.9042181870450315
30.474191641626792 0.9283534037366308
31.53640336009774 0.9530625832923779
32.68442633117131 0.9612491768659934
31.692589304166443 0.9331848651040927
30.54173200297301 0.9313007983439893
35.370309984124155 0.9790327140905354
30.802280852709995 0.8795011161059849
33.94694248150423 0.9769898044573874
31.065519685609694 0.8421189321658322
29.419222459515204 0.8465148270133626
31.079465080129754 0.849676444421663
31.305022853031815 0.9187401683457875
29.572199260758914 0.8932886135292295
30.106418611913924 0.9339164010062813
32.61605205169305 0.9486293580480891
31.578438917212978 0.9306953996823383
30.78446647481419 0.839582313558888
31.719398847173057 0.9500794914307495
31.04642353027261 0.9552366595785148
31.568327143699335 0.9319242302249985
32.08897171182225 0.955971546235001
30.500948044940376 0.9109177550120242
31.873480240661443 0.9568981591280522
32.02990735979023 0.9487051168918654
29.60849307503718 0.8526018264653002
31.79720978256979 0.9599960785051675
33.82417304303555 0.9642025026101639
30.28584622263142 0.9111366786162478
30.592097724882418 0.9232957501853659
29.393672577721865 0.8454466726636423
31.5586258927178 0.9298147512393692
29.779061563075096 0.9183374313253446
31.683536378697525 0.9531908685394797
31.014245538440534 0.9691687568069612
33.604804456803585 0.9587459612745587
29.40864787082188 0.8920052649787676
29.248521625373407 0.8417224822307297
31.72919495616216 0.9447853214016835
30.39485420555735 0.9209297108166169
32.897829282443624 0.972859008556154
31.689052637042696 0.9497777108932934
31.27177155902652 0.9439434495047323
35.01297104924972 0.9767132888281849
34.57425035569796 0.9783358405406105
32.95363932966285 0.9733919566261872
31.54541583993318 0.9301107024850548
29.361196773718667 0.8494654032226695
33.245369884244525 0.9249444865794458
32.150847067518114 0.9584161236144987
32.95018163176301 0.9731183441736433
32.88440484356398 0.9233787009332645
30.721314452142803 0.8449964637893747
34.105961546313125 0.9723491713139428
31.040541652463503 0.9555135732713708
31.580188805373602 0.9401223028921871
31.561385175556982 0.9305504246847508
33.53042005552258 0.9676946860364353
33.82490414927446 0.9653291123249316
29.464439726180093 0.8653891399378172
30.818149418752036 0.9619365093712458
32.15951724291327 0.9535748732018973
31.393065658889366 0.9438488235404047
30.73427967414103 0.8537885270032707
32.24656852019336 0.9537530010338808
29.399230748472313 0.8792976011766409
33.045687966820566 0.9787607091164692
32.742587267908334 0.9752497691808639
29.355680599039804 0.8503155957952332
29.74460700475541 0.859746711977311
30.42319097151571 0.9120736040617102
32.603650113462606 0.9246033974083548
33.797910632126104 0.9637937040404659
34.75486527419106 0.9807266737163469
31.68018329247063 0.9503897314514576
35.831481784256475 0.985255922755691
33.5267885586879 0.9668482472939843
33.18301310825166 0.9310906123530199
31.46332521002241 0.9220407448202349
33.348062432807545 0.9609077358739508
32.152058033868876 0.9637753329466023
32.01722732618576 0.948444219661752
29.35314358327103 0.8584881952901413
29.50264521064068 0.8456351733506424
32.93754216781613 0.9245910351420253
31.134276244924756 0.8655072493796881
29.302701374268207 0.8517453161945885
29.54830848067438 0.8949430516483183
33.88383694861509 0.9624351467578366
31.031379372036238 0.9383524626170727
31.75478189345748 0.9474656621356843
29.418644028430094 0.9077014104547659
32.15634706502132 0.9412322864860349
33.033897372665265 0.9773997050893638
34.3183902896029 0.9754816150504099
30.66132279388958 0.9339949980634035
30.23225906910973 0.9307706688317721
29.30346210312412 0.8701752177810663
33.23133813948215 0.9329398987650381
33.03073660731187 0.9784617140258677
29.692407201709493 0.8522089021045027
29.9206315499957 0.9081510289774698
34.195235633088714 0.9744126068083627
31.248532561395336 0.9668324800827023
31.581366324988412 0.9303161821062543
31.24283260409737 0.9070758762808203
29.270951075690892 0.8643917028483392
32.93978872474288 0.9212135750140437
30.21487518876457 0.9365763198158052
33.69264382440154 0.9601362902103203
32.10787168523828 0.958670066863535
34.34231721062546 0.9692881220215955
32.80641755617535 0.9276878062114771
34.58165018292359 0.979006310392974
29.57605652698817 0.8482199315912595
30.477055980710045 0.9270246924448204
29.338783394965326 0.868586123463115
31.812920536377685 0.9535233005797006
29.62974406364282 0.9131221416814634
31.446852143768297 0.9516174517519927
30.799133936251792 0.9298703644476372
32.011319901116636 0.9586031823224077
30.868502727382197 0.8772326412018357
30.777071173773017 0.9268751636534864
33.197027803726115 0.9272687163410588
31.753032577509824 0.9476248965029384
30.440327508337816 0.9458235826913773
33.200456531038505 0.9308143130357659
32.91164739958158 0.9240999526770713
32.89836130274162 0.9223259948727275
32.190704647388316 0.9403851164841628
31.53966630989036 0.9404783644525858
32.2375755623028 0.9703160591006065
32.451595030824194 0.9582063105791646
31.235752823618462 0.9442233392108088
31.547011983788167 0.930445923539641
32.644267846974124 0.9697975317212356
33.49925887263524 0.9710337164302502
33.09508194240665 0.975511782200647
33.91013241324262 0.9659556664625889
29.27203274040849 0.8688643376852523
31.560527292076465 0.9304214128082208
30.48473309524599 0.9089081858766197
30.552002456761876 0.9163015907422972
29.360724204019377 0.8774012492838228
29.450949674928868 0.8497767691024442
31.155709969347814 0.9419020756929638
30.289104615988833 0.9406392310731447
32.847574633129945 0.9255202410862979
30.36390075657501 0.9196532327291248
29.3603843571591 0.8619580347261383
32.21508488097222 0.9682331004544933
31.441419762472936 0.920300042970622
31.459169737084412 0.9201746715647152
32.83181033844731 0.9265104127854589
29.97390684073646 0.9116937832638335
31.97650142140617 0.9447447908941826
33.49434657851199 0.971084986961296
30.64057909559782 0.9288496915907208
30.650003652219343 0.9330437917729995
29.61073159789858 0.9208477963577391
33.545067889713316 0.9397858420286823
31.278785057770143 0.939446551525952
31.745615272858217 0.9475647456576592
30.518532120784258 0.9305125081216252
34.61069744386732 0.9715636654784905
29.37553172459518 0.8761832661501486
30.720210812081397 0.9455474562486885
29.45806337299561 0.8492732226078802
32.00659960036559 0.9512307598892512
31.721408530336102 0.9509025195868186
30.47859796832343 0.9285459136517444
29.49531094779423 0.8536652936266608
30.910965939753222 0.8549745193255661
31.56074402771635 0.93035514327221
31.16892307510476 0.943758098997033
30.548570707856545 0.9296234643420686
30.784747983659248 0.8497430115015495
31.29669678835921 0.946456815312569
32.51234866495781 0.955748610658834
31.021854300106867 0.9214878943667871
32.66647066674812 0.9496792339160677
31.32207882247858 0.9451010055191041
32.342537881168255 0.9581607988276203
31.07477488513231 0.9566381427448961
29.408532689768908 0.8440406155730281
31.9430689620653 0.9532627053967924
29.493501643904484 0.8533898232318662
34.015492995170206 0.9784556685435605
30.244073017044602 0.9121216508213216
33.529339395087156 0.9674521538877819
31.616706721747608 0.9392819657226226
30.058714170905727 0.9368933923067266
31.974869851509496 0.945741439209816
33.342434267050855 0.9300203664231266
29.42522166728693 0.8442552741324298
31.112503730372065 0.94004153289736
32.67489031361749 0.914103505445223
33.24281966451249 0.9598933731553068
30.893370301730613 0.8803968202660724
31.11704059548551 0.9385741743278153
31.575410266675178 0.9423676453562836
31.340920024316674 0.9428204984936918
29.288058976709628 0.8322838761575126
30.381631638944096 0.9178665485079873
30.35195680692636 0.9189410013777248
30.542789459559437 0.9098380787572667
30.004781338290964 0.9298089963448445
33.373890281952576 0.9543988699293077
33.65031865659651 0.9409083087339205
32.344407816548696 0.9529826255257633
32.77861285950263 0.9269119287942129
29.585928712845163 0.8956810993930784
29.857071905842822 0.9475554375199713
32.34483661383467 0.966906352931403
30.467676612866835 0.9141309436630198
32.00728008973 0.9489303785177775
31.48278077195488 0.9214564341688563
31.868362641237088 0.9423011250934048
31.612790647373856 0.9408409011655948
33.224628310701945 0.9331364671172802
29.385784906359937 0.8668195699569753
32.683081090519586 0.9499306602556955
31.75527567075076 0.9456687636277561
32.239271380094884 0.9422592073203114
33.3714839984731 0.9621036181550838
32.78370464545946 0.9283458995959328
30.299525722213467 0.9008491826491457
31.42154190528489 0.9184414909148729
30.664349121053696 0.9276268549464322
32.56686398462422 0.9242076938441265
32.67649046590863 0.9612060099606996
31.014299350116556 0.9371922294641811
29.479161806629683 0.8692384228924792
29.90871727361381 0.9130883379884085
31.493634459008717 0.9412879693486015
30.776531489821664 0.959875229931246
29.505128841163916 0.8857006114302105
32.75289909501892 0.9209544140752335
30.74671877288781 0.9607720620904607
29.65067642637034 0.8850709925376236
32.88804497625071 0.9226495326161761
29.451092887582604 0.8875027566344539
31.565969717382472 0.9402856486665635
32.69081192331031 0.9210787465947534
29.885631404691892 0.9349550571998515
31.702395259223657 0.9487972162612742
30.10403930311403 0.9311221100312821
30.428508945066824 0.907484272374891
31.7810357180808 0.9476755329610925
29.487026504230414 0.8867961129701026
29.46393288365426 0.8894656450218306
31.328387120110243 0.9440837420679635
32.63576547014403 0.948737701303266
32.22070607113368 0.9406423738844207
33.98747228106918 0.9684975740556138
32.65633871346355 0.961238265974145
31.80703936239337 0.9549939455576787
29.26433455526428 0.8736738045288109
30.055951287779806 0.9495795233431004
30.556949822819806 0.9169974024455652
30.53100380869268 0.9124806244873814
32.62326540619367 0.9259151670733965
35.61142707876498 0.9806203105586494
32.42420762994679 0.9501636403992368
29.368720454379268 0.8754748069955791
29.383108309160775 0.863340854833871
35.06409998351962 0.9769420917488331
32.378927741954655 0.955898994041782
30.81225264144632 0.965544307440397
33.904193902563705 0.9412580444810876
33.281997846075775 0.9364255329235407
29.972436236871836 0.9228679691096346
30.29175005994777 0.899333045749756
30.123410859023863 0.9288111721143791
29.50188324533444 0.8802384867876684
30.397533831371966 0.9169622036172363
30.27990823894737 0.9294445581424878
32.36411285471027 0.9528869737345697
34.01660587569973 0.978221524411476
30.619148331022522 0.9240709540001631
33.28853519473754 0.9340671337110874
29.32881148577914 0.863840421897662
31.712998733555807 0.9537902816117774
30.08394566181996 0.9355414953398872
32.644011092153086 0.9489874558781154
29.48581152652074 0.8572078352607431
30.716361286069983 0.9616465607950611
32.738179935544885 0.9185618535953604
29.52238080959745 0.8853332334976507
31.717123003878175 0.9301946105417453
31.82495822146471 0.9478743909019468
30.22890830065007 0.939377581997608
31.168973089106053 0.9388297175665757
31.42533005658732 0.9191653454802092
33.69665028779088 0.9588702873500078
30.30999571594704 0.9456689255465196
31.848336828132506 0.9539963612360419
29.580335102023362 0.9162816417186855
32.02085321152909 0.9537455950716488
30.705821005007387 0.8456903868155452
32.9053340934705 0.9764231476084073
34.79469205539178 0.981069390743262
31.750651627733546 0.9519739966969992
31.460635197310758 0.9408648816366187
32.497326851153744 0.9111560561243157
29.841433048766955 0.9003729785559625
32.09060727553353 0.9685160730780822
32.00111530601013 0.9464449034072893
32.61270696230135 0.9249290340390128
31.43330147500038 0.9195713297702629
33.23442361301423 0.9347560950535915
32.34216579830123 0.958536649781962
30.057979440946575 0.9462423717341077
30.124701606738988 0.9514984669866647
29.330184334330887 0.8662591141445707
31.237526140209148 0.9671921446382289
31.15825395171052 0.9603076744736616
33.67989885822938 0.958657932203514
33.90263098064625 0.958977858766006
30.48302570570762 0.9101995440320887
29.3275060355873 0.8421412158545246
31.238689962508047 0.96585563579308
32.647119814873705 0.9586977136140674
29.398618835018908 0.8663465122861693
32.26893998407587 0.9702797780296754
29.47872063266763 0.8493940343453495
33.3795369122741 0.9697920759354176
29.392352642757324 0.8595982173139036
32.60727402933159 0.917263979318996
30.512438795213978 0.9169318917069554
29.31160183874257 0.8569575052892713
33.44901372675345 0.9709092796803209
29.19399861926636 0.8547361427089912
30.62727181478656 0.92718444870305
33.6966178798452 0.9571295936735059
33.21276350854528 0.9258730377258294
32.476068314143134 0.9700179718729844
31.223174729862492 0.8932988753235777
32.44473351437961 0.9701121826353117
30.768329987347638 0.931077561797385
31.361958922676525 0.9696323162470465
33.191873067114585 0.9573732480422746
31.116421188214805 0.8515320211691391
32.407024701193215 0.9674326924223485
32.21874478151401 0.9582552427550863
34.51617903295086 0.9719140746603138
34.23052911298248 0.973302008501734
31.25636929674519 0.9491302957629056
33.05966644682033 0.9252751891534984
29.633776735733754 0.8855536928458823
32.624734112297006 0.9182941829387075
31.40677838373154 0.937957398521806
29.38359646884409 0.830646985580212
30.358590902372853 0.9016987717588305
29.351029211115687 0.864499062568469
32.16891105206531 0.940156529405542
33.375763713504355 0.9568670555014758
30.336048773593358 0.9197905497095229
29.856697713082067 0.8906676730907079
32.35388475712421 0.9577088363292638
33.450848395248485 0.9582601399530762
32.129271078956506 0.9587612592544154
29.633632820239978 0.8481924154012256
30.856514649916825 0.8518818438444207
34.142219781328855 0.9641190469666967
30.327510754882017 0.9078924219792673
30.40507683484349 0.930152194780842
33.86076670988919 0.9441227788977972
30.254962620616975 0.9296571618417545
32.26963914716175 0.9564624478625424
33.640130140344986 0.9704805025004469
29.526230490582716 0.8730896968092471
31.830697689740237 0.9476990181697461
31.416638888793045 0.9185946950305623
30.546108310347147 0.917415249244295
34.727276867132204 0.9804752138232948
32.32982342525848 0.9718999420410472
33.54796203546649 0.9385939560258638
33.12902152671269 0.9518472967598014
30.36856204173517 0.9136839505667714
34.03293762725632 0.9648909169333643
31.0955827374462 0.9413344503313072
29.462759666307022 0.8463534187562352
31.24506746025729 0.9645346378156421
31.572185018223923 0.9485682899837476
34.29750230847883 0.9748436274840839
31.08147176534803 0.8527252893787866
33.26403776842635 0.9675590061570907
30.87891209529947 0.9668101155603397
31.278830162255957 0.9457116658595103
34.04111601123435 0.9586241687468668
30.749235247173633 0.9638410353187782
31.131953454406283 0.8524300432273414
31.288631591646364 0.925031852068885
31.419844724989105 0.919755281096472
29.260754340336447 0.8526380217598467
31.193855922557972 0.9383347401961307
31.305389151499714 0.9468402078780075
30.966037836419975 0.8562856587381278
33.19702826223774 0.9601889657612503
30.8836935823315 0.9087115734992067
31.732757605189303 0.9506204357052315
30.50151296267365 0.9138272933566373
33.26702681584231 0.9235284658382574
31.68477915952371 0.9318797134677755
34.158081979256664 0.9735435643216711
33.16865308976146 0.930043832617662
30.661097758281038 0.9418188475603876
30.728143706528783 0.8735962626557491
31.626566199185753 0.9313759290782624
33.78865797601301 0.9589470594096456
31.73393762031295 0.9550800775806456
29.284009018574594 0.831996291941498
34.2726519129219 0.9688077569985709
30.0476569605959 0.9314108674733483
29.84121200397052 0.9309198010046692
35.42032407976029 0.9805071314549997
31.12846162938178 0.8572637535977857
33.42501825860697 0.9706806009375276
32.2311333022798 0.9518220951718906
30.30196469838846 0.9010820445790925
30.432177717656895 0.9201012368186364
33.56282637570234 0.9389994718398282
29.362720417101485 0.8714725257683907
32.538465334585155 0.9545891356953832
32.82872709752028 0.9162683550848526
31.508576132678414 0.9414999419507982
29.374212347191385 0.876304842692749
32.007131572197 0.9492614129616899
33.37594192743881 0.962984492654201
31.162302169813294 0.8627890166462513
32.42768979771517 0.9492892315310713
30.62165427741666 0.9262359368104294
31.421064544363382 0.9477778920385034
29.42422215329758 0.8757802253079559
32.3289031300038 0.9590341979879176
29.676482568019246 0.8862519827039295
32.41410136517798 0.9536010435326584
33.24735055885379 0.9336337783993198
33.47128619180792 0.9667487381254266
32.16424920036844 0.9604542556319866
31.981538441154463 0.9477994954041069
32.3103836613193 0.9515717132445277
31.584036362272876 0.9361269910402856
33.510674532431956 0.9714882950508438
34.58308144320588 0.9793654114966817
32.672142761830415 0.9502946480803501
32.22952028469971 0.9423150822161688
29.674046308421474 0.8724281857595767
31.190042187140637 0.9643227396812056
32.88562101191075 0.9224726370883237
32.23877271446198 0.9517312445195967
31.9533531211081 0.9453493529615584
30.087900083140354 0.9450884222910246
31.674003076042638 0.950261555930069
35.67122385741429 0.9846456979555238
35.01709232826021 0.9773660683524139
32.659859398040666 0.9169923538334847
31.968700764596836 0.9500749113977864
31.46728115214065 0.9415173916807825
30.276669140300143 0.9443411774264632
32.906002959277544 0.922354346846197
32.12530494848687 0.959980048963756
33.571606719028885 0.9685862433374066
31.175289253194293 0.9432104673708482
31.627694067183562 0.9441522443250746
31.64105846747306 0.9520885202196047
32.59747597914461 0.9241775635719784
31.43759890443329 0.9197401688313478
31.635313167079655 0.9297121652623761
30.605554503074007 0.9130797938898967
29.47368546556456 0.9011136404583494
31.01716231580663 0.8500356880950893
32.55215467947399 0.9229955836128552
31.475603925653047 0.941140787325125
34.55114412160677 0.9712338996707924
34.331068865654956 0.9753392745833563
31.428671699223294 0.9451198552293342
32.37682385078887 0.949950767559612
31.11938668069479 0.8576615996134453
30.303909234962575 0.9016729465905622
33.42072740833674 0.9532002631965254
32.801108637683456 0.9279238130149133
35.71034148803181 0.9846686761004776
29.435015059872974 0.8503184076840691
34.02200268287602 0.9668010076357578
31.46176290560692 0.9406602643668242
31.349647504946994 0.9445983413314101
33.9967057209857 0.9666674607410235
32.64693318026964 0.9066133679961709
31.72785342279632 0.9492712586708324
32.391289160999186 0.9489823548268581
33.17001259111886 0.9304927403447182
30.761391501413566 0.8517963397606664
30.188979493367118 0.9033598387278384
35.83725992873906 0.9852254563787713
33.368869631672474 0.9472492364137479
31.669914371422895 0.9499710646491866
31.487532031702408 0.9405296766294131
34.010422203724076 0.9666795352579757
32.777854664590215 0.9257218025448151
30.763941369568606 0.8515507269113051
34.028873083895576 0.9703076542605911
30.29928949930179 0.9473619102766689
29.31678099346826 0.8565837508463648
31.964571268726395 0.9467719565095011
34.00999368476506 0.9783047456263145
30.959011703619662 0.9459660792171858
33.814636501167584 0.9654127900764278
34.2178444500897 0.9742476533216343
34.8614855775888 0.9750658514186001
31.677464490603423 0.9511110478359774
30.190499596059674 0.8950388104497874
30.6019936672169 0.9298344365565868
32.61782808485347 0.9674419444354548
36.29478599171045 0.9845232793673911
33.115404668942055 0.9334317631197132
29.512229063486124 0.8533161798533297
32.41654748032644 0.95019804801718
29.382827480248782 0.8647504482541009
30.447286495831854 0.9292261165798985
33.80454600065911 0.9585168327165802
31.61773099374968 0.9433782228257255
31.358727654287996 0.9406248200381242
31.67128813919964 0.949939994061917
32.096057439561065 0.9561190116550385
31.029740301809948 0.953518678388153
31.671732173985085 0.9308858016848282
30.27027016309045 0.9367862892703693
35.57662224285872 0.98374949055491
30.52997129929157 0.9091674759515054
32.56264005240004 0.9043171012482542
30.32841806579954 0.9169835935848215
29.575207889331587 0.8528367973559904
33.17052114670104 0.9574057738877516
32.212468532782076 0.9392223541775873
29.999897707942505 0.9208272519670992
30.47122638298399 0.9274678470894256
30.89550007396906 0.9205116424545206
30.52008692756733 0.9282185362862501
31.706415128382165 0.9445460023879031
30.03751467772588 0.9126708010257274
32.220138132317125 0.9428079008194918
32.64122006488546 0.9609311627151093
30.52624826475355 0.915987365062614
35.48677802867151 0.9808707796093125
31.767923776134047 0.945979409666269
30.98692917101947 0.8463878265908463
30.60462199358544 0.9347939336726682
31.922923540404575 0.9423679504214528
32.91154306858846 0.9151548686271964
31.982750247999935 0.9449068015001256
31.162747325388438 0.9088364397852896
31.560658779171273 0.939426221116034
31.796090160906417 0.949661477669177
29.37048819152407 0.8723398869726864
31.807351993871848 0.9476333314565102
30.95649882727349 0.8569143090524749
32.329109250181354 0.9522181095272346
29.488956494629566 0.8613417699346904
33.271131081437375 0.960144640632218
32.657389800445486 0.9698597174065284
31.104473790886097 0.8754796871151331
32.73238638400933 0.9108894412456509
33.6060733340217 0.967947259431357
30.690832415386975 0.9626557082922133
31.7148724719077 0.9470108416447497
32.07256315230021 0.9632973514505289
32.498409242266206 0.9705574946199166
32.657061409662575 0.948469441338488
33.358775750584535 0.9631966885396596
31.34925648108991 0.9454868693788214
30.66609783086549 0.9245650565613853
31.087970209237838 0.9569412535793719
30.30280240480637 0.9050196474410885
31.66544054055119 0.9424389619858444
32.448986678435176 0.9667330448656462
33.30007992687556 0.934027225997444
32.180380449217225 0.9412428724328749
30.058002142041012 0.9297427843906236
30.363432252688707 0.9448635613961363
32.72863231041528 0.9165222868111793
32.81004530640851 0.9228274073677771
33.30691590372933 0.9325920879156065
30.728083198248388 0.9367717654344294
30.08741269781985 0.9431758028525499
33.87719524620494 0.9447882204090933
30.002344549542514 0.9215366177765106
34.20579475075966 0.9737653648775595
34.27714880559425 0.9630977692020747
33.99463696654656 0.978188051738289
31.141951308263618 0.9431196347250991
33.92435831706379 0.9778798144199378
33.24955721556038 0.9466901198580668
29.955317842055855 0.8930746193902428
29.474751693261485 0.8461786120651611
34.74321236939643 0.9807658803812667
32.005050072166476 0.9459322032509647
32.709274813636895 0.9144928557938528
31.97132674233253 0.9461530275942164
29.99050756138739 0.9438630881025566
33.236657950380696 0.9332319668008537
32.8941557130827 0.9772007754841316
31.535135079573497 0.9505419048639747
29.91035123990961 0.9465417428695437
32.07297477958624 0.9588241813616765
31.649308462277848 0.9300561836568472
33.67142175225916 0.9565861128574368
31.673313448467603 0.9509057544476028
32.71816761931102 0.916728638831943
32.27857040800343 0.9642001145574953
31.027656649647867 0.8506803482955057
30.2818066013409 0.9412804080131582
29.34127467033726 0.859113895946257
29.34648330802776 0.8666486958344064
31.431133439137618 0.9197924698305291
33.32310609962232 0.9399988389709141
31.49683845319219 0.9202291410764624
32.63593026954906 0.917281852363864
31.885908917583503 0.9533894057646423
32.83748446623627 0.9323045410673233
33.40465994246612 0.9698351238345192
30.558284940247805 0.9167728244912352
30.90131970522641 0.9356506721447884
32.58718795483529 0.9245850642004891
32.86333012037999 0.9189132780160054
31.190839448485193 0.8885905836045227
31.490254546092615 0.9497206958346115
31.51706133615682 0.9413979791562175
29.53745415557414 0.9147430020202412
30.859010732216937 0.9676352563900983
32.30294426302242 0.9581567866186345
31.438937198835006 0.953607753664629
30.69008838370875 0.9417706937097257
30.25765282381706 0.9422423795375281
32.39513879357744 0.9560095649341973
32.13885260659868 0.9608682514996096
32.82169697034386 0.9228981659881966
30.05854344249835 0.9399549690943976
30.375649923323905 0.9183672283501536
33.715198963406834 0.9573780034647502
30.290904854794753 0.8990583746699814
30.436013479109203 0.9056489617411957
33.88157593371109 0.9572962254297704
32.30531547847 0.9511841452460059
31.741735083479703 0.9470821473289596
33.86731536685745 0.9650500238122867
33.45685889763723 0.9538012941169844
31.6801260608191 0.9323180978822666
32.46934526392774 0.9640152040249793
32.34547875853573 0.948200405859004
29.35836136876158 0.8743573696946477
31.446523355705537 0.9512909118697893
32.607926151009615 0.9686632071576603
31.739630417452148 0.9594545856330059
29.840165581557372 0.9258598990955291
31.323504397676793 0.947908558613678
29.4478692305198 0.8476825450557534
32.67390733578829 0.9488019279443346
29.493972858224208 0.8879743869005939
31.471694947700573 0.9216922780197296
31.14706955709826 0.9461770969378075
33.582822515536144 0.9546418395046917
32.3298286825031 0.9668776401117644
32.52083626060991 0.9707146988469779
29.49145691987262 0.8458399969671321
32.573720760150536 0.923738931407146
31.865397956969783 0.9424119415659753
32.12375510643612 0.9588299643110617
34.58454599270512 0.972791345152951
29.45568574360072 0.8876410769974736
31.71746445111207 0.9500197004263252
29.644795069747047 0.8828227208407
32.013932326700065 0.9633177244554789
31.88409684001789 0.9602094989867128
31.461083417071034 0.940796779418712
29.73111528710037 0.9247125001730941
30.295444684430084 0.8983134253935089
31.32620912440007 0.9250393929639478
31.407084743594783 0.9182929253518817
31.474834061630993 0.9521916964850489
30.066758474710667 0.9480695052838781
33.18897189501895 0.9305885346144654
30.332753322025255 0.9194818080912209
33.19027413826967 0.9319741102612237
29.68510021755406 0.8541819105502024
29.38646785141281 0.8924305734369024
31.46491946280741 0.9200379138839433
30.677082004306975 0.9266647584593222
31.607506759736438 0.9437771824605087
32.27248102580377 0.9717884104671403
32.49215672155596 0.9707585603270077
31.00340776558532 0.9494694805450344
32.08075915081062 0.9552690117574022
30.62286977169807 0.9394781696937601
30.110524887579324 0.9303450091623582
31.982198376408192 0.9479923518208865
32.43720069419166 0.9507979097289523
32.42274111780667 0.9477247858112429
33.26746717197824 0.9332532398487431
30.44679065483642 0.9248680666112724
29.54817548392825 0.8956974663884414
31.3250800134858 0.9488239793107832
31.469772582469126 0.9204333660816155
33.409987492165804 0.9700972301197197
32.756150154940265 0.9259211317472306
29.49403442670855 0.872362595412058
32.65355553359916 0.9618922558665387
31.893043903250437 0.9421044050056788
30.204561080046215 0.9464644502903917
30.318549909043973 0.9206538055991748
29.511174985124274 0.8888992669117384
31.646691053954754 0.9424734454559202
31.78531656873301 0.9539794340708473
30.81206333326425 0.9649392146196989
29.810127559961504 0.8575139539766596
32.81833513657707 0.9309249543530942
33.13535866567857 0.925084823032607
29.297057402022652 0.8819068357983213
33.14676974398663 0.9289894404079773
33.22774919268656 0.9483619651781752
29.37779278909489 0.847544934362902
31.88354923022736 0.9625632159062398
34.04948892406988 0.9681952909109767
32.394738925330714 0.9497704184142062
31.160031754007882 0.8653389771479281
31.430477958061008 0.9186808495704971
31.44187641006933 0.9182691850744806
31.18539614187003 0.9231855245360258
31.11777599006375 0.9432618630320511
31.565543608088138 0.941887657500588
30.69703343004335 0.9595397492423605
29.48015923922562 0.8896829500745943
31.262791919683984 0.9493539750980401
30.98490204465575 0.9393767967511435
30.657217983836293 0.9356311908355552
31.471376908367212 0.9209550598335868
33.21952276786775 0.9331447831620718
29.40750731059014 0.8678977047760116
31.455092532955575 0.9508513181127604
33.1718844240982 0.9302426659075917
31.006193510716 0.8843174958801955
33.43666460235285 0.9530574124494816
29.49152978264828 0.855527311198154
31.792933459067104 0.9468941474345214
33.48542493498193 0.967269731441474
33.22718818257256 0.9339444845081089
31.637335852513246 0.9469273937391309
30.56257022545877 0.9171117889964855
32.712244440891254 0.921273929124231
29.275225639999 0.8391271359718752
30.796942186415496 0.9636549866958531
30.2465089325624 0.9324682517518401
29.755176273752024 0.916916406271492
32.85934664701644 0.974825902471344
31.797352288500935 0.9473108393848121
32.31968091604234 0.9490463588956736
32.67517329636866 0.9499033735556356
31.964193952078634 0.947141256220813
32.9149464958908 0.9208995498508046
29.485896780448527 0.8857624332056016
33.43682498228207 0.9706704224808299
31.57231149673455 0.9298056027270444
29.462798089249667 0.8598040434370331
34.69962865541296 0.9803595620666222
30.726022265083024 0.9602102978463634
32.58384152529764 0.9600644566152863
31.670035986218025 0.9478331264346982
33.245683318818536 0.9299706593279833
29.36149990506059 0.8525937246613201
34.715523986074245 0.9799444169934146
29.96494493901949 0.9240361286382538
33.08136152394348 0.9783270383562581
29.39083441167826 0.8616222674483857
31.402665417379076 0.9515501127718099
30.57078381785715 0.9359393859179825
31.04196678014101 0.9097277231259479
31.012845282401635 0.9114702467852435
31.304939216742493 0.9175880922062294
33.85195453288266 0.9667391404563119
33.17354044046583 0.9497235532815144
29.77839560451347 0.9341954417196542
31.60220325046193 0.9388837355740571
32.68165360306715 0.9213148724318762
33.238754091237226 0.9324703634264296
30.96678157109825 0.8482987781973927
29.740673709148243 0.8581712118975016
29.37971214549271 0.8722039987419181
30.847986253703866 0.9321440828122142
32.5901793004617 0.9166563222568384
30.67228590854318 0.9394305394678614
31.627908749838923 0.9419930906267578
32.47335634227186 0.9702721254323061
30.73669709527467 0.8485588487347351
33.491649366832945 0.9712359786531534
29.526773408913627 0.8505068647689636
30.84827217726007 0.8487744297223517
30.40034442682318 0.9032527197806273
29.276168575781682 0.866379351384127
30.707473031273782 0.8445249212351363
31.387165692160103 0.951332515548854
33.20144276266122 0.9287548298065909
29.646590788704138 0.9383707983598166
31.06518317259106 0.9411229070773369
31.22264650938247 0.9440916411514386
29.396684417131592 0.8965414450946844
30.648972043856332 0.9263816881825251
30.3679422079089 0.9143061024479692
32.60860639944324 0.9171972903441146
34.61986707195455 0.974491548442076
30.121823936916105 0.930689454720191
30.052300774497162 0.9075050333843756
30.155567348511703 0.9378932631390324
33.7078248582042 0.9575949528397896
29.46064169087382 0.8548760862513217
33.28352800708002 0.9611584309938365
32.485930317073496 0.9703895674112804
31.444310429323767 0.9409958045938788
33.25489011098341 0.9336263864676798
31.47238411283236 0.9489360953346464
33.0850700740323 0.9418127903933119
30.103788061204376 0.9364101122597589
29.36530553860812 0.8574785212574039
31.45792841690417 0.9206149041844469
32.8848225696596 0.9232966041841352
30.983968440799813 0.8821199432231215
31.309727762816763 0.9121738559441299
32.55862723926612 0.9238243755514073
30.757508715132133 0.8773710076299472
33.57080809006024 0.9389412643034559
31.4538269026965 0.9192872223525711
31.570280085546013 0.9436436180287096
34.34831630770502 0.9756977234024834
32.385910803371104 0.972554791339477
32.17480936697 0.9688053861644228
32.40322028267543 0.9499435833336506
32.951814584030544 0.921508119854814
33.22820082384837 0.9522899730190356
32.508314340554435 0.9545951891623
30.972611308181605 0.9640662317039936
34.47913154053227 0.9819703966238181
33.17166743791019 0.9709760115798451
34.035409546939476 0.9401802990828568
36.49949947896088 0.9865468632662464
30.963937631480075 0.9669314446165612
31.207771281457806 0.9435862144414255
32.84415593805229 0.9707118499137376
31.090626964750363 0.9427321078435887
33.17498267391509 0.970918467195091
31.53111843565644 0.9480875419421091
30.83397931759455 0.9638134495109197
29.976521895342934 0.9370445359892913
32.716802446294466 0.968657209564861
34.487806920249525 0.9822503092547686
31.137000863458816 0.9683162793107422
31.260280791593935 0.9671278932848292
36.57097552210336 0.9868347320930406
36.51844246979173 0.9868257599629404
36.629387690065904 0.9843048401516147
30.029095164719738 0.9396640346755932
31.310986533658554 0.9685443673515388
31.293045469130423 0.9439699089934169
34.52746562147398 0.9501291054962151
33.163050095712386 0.9710851049455226
36.530381846545396 0.9865773404383675
31.54821002568614 0.9488943897722555
34.013279708955196 0.9423027037112369
34.512128517577985 0.9823566827983076
34.223722139736964 0.9763280873762457
31.180835763740184 0.9653648576575596
31.250016778049932 0.967667205646891
31.210738597122827 0.9672476038892193
33.14158736273344 0.971108999868524
34.364415722561745 0.9766411066690457
29.931899925043183 0.9375508058380184
34.26805757598328 0.9772119471472421
34.424292488381425 0.9828467519495642
29.956374991667673 0.940650720610065
31.47836496093881 0.9624300452483758
30.771147253118446 0.9093158534804557
32.22766944759104 0.9509244346949473
32.2443598645572 0.9519321574825628
30.047601453248483 0.9394548744364468
31.25350546877883 0.963232048535519
30.884245672695663 0.9634471103854504
36.503743678529325 0.9866676540654314
34.02008532799448 0.9430077917924526
30.634289865137866 0.9075494044305831
36.53617641689106 0.9843201415920849
34.5184422100671 0.949566751701861
34.92205191064079 0.9851000051443208
36.834841716134136 0.9840189180811428
30.901503214689562 0.9633437492844759
36.388207022271835 0.986383614539252
30.956280956185907 0.962131164082716
34.455157079755566 0.9825454291156404
36.5290218065953 0.986664933296087
30.66860515071072 0.9072397502669093
30.89193242597375 0.9626931420218724
34.66881380311537 0.9831722857399794
32.14770553577986 0.9507920809211504
30.800091475027294 0.9104171917300149
32.190027166591534 0.9511553466989974
34.505031378105 0.9500845351547317
33.25925966049106 0.9719948924913057
36.873205161435195 0.9841179655631028
31.46222815522504 0.9459848183197405
30.684062050094703 0.907847540200372
34.527451295596705 0.9501090836982704
31.3519503157789 0.9688673548072819
34.30817594233198 0.9780986418095958
31.53589318843448 0.9610430064676453
32.881207306016094 0.970312003037686
36.680492906504576 0.9839673833513691
29.981239787578488 0.9431515617853965
34.324194133816434 0.978525096015385
34.26458481643869 0.9822931801430187
31.265290100209803 0.9652537087546773
30.874837434160725 0.9627360537901475
34.02636936133557 0.9419460912484233
32.164237271869176 0.9507820474570546
34.39747955225187 0.977233241476625
34.44291355322221 0.9819326884790086
34.197246344699835 0.982185217515255
30.836297404245194 0.910526289061514
30.970953344528006 0.9661758999745943
32.84632889138389 0.9702641426549379
31.421675953524165 0.9663861741981326
30.852477240134913 0.9642741001095924
30.899671710771663 0.962742204125362
33.19647579084651 0.9710880160402521
29.957364767362293 0.9388629570273687
31.002962599462943 0.9625319855764489
32.16540533584897 0.9509358408449508
34.077614070085666 0.9428041351326277
32.13674258305821 0.9512951177612046
32.88857836168216 0.9711618241872952
34.04131203630104 0.9418559172450326
30.820228287593984 0.9647333780814978
34.56472722864465 0.9494296064595333
32.79972300440393 0.9701638821696887
33.20918435491181 0.9715084179929193
34.06912739929298 0.9425588675976676
30.705374319045752 0.9079625147217872
29.824759697131608 0.9353558898990653
32.77280590676626 0.9685456446335745
34.23713237467587 0.9775976658761035
31.178053557885246 0.9676638683490495
33.21358177842425 0.9710468014113216
34.56988871006048 0.9500216173631458
30.834824002303197 0.9636620851236949
34.6103419046281 0.984187085159139
34.05666843741338 0.9410185533882902
31.261574933543187 0.9667388487659533
34.63616613701101 0.9496114310995858
34.46037879193852 0.982974409852779
36.43708427833461 0.9865650251705064
31.17824395654178 0.968951610912501
32.24718192800785 0.9512028145238781
34.069347673602444 0.9420279965352003
32.72703093950406 0.9694318571878348
31.307396481686652 0.9680780169037038
36.737720625608546 0.9844728602835667
31.457578207562168 0.9643975365785269
31.381664628470443 0.9457724276921138
36.94098599343016 0.9846929140542362
36.50625584291617 0.9867148278172564
31.112473655604536 0.9622605733800962
34.425528004714735 0.981945318862548
34.327022538331356 0.9811229867653648
34.199029292444735 0.9822578718114189
33.22554297085149 0.9714527033312892
30.66305391210793 0.9075138597299676
29.77827290063344 0.9356509296219285
32.80593313522996 0.9695421410148324
31.139519632097414 0.9425084196799703
30.871611484337606 0.9632623721737908
34.47128560990093 0.9825933666340695
32.17505069889489 0.9508694623101838
34.39404373107094 0.9502080719395324
31.057741087644906 0.9648157077397602
34.4365610222802 0.982297657649431
34.461858979508484 0.9497742852208979
34.28250389817316 0.9778755202656455
34.33421808803511 0.9777901868004251
34.39341015943425 0.9813693600266766
31.119934605091398 0.956658588266064
34.734316456270726 0.9833672308389935
31.54916681479913 0.9482785112561792
36.73650022089645 0.9843531639714422
36.69873922286672 0.9835028539081799
30.752441258787595 0.9088276838857873
