31.8904804333333 0.952977316771441
31.978638895367663 0.9584791112061013
33.646336382964094 0.9730335604454377
33.72052646915531 0.9694598413387483
33.99574837247344 0.9712376662356704
31.384235475222503 0.9316166078980952
33.171504705383455 0.9708958823492184
33.972537434912525 0.969923352079423
30.51864397304952 0.9374559388770872
33.13166339938298 0.922436482902429
33.54509819271735 0.9323960962308835
30.107764651678323 0.938309443994743
31.41124809635088 0.9306357485126023
29.44912702912834 0.8809462143465929
30.040368258065747 0.9412675632211517
30.675576706127234 0.8672499953481756
32.930553306762775 0.9719774664396487
32.76093406276725 0.9704834124548687
30.494619927554165 0.9005688044219171
31.80656629620887 0.9558039573657917
32.00834112679816 0.9565501494899626
29.26774573119378 0.8645697550904203
32.63323382526958 0.961656544815969
30.795928628791472 0.8727071212586268
30.20982662262636 0.9229030883505507
32.956581341453955 0.9226059072602397
29.90808230688429 0.8765548014318895
30.226074127521862 0.8912413757446687
33.08959045108414 0.9232330213717639
29.54279490752791 0.8725476548398153
34.596723827270914 0.9741632048567644
32.753909226220074 0.9626071963399107
32.86780686756175 0.9717395109523856
30.825573364227672 0.9024211805037604
30.35914595066427 0.8974439441792571
30.842072846380255 0.8767531828470614
30.408199659435205 0.9348888805109244
33.0121176345278 0.9269194036479455
31.40971504440815 0.9339954436444996
30.398432061201184 0.9498627187162192
32.02850925002602 0.956941230448845
33.64926524745206 0.9392672990914698
30.14736814248038 0.940033464115709
30.093434341014603 0.8855115248358691
33.43063793354147 0.9714844676753657
30.357876146653197 0.9473073164194599
32.168071621724785 0.9612340540020016
29.69606623064081 0.8945551834362679
32.904095248811316 0.9717570500886598
32.901014244551405 0.971779044191234
29.617039668668646 0.8699789490196776
32.71013138616151 0.9267046833040739
33.77927399149175 0.9758948827675872
33.42404080449154 0.9340902415211483
29.939362976261954 0.9286228185512937
34.77969685153941 0.9747795638516945
30.095601529030944 0.941877444533051
31.86860880472964 0.9436470000095302
32.26336219197943 0.9591196318745323
33.53165945802388 0.9738289919631585
30.167356585849426 0.8775373834531512
30.00380201875125 0.9389298272096132
33.126702013582346 0.922853806605003
29.919808349804033 0.9265984545907697
31.66149124158947 0.9574421030091805
32.36459167582821 0.9602627037441498
29.857137780705465 0.8898410508849662
29.50292429846123 0.8631135746357803
29.739567878615063 0.9057197644557375
33.75454698167317 0.939809575823332
31.594359811231676 0.9532033033712054
33.319335844326005 0.9739732185590332
30.05089848763586 0.9084855867552424
31.220102347187584 0.926074395227767
32.5796054317635 0.9710996843346754
30.386190546671784 0.9065175672875941
32.71298634478447 0.925863739687905
33.09465424390855 0.9683854134021277
32.574285231523504 0.9712157698340469
29.570911679965604 0.8729044200707976
34.113286630030466 0.9738546954465344
32.019644013604044 0.9572785639301415
30.468852207922 0.8632843219168956
30.132525478688954 0.9412312344041018
33.48510057160802 0.9763043699700065
32.647736735667465 0.9263690072930714
32.28393888581584 0.958652197940973
34.24675279470965 0.9780438521713377
31.389353917783396 0.931711722254952
31.922530678168748 0.9601023627920027
31.707426290112828 0.9554988663394579
34.731856361715636 0.9725721655071582
29.40553273414104 0.8760529757457772
29.73472506912583 0.9138077303716368
33.01445542822106 0.928154230398054
32.75056427295097 0.9254373211101268
31.588821874018187 0.953713881278329
31.667923856813324 0.9548075046398606
30.17917470904809 0.8843720255434859
30.34196356304207 0.8905952128669736
32.11281914897552 0.9632107218024434
32.00580664405979 0.9573533927026502
32.21462518751196 0.9620380988154286
34.19146949735086 0.9726737066660557
32.29072981612752 0.9607756720603018
29.439643823697097 0.87475277631217
33.33048102401318 0.9691594143205808
30.78553420032632 0.953902925194428
31.889819357187932 0.9558534322289222
31.830825899916697 0.9566047558956754
30.221188614718816 0.8780849696119448
32.62748198658941 0.9245143876722038
34.27728169106781 0.978415521981535
33.64373878343757 0.9404508594817191
31.850897731680163 0.9576730281666093
32.953821846401176 0.9701937971751241
33.16820806398594 0.927256057914751
33.780744360936865 0.9755433800163246
33.683469424245345 0.9721869611496052
32.633358258285696 0.9247374382693129
32.28847925103998 0.9595951429834153
29.919362532806332 0.8841320060452016
29.853509564224275 0.8851936125908813
29.600669722684387 0.8722751117059865
30.75478389254055 0.8793342995141925
30.404187352934926 0.896106250708772
29.760063982100327 0.8523492576369718
30.16010338761295 0.9412775116301381
33.721082030794385 0.9393600159472157
29.99218070843301 0.8813181323267902
29.701639188032424 0.8705072235118834
31.407989071490864 0.9333631347871206
30.580001992856438 0.9453452024652432
32.228238005381904 0.9619373483526946
30.542367938943443 0.9497412194624067
31.42672405240042 0.9322910237336864
32.82931728215476 0.9291110786684045
31.863565745788335 0.9570349731870597
29.642872053213132 0.877194314272632
34.84274939842611 0.9767734399643109
32.31888038139894 0.9604350874217532
33.106004081339634 0.9742742773528009
32.2664138624964 0.9591083734057189
29.84433223288582 0.8862470972533006
32.03838940629035 0.9571777165025511
31.851430476372826 0.9544643694297319
32.67465247599766 0.9629342414802643
33.520486922372676 0.9731103995395161
30.783312479287584 0.8804190104289016
35.000038205534686 0.9774404576465808
31.585847357135457 0.9393148006399645
32.63028954830707 0.9618592034774044
33.75975650206687 0.9664532520119289
33.420633756277184 0.9724295549817712
29.256958312465 0.8574684927688419
31.633965446574955 0.9521339582211896
32.88639014746659 0.9695707186469107
32.002364278575534 0.9626096210537979
33.97980104298899 0.9703428888248488
30.534497450871513 0.9407144229904238
32.82856492663961 0.9297641622599864
29.741134865337205 0.8743714340651301
29.720897794246056 0.8661608187609169
32.93118337065815 0.9266881642783175
30.270028515195033 0.8870174181900895
29.733713697207342 0.9078309414097974
33.62348007118138 0.9721300480977482
30.087258090456224 0.9391809564152015
33.4271241803186 0.9669010498363066
33.510149185821156 0.9738320283001412
33.24026029013221 0.9260402632005915
32.20472999575498 0.957994664051806
29.83015718931032 0.873688524722737
33.71131523520586 0.9731800248742692
31.70711849202329 0.955508143112296
29.4254292549478 0.8619199367839331
32.994724617313956 0.972904801636574
30.167363204684076 0.8893321673165439
33.43741519265941 0.9294053558914329
32.19055117763796 0.9590208286715894
30.39624216947005 0.9408825993148522
30.802494039270943 0.8725136538080867
32.69282700480254 0.969907081771657
30.407046395822253 0.9421057395113486
34.715678790951856 0.980470839376851
29.46030848073122 0.8590156213605735
32.10362952534088 0.9581968539625398
34.958741487923064 0.9781667392916448
32.83902702479507 0.9289580626143041
31.232115032835882 0.9251433607944782
31.677967329341584 0.9588459448154567
31.317674319597923 0.929815419910524
31.62558071238732 0.9579415334967729
30.239967144315468 0.9379502462308568
32.87411348971094 0.9245513642618508
30.471386469935815 0.9484470976121431
30.005420048341517 0.9363911561682032
30.66526229383923 0.8649202558386904
30.196773983841865 0.8784155063409104
30.889869632041464 0.902535012687624
33.45123097875684 0.9732154513630449
31.999236082496036 0.9608044237841452
32.2684878839774 0.9602105727838027
32.8145862541062 0.9277380134024802
31.29574549266707 0.930214500892472
31.399803843553578 0.9308063889735017
32.79486067498925 0.9699443960400932
33.42041990888727 0.9296102130048995
30.410457382162427 0.8994738596166307
31.823503568090725 0.9564940285152592
29.67423170547916 0.8832812308723597
30.13446150924471 0.8941230189542432
32.78251084612806 0.9703380227953899
30.17250726251141 0.8846423593711177
30.577821229952356 0.8940464107032717
30.126259285278827 0.9349540768781249
33.08233670462449 0.9225556077286463
32.90995050738929 0.9710884156294972
30.813482153997434 0.876887566291652
29.87043817437592 0.8874991145698459
32.27682913016509 0.9596341575049381
29.424460853878685 0.8618493101209072
32.649961529522365 0.9696054446512684
32.66860195990115 0.9628013839808363
33.42843068397877 0.9750377913357008
33.011015761010505 0.922707622952781
33.056408750353604 0.9229575909816337
31.882916650665514 0.9588147817993025
30.843294297781377 0.8879388655744178
32.369092145228905 0.9606688955527635
32.811166987918426 0.9281986321749488
29.849726542157487 0.8588619495915352
30.182873933545572 0.8861387983924013
35.015148275329445 0.9775578144009607
32.130307471581155 0.9621376899809166
33.11181175835384 0.9687385709405322
30.826309630522594 0.8993698361210029
29.474788276520524 0.863034753977997
32.18454284626764 0.961792838274478
34.83642205107475 0.9756309308175486
32.91826229039795 0.9715051018905069
33.15217522796949 0.9683574215805346
30.239981997684644 0.8898481129990837
30.521744070300556 0.9431087296388493
30.493906791717787 0.887026980411982
31.673027104398734 0.9523186323346823
32.76263759685223 0.9699839470540959
34.144150206599086 0.9717232820906497
31.370305793663658 0.9316707244812619
29.52747337549626 0.8662431675418532
30.079033076364414 0.8912809922413691
33.84370613186099 0.9705269382043643
33.16906581562727 0.92563905519776
29.39714352204883 0.8855396290513602
31.205153789585168 0.9075233076174297
32.86644950685415 0.9251306136334613
30.594525905299722 0.8925122571723728
30.45251172349662 0.9398006681826224
29.853321661802966 0.8731800561598847
33.611076896220524 0.97205321839886
30.253839555562145 0.8854516654031075
29.556068922503457 0.8717626859497644
31.754660184827877 0.9564226713986889
29.62198644223012 0.8715319923937099
30.093313175597935 0.9395577754243851
30.386651909977775 0.9377858438537513
30.343834342195475 0.893816084155257
30.48055798972701 0.9362494988376665
32.167552486317454 0.9615681870365776
29.763466858886378 0.8894527984344357
31.540506618284148 0.9568078178201168
30.24028278934104 0.9470573512305729
32.83719830462216 0.9302715790120607
31.808477853396838 0.9423719289089625
29.528437639135277 0.8564838086384413
31.589933330390107 0.9393158770548119
33.32442936641446 0.9703456164905633
29.919674901715933 0.9107981378599662
32.64552277287827 0.9724906815089847
30.039393735031293 0.8904139366307643
30.80794401903613 0.9549054981409194
29.891150534269716 0.8668551620324398
30.60438978088954 0.9479125259065341
33.68311044067087 0.9746472641582006
31.244364593639112 0.9278333732420722
33.65680147232668 0.9738246190626026
32.25921928936764 0.961599051032348
31.76718377532405 0.957299089561843
30.831409282520895 0.880762501594627
29.476016329583288 0.8631574035471391
29.96136857148253 0.9344167373929233
29.67318788060018 0.9190274790923997
32.33501429694891 0.9605755660680458
29.71759538641814 0.8720454453288063
30.213003776672295 0.8848513315273847
31.587575861172994 0.9384650341158025
32.63320684511829 0.9685472130661534
32.85513838962639 0.9243499651406806
30.484045885371035 0.9496800196717818
31.707716538316227 0.9549878642180898
31.402844081897953 0.9313894992852911
29.57912423821793 0.8740166995459225
29.344049844101974 0.8618694118616879
32.57447830472167 0.9615204102243123
33.909661809463486 0.976630132294599
32.541249429043006 0.9708836583069079
29.469037786856354 0.8887530193879781
29.53113773119891 0.869208327806946
31.723540633327907 0.9548335045297258
31.803179436039656 0.9547496099942977
29.57782344417413 0.8831905618157434
33.53948779449144 0.9641674502391716
30.30374484107306 0.9195478476491478
29.426823754741687 0.8464743229447154
33.97596638491622 0.9677198089628035
32.857402497744445 0.9233943812933311
31.7533350972756 0.9561586845343715
32.757904443879426 0.9276660591092175
30.584785136911403 0.9404849145760764
30.773023734741244 0.8608856724816957
31.6071611304912 0.9529857492693845
30.286054037338456 0.9462035419595638
29.6562717514281 0.8820106521862002
32.650316874629304 0.9278238301056496
30.7707971257747 0.8994646689307084
32.49881369562522 0.9614202882597134
31.465285651358094 0.9528038634159296
30.36348311228589 0.9383950112537411
32.10605769490834 0.962305493311337
33.450315167980705 0.9726771979646286
31.52708833515749 0.9526104859629949
31.008433920356772 0.9046555656632639
30.11529463309897 0.9411236682481877
30.377920490721046 0.8893917195422724
30.296150413467227 0.9351905834823517
31.718052833875415 0.9572381676362509
32.97932852448347 0.9220182913369352
32.584000782708614 0.9682713848876241
30.422344001111668 0.9505046660495288
33.073159745404276 0.9196878394367451
30.101848567045323 0.9384483319005493
30.373775923048353 0.9539240044375076
30.50332898570992 0.8778996942151563
32.59525914218611 0.9633479069157552
33.11501725808087 0.927352108466226
33.10319154780808 0.9230005589290594
30.474536536396247 0.9409488648957782
31.414198122587354 0.931549000156829
30.1892081859538 0.9435991193179617
30.149327621939083 0.9419565442296465
31.67958805549685 0.955040376671196
29.96945094569901 0.926519978688578
31.533080344347848 0.9365050569021174
32.16867946886863 0.9616954534256738
34.31857193194037 0.9789788189948873
31.538462798118378 0.9371264368309036
29.579050887542138 0.8705365523604109
32.13133263186604 0.963263005326076
29.929204644071902 0.8825463112156211
31.839500756529247 0.9541377326036018
32.88413178591297 0.9234233791160736
30.43588673929726 0.8562822383401882
31.660918519438756 0.9519701750475837
29.80549587727068 0.8742757066379161
29.796230541078526 0.8936123696934748
32.20902902255706 0.9617925944070106
32.23964615249926 0.9620968453658354
30.042722687655704 0.9306916346118843
32.18827667904556 0.9621568281464785
29.49457001161434 0.8692044002556626
30.160180175306586 0.9313549017185715
31.710323133485264 0.9602915134563144
33.39774580468659 0.9759060572503474
30.243880209822215 0.8862502157077052
32.90229462460952 0.9267374428852423
30.380683417474735 0.944107018901857
31.519891867246727 0.9351205466080698
30.02064803232404 0.9382122625377232
29.909380937791195 0.8915695267678556
33.49270596375143 0.9669697005920075
33.43973562285121 0.9723371188565071
32.25785766686095 0.9589276716127273
33.07805852115395 0.9331326481805005
33.39248935679255 0.9711738921347463
32.23853296346376 0.9613839271284071
29.498377108379582 0.8803073838652022
33.373261845975584 0.9721333597924418
33.3548835969707 0.9753843901091799
29.97743500233911 0.9380979666722515
30.022636361784222 0.891991196975035
33.084260917501474 0.9266964827090522
29.675063237323712 0.8897877210026457
32.00710612251914 0.9571407826407483
32.56189486914803 0.9714252515022093
31.838016411678034 0.9576546370283862
32.697393682509556 0.9693802279334442
30.73592409213998 0.8659518784145949
34.41825319154158 0.9762455222523111
30.744717539497568 0.8789524066342216
33.633268077613316 0.9655448128361382
34.53223315654752 0.9786200405865169
29.71757377937685 0.8820989724767982
29.69657673795785 0.8897331175276029
33.46117050754388 0.9729317529458293
33.52566280761563 0.9732039258633536
29.73696100376494 0.9048337365475754
31.68905587710208 0.9549850002451894
29.781097637856213 0.8596571848064466
33.677402487870964 0.941346620873688
30.162650865963307 0.9344742034962887
29.436554411160238 0.8632499108631849
31.135781248429023 0.8769127803465845
32.40765813931188 0.9623793483780825
32.02352562092042 0.9622475158351574
30.75360588717807 0.871713543193329
30.06372370675806 0.937616581649485
33.080667778691826 0.9275198395351324
30.354074202480405 0.9426498885366674
32.632323438433744 0.9270620242480629
30.245354124804397 0.9355393045385043
33.79167445553992 0.9753963136115388
29.67631378929529 0.8800648421614833
30.161614098766552 0.933055584653318
33.288533321637544 0.976407960321319
31.563918918602457 0.9369317746147532
30.5952547501734 0.8969071491468539
30.532855794104137 0.9409099382233818
31.66839560239723 0.9522323196491648
31.725077179963208 0.9549357968021042
33.41545899941416 0.9765861064129974
32.93642148403163 0.9711390472025088
33.43885034904263 0.9298224556816282
32.30958745484791 0.9604592975616251
33.76107199799637 0.9733857890261016
32.005549443617774 0.9570162975307249
33.15117380550769 0.9240850667474796
29.64473476655514 0.9077495817999974
31.83897584547814 0.9432635078410279
31.677330711695703 0.952247626640748
31.79295237451772 0.942823254464147
30.780685238673872 0.9529522340467614
29.426729645110036 0.8584550157131591
30.143310198958595 0.8781679869980228
33.31072951481058 0.9690447835787751
29.38285548611614 0.8619952793792459
32.062342682219864 0.9620654093520913
31.591659976716606 0.9545268190788168
34.72044987618949 0.975252468517022
29.50049008163979 0.8632187716468621
30.710713530351256 0.9492989753837631
30.86756618976826 0.8952417349158283
32.40457248115395 0.9645928378066628
31.432194569528026 0.9332561701135647
31.7305509700479 0.955240570807311
29.445734534018904 0.862383172701812
29.739021066104527 0.8829658954501411
31.796128019397884 0.959649357587456
30.06425368527326 0.9341494852761393
32.71531458856669 0.9253368520029648
30.060436966783364 0.9383222013021871
32.28952867512148 0.9624103015096177
33.0170416965033 0.9299750679440657
33.0079677343966 0.971776202815944
30.37398727020414 0.8880988590864873
31.698318063835874 0.9548996245275408
30.25441676960343 0.9389334875562748
30.49593207858409 0.942460449066152
33.82767605359957 0.9749929669422127
29.580293033099135 0.8757521065287498
33.81376813011287 0.9712227422419515
33.03808230269163 0.9205204621844664
33.509768275350154 0.9740126809811166
33.231645478975224 0.9271772860204953
30.086251708640212 0.882876046784452
34.33934044992846 0.9791874934549025
30.122054992849062 0.9387502995972058
30.78487295838753 0.951538938708526
32.96186148914952 0.9706109624916154
30.28064565054234 0.9457653231971613
33.369171594383424 0.9755097810009791
32.63677612334379 0.923345664842703
30.510741723933165 0.9420757831095451
30.55965344327457 0.9458171330068974
31.258160148686155 0.9271188527386234
33.62669371941309 0.9722535937933434
32.534782226976894 0.9716528308791534
29.494975653626767 0.8803429366376745
29.602709413194425 0.8664170716033367
31.55462171425702 0.955214057729799
32.638180870542485 0.926349697632176
34.2559562978522 0.9782485775978508
29.487814362933204 0.8856671297559472
29.703174497965268 0.8821460647132855
33.25429677896394 0.9275659936502928
33.44442000763976 0.9753485501520515
30.794054618780173 0.85850503184541
31.449872458831724 0.9319030319591453
30.6500003363982 0.8531357762918096
29.349334408525273 0.8759499492931025
32.701563027024555 0.9241813327702896
29.70179460142451 0.892304450156114
33.92660755075789 0.9747298811005072
32.967588177939305 0.971375357854334
30.53481264249787 0.9454683966362515
32.266226238877316 0.9618222834791504
30.41720738211419 0.9349876311811962
31.839422938233717 0.9552868320535631
32.23113660600221 0.9599671001084982
31.851022840092536 0.9544558285126312
32.70326961768185 0.925764502383233
33.13544636364559 0.9244241928369268
30.68211414291854 0.9468892269597136
33.11094276366148 0.9130687820162141
30.731424361145123 0.9565024236936353
31.67168473496335 0.9518552884782594
33.45570976022747 0.9719112878424779
32.69857493793691 0.9250808578355569
32.10909927860706 0.9582941204366003
32.63409566754162 0.9718151316209199
33.49664998300787 0.9681096546867878
32.30180130095252 0.958808156553835
33.0619610899374 0.9234962530835653
31.718988735433623 0.9587441160081879
32.04820023398696 0.957871366628012
29.558841010414536 0.8748551944536285
32.19989069954324 0.9592245637151017
29.477900343540302 0.863435172172581
32.6449784425942 0.9724785788557508
29.447706205639168 0.8794174562691924
29.52667553287576 0.8695057933333629
33.68661128369031 0.968321419575098
30.79096160795084 0.9514235307769535
33.11154110608076 0.9322266956212102
29.573967794404016 0.9150877844523425
30.835437526294754 0.9536602422382204
34.465856718096376 0.978244942791028
31.700950537208847 0.9540518110327083
32.04346255080662 0.9569152850250312
32.2232251578871 0.9621968998966569
32.825103075369725 0.9288202152272919
31.575244244532648 0.9383669291200399
32.57733170356804 0.9606988922120699
33.057730451715656 0.9149012353542497
30.068530869927837 0.9367449869067238
32.69357662348577 0.9264725156620955
30.630508099448267 0.8658478914672032
31.64544404710609 0.9535724685320139
32.28939399538793 0.9640594250546334
29.73066138561153 0.8721737197913121
30.397214730128518 0.8988179571740383
32.6530486259751 0.9693467877515392
30.356335421849153 0.9443699312139379
30.344337584333264 0.8882316744101681
29.55673079427983 0.8793107938526042
30.770082271752102 0.952592772330292
30.257720403197162 0.917677986636382
31.823102888657978 0.9426828485730505
30.081662321286785 0.8902250133963531
31.288054580641663 0.9279131256338815
31.95838265418081 0.9603246774075973
30.071452238401815 0.9208143023186375
29.35939302057762 0.866554872919165
32.07196011621886 0.9579375796480126
33.465530787570884 0.9262663478747156
30.422794939643186 0.8583332639661408
32.19322348984183 0.9621139357321741
30.491679795961403 0.9456678144973328
32.85784265428066 0.9711235834908811
33.56890057094772 0.9655080788189855
32.86546171358672 0.9711651890645385
33.02136848565069 0.915608190061747
31.412999993337444 0.9315860325392319
32.25932495671128 0.9605143159430974
32.669319390938384 0.9630507465577774
34.115347550842884 0.9762669554125603
29.522414058245626 0.9022733392351968
31.997238015428184 0.9570995896007257
31.698675246107513 0.9597442684105465
33.44122344442224 0.9348768465814594
30.284739765023694 0.9350217698566823
30.138674660848416 0.9366553186218644
32.75096683880989 0.9696668448646483
29.28092913028706 0.8779755731739967
31.659584392285925 0.9558609850561832
32.02333140564775 0.958480175515661
29.57904331335814 0.870893048433377
29.69012578389239 0.8770987693436195
30.355027355466575 0.8942233488337853
34.66173174843813 0.9746327692959998
32.560869411312396 0.9704656369179767
32.21457837976984 0.9619780135994801
32.16730650653858 0.9620158131584191
32.15828795129919 0.961906900846563
32.272143800481786 0.9599912412600881
33.95685682684065 0.9692750576831387
32.79216066383631 0.970180552877762
29.9524203152375 0.8681372652432228
32.851839508975296 0.9241995912389536
29.49066898606855 0.8432749353887187
30.886569743883943 0.8626458179686433
34.15985807452274 0.975990081323732
30.499397610029074 0.863111897009814
29.750086727907718 0.8610267196025191
32.31725841196616 0.9598736806692905
33.428669107695214 0.9340326760544944
32.63972520591871 0.9721197980089223
29.48422848764176 0.8915819826137759
29.64732673790065 0.8656142427783695
30.416799809050318 0.9429425508741857
31.708955192042456 0.957103154302038
33.43878684509845 0.9728121487213002
32.123415268172934 0.9575540664229527
33.447807884769105 0.9301466962011392
31.328595556649596 0.9292058516595727
34.2581668495798 0.9791259313967753
31.401446508766917 0.9311917443397165
33.06824957476031 0.9680770818221853
30.777751980281497 0.9044811964820105
31.81542394174044 0.9549262129602804
33.086029997975245 0.9239867224840665
34.31225868031815 0.9740338449714284
30.223680857459172 0.9304844088764518
29.545491482771755 0.8544568512389674
31.25869710814456 0.9276464692709065
32.6323677252834 0.9710292642294072
29.527106440283998 0.8690297177361327
32.82003317425399 0.9293352335875925
31.88709839854058 0.955550029735471
29.646817127887083 0.8715129953337005
29.457135731445053 0.8760475569099752
32.35139857218429 0.9598534983912723
32.92491268107276 0.9157099065499839
29.479430233732504 0.8659747277182964
30.865113161232543 0.8640531056437868
29.756424988490725 0.8913553542948658
29.65841405598701 0.8705603439380503
30.18514214499359 0.8895827083047968
29.623271134663945 0.883272456145667
31.30845214113661 0.929961198241413
30.066250042780354 0.9377036332233065
32.314559593317306 0.9591075584537417
29.63436819169158 0.8807067633471255
32.127072163795624 0.9582167668239122
32.44278712850712 0.96023176886253
33.33611454148955 0.9742903570459837
35.3195786871263 0.9811114791252185
30.75695289549687 0.9536187449902617
32.30308309574877 0.9666077760698
29.46743792608238 0.8368840633506363
30.432954546754807 0.9225751841602756
31.861490218747907 0.9566576694449282
30.10514701012177 0.882226557391932
29.512949265235882 0.8655643347058993
29.770939295628494 0.8779040679717612
33.254693563677385 0.9238353728225561
32.05590820234185 0.9620672816523681
33.114130077920876 0.9167206304129872
30.545795784115832 0.940845659117118
31.78356385335077 0.958505116189801
32.65165200309553 0.9723624097112932
31.43576706398474 0.9340655203236348
30.34626432593798 0.9373183141475212
34.84897798942473 0.9753728121005443
30.505966850368587 0.8789179673871131
33.425083494468254 0.9753601289736422
31.03930585983902 0.858941790152191
29.632591845683667 0.8710135937693366
30.777315169699353 0.8649303402718154
30.919991413140508 0.9087650878875585
29.71071763795006 0.8917279287054204
30.003322002015462 0.9375879789898449
32.813820074250955 0.9710931618103456
31.336334764665153 0.9295503001167512
30.557432684942665 0.862032012348707
31.82418069675425 0.9545590180177478
30.694701632310096 0.9537380429878128
31.377986441593183 0.930915706634411
31.811842185826936 0.9431075506113651
30.207407964613658 0.8852355162441604
32.19774389745989 0.965066145963813
32.23672202080956 0.962613926331388
29.666720702447545 0.868008498706989
31.562320955676366 0.9563314728467033
33.35446328945717 0.9705548342127513
30.373991099919053 0.9332102926668652
30.06194101996039 0.8906631048812397
29.502387878185207 0.8723827410414254
31.333700154657187 0.9288889275550343
29.66842255748674 0.9102591775804973
31.852144604752173 0.9586514384449095
30.323047064354853 0.95134654491911
33.996886522057345 0.9715616436102907
29.46732661449056 0.8744572962497607
29.40241925617423 0.8603901451496445
32.272164922617876 0.9603886787691677
30.500162901760262 0.9367369556718048
32.17086806125963 0.9619261785063123
31.842137339647977 0.9549986706690232
31.75397374623934 0.9552335309910346
34.99548766734832 0.977793174268442
34.17686957578551 0.9767315211039999
32.20927445501195 0.9620203467800071
31.38105339310693 0.931985337836195
29.56607278782098 0.8693102731991339
32.972947050480094 0.9256580547960187
32.241587100901754 0.9635961408068006
32.213220809084845 0.9619798025972744
32.85698231284636 0.924999083394066
30.725841869642846 0.8605339301677293
33.80258416005509 0.9740269586264692
30.774520149384998 0.9536152999439196
32.11958363303688 0.9593519978850631
31.339782000297433 0.9296256092760279
33.718052134653604 0.9753534461178905
33.4578116321455 0.9713380163471399
29.60981091787568 0.8723007692857231
30.468899668920223 0.9466675928294728
32.42299662825317 0.9643593451359023
32.222661652308105 0.961843532388858
30.484402366523604 0.8656562558215364
32.40679153359931 0.9620620041904338
29.48418675440397 0.8888379558855098
32.26140631453582 0.963714603402898
32.12227168751093 0.9615151773987509
29.501680977848203 0.873953425708814
29.839290616265185 0.8755084373991084
30.20391472902698 0.8906257724233159
32.608049460652936 0.9250647431969304
33.49991809991463 0.9715602381379255
34.2667463870699 0.9784756148867131
31.828865668509607 0.954561438166697
34.660414982025095 0.9801674669107374
33.698846875518285 0.9737792037630978
33.108786537809344 0.9324168481074699
31.336225131588105 0.9308446878624408
33.41083125925754 0.9728238457596057
32.589280683825194 0.9662571377514039
32.42012472741703 0.9617543376629855
29.536020327425344 0.87060444793116
29.863543249838504 0.8582880188695251
33.07781985257619 0.9252601455746117
30.82984768039654 0.881651486388457
29.461114396615894 0.8604512532225741
29.6608114994811 0.8883062051607756
34.08706669750376 0.9750408162374241
30.382558962401575 0.8946125954226728
31.711711373635044 0.9548042223141053
29.322333434229915 0.8846593357112946
32.654943865268905 0.9690461563572049
32.33058015843319 0.9642112781085533
33.97489293611563 0.9768380728837585
30.553024503709576 0.944541512147358
30.00359804911376 0.9096207541974775
29.42719559433714 0.8635561427340451
33.53942230569927 0.9318386987057019
32.368874267063504 0.9660136660399536
29.87874351594052 0.8701630894520069
30.06228185961706 0.9146746932300195
33.86402937881728 0.9755179705306611
30.77014651464188 0.9551156430529008
31.35951114447771 0.9300504340484574
30.863063599331756 0.9003594909638589
29.484074232672356 0.8664226212610199
33.15995488849603 0.9258160016781056
30.1566798542057 0.9375896722094313
34.144188413277085 0.974135936426663
32.02771228360848 0.9572202228571376
34.715304797009054 0.9723669451231671
32.77346381831434 0.9277164036523785
34.18520752851045 0.9768417368089836
29.800591617792193 0.8772574136180294
30.460369184883405 0.9437441724528308
29.53131476105068 0.8693449500887698
32.15885038574959 0.9620855373975749
29.51376422459516 0.8904224424623022
30.34683112139271 0.8970913054719463
30.142266918907733 0.8937605755561973
32.10040868029735 0.9652954536678845
30.57460766124562 0.8791199160830103
30.27241847572881 0.8974662144589522
33.5529463334814 0.9316891632575965
31.713784953488574 0.9545117914112903
30.319974213640997 0.9412093998689421
33.063629955536 0.9324617751307309
32.91583988643633 0.9276031018180556
32.882738605876554 0.925810863620019
32.672526339215075 0.9687826884126318
32.311677340805936 0.9639729419813713
32.06853635989921 0.9611722231088737
32.771334907650406 0.962095193600933
31.940933811301512 0.9587447463814862
31.34276733182892 0.9293668434728959
33.12190806916354 0.9734101640753204
33.434863520987136 0.9763212721209611
32.87970510150292 0.9699094228795215
33.43650132131902 0.9723196317052077
29.32146889585659 0.869038160758194
31.402426097307877 0.9321827847348828
30.19412144669213 0.8848809670078406
30.128906427295487 0.8867995384047446
29.36147886148852 0.8764219368319406
29.505626796041966 0.8425505111245637
30.42904973057908 0.8966816215307808
30.045549511510256 0.9394878144360602
33.16966629702784 0.9248739306952884
30.438584764980202 0.9397299146890062
29.639034231340826 0.8794505763033713
31.734291523680778 0.9619214142139154
31.259388504539565 0.9276644451246744
31.249930973058483 0.9265262415310264
33.1576937713792 0.9196494437181438
30.101904996901602 0.9187245620163592
31.548286247386308 0.9360265744530345
33.42614528546698 0.9763383251451818
30.5308231452543 0.9451511510212038
30.578091664362155 0.9403885385276678
29.470985850409566 0.8932042464866318
33.41290236210876 0.9345181843275477
31.861429535888423 0.9557549640218244
31.680005133143176 0.9550626160581931
30.29607188897687 0.9368197860279017
34.82962577762462 0.9745077216058011
29.445370961026534 0.878268119186243
30.428356974885627 0.9469465010000175
29.594775234971102 0.8696006596461258
32.11471494448987 0.9603895533018582
31.881703927709275 0.955580779833234
30.565574769405384 0.9403309365528135
29.830810011502006 0.8650615243696554
30.599265836959894 0.866446130497704
31.35711006964483 0.930203292884943
30.443016621858874 0.8990615661741358
30.48819510438602 0.939218917393168
30.519409446504543 0.8637468224391602
30.48020427681143 0.901672362872798
32.495528016646276 0.9606982585829569
30.941445752748646 0.9043455996958684
32.94529208064812 0.9716527213443783
30.58278229036416 0.9042501731359628
32.69514609725833 0.9628629059789999
30.727992047881045 0.9564947670229331
29.55896699333449 0.8580864024497659
32.26981839989372 0.9622415851939411
29.70363189434929 0.8791174677843466
33.48301973459784 0.9762929426871824
30.35675380975944 0.9320172026416933
33.69528216271866 0.974594626235999
32.146890715348334 0.9582998909117065
30.169059328225963 0.932851198900177
31.535459386350418 0.9372997750900159
33.10090910620491 0.9269274379499393
29.579652678745894 0.8614770234264781
31.53401129533985 0.9520434664100235
33.13473669380465 0.9227789311448245
33.4437055744317 0.9724762916625047
30.611938505215292 0.8779500836449392
30.473454912731654 0.8966187415169655
32.02930390984151 0.9570629328532517
31.743868332058124 0.955639722346156
29.454506616929685 0.8507517937078178
30.401485313254256 0.9423126373850766
30.43584255119026 0.9366945838877387
30.296279018019675 0.8883890232006146
30.120576266620667 0.9361620978092107
33.85676987541103 0.9695700298717506
33.4082527944044 0.934034243152943
32.31811332520437 0.9604850863562543
32.75640824038413 0.9273774668453495
29.772870898243756 0.8911698978898868
29.618878659970306 0.9113347457441309
33.013679100722754 0.9734254888124271
30.23588972735731 0.8923549472755276
32.43538349416938 0.9618694148443114
31.354497328092226 0.9310462311236153
31.56967103656306 0.9398199794828611
32.177711311829846 0.9586090631634566
32.997408197970884 0.9241915395695945
29.63811379591322 0.864765294486226
32.975555331906314 0.9714814082782511
32.27107633999359 0.9596998101111219
32.814630759665214 0.9704349093226241
33.50625542173986 0.9734543231578001
32.77978226303873 0.9283009175286376
30.121231107692502 0.883217481416332
31.2360514398368 0.925833452545132
30.057167620983584 0.8898514740777219
32.631649528829065 0.9251250368908881
32.65370563491951 0.9723287052737862
31.46844969828267 0.949884347056008
29.733501578607466 0.8612450389023598
30.013371437314483 0.9130169528799387
31.6785497384846 0.9521674328166467
30.339252458861242 0.9439285513789981
29.67248215757868 0.8827183598324632
32.99507562119992 0.9249133298399306
30.304063507094625 0.9464700618178506
29.71602637743082 0.8849878686011797
32.8892835217509 0.9264639199853393
29.471225579751106 0.8848652538122018
32.048669042223146 0.9579490180674072
32.73913465688001 0.9267108186150934
29.714102204134832 0.919757670451297
32.247130715272014 0.9592013021930396
30.16864539471748 0.9351001524842385
30.140287486407683 0.883772984172597
31.67544467385937 0.9548293355110965
29.621596136899825 0.8818814005844721
29.457518703606883 0.8870599788828837
31.656609911689007 0.9552681153125339
32.841042801705356 0.9714976626852032
32.77690221629725 0.968773871815578
33.77380328424177 0.9727059917867064
32.62319831165029 0.9723047697397261
32.193568835001244 0.9649694954377322
29.33205150250807 0.8562573081786747
30.086917973628992 0.9399290007163867
30.239216651136726 0.8881527530234801
30.22906132039898 0.8853858703770667
32.66114923439398 0.9282163823590123
35.02596697251627 0.978119086339303
32.90260481695928 0.9712724226273077
29.404318512808743 0.8669583969284039
29.48480382314639 0.8618301882995723
34.94141228021656 0.9776131291445325
32.69744599428956 0.9605319266440011
30.341901787842094 0.9497102496028809
33.73287472136784 0.9373428866498283
33.38816822055377 0.9308344638286209
30.082048352282857 0.932351461998462
30.104362992495762 0.8835884100713916
30.331037091474865 0.9365847067634135
29.56740843231084 0.8812398001853163
30.69214366309394 0.9056343974696649
30.096195135777467 0.9105488568291763
32.32635878342904 0.9605036794134755
33.4383496141401 0.9758155557023146
30.108024228730237 0.8904571575295575
33.01484408369153 0.92824587970663
29.415839797253042 0.878821943999509
32.1424728959059 0.9617646881534176
30.04789942500709 0.936781410816236
32.93544570980589 0.9708730063980274
29.7017265304944 0.8686297537942289
30.409023365401794 0.9543211816037317
33.19191794818135 0.9226046628759204
29.63069459602415 0.8811041074490025
31.4706879030336 0.9326706695628789
31.72689076916744 0.9549896188135245
30.142172067064344 0.942868952249645
31.576334867277534 0.951757719312707
31.30411421029838 0.9289873487906036
33.92342057674014 0.9707098211694657
30.00042720188989 0.9379850247760918
32.15140601627702 0.961890218828876
29.480391486879824 0.893616778947965
32.218346554234905 0.9640907149770619
30.43759852468748 0.8577269658574719
32.24464854278297 0.963766863036611
34.300144318977274 0.9791492137037766
32.42030301532314 0.9651717598454673
31.654407869704215 0.9521202278378024
33.0683394889774 0.9158701053639393
30.0558151472964 0.9103589690802686
31.996937497723895 0.9591559195681519
32.01978701570034 0.9562559695087666
32.66511353229862 0.9260739689926423
31.300307925303066 0.9286608166063908
33.01092966145945 0.9295444785653392
32.7140307205751 0.9629964786408846
30.08200896436005 0.9379439327197677
30.084806842838525 0.9406054051090997
29.477047111236413 0.8602270736517428
30.73839787426386 0.9552172124638291
30.811313595063954 0.9539485479718971
33.90504330623203 0.9701118627065739
34.1720953188517 0.9721734068402129
30.388742581527517 0.8953139524253197
29.46443021384542 0.8671266186871579
30.74125986109594 0.9511085559289075
32.56622513662268 0.9693161261490687
29.449010576065355 0.8715836353821754
32.10080122546382 0.962826859330112
29.643549715691115 0.8710811774575338
32.97239318835532 0.9670960103114419
29.467393828478762 0.8641738284524676
32.698852518269305 0.9245718222440849
30.1480972482427 0.8894032752271408
29.496348275297702 0.8699979584484149
33.40573840004981 0.976330376404818
29.322704701266346 0.8644648118678124
30.594319413094304 0.9389246065175565
34.038115481908804 0.9683275839288618
33.37344712007817 0.9275702291972916
32.2217260574592 0.9621079636751476
30.860235083368615 0.8917353296634696
32.19313033504971 0.961913070885706
30.134204650765447 0.8955636363411861
30.827844451102358 0.9553363849427339
33.359617717545746 0.9705689521760716
30.831982427383764 0.8707271580526664
32.92696183422103 0.9729427540169141
32.54065572805199 0.9636484964067802
33.86715967557874 0.9781361388956672
33.88296912951564 0.9751105239984789
31.60170497913164 0.9559080667719801
33.170391723681504 0.9253046515330576
29.79872648150662 0.874743557295188
33.159535299823936 0.9196687423278608
32.02826996958026 0.9571068866534468
29.41172132405615 0.8433662584217596
30.225774086986846 0.8882050709511451
29.521097881632365 0.8676981760733268
32.708776521899345 0.9690046195827424
33.75266282794857 0.9699396029809457
30.444804937264095 0.9358487210681901
29.94186911416032 0.8896875593114115
32.6722134610474 0.9627439671285574
33.89501594401287 0.9712532601014418
32.07333901201408 0.957411561097816
29.70749666266817 0.8675828255852612
30.62084042095607 0.8679909697534965
33.66513055685016 0.9736006063543902
30.44477209295244 0.9322251693426984
30.21027285170827 0.9114530713607032
33.640597814717495 0.9400247524040195
30.257229427979418 0.9333242427873006
32.593937244963 0.9611303264127634
33.219488201053466 0.9690063374807174
29.52898891195703 0.8684294899054071
31.734624828152214 0.9549342331219619
31.296757472347878 0.9273437590292116
30.173973835347088 0.8887440304666345
34.22549681830243 0.978299626735671
32.03168104881509 0.9610737680620515
33.41746574119757 0.9332263029258283
33.523894642068356 0.9672158617844194
30.42161044860952 0.9396862998934976
33.61818635720218 0.9700236110345545
31.502165287189086 0.9514392923061376
29.64001065169766 0.8621881413012334
30.8244567194283 0.9520975775182957
31.759497932557522 0.9545077423789456
33.94092624899824 0.9770374744636804
31.09850801125522 0.8670051185313112
33.19294759226263 0.972799622826921
30.3050851388836 0.9494045525314697
31.676786913776528 0.9563803453150396
34.33395238841899 0.9750386840090172
30.235047904576184 0.9460782190365954
31.09552932223479 0.8685063450650549
31.224293954654414 0.9083863965153856
31.288604999592398 0.9291816155121592
29.43987642417555 0.8673644427263631
31.821470143018683 0.955934311025282
31.652712328538072 0.9536270183900498
30.708454259678795 0.8724587942135156
33.3284006424696 0.9702068402927922
30.56869879780644 0.8954030309992868
31.89354244658858 0.954950771530279
30.203788830673957 0.8849868377018286
33.06130865518362 0.9242640103955132
31.433794541930492 0.9332588145145652
33.86404702152764 0.9758369512257119
33.076417103342365 0.9313164139419028
30.347484823778075 0.9468008176195648
30.437745474866368 0.8730530452865523
31.40874747950545 0.9311991931944672
34.09036764901994 0.9709852424189938
31.568191327761088 0.9550200826410086
29.422129997399047 0.8441662122538149
33.760625624356244 0.9745423748450612
30.120876126415197 0.9372649754424104
29.703631278985473 0.9081813483924943
34.7045066953432 0.9768606467328649
30.803480064174366 0.8710423595707153
33.0772158789216 0.9684706565434015
32.17150200715405 0.9585668554146406
30.14204544988945 0.8848880825392431
30.492904219404412 0.937322290864454
33.443290655290305 0.934410727099699
29.44694434367294 0.8761459092627405
32.50151075392312 0.9608205532189603
33.03785996523012 0.921609056969509
31.675572580647383 0.9520737674763885
29.42207655294218 0.8785066060101331
32.42337877102794 0.960137254776178
33.60154857937445 0.9719469475987552
30.82972964578342 0.8782947403414535
32.878787580091995 0.9702055218410052
30.568183143247612 0.940616843236781
31.716130774264208 0.9573647203735706
29.526822052352586 0.8713207073329629
32.59634106641015 0.9615724277644643
29.726128689338104 0.8851072419000715
32.37469062488262 0.9607873144581881
32.97098359700455 0.928322781982183
33.746314325119535 0.9746610256857084
32.08807051402359 0.9571378149055564
32.334051553849164 0.9609054769710685
32.272562927333944 0.9596690368358479
32.09574609178067 0.9576150566874461
33.15384598931951 0.9692371847597772
34.18995934669428 0.9775905644669564
32.95017080234357 0.9715524555801598
32.80560965928931 0.969867299913018
29.893072938793527 0.8618042948633929
30.745609441146687 0.9510190256028136
32.92139600907585 0.9254620098313106
32.15506853174474 0.9569150018553403
31.543999522333145 0.9366036015552432
29.875357332189104 0.9260334505746988
31.83555156163189 0.9549590782183095
34.549467918987354 0.9791989976824081
34.85805568973633 0.9754608400754996
32.95509534170811 0.9144775441319892
32.25657917947118 0.959065428291651
31.64157473492372 0.9522496344738837
30.063110233759343 0.9386789292129789
32.91586223429901 0.9266617131679316
32.03544991309815 0.9570579549603581
33.77013782231145 0.9755095647265885
31.54603779912975 0.9533554430072811
31.746197633217037 0.9552618916487322
32.00550169941249 0.9625868461728917
32.63073383958456 0.9266806375523837
31.25886261067351 0.9277753444573146
31.379054273371455 0.930121861658298
30.287450125038973 0.8884691700204219
29.462584826805312 0.8827747632555367
30.720313464442786 0.8678088432396146
32.62476827416337 0.9235630682958428
31.66188179190847 0.9512729920240617
34.82154758082844 0.9738982166481087
33.95977548367755 0.9766340767378638
32.071245357951916 0.963071976379025
32.83033144120344 0.970689701921709
31.120066481034755 0.8706950861491491
30.136617091585904 0.8832689541309132
33.78346512275315 0.9709281262173496
32.797872277136776 0.9279827133747275
34.58958766636865 0.9793460546357581
29.6151534201495 0.8683326113848713
33.54923430065899 0.9740572579839714
31.62679040789935 0.9523322180209628
31.69112450036211 0.955727291376705
33.543003809055236 0.9739005182844108
32.92007385034858 0.9157089003380495
31.957977609042207 0.959224392132414
32.82219282664813 0.9704508531637893
33.100420295720674 0.9321378871807292
30.737580584396103 0.8597528576502094
30.534774142688256 0.9131600098028635
34.67545692731577 0.9802755022562379
33.80852143108765 0.9717126132995187
31.80332346856856 0.9551821017756662
31.654992271349688 0.9523491319677221
33.49206549694151 0.973698182343903
32.762701072319814 0.9260169455664349
30.5138035545141 0.8642053115910707
33.75862507672986 0.9739207374215845
30.066376922192877 0.9300130231586181
29.595571482232796 0.8724533338691406
32.3486064257503 0.9602383699543793
33.48836981223542 0.9762184268249633
31.239226564804397 0.9317085181702132
33.362538499379454 0.9714229444863984
33.86238197243634 0.9761327197190369
34.939812738106895 0.9776149426827815
31.8208953034077 0.9570156455589862
30.130568358649278 0.8832803516579898
30.492851821375528 0.9446894724434893
33.22142206100278 0.9745860025547732
35.378670303911505 0.9814180446228912
33.44603519572769 0.9335379336912438
29.75141652060954 0.8788223800325151
32.90215281753084 0.9715883111883881
29.514978996166406 0.8734502971295941
30.514725911976967 0.9419080736860114
33.4914089324688 0.96912801725451
32.235756934370656 0.9609416832624273
32.03781567326398 0.955146716245498
31.825389162480327 0.9545854372734712
31.798558959695164 0.9432226837775478
30.77582750660119 0.9502929926928211
31.423184586150107 0.9327163254409456
30.182757347414384 0.9336929539198893
34.58283287848864 0.9794498436020072
30.283093967742136 0.887364558671084
33.06969911198608 0.921266700852621
30.464293721971607 0.9214424209911892
29.77942954324192 0.875964790352639
33.25230596882094 0.9691731705241381
32.687182483040395 0.9667461760762941
30.226237920924326 0.9304353015465836
30.505358672315683 0.944245463179061
30.795714972963665 0.9022076014716348
30.46590892718885 0.9467559698597402
32.22484683510896 0.9596843663985462
30.184188206284436 0.9198886879942829
32.784626896690064 0.970190780398914
32.631983652539674 0.9719960441243498
30.308119650072047 0.8939403809941187
34.82192150527531 0.97780226266835
32.395260781687114 0.9601362449760723
30.704278595855627 0.864838016120799
30.53536682918405 0.94043804646494
31.60708164283493 0.9389919942651676
33.04926024657282 0.9215443549850992
31.570488480611974 0.9366781008453443
30.810790019930344 0.8993705812720018
32.12264222622486 0.957400452586679
32.246512157335054 0.9602388028171924
29.418901248815892 0.8732585424459505
31.734052529345547 0.9545432182772039
30.960884026939762 0.8673992001932139
32.299093424196236 0.9590301560014478
29.814498623030914 0.8748997641084962
33.37937528678404 0.9713575897889916
33.18138774120817 0.9748316808295474
30.799673004347177 0.87718256883111
32.96778998410601 0.915022840556763
33.753950114236645 0.9756016699934944
30.21800177486352 0.9461956518013844
32.192458660812896 0.9574060700013061
32.584895918011924 0.9689061025387772
32.24382674399117 0.9617631003126177
32.91813501070452 0.970641599473167
33.528271374750865 0.9708976124517492
31.989305964949615 0.955201157836356
30.155140132824947 0.8919744494213708
30.796969625933247 0.9535542602305696
30.149649249181962 0.8874137397943487
32.241852411613536 0.9598778902161975
32.95502248614528 0.9708062193734475
33.435820161629486 0.9288094982340377
32.74987590146149 0.9700759807317312
30.01705836791284 0.9358524846875543
30.16136725334941 0.9265819012199895
33.182994369883176 0.9255031719505608
33.06872097742376 0.924282320295658
33.079158350517744 0.9305747920162268
30.615284327439703 0.9469137382649577
30.14155762252548 0.9364144121994952
33.54323023390552 0.935812634509925
30.132908585264563 0.9320352663591507
33.85557661105877 0.9760959677307458
34.3881748038506 0.9756499333165566
33.483098580538034 0.9761639039314026
30.404232184248656 0.8994899516588855
33.39442553105537 0.9761664750951861
33.651362139755555 0.9672207981137129
30.01504614554019 0.8898803800332915
29.529257677905285 0.8612881589852632
34.24912515887745 0.9787261814609016
31.57631466222449 0.9374181515852665
32.97861295271347 0.9221943545884871
32.3683142756017 0.9593816003283324
29.99280857885139 0.9353988984697592
32.998976649512805 0.9276143319954601
32.25002499777765 0.9647751006187816
31.737539548964072 0.9551987463318485
29.671917865347655 0.9140113437198052
32.00278706769131 0.9572729112808436
31.37236384401949 0.9308448672032036
33.89124624411641 0.9740351317957792
31.838364144214584 0.9552579376046051
33.07866885859218 0.9211778626642393
32.62179157378165 0.96873734123703
31.0091445017555 0.8668934815016062
30.07126426540683 0.9406086064809358
29.42604168674334 0.8592045789844663
29.517320933250744 0.866120958836172
31.30962058074102 0.9295053988060075
32.98551762157958 0.930545123038596
31.370579180526633 0.9302700494501496
32.707502777668594 0.925013708268509
31.961072077675105 0.960753503026232
32.83992520327441 0.9298645006516211
33.35416757710048 0.9747325071631916
30.276315266381026 0.8901805820525246
30.308692334874475 0.8925463419193134
32.593567329481786 0.9250112582433812
33.05576868889566 0.9232337244811744
30.840594285999032 0.8869686934338995
31.665000370703705 0.9546666319882137
31.673198198359103 0.9524162888508013
29.440928783336023 0.8902084889814814
30.329319169791688 0.9495664898801426
32.599231644754084 0.9623799208383506
31.729345058421995 0.9571580188508673
30.357468142326777 0.9480007347828925
30.10501449332959 0.938404568511377
32.34916124126909 0.9603314268639903
32.04797218341219 0.9578705935731759
33.18024025208419 0.9236972923788842
30.110722902907114 0.9339756994958998
30.46842875156188 0.938064629118669
33.45214114766228 0.9680380919339724
30.19184073807008 0.8866740707387705
30.236037196449345 0.8865450740487274
34.11770983590434 0.9709370332356286
32.29970870249094 0.958728687994327
31.658411857532315 0.9546728225899979
33.488441400355995 0.973241129094116
33.86796815393825 0.972641847250497
31.429156916324963 0.9330461061574236
32.9181535004284 0.9695137545432253
32.75528280197226 0.9710353925195131
29.40868811783346 0.878890401861654
31.725701230601707 0.9555437590369834
32.94667820756065 0.9712909994232493
31.564598632365787 0.9556148977421132
29.718107813472976 0.9050663338766082
30.46253229813964 0.8975662610535398
29.49668054624094 0.8617099465283775
32.927669807211586 0.9710955263918245
29.631476677336348 0.8798636048305699
31.298294095875416 0.9300258317571329
31.571019444552356 0.9509494042950837
34.001198762854365 0.9729323195761652
32.79273712694589 0.9715105744482174
32.27027249054307 0.9617934256226668
29.53522781942454 0.8576988204737944
32.63923765274474 0.9244047767641391
31.56885280086346 0.9389113959668611
32.03490147945057 0.9569774059362101
33.82440136807173 0.9774474380445672
29.54634026767378 0.8835868672976002
31.87335482169798 0.9550546915014242
29.7644452454095 0.8768756675580228
31.687340927669485 0.9589892447510803
31.647501303030214 0.9558642930063574
31.632834669572794 0.9516582013365463
29.633723851786282 0.9064173034311496
30.17913443032731 0.8842950091087287
31.222799293826455 0.9089575134078466
31.234763421003244 0.9266187278427402
31.720006092476034 0.956730080105447
30.081087702177342 0.9389614518070961
33.02191982157116 0.9246898088187269
30.417121803102688 0.9335379549444285
33.05746758890143 0.9331622752320788
29.888622541919677 0.8769063352110015
29.40431564090083 0.8767071338092028
31.31989327359408 0.9285942317435769
30.106351545927538 0.8924085961145591
32.511005953302565 0.9668752385956336
31.981996988474894 0.9601278196612808
32.24347848371334 0.961404747205094
30.81423067733092 0.9523521286899828
31.82500335292559 0.9421236535370037
30.350529118420887 0.9418631939622724
29.84382354957016 0.9075420276068301
32.386171003637266 0.9601739397826172
32.88202469966133 0.9717937136727303
32.78724795967362 0.9681310643527758
33.01575738507107 0.929476201496197
30.504851716756406 0.943463588592683
29.71796251676917 0.8913950167533704
30.383806737102237 0.8957958475089158
31.26457308143205 0.9266001080900895
33.34974380468981 0.9755517342210409
32.77879816064914 0.9260699252389939
29.725286292641382 0.8673387094212859
32.650381155177264 0.9726754432897482
31.582707303715452 0.9381613800702739
29.98412401032629 0.9272255206371585
30.430897781192296 0.9242034806542259
29.647908094327953 0.8816788212718935
32.169515397628054 0.9582259216821044
31.846425456030264 0.958304219754293
30.288718981127086 0.9485753007321471
29.90285257831087 0.8723353097425247
32.82885431112468 0.9281052532559994
32.99298795944169 0.9244110133191322
29.289718095959497 0.873526259505756
33.49185791762265 0.9333122246903639
33.78031221783498 0.9660579623835887
29.487758152276648 0.8715064298599708
31.63923007324824 0.9580364935797441
33.5177995960822 0.9728147425441389
32.80196509724044 0.9704880186184239
31.160945745577852 0.8761971454484457
31.235962407437704 0.9261615470986843
31.25504914469186 0.9268272528185577
31.088723835690836 0.9030955080479681
30.383895740498264 0.8993920009020274
32.124063812923524 0.9589318406599168
30.37579191874172 0.9527566683824549
29.537766683983246 0.8841458266605474
31.574241933879804 0.9541838769227643
30.367082762145024 0.898743078279868
30.394324635037393 0.9431370850341105
31.34610590400943 0.9301179953171149
32.98834147298146 0.9283338456475375
29.522596635240845 0.8622183311274109
31.67695363246048 0.9557528072591137
33.07759368716797 0.9311936059944105
30.667008810817453 0.883002768092725
33.859191566015376 0.9677687375682557
29.84879089850971 0.8478114870992122
32.04117628467864 0.9572432242784197
33.74336193504991 0.9743248008164843
33.37601550851527 0.9232929931820628
32.11737853080442 0.9577941044449245
30.220893301767408 0.8890491324071195
32.93318629575165 0.9222983669953565
29.423957309102878 0.8574840540809945
30.34341458254479 0.9476910922909204
30.25984316397743 0.9328043540517529
29.656886774498055 0.9061364033389511
32.620797250461685 0.9692468342381639
31.70158087862751 0.9543434231228952
32.740452384999 0.9697210769398764
32.975600210841726 0.9720208824304595
32.343822339241896 0.9600953735755586
33.09673401547739 0.9246768885260336
29.54548238460129 0.8910345288213277
33.348387640357494 0.9758673693131774
31.399601054780742 0.9316716150609426
29.60705767148832 0.8810634355015838
34.320714816420875 0.9786943885593163
30.462085275506183 0.9533199361398887
32.51322523438813 0.9710490351598512
32.44564629159743 0.965873184785625
33.59433011817848 0.9348505301397678
29.491395778593965 0.8645857582475374
34.274274535589335 0.9786427400740405
30.124114711873972 0.9336703778710387
32.35951847791288 0.9650781333466836
29.704173858605945 0.8783726499018079
30.32865848403988 0.8973492488599805
30.557584495502823 0.9464403128251971
30.701056312981233 0.8988396057869779
30.69921969291393 0.901565484091321
30.929684696168856 0.9113947413396346
33.35665846587106 0.971757607139646
33.67632866529205 0.9689568249825184
29.660507253188108 0.9111421375312816
32.148869161296275 0.9581592336116125
32.7215172928802 0.926749626409765
33.56915782231584 0.9311729309836239
30.965886690868448 0.8627401095712497
29.964102407074154 0.8811589483273513
29.602047510782015 0.8691483147955631
30.194158190275576 0.897128913416446
32.71400938752794 0.9245444746504206
30.405352876431174 0.9415810995655813
32.21441894468399 0.9594251157913593
32.19946030674841 0.9615151485993525
30.49227450091436 0.8596103053967283
33.43276013711447 0.9759769905756986
29.55024174738257 0.8641085046131508
30.579664180202993 0.8606541109574634
30.21160097719061 0.8868349503596478
29.37347619549073 0.8717542525783075
30.692666263914855 0.8573165838699436
30.316969208452782 0.8973976482778795
33.04063403098587 0.9271201430748047
29.44743895863489 0.9019160572903785
30.366352271372467 0.8965402176211595
31.576125244423622 0.9529227411475348
29.39425705206577 0.8773704448174113
30.117350696392986 0.892413200970438
30.372286014007294 0.939816294736118
32.677899576009374 0.9245210621676926
34.73841295653123 0.9758050720358605
29.930225416510723 0.9087346206000213
30.22603225477627 0.9153091797418427
30.238582522838065 0.9432527235715255
34.045961871493446 0.970305450969243
29.670677128321774 0.8685992874244969
33.42283752867791 0.972340913638953
32.20470372625981 0.9617810227493335
31.64965938872445 0.9519589213353273
33.01933284819819 0.9284243762139431
31.67922144822592 0.9540497345416198
32.819144563809346 0.9302326266640928
30.199149019413746 0.9416502154382603
29.620814826467658 0.8784963378784919
31.251992518810123 0.9276478647563008
32.911348152378416 0.9251020931677617
30.662878415681895 0.8817905861173444
30.94389753059829 0.9094446119323829
32.627116039044445 0.9250291110388916
30.462831560313262 0.8741633281939468
33.401260849938375 0.9337454811438394
31.252452238098435 0.9269722885293178
32.09959698663998 0.9598962502839643
33.931616116166396 0.9771294115276994
32.11792603564502 0.9624162159850185
32.03561273718735 0.9601195003164021
32.861773389187306 0.9708604598513503
33.165498809215 0.9226943380501954
33.66109029520575 0.9695344187671002
32.534020160221516 0.9618388132086855
30.972611308181605 0.9640662317039936
34.47913154053227 0.9819703966238181
33.17166743791019 0.9709760115798451
34.035409546939476 0.9401802990828568
36.49949947896088 0.9865468632662464
30.963937631480075 0.9669314446165612
31.207771281457806 0.9435862144414255
32.84415593805229 0.9707118499137376
31.090626964750363 0.9427321078435887
33.17498267391509 0.970918467195091
31.53111843565644 0.9480875419421091
30.83397931759455 0.9638134495109197
29.976521895342934 0.9370445359892913
32.716802446294466 0.968657209564861
34.487806920249525 0.9822503092547686
31.137000863458816 0.9683162793107422
31.260280791593935 0.9671278932848292
36.57097552210336 0.9868347320930406
36.51844246979173 0.9868257599629404
36.629387690065904 0.9843048401516147
30.029095164719738 0.9396640346755932
31.310986533658554 0.9685443673515388
31.293045469130423 0.9439699089934169
34.52746562147398 0.9501291054962151
33.163050095712386 0.9710851049455226
36.530381846545396 0.9865773404383675
31.54821002568614 0.9488943897722555
34.013279708955196 0.9423027037112369
34.512128517577985 0.9823566827983076
34.223722139736964 0.9763280873762457
31.180835763740184 0.9653648576575596
31.250016778049932 0.967667205646891
31.210738597122827 0.9672476038892193
33.14158736273344 0.971108999868524
34.364415722561745 0.9766411066690457
29.931899925043183 0.9375508058380184
34.26805757598328 0.9772119471472421
34.424292488381425 0.9828467519495642
29.956374991667673 0.940650720610065
31.47836496093881 0.9624300452483758
30.771147253118446 0.9093158534804557
32.22766944759104 0.9509244346949473
32.2443598645572 0.9519321574825628
30.047601453248483 0.9394548744364468
31.25350546877883 0.963232048535519
30.884245672695663 0.9634471103854504
36.503743678529325 0.9866676540654314
34.02008532799448 0.9430077917924526
30.634289865137866 0.9075494044305831
36.53617641689106 0.9843201415920849
34.5184422100671 0.949566751701861
34.92205191064079 0.9851000051443208
36.834841716134136 0.9840189180811428
30.901503214689562 0.9633437492844759
36.388207022271835 0.986383614539252
30.956280956185907 0.962131164082716
34.455157079755566 0.9825454291156404
36.5290218065953 0.986664933296087
30.66860515071072 0.9072397502669093
30.89193242597375 0.9626931420218724
34.66881380311537 0.9831722857399794
32.14770553577986 0.9507920809211504
30.800091475027294 0.9104171917300149
32.190027166591534 0.9511553466989974
34.505031378105 0.9500845351547317
33.25925966049106 0.9719948924913057
36.873205161435195 0.9841179655631028
31.46222815522504 0.9459848183197405
30.684062050094703 0.907847540200372
34.527451295596705 0.9501090836982704
31.3519503157789 0.9688673548072819
34.30817594233198 0.9780986418095958
31.53589318843448 0.9610430064676453
32.881207306016094 0.970312003037686
36.680492906504576 0.9839673833513691
29.981239787578488 0.9431515617853965
34.324194133816434 0.978525096015385
34.26458481643869 0.9822931801430187
31.265290100209803 0.9652537087546773
30.874837434160725 0.9627360537901475
34.02636936133557 0.9419460912484233
32.164237271869176 0.9507820474570546
34.39747955225187 0.977233241476625
34.44291355322221 0.9819326884790086
34.197246344699835 0.982185217515255
30.836297404245194 0.910526289061514
30.970953344528006 0.9661758999745943
32.84632889138389 0.9702641426549379
31.421675953524165 0.9663861741981326
30.852477240134913 0.9642741001095924
30.899671710771663 0.962742204125362
33.19647579084651 0.9710880160402521
29.957364767362293 0.9388629570273687
31.002962599462943 0.9625319855764489
32.16540533584897 0.9509358408449508
34.077614070085666 0.9428041351326277
32.13674258305821 0.9512951177612046
32.88857836168216 0.9711618241872952
34.04131203630104 0.9418559172450326
30.820228287593984 0.9647333780814978
34.56472722864465 0.9494296064595333
32.79972300440393 0.9701638821696887
33.20918435491181 0.9715084179929193
34.06912739929298 0.9425588675976676
30.705374319045752 0.9079625147217872
29.824759697131608 0.9353558898990653
32.77280590676626 0.9685456446335745
34.23713237467587 0.9775976658761035
31.178053557885246 0.9676638683490495
33.21358177842425 0.9710468014113216
34.56988871006048 0.9500216173631458
30.834824002303197 0.9636620851236949
34.6103419046281 0.984187085159139
34.05666843741338 0.9410185533882902
31.261574933543187 0.9667388487659533
34.63616613701101 0.9496114310995858
34.46037879193852 0.982974409852779
36.43708427833461 0.9865650251705064
31.17824395654178 0.968951610912501
32.24718192800785 0.9512028145238781
34.069347673602444 0.9420279965352003
32.72703093950406 0.9694318571878348
31.307396481686652 0.9680780169037038
36.737720625608546 0.9844728602835667
31.457578207562168 0.9643975365785269
31.381664628470443 0.9457724276921138
36.94098599343016 0.9846929140542362
36.50625584291617 0.9867148278172564
31.112473655604536 0.9622605733800962
34.425528004714735 0.981945318862548
34.327022538331356 0.9811229867653648
34.199029292444735 0.9822578718114189
33.22554297085149 0.9714527033312892
30.66305391210793 0.9075138597299676
29.77827290063344 0.9356509296219285
32.80593313522996 0.9695421410148324
31.139519632097414 0.9425084196799703
30.871611484337606 0.9632623721737908
34.47128560990093 0.9825933666340695
32.17505069889489 0.9508694623101838
34.39404373107094 0.9502080719395324
31.057741087644906 0.9648157077397602
34.4365610222802 0.982297657649431
34.461858979508484 0.9497742852208979
34.28250389817316 0.9778755202656455
34.33421808803511 0.9777901868004251
34.39341015943425 0.9813693600266766
31.119934605091398 0.956658588266064
34.734316456270726 0.9833672308389935
31.54916681479913 0.9482785112561792
36.73650022089645 0.9843531639714422
36.69873922286672 0.9835028539081799
30.752441258787595 0.9088276838857873
