32.058140860875056 0.9484314198956991
31.956002219665443 0.958742462250695
34.28966905055709 0.9727954654843658
34.35262902023984 0.9705399395120518
34.21707311149378 0.9737918740559591
31.719209610213856 0.9343435285778657
33.20205324623867 0.9717180503000207
34.469962633120524 0.9704006495268837
30.644407855012048 0.9392005929978429
33.1832292908862 0.9274825066428949
33.554872746745815 0.9364357551154265
30.208217720581594 0.9456505004973413
31.612280336742906 0.9341076556085371
29.35620563823513 0.8950683296341035
30.254069593754625 0.9490374630082147
30.989257565333162 0.867192963711685
32.98133938460488 0.973967618613603
32.86561507234576 0.971413281944405
30.4811148638585 0.9020664097938285
31.520782280245527 0.9594606070516232
32.03266635505607 0.9548850633523829
29.22345325243282 0.8756688927392206
32.72156126579457 0.9635135867140209
31.122719914018056 0.867242186236341
30.285413737223422 0.9272782815955004
32.9869341232091 0.9272054444871873
29.929700522815832 0.8909682248376981
30.3031758695774 0.8915025561309711
33.073297443800904 0.9278484612762489
29.578522520229356 0.8743550470611846
34.77339538120931 0.9756377264717678
32.81679528790655 0.9635026822842944
33.1280173052469 0.9720943936620839
30.916488212340564 0.9197133202143949
30.366938900467936 0.8981073879496919
31.163783902448007 0.8731199825992497
30.49488129236905 0.9378146919805191
33.33613395230703 0.9276248368972325
31.587049199009115 0.9371825332088203
30.43273303197879 0.9525612751565715
32.408918409239774 0.9592292709181859
33.86050441333052 0.9444188819731106
30.216078236719788 0.9447396716909264
30.21619064283783 0.889638456655038
34.14846112738422 0.9718389618779065
30.340381206983484 0.9496329543390756
32.270571416256516 0.960974517808165
29.753870022871375 0.9034659377765094
33.14304392873253 0.9721080803976346
33.152011862825546 0.9717130150097397
29.780249731478847 0.8793047108577704
33.18365437480549 0.9283054903247885
34.59911613161476 0.9727972953560702
33.47621939636278 0.9383133126047069
30.06836577866234 0.9430364151681381
34.9144891539434 0.9763357128807831
30.264628132610362 0.9469787325936588
32.03383884514352 0.9469835538240352
32.53436181411025 0.9589657592809743
33.979244870778544 0.9742022950133236
30.252159575205944 0.8835972703448326
30.183865614806493 0.9459890149131146
33.17240277322202 0.9246825779826123
30.039334344290488 0.9394809372883107
31.70110096605026 0.9580446151327661
32.646805530051125 0.9602827046609065
29.98804898147612 0.9045457379065968
29.569458411951747 0.854066497436879
29.921034151272007 0.9225852027806424
33.94647223121037 0.9438470712330073
31.553635143308185 0.9573526311485612
33.471573869272355 0.9745102678958819
30.12600132893099 0.9139428872702011
31.571949733836774 0.9301478704499557
32.77218759403668 0.9700182753031826
30.50841127739515 0.8985838434442619
33.18318358541525 0.9275558040861029
33.14812014433201 0.971106489265414
32.760155313590346 0.9700267687174244
29.511319805158504 0.8734123183077179
34.622429408275586 0.9733745857808107
32.07895183968531 0.9565668386008779
30.72102769134595 0.8580763285260755
30.148418329891985 0.944782488929515
33.216779479386595 0.9780356334728492
33.108530001123654 0.9270106053078973
32.36186745275239 0.9597740048358727
34.737540786699306 0.9780059409367102
31.580874862928066 0.9346460503827346
31.820128857619807 0.9619959914671075
31.437964631329905 0.9591583529434884
34.92065108806652 0.9744972033232027
29.307550660492737 0.8893103041243563
29.66787689852728 0.9157496681927506
33.35642443842542 0.9288922718779761
33.21143702394695 0.9268653973579651
31.52994946200797 0.9565844406630486
32.16695094568936 0.9562220498030984
30.21250399325291 0.8900928373283912
30.39407309963666 0.8926069220173869
31.895836211505607 0.9643595089212521
32.34112278044999 0.95883239111591
32.41957303981217 0.961523834133197
34.48987195615037 0.9752246332466044
32.55947558885992 0.9605977637218203
29.37115353479989 0.8859063913367283
34.10878817107679 0.9653850817559164
30.779306520765065 0.95486124123686
31.977676157416305 0.95310248725735
31.552202643037294 0.9595735531099793
30.223987921569027 0.8882048785337808
33.02277206391303 0.9248717393437418
34.81009483933253 0.978487414805596
33.77845512136285 0.9444692257859159
31.54747453933232 0.9603058088687979
33.02039192975535 0.9718143445854448
33.026010347676845 0.9288521417396229
34.44528921129779 0.97541595282794
33.81526608625839 0.9711347535778133
33.0313703417842 0.9246624800518692
32.55223886682127 0.9600142900745279
30.030387149938115 0.890860330963297
29.891718341234956 0.8968469954854505
29.680789663391117 0.870670637045443
31.04808624215092 0.8903044320527805
30.396674284825373 0.8979417273912019
29.81393724532319 0.8506792517592447
30.19286064120262 0.9447442492592425
33.895387493620454 0.9435420602676983
30.108831650812974 0.890241811016284
29.874450926829805 0.8779013986451487
31.594131881478905 0.9365299456320657
30.547206937588477 0.9490874331744094
32.45836993082892 0.9612882956368579
30.564130878495188 0.9525972995819971
31.778238509445554 0.9346022315160274
33.118398031459726 0.9309947902153346
32.05704113927781 0.9542865129598046
29.697092425604747 0.8776567205248174
35.205413173446644 0.9789670974308294
32.60439849620113 0.9596808162683435
33.32722829660887 0.9791169561102191
32.51488289635692 0.9600738008846289
29.992126782455518 0.9042480073265561
32.38695664435238 0.9591196855756352
32.210231847200376 0.9558587734376323
32.782377481106614 0.9643280322138504
34.13690044564075 0.9729522722627113
31.124955252643165 0.8851483680007204
35.33148082074493 0.9793997845908046
31.799785576230924 0.9409261409109042
32.75046415445153 0.9630414834847728
34.2866391661122 0.9662679628638741
33.919672180449304 0.9736056038081564
29.27901479544222 0.867274371066766
32.11333535505676 0.9541243347593331
32.92495574771037 0.9724024778421513
31.81866613982296 0.963314039226379
34.20421890128486 0.9733625199080518
30.53294194641009 0.9456633859456036
33.15574901632849 0.9318092100961792
29.85927436793095 0.8791342050704724
29.876416111490855 0.8784869441082882
33.10872678272669 0.9287931262508028
30.273831471170567 0.8916205363524461
29.661985830084863 0.909957985512023
34.29722407795664 0.9714911004344688
30.159149237188455 0.9461417543796014
34.160033205727366 0.9607936790194468
34.02274568449603 0.9746568271554952
33.12011260434053 0.9267943946694606
32.41342219698665 0.9596009437519062
30.047429606999007 0.883744849859751
34.428420158463304 0.9686111964474284
31.60132107291231 0.9581801492455285
29.46011938855782 0.8652007875405672
33.046795573107055 0.973741831067357
30.25908013731408 0.8911054107874788
33.46402827818404 0.932121129657813
32.44908162648889 0.9596589901156107
30.5260578835483 0.9417857214710746
31.111882700304673 0.8664838989115174
32.84801506400744 0.9756304001866508
30.537388433907438 0.9461892360269123
34.5802837033369 0.9806997136994862
29.405932825583427 0.863617798944625
32.44789106632733 0.9597377685250489
35.14786803213959 0.978966474058585
33.123767844827626 0.9308848861034572
31.55248960765531 0.9290719989678913
31.68622077765056 0.9591089568108597
31.684383955494194 0.9327202028286447
31.62041168856706 0.9581577684173318
30.32355003270712 0.9421404594200886
33.045103055653584 0.9252659358127009
30.57655758622204 0.949535334931812
30.158275238931015 0.9436199329829404
30.948515901886026 0.8682382798209263
30.224151173828304 0.8888867029855456
31.216066166876395 0.9001230621421967
34.160813941846556 0.9732724171987562
31.854707082071975 0.9635090015099667
32.416566251840855 0.9604693772967591
33.06061277355185 0.9278293737796809
31.66770493009956 0.9327171120523552
31.576035273862225 0.933433656663412
32.98725347863658 0.9709344216729273
33.42238934414559 0.9331448623982427
30.41439551968072 0.8998295274747862
32.043528292167984 0.9539619324693686
29.818018355500996 0.900784633595264
30.195651161257153 0.8930116501060092
33.01260451618382 0.9710527921863168
30.196199095497636 0.8906315418915328
30.819202651579232 0.8939824825255329
30.15013321236983 0.9415203218618737
33.13004674912449 0.9281955031635912
33.17537592754516 0.9718648306159843
31.148396478555803 0.8774306693331847
29.921849171902135 0.8980034196675826
32.55648790159569 0.9598963990760759
29.431277529221333 0.8657105940797077
32.894487135125054 0.9704901398963178
32.776757369209555 0.9643870462908958
33.54559002513406 0.9758550485813268
33.15713901175246 0.924341515741473
33.07815354612616 0.9265634360822601
31.581954888428516 0.9615194725409122
31.200528329312903 0.895269840422607
32.63044085979773 0.9607864771229743
33.054964085267365 0.9286219203039553
30.102309919488714 0.8708165544892849
30.26162594698798 0.8875521305275302
35.237047398412955 0.9786011755219912
32.179197106948635 0.9632199865300006
33.188387957727386 0.9712317539721717
31.13818799902603 0.8998442562723371
29.483902238016416 0.8653839934422024
32.57648462867403 0.9649867285904173
35.03135461731065 0.9771841956872361
33.18444797612686 0.9720604944156557
33.258233241871345 0.9709695988089817
30.32099581229271 0.8913256033020901
30.61172461000322 0.9432851516845201
30.76726412426211 0.8897231245193405
32.166567565793414 0.9546635366726132
33.01666647995468 0.9715785684077618
34.37956595352825 0.9741417881784555
31.738150647003046 0.9349410111001774
29.640289409359845 0.8745154526328559
30.158316463460206 0.8919151184039675
34.31019698372942 0.9705484893214421
33.06494718505311 0.9288993140066243
29.350870726701103 0.9041942309011308
31.263059502667957 0.9226776867405384
33.03587004352978 0.9262891064568523
30.868407508866042 0.893430387153005
30.54743860383916 0.9429783679359877
29.96365441567405 0.8828139721363869
34.290880416768374 0.9717469790533203
30.331943954221398 0.8883877068503789
29.602748292827684 0.871887890935176
31.514743705879155 0.9595143482658872
29.73585219173437 0.8829906013008968
30.162025311020535 0.942736571506545
30.5399448646935 0.9387731660388327
30.42587312538956 0.8993663918135083
30.55869776861639 0.9393104776855515
32.5245385811654 0.9646584113850164
29.79730625217174 0.8987830262390802
31.56427056825434 0.9564905116973625
30.301691854765288 0.9531607626636739
33.14468309299202 0.9319167013590406
31.957609826309366 0.9454956769244545
29.61743579849525 0.8635724907880509
31.792640446030497 0.9406544842673286
34.04218367533604 0.9700957471684831
30.166002447503715 0.9304035004152459
32.81971621286629 0.9718815792749889
30.135041421993037 0.890995821762354
30.79830197030995 0.9558754010753993
29.88502354357303 0.8858064942332942
30.57922978070948 0.95152235397743
34.404768062765775 0.9743880238886131
31.57757923770952 0.9311659369803158
34.37013787240764 0.973860973081307
32.42689637036037 0.9610297873185455
31.683959013727787 0.9593209241916274
31.163579208392843 0.8780180496459926
29.54274272461083 0.8577482184192172
30.115088742038395 0.9414587822258229
29.593680533302944 0.9203585657502552
32.49522607278151 0.9617379622565898
29.799243958709024 0.8783074822634469
30.207151131884547 0.8890444335174579
31.768328636000625 0.9396979813222421
32.50895098706549 0.9722776120908427
33.02840855951887 0.9254212147183368
30.504224949871595 0.9522791774116637
31.64270041714781 0.9577414539157123
31.720616686389107 0.933780728755705
29.62697069875738 0.8642001761780708
29.263149903832574 0.8742777757678678
32.64841718740494 0.9625830207087992
34.023142743444424 0.9756133293646667
32.689032718843535 0.9759456428010526
29.423317287561296 0.9069555418262268
29.564060357885268 0.8729716498545892
31.746283976264596 0.9543316668687194
32.20304943303452 0.9560880265806706
29.65405749696263 0.8983749217395184
34.06102425434304 0.9627038164084104
30.407305678565166 0.9364395151796054
29.45777552318844 0.8500280058965429
34.25919613201906 0.9709134777055394
33.05119956260916 0.9249522357021007
31.644218242242317 0.9590388004916018
33.20853746894083 0.9290471931184882
30.55544465619993 0.9454604760401403
31.07175255451605 0.8572315805647809
31.833052942030204 0.9504575435754364
30.34388782524609 0.9528100899397014
29.70022637045577 0.884387746112047
33.11137746405141 0.9280785298644414
31.060927509198454 0.8995107868154271
32.624371209295035 0.9621569513750035
31.417589951182077 0.9560599016294331
30.534434365618104 0.9421455713637233
31.92921691361994 0.963823353910425
33.94975414735471 0.9738007653917872
31.47594263502418 0.9520176365987264
31.077136516312393 0.9209850853016248
30.131357574479665 0.9454879524273019
30.333260261282607 0.8938776228012237
30.34129786275185 0.9412210011356371
31.630362060916553 0.959901037318288
33.1234545209683 0.923853287339409
32.46748782147945 0.9717205407535093
30.428352369811638 0.9519207178927508
33.078126332189264 0.9267974633341128
30.25488856342794 0.9436621268676141
30.449580710222754 0.9561649445499593
30.826298474041337 0.8893649570777398
32.77609771009943 0.9638444673392406
32.97755223966367 0.9315850867450193
33.20994216621257 0.9293891946113867
30.478478561173603 0.9471892013408562
31.596092658680828 0.9344421151989107
30.269983879579158 0.9474285476626833
30.26897701263692 0.9461641091872723
32.163212627632376 0.9568032138306152
30.23631730876509 0.9432410738156047
31.751465402156292 0.9380883426442652
32.56844822549476 0.9646960297166326
34.79304300608219 0.9789497210426076
31.72661982637361 0.9388373832379528
29.491373510099287 0.8750642156312701
31.94499345461623 0.9643166990356574
29.993227136476822 0.8965660801721059
32.225996852071766 0.9557011613324042
32.98701057414882 0.924503084868992
30.682228232932527 0.854517462970656
32.142316086004115 0.9540956096994537
29.951057939994683 0.8818176978627489
29.826789881620115 0.9020441024921204
32.41610120188906 0.9612766708532808
32.437863957624096 0.9616835864864497
30.107105535266193 0.9446015087257887
32.032053054548555 0.9660797500416759
29.430480790379583 0.8769318530110782
30.21982475094454 0.9379144220396738
31.740287380815634 0.9605622711170758
33.51206064856407 0.9765374041683945
30.31053633177899 0.8892514538083065
33.06826826964225 0.9284121691557706
30.511178960871813 0.944412964445805
31.689612555187992 0.9387936541873702
30.154045314211086 0.9470419649258636
30.06102756793654 0.9058440663548938
33.99844403807725 0.9674061795183483
33.9407325263126 0.9732278727136981
32.5151724938195 0.958995027250675
33.466783519878035 0.9342915904970576
33.87448802913759 0.9723008342386583
32.13526010810172 0.964977644562533
29.390639349922807 0.8940392426182519
33.92274802181798 0.9731259445310868
33.14665507676053 0.9777890571850599
30.22449064718211 0.9453663146822424
30.170356179541535 0.9065402870790814
33.01034633803169 0.930249757469283
29.72932039314305 0.9017311845239344
32.36973409679424 0.9593277970504767
32.76114847137375 0.970860831649051
31.54124029912543 0.9606058867723871
32.95568083257026 0.9697888268567914
31.041701312576187 0.8658535709575783
34.595179247028206 0.9769359895396512
31.03999751439099 0.8889774983797376
34.18097041397083 0.9659571600597862
34.44848140884026 0.9797538962050464
29.77411011835453 0.8945001696178508
29.737054433851494 0.8991696174805143
34.01886185617299 0.9742639344614683
34.180140046629106 0.9730747485249759
30.059696824443716 0.928928940768982
32.15883413983055 0.9569367070666976
29.86741309564907 0.87805255131343
33.814944145955266 0.9447375189450735
30.212619535669532 0.9401994595153723
29.36376410652491 0.8686809166384507
31.17375035564956 0.872045854378032
32.316908331811305 0.9658197533233491
31.837926884278346 0.9634194837377235
31.03687575878514 0.8658574579109577
30.19295431075722 0.943807873323283
33.04268321969225 0.9299502845242038
30.467717212800483 0.9439439449065762
33.108961314913124 0.9282236942354336
30.290506850432482 0.9388121984692819
34.42805488127877 0.9750660139127144
29.79920034398844 0.8975126134835134
30.232519012815175 0.9403227350862001
33.47530563435604 0.976692097228223
31.750342065385727 0.9379882154580709
30.89058318157402 0.8968100143718069
30.513429080394054 0.9470112648589588
32.12299954856897 0.9542482312089483
32.17483907978639 0.9568624826404436
33.54433174070883 0.9769895285266649
32.929643519525186 0.9733857675481776
33.49537043586477 0.9347435354715568
32.51389355139081 0.9641464458783654
33.85232135015467 0.9719625956143673
32.36487142263488 0.9586616977634208
33.28440556755899 0.927920565112562
29.581365618842888 0.9086230305482997
31.98084048851061 0.9462564299937359
32.139679219103904 0.9546442993948325
31.946404466268014 0.9460993325173943
30.79346220321913 0.9545161618777027
29.412888889830178 0.8617449659238
30.25184841836664 0.8856425010389665
33.99703535785613 0.968504436847252
29.4589543745283 0.8658477094815956
31.94582625696917 0.9660026438881519
31.5094595652395 0.957635481552994
34.84443485431633 0.9769884170946249
29.596642244801046 0.8640853746475997
30.721744628843513 0.9514124737525307
31.21142152914591 0.9039094795786237
32.397959119732676 0.9691505453155662
31.787574745658983 0.9353563527631393
32.20856193571138 0.9569299008044185
29.36855581623758 0.8652449305022673
29.860947259426407 0.8991983514996897
31.699716437683392 0.9614112033554175
30.098520502653724 0.9367109761755409
33.16153814383231 0.9267063067242134
30.10114561591372 0.9414540160947447
32.48201572978865 0.9620718337596564
33.370142501449756 0.9311920102731454
32.961994400406546 0.9737345631393334
30.497118549237847 0.899264934522378
32.16074507668929 0.9566997591515746
30.30303834791853 0.9430676837025169
30.605904940097275 0.9449689176987892
33.942290715018764 0.9740934824470912
29.62566194382822 0.8720401021301568
34.37120665831324 0.971079703615737
33.232360531852 0.9231921989938916
34.01379100572755 0.9746587764535138
33.410018793382235 0.9280449250028461
30.18338406330665 0.886597851370525
34.84978561899411 0.9792614882794255
30.19673354156588 0.9433187673224283
30.814319947216184 0.9534585587922854
33.20475601106311 0.9761032401957183
30.3430797071397 0.9519513621702937
33.50624360537921 0.976272381535209
33.02445810250991 0.9241252811399002
30.61676076886521 0.9433428490137543
30.674063722139145 0.9479343819720844
31.61072589836836 0.9303193981488254
34.46239768933008 0.9691037785635547
32.76488261996042 0.9711727097660052
29.37931179716926 0.8957457310524412
29.756226498774385 0.8776504185449634
31.57463071206169 0.9555758933451505
33.100827932948036 0.9269029008389078
34.761719012943075 0.9783993795874701
29.43128696921818 0.8931280112178308
29.854473408505612 0.8994842258855839
33.316108886990456 0.9300673877208769
33.53247519073022 0.976030551205623
30.790566146072997 0.8500867489770674
31.745418653595546 0.9337418737729566
30.67626154441116 0.8467125305482562
29.279933250844955 0.8913958243967715
33.195595649659936 0.9264042490339776
29.76737902214353 0.9019838422494892
34.53400065514549 0.9735625010337373
32.98785380807605 0.973410937424284
30.525557676871816 0.9505793615734015
32.478091845347635 0.9619255095855309
30.554452230553505 0.9403725896099075
32.23082570002606 0.9566493081551067
32.45446193261786 0.9604951976185592
32.22979513431477 0.956096361062406
33.18239067205448 0.9268741339124673
33.21163668389756 0.9280500850494382
30.699534943920654 0.9495781883420941
33.17917297565739 0.9220783456755653
30.747510394600653 0.958025383300821
32.12327597439808 0.954350811939087
34.06971706450543 0.9718587414319191
33.20268401639879 0.9268348487396344
32.38378109488185 0.9578731091223842
32.809539931293685 0.971508011129487
34.05766837921704 0.9683498875380879
32.380664856164394 0.9605130571374356
33.069420830983795 0.9310584277049127
31.715518202784295 0.9583737930784364
32.385947702167826 0.95990564012332
29.62552393800564 0.8701804251454154
32.334003816968824 0.9581488579313414
29.562323055217284 0.8613874462942795
32.81421889073263 0.9721315640632457
29.330051641194235 0.8928705351810597
29.559173335460155 0.8707561719074417
34.19241562640864 0.9689925415098513
30.813257304351733 0.956653945604175
33.4608235892173 0.933396037742185
29.49208674467701 0.9157453875845545
30.82797864416889 0.954632793884586
34.38420451344262 0.9793927804658796
32.167146265441644 0.9565097176288392
32.39644958271573 0.9590414048784894
32.24770477459171 0.9647297173724453
33.16396279795374 0.9309791158901374
31.78948823925298 0.939458609873726
32.67742602495859 0.96186429644923
33.116996970986115 0.9118802141882998
30.168885576372336 0.94261270501636
33.17498404248547 0.927837171873374
30.931901758396098 0.8645145700440721
31.56860257003407 0.9566866189300154
32.484148257928865 0.9662143187800375
29.79287539742259 0.8812493512104016
30.383063833818753 0.8996019283854193
32.922341085075004 0.975009346362042
30.464908885940247 0.9461218200210183
30.316453537798612 0.8935321614604688
29.61171513027484 0.8969613412506484
30.773555372649504 0.9536622006773143
30.34639537446031 0.9233042895838078
31.97104599075172 0.9460665258853799
30.174909299878014 0.8903568803760794
31.624695370081348 0.9313016846143215
31.807771867718564 0.961829362579662
30.160417838404353 0.9252982952333003
29.34689386755009 0.8745761378301322
32.464263705672195 0.9598653396321246
33.49388898987111 0.9309572830266585
30.688161959786026 0.8588821564152341
32.40395324422914 0.961689266577873
30.61688429237396 0.9491680950791042
32.94251596437366 0.9728451571414253
34.12748938207417 0.9656490791977991
32.96549368799387 0.9724957578455398
33.14133838728607 0.9173636762551456
31.5885704899993 0.9345914820744665
32.538636333107426 0.9602707350356613
32.69316219411405 0.964538080924866
34.64853269894748 0.9762065101520293
29.438897848950102 0.9047296523353536
32.19747726090865 0.9533150212658376
31.682800910591347 0.9600637667926631
33.47536967454513 0.9389215627011904
30.435633270768747 0.9360470743725516
30.185482478908273 0.9394679088957669
32.95404599265222 0.970455472446751
29.207810899386182 0.8945233605237748
31.561629956665964 0.9581630053773936
32.16242452084662 0.9575591442742224
29.6665401000338 0.883974942203916
29.710375155924122 0.8918295658050576
30.40959889417463 0.8983500619700833
34.922336358724834 0.9765222121623993
32.781904901781274 0.9756424908281027
32.459233737294156 0.9617173782330213
32.53568853620314 0.9647707768253737
32.56689095234258 0.9647123587238987
32.54493210890673 0.9601172148329872
34.43994580691478 0.9686660157189994
32.99709510108279 0.9709283083975876
29.97120544186223 0.8841106975260702
33.045547155873145 0.925749385601995
29.54550691014784 0.8341858568468283
30.912095570939783 0.8590761750942045
34.69205304841851 0.9747398173527367
30.761002909536096 0.8594257923105754
29.782192581866074 0.8605682732082455
32.56037795864764 0.9604957705106153
33.476923549605154 0.9379088017906966
32.84813184279767 0.9719839112583495
29.429576930761094 0.9085117167218376
29.751752921290567 0.8779647117832603
30.481297887423096 0.950081394511823
31.61212849668344 0.9589346419676679
34.13116118869937 0.9723494803055053
32.46318398181583 0.9587095029677882
33.46982367837847 0.9338857794846747
31.65444419160694 0.932770476141541
34.83946611200027 0.9792056486360258
31.54718351558847 0.9339434909123642
33.13222982089851 0.9707667649905007
31.07050335414741 0.9045553431465818
32.207761540894694 0.9558890146894995
33.20112653836745 0.9255785032475938
34.49248846079611 0.9753223408803251
30.278063150408503 0.9372842361208154
29.471153056826722 0.8586053445791509
31.635657203584692 0.9312226053570124
32.7789605659079 0.9707343570594884
29.64686085846281 0.8831431709143667
33.10915497076674 0.9311934470123706
31.96556045653707 0.956045505739734
29.722392546381183 0.8846439253927441
29.391211390484123 0.8889669178587906
32.55726302263658 0.9603757345552454
32.90212368553212 0.9144981565072641
29.522818964575283 0.8578649268578834
30.866621274608672 0.8523040865607111
29.825030319506915 0.901049276697898
29.806803467378554 0.8805321267243144
30.283046619272863 0.8908642244188764
29.64277415489822 0.8976383462981063
31.662949947705677 0.9329637076125137
30.173348018744456 0.9438786113991703
32.559630787864094 0.9580846737510217
29.73077676580422 0.9000299241429403
32.43347359848036 0.9583258939009136
32.606818122735184 0.960766705024357
33.474124726556134 0.9748618650092229
35.517265791343995 0.9812126191512803
30.80445653397462 0.958036320403883
32.460083398395966 0.9674897850987266
29.534709097056076 0.8331491214329315
30.552639399704322 0.9269939944995054
31.567432601313406 0.9602626549307147
30.1853484047884 0.8856200786405697
29.413773932357273 0.8746905670549859
30.078224019659878 0.8952861036352718
33.340128745127814 0.9292814907094679
31.900641008155787 0.9638672853614579
33.19532385043574 0.9254548452289556
30.60941768909672 0.9423044334898052
31.71614903211114 0.960235862811029
32.82161159961075 0.9718413509703336
31.63220367365949 0.9374785053394113
30.46484240394989 0.9386888156579126
35.222711470875 0.978629710579013
30.829396029258753 0.8883460093712948
33.19631487671178 0.9771965516434221
31.077470860943627 0.8503779628358941
29.719728633427284 0.8784707035260836
31.10693890627273 0.8616574476839084
31.255554051063324 0.9062707417559235
29.775988487080745 0.903624747035684
30.1914503321349 0.9440340474978651
32.9112120596825 0.9735394099274106
31.674796799866925 0.9321758891998649
30.80982641493158 0.8565128016765151
32.25932015359443 0.9562317010172042
30.686032692273173 0.9547401121927072
31.70423451434091 0.9335137597423364
31.945533400297677 0.9459403372179004
30.208126485904202 0.8892327194101174
32.11060141133319 0.9684226276568098
32.511411189985026 0.9618576158093549
29.82434040285976 0.8779513454295961
31.59564423989474 0.9565565321119961
34.15014021219615 0.9671253720486391
30.498982250567682 0.9362506254166829
30.127709416214476 0.8906192650913476
29.441022621906676 0.8744651884799881
31.676742973483663 0.931062660326124
29.603980797262302 0.911288179089762
31.568845236999866 0.9619027320966037
30.427922180486746 0.9537246391613647
34.45720235538986 0.9701600900268823
29.47439696838505 0.8837051221750405
29.333588875890708 0.8644503006016571
32.48445604774285 0.9600744334789327
30.6179075463588 0.9403475559176967
32.54830830782511 0.9645493726033161
32.225867427879315 0.9563469485869016
31.782061095614207 0.95419939675342
35.187857169441166 0.9788791356915197
34.708008280805586 0.9770127563449785
32.62814961869372 0.9648607729154222
31.707260675110497 0.9339455862388464
29.63479679526522 0.8623212951121981
33.04601344355798 0.9303296412946646
32.62646304003433 0.9626448861374033
32.598902028836186 0.9649388199924723
33.0411166004379 0.9261509548487358
30.74549158804124 0.8535548801766267
33.90833510023295 0.9726919478197271
30.77929180558815 0.9544833399327431
32.43260644076613 0.9600762650806185
31.66955567600079 0.9326123848808181
34.447948703310736 0.9753125220666485
34.22411361040628 0.967370337687665
29.76367961424227 0.8965044448817617
30.473564385482817 0.9497365978592844
32.4020884266738 0.9685853576697958
32.29530895644483 0.9618825781370671
30.748158145001796 0.865533293939899
32.698928559570994 0.9608058318581258
29.416009309352727 0.89532236491524
32.22627404547132 0.9647265319139516
32.11222871302795 0.9641718703071801
29.420531177603397 0.8731311133109682
29.992697423390457 0.885870255548294
30.2852573119471 0.8912479594932832
33.07284871460958 0.9259837684785288
34.29178237861872 0.9682981079526716
34.81147175065455 0.9786424033517075
32.21192359766718 0.9560018468226799
34.54570461256842 0.9803252945518459
34.407719736410044 0.9738422904811994
33.4848864658568 0.9339712467854573
31.70280998256681 0.9337766440674492
34.16546577891326 0.9729229461442463
32.64570894303125 0.9680809128482176
32.52446042728044 0.9619434496190874
29.583607757774786 0.8760344216058703
29.864755612260918 0.8638270534594497
33.22479396896637 0.9254816055863361
31.160412703888902 0.8753568901443034
29.523631448818644 0.8583510014094778
29.70694401971855 0.8997350334402772
34.642654574856486 0.9741997011851492
30.455965938053076 0.8989413347452683
32.1634919863761 0.9565669759408825
29.27853322813486 0.9037407065667538
32.91173885226656 0.9694739552021624
32.35089856265735 0.9662162519664832
34.029000251559566 0.9761037481744917
30.520723167864354 0.9484926373870591
30.29410312814631 0.9310144396404338
29.430803436588924 0.8721501942041606
33.563357634766014 0.9357802030885877
32.32202755364719 0.9672831889081157
30.037881740103728 0.882568207980577
30.17924519770836 0.9204605258736468
33.967432204905876 0.9747596956249719
30.81924853081835 0.9597470522551285
31.694652474217136 0.9324306581315221
31.200784864490192 0.8986453948549048
29.5449804324697 0.8819237672003906
33.35971244309429 0.9263682914143213
30.17983730184856 0.9439462239496367
34.68372478416872 0.9738150981966209
32.39666045921234 0.9592862580231648
34.85376760325135 0.9741909263169342
33.04313061290524 0.9284568957369496
34.71922390136519 0.9771351172204199
29.89539942769675 0.8831977388196812
30.5795241437314 0.9461796704643517
29.6468904173421 0.8818919668088298
32.00706672810642 0.9661404650480357
29.46230366239025 0.9083462815245796
30.34736968128427 0.8980014484322201
30.247832377241156 0.8935832955995854
32.3782730381804 0.9645877172958098
30.89063790895144 0.884986681056402
30.345665738962452 0.8968530775496634
33.57473518031474 0.9364044423495821
32.15235614195939 0.9563886940955193
30.39527463721951 0.9463197239421843
33.477324087700154 0.9337698441368792
33.10050684255965 0.9292559921563378
33.10424704429078 0.927942740824244
32.902647234485954 0.9689018420595914
32.392622790675944 0.9652623835791108
31.88686983558009 0.9628185043473912
32.85879860062789 0.9628587830206774
31.960838898485196 0.9589338124440452
31.67687414949892 0.9315276595279829
33.153001677495425 0.9740086839837143
33.561086396130044 0.9766057746869284
33.083380444109444 0.9756543501281272
33.902370997807466 0.9732311272277294
29.284808389093993 0.8762665154342087
31.746365068066346 0.934565495946133
30.213233045901 0.8898452360761568
30.24174758964229 0.8880900543178832
29.263424767558313 0.8938951845083125
29.67588229187227 0.8669375032391349
30.48577455189799 0.9005942441221627
30.20046891729597 0.9467674833716581
33.16860799295449 0.9276478141857817
30.51154484097506 0.9413326384993181
29.67486333728393 0.8838020867697732
31.726371449760613 0.9626125651220706
31.59178797416352 0.9310236204680452
31.576885806902673 0.9293985223210394
33.0566813155616 0.9243027790485099
30.23353855006574 0.9238782606753513
31.776646013825808 0.9375867006372096
33.53259704374071 0.9766796934436798
30.519296337017273 0.9504057383054952
30.56057759531537 0.9457644849818659
29.428255665896263 0.9082221057927777
33.4540647013896 0.9386760853417614
31.905166087735726 0.9562769288148477
32.16056232414525 0.9567090638922306
30.407240554932148 0.9384722697707351
35.033643959771574 0.9760404895457717
29.35176099995932 0.8938560071132543
30.545486766346365 0.9483570915435446
29.705754803084773 0.8779171679349392
32.384983110883596 0.9579495884196981
32.27840637975279 0.9568498253257439
30.676903886922396 0.9442336156955853
29.81674507032527 0.8729668501771872
30.912717670780168 0.8675583957598166
31.678215861758797 0.9323185282966685
30.42713777027142 0.8997172328688171
30.472977134436956 0.9454021692439084
30.792339814478787 0.8606818722430065
30.437181990459656 0.902129848871273
32.763260360328495 0.9605903771441084
31.00672263054635 0.9191253180078176
32.98210253379789 0.9740625891696841
30.54129640574157 0.9042620032189652
32.74972698929239 0.9636285951280399
30.751373021491062 0.9579766966031583
29.67864078233962 0.8711015848864404
32.23574995242459 0.9663020760094785
29.8289666909306 0.8854423064618396
33.22509946122213 0.9781435380298604
30.473780890055462 0.937679054399447
34.406363280172016 0.9745620506240702
32.37688648577787 0.958684808492273
30.242835715154364 0.9367956990183707
31.757406037233004 0.9390141576518535
33.10127462889379 0.9312724925333363
29.694919497398608 0.8682106661538884
31.462831854764055 0.9555754512933031
33.21850431444683 0.9286519909940093
34.08318904760128 0.9721303548396305
30.884683141763077 0.8852320794720852
30.543604498851554 0.9025519532787378
32.33154513754513 0.9568680664728353
31.61758374376547 0.9576465910991023
29.378864280746694 0.8559732093826392
30.51195497955499 0.945845101385031
30.5401714186941 0.9390079271624651
30.27326617105182 0.8925321520016596
30.17916097762404 0.9418800725444529
34.18695328947914 0.9691662141573534
33.479622393832926 0.938034046091626
32.64657164903764 0.9613278435514426
33.0458234684578 0.9278842693242855
29.793967869997594 0.9010719328769501
29.547748615638216 0.9132256005080527
32.992613502934404 0.9741135083328387
30.32455354106668 0.8928106421236434
32.52721040464324 0.9626138029285145
31.716381174285733 0.9334801434655656
31.750050926030504 0.941058999426565
32.397742458625046 0.9593986816361814
32.986170998167495 0.9289356842930081
29.749559734219723 0.88238870494286
32.95778144262097 0.9733956395901543
32.55248471902664 0.9609964746738298
33.002229673839636 0.9710083866359795
34.23109107333971 0.9733415755086662
33.0303571170099 0.9287821427293504
30.200588049767717 0.8861549029077618
31.534754511280635 0.9294069486804969
30.14895874595377 0.890078011148213
33.05889665328141 0.9253395114017101
32.80252150971157 0.97175244880819
31.388490044620795 0.9520813020763136
29.848326651427016 0.8819274290782746
30.101425703688157 0.9187931168647934
32.14697280257201 0.9539743316914963
30.386347289477904 0.950194074306655
29.662430578210316 0.8940931192570977
33.03015547112019 0.9278281757878895
30.37567171321294 0.948807490664108
29.857448468526655 0.900934236169834
33.06019956327929 0.9276808819583156
29.374436525605816 0.8995038109736904
32.32206653757448 0.9580436367215558
33.21203281064727 0.9280171582408197
29.64830563221974 0.9209352387476833
32.4651515420168 0.9590362294109437
30.25725855405396 0.9395864649390725
30.18113165204727 0.8895225939957041
32.13125263339792 0.9563712020074377
29.626658334959735 0.8965334887142437
29.34045031237379 0.9001952466673445
31.565209489541864 0.9578734544875214
32.8934950826629 0.9735047633632214
33.003050436128134 0.9697142147703908
33.82834464943293 0.9710032748904747
32.8185738304815 0.9724606461515224
32.09187372368739 0.9684828912827677
29.35390184503661 0.867138072567978
30.14173482231454 0.9431174812386347
30.333869235685654 0.8904571072573713
30.207171862213976 0.8877667474384033
33.16024766993415 0.9286090717555434
35.417174817548315 0.9803237085778392
33.163632000852516 0.9715344808920275
29.339090058232493 0.8767672510099741
29.62859293347398 0.8844525336181746
35.119708329420654 0.9784548622828199
32.80266135671165 0.961457949808751
30.38451473640039 0.9524933863749632
33.93033371197857 0.9430280092629083
33.46591954471436 0.9355107822453356
30.152635268656805 0.9381164185961454
30.1981687834557 0.8868877115648497
30.39420078930531 0.9410530837129086
29.648646899833825 0.8968921438740953
30.984475851223543 0.9178174543732275
30.336264936716738 0.9290895552533925
32.60757705957755 0.9602289538528045
33.194444859124665 0.9778167033057723
30.18973810171698 0.8902675568762013
33.01234217334725 0.9336910691252307
29.331463101651842 0.8843949543022738
31.96760791053942 0.9659273847618118
30.18046062044139 0.942284919421754
32.90665863349881 0.9728057565854316
29.753027415206947 0.8677735891027164
30.471997743053688 0.9562547317227652
33.25127840648782 0.9273256337646545
29.65741116516133 0.8958460611552994
31.67361724562264 0.9360125713590283
32.19005225658835 0.9567830939534409
30.305883625333934 0.9477316648908127
31.534666644457992 0.9552207892826035
31.63915640256387 0.931934195068537
34.17171941257198 0.9733439595905437
30.143920578382822 0.9459410417773654
32.09225838756985 0.9659236379544149
29.436092471334536 0.911279581077688
32.52142097889418 0.9632979835144324
30.713542572458387 0.8578413553414644
32.2747622459324 0.9660813121368238
34.85367225606498 0.9790859504935582
32.7299402671745 0.9658459698097905
32.122292093168255 0.953693448794107
33.10764234837659 0.9200400711827154
30.128244320867967 0.9162077775123199
31.84217862238224 0.9613118031065513
32.300404631356 0.9530122902804598
33.102836183249366 0.9265392994104249
31.626528832192136 0.9321412669660446
33.36214507454537 0.9308596237756441
32.78306143696052 0.9644290416431653
30.106703316305573 0.9410359103156157
30.13363662617116 0.9450120912050566
29.455600693195617 0.8677783724933509
30.786141589627928 0.9596440136562302
30.803273699067617 0.9547265886766796
34.12813418141345 0.9725635794949099
34.4731047461535 0.9751738963709985
30.427007897048664 0.8954692241088237
29.5134400680222 0.8752020609531436
30.80556381771135 0.9562932042136939
32.77713364868135 0.9681785588540911
29.35526996530553 0.8860964646378058
31.9275585091966 0.9642151652356539
29.807571697378155 0.8831066262459702
33.10093153002398 0.9699804086380645
29.609844441177223 0.8602412929685554
33.18409367190347 0.9260892878626127
30.246934538876346 0.8912382928485755
29.541076561191062 0.8727277850259905
33.55882082976526 0.9768843906646505
29.261016270482084 0.8752611934940475
30.58726730530877 0.945955284414048
34.30107776837111 0.9720391869644638
33.43540212007489 0.9312572557186407
32.43452018653716 0.9614064363869775
31.211499610238434 0.9009449387452954
32.393255655706206 0.9612170354868261
30.216763336012676 0.8944857901944515
30.851584762974746 0.9585365494814782
34.027091462227965 0.97005337632909
31.14147171906669 0.8651158745227263
32.98916529659636 0.9740542389125666
32.460353111562604 0.968294981522758
34.64903613989047 0.9737270286158108
34.00797275114231 0.9743880057190107
31.532446174021388 0.9573852927177112
33.29942405478715 0.9254143091237353
29.816944871599663 0.8917213563574352
33.216279755344516 0.9255515629882668
32.10428617383839 0.9566711861138469
29.53244413690246 0.8527790501407599
30.280871724598583 0.8898033487514737
29.625283999636416 0.8851876555068177
32.91992113747584 0.9691388501559605
34.28535298867605 0.9703326147302758
30.550059036460997 0.939021115596705
30.068663839888323 0.9042739979015734
32.710621224845994 0.9637884880496079
34.33939114935535 0.9707862847534324
32.43345898418871 0.9594510168663776
29.86923551877547 0.8783921069252973
30.86205966966251 0.8608309520775639
34.50101229037186 0.9706633058319678
30.579593910441357 0.9371903409193381
30.438883353312537 0.9297647487927833
33.846815951429306 0.9439930337180362
30.29326451344053 0.942034560166488
32.66658753402973 0.9618005635548369
33.320236237255926 0.9712283646332774
29.671589017188435 0.8858829644575695
32.18742950015403 0.9570004579325407
31.612539145557818 0.9301750106161428
30.26173790546303 0.8903005314213851
34.740288649577664 0.9786446687912037
31.8452705724228 0.9620767388677071
33.47134626549372 0.9375431251290295
34.03292484320504 0.968624688103793
30.533581066158636 0.9430631111892445
34.35857468855338 0.9660985467732196
31.43704395128907 0.9551785536870271
29.792161889180203 0.8756946852024108
30.867086734930638 0.9580192190486968
31.495377151054143 0.9588620328794651
34.03205061454643 0.9761611822285935
31.098952332159723 0.8585937221201478
33.287641817743015 0.9731068508158044
30.359106353120488 0.9523452426082222
31.59362978080462 0.959149420192831
34.54833745805515 0.9760034076614735
30.32614694789445 0.952723245215078
31.12830472413691 0.8584096322314155
31.286115818042212 0.9219347699112498
31.62752507595097 0.9328069130962606
29.36961572417117 0.877821641573098
32.01437859284793 0.9569647108765662
31.616399550973693 0.9571100172315206
30.98105542160336 0.8681540106254229
34.004763632818864 0.9697780907107721
30.836760158259118 0.8960650693025499
32.265676737042824 0.9567197073719266
30.298856614166482 0.8894659628019406
33.03984107042324 0.9301979506172726
31.608020007910497 0.9366597465114055
33.93896765356887 0.974829090931039
33.47132135679145 0.9331904402465045
30.492281387966493 0.9494610263169877
30.77254620829409 0.8839944667223999
31.73903844876692 0.9332142745135206
34.35214443382377 0.9736279039055429
31.655426926866085 0.955919392172844
29.5383957575512 0.8570267826958525
34.50852702492438 0.9708287462611787
30.231980840012078 0.9445784497708702
29.625931319651517 0.9091545310159046
35.20505350873657 0.97951167188275
31.16963741015692 0.8701241846170712
33.13439591268886 0.9712407489164299
32.495581463677354 0.9583061436970463
30.237947791190255 0.8865387419481312
30.618050598347434 0.9424662642263046
33.507810538370606 0.9388024117634007
29.39610286472054 0.88652029422676
32.75277201728097 0.9603640923745207
33.201755796903605 0.9252798345291867
32.16748701092742 0.954755373855724
29.322557393137885 0.8943878472507097
32.58309826856547 0.9609185556876773
34.31128786019899 0.9715892002821436
31.170166122500866 0.8734725692930679
33.13365478348496 0.9703863204004161
30.563379734840407 0.9470104754900108
31.62247307176618 0.9598880201981781
29.538195534044178 0.8776461334343195
32.69903362958188 0.9628422493400178
29.870306660992703 0.9002499258594471
32.64751371292877 0.9606643934433132
33.348970226298775 0.9292127152104546
34.35156359962956 0.9744844915710291
32.40539355508038 0.9590519681695568
32.44295786978229 0.9614694725431955
32.54959347664601 0.9599659585953705
32.23302087135542 0.9568113082567892
33.202038097863536 0.9722363429801711
34.69831654666653 0.9777903099275947
32.99626845861714 0.9740699245006952
33.01020359385434 0.9708807101890704
29.89331635267427 0.8818355419293099
30.7952578902994 0.9568052068366627
33.087177895071434 0.9273553510858632
32.453577824146976 0.9567237597500431
31.74177443887389 0.9382555281000869
29.97451504540651 0.9394859213662038
32.204135687294844 0.9564834675852041
34.486404860703516 0.9800322352109051
35.063104234434014 0.9765976117905142
32.93917771902315 0.9140598371666363
32.42316198912201 0.9602579986926116
32.127339171863376 0.9541756202745756
30.164167253106346 0.9458196990693041
33.120233330013555 0.9284807397926466
32.35936837732473 0.9593390513604697
34.48587612040099 0.9754165939294722
31.431476942178378 0.9556219728035987
31.923963138466014 0.9507839062622786
31.888839805661817 0.9663487652291561
33.09446033794325 0.927056229616729
31.581244639490862 0.931691811801345
31.541944661659883 0.9328974096473251
30.27082782744167 0.8922120615725597
29.493646852987556 0.8899966496586752
31.00514127714797 0.8669167220849199
33.0717255352823 0.9246282524616579
32.12631638700448 0.9538030411481431
35.028707845230876 0.9754149604072919
34.022281570820994 0.9757628431285165
32.1359757844046 0.9640691572510232
33.1280209155149 0.9706831700923038
31.140161188225267 0.8654384768998566
30.217635331950877 0.8851498307625771
34.320860920196246 0.969379453104733
33.12523062246166 0.9291275010033746
34.507651454336354 0.9803018159792143
29.757707708233223 0.8814047431177331
34.04505435870077 0.9745812258343461
32.11021083540038 0.9542564713209991
31.603165339455785 0.9582626155333688
33.96116064692443 0.9742824159050577
32.94262709603859 0.9203438521251366
32.13964291673005 0.9575311085857614
33.09995978791913 0.970325558563973
33.454432973056505 0.9335806419162017
30.75369809917968 0.8546159599373997
30.765316265186605 0.913217246405188
34.57241165009913 0.9805501023686072
34.377594214457496 0.9715134104213872
32.186252228628895 0.9563457213276992
32.126994752445604 0.9543145267679762
33.975304841406256 0.9739841023100433
33.06426984259617 0.9262303737617287
30.778381926420128 0.8619592101809264
33.84644374171402 0.9724402301234357
30.158217160838404 0.9441933502196416
29.583018784994024 0.869447463385629
32.46631003073853 0.9609142492959898
33.219214441602304 0.9780909573210775
31.65766422623786 0.9412724024693528
33.866688355594775 0.9724120107415594
33.97310755078563 0.9752218837879947
35.14286216737095 0.9788281578409441
31.543480311142503 0.9601121720558463
30.203809544960173 0.8852667815008106
30.48655660665289 0.9490423090784676
33.25360226067175 0.9752453521464145
35.54102972874881 0.9813955393973128
33.40360242903638 0.9371686571541245
29.832133697938637 0.8866631021562372
33.1390064067491 0.9716945882267713
29.452809290954512 0.8799738057631556
30.60156787466173 0.9442833858690377
34.28268051334969 0.9637085685030474
32.41811460646525 0.9607013347040658
32.144893737645965 0.9546780434980284
32.221352461954375 0.9553844868575906
31.95231403835386 0.9459947808352439
30.80154230956895 0.9520158357126444
31.600662890846642 0.935674051078441
30.238689944572158 0.9410430102910401
34.4654059981894 0.9801924066525335
30.260807804746825 0.8901971552437534
33.18613257377785 0.9260994456498421
30.593202259066672 0.9283829757420282
29.931515122176286 0.8867885625180074
33.97018211486953 0.9689225620183584
32.937372427180335 0.9679336451887295
30.28651802072929 0.9380719904056776
30.607561566987734 0.9468752783547344
30.85789054185686 0.9178043158494124
30.58441856176122 0.949039321503741
32.46760759499437 0.959752801220654
30.2852901443715 0.9253896752293183
32.97804877632428 0.970952975625102
32.78689792037966 0.9713541916584777
30.358712544188226 0.894655636908617
35.16499228742764 0.9792243048123415
32.62646464828566 0.9601771494270622
30.99423201978596 0.8632220737862785
30.533067826195076 0.9447271855021894
31.81137826079975 0.9398681914111455
33.18009135653191 0.9214476732858481
31.76833919519816 0.9384678819249923
31.106833496930207 0.8999370559394847
32.40587198149532 0.9578383946054841
32.50883789429813 0.9605353692523204
29.330661686713405 0.8877752069216777
32.159818752287705 0.9567519573524229
30.9502454024282 0.8621132483159089
32.60868367984255 0.958962181185069
29.8276403811993 0.8793582070352663
34.08429579084468 0.9715871895303919
33.252051957678916 0.9753865884202761
31.13881708411078 0.883380775457436
33.05174228289413 0.9094093369115313
34.48022810843105 0.9757320508249251
30.289870588841758 0.9529650431095557
32.43766723921459 0.9575210880836676
32.68128835570733 0.9699296493492298
32.4399826136606 0.9616101783737305
32.98917840911095 0.9729341163414107
34.25757971750615 0.9709929666079268
32.14763387729991 0.9561996703904972
30.273149939311974 0.8925678785964782
30.801194477068595 0.9542488924551007
30.225663745758293 0.8891132207641705
32.537398124989714 0.9597021849992452
33.03515481367283 0.9716407905413038
33.464148225760304 0.9325830155033406
32.97045957902301 0.971020434974379
30.177743899262847 0.942128253560387
30.27301336514608 0.9419241853494082
33.30153756637933 0.9283560287420045
33.093338719282116 0.9264533988076874
33.04008075656374 0.9340381024275691
30.578472006925566 0.9507459594718535
30.214967488332842 0.9394806783034594
33.72097856886568 0.9413369063725624
30.22318677953661 0.9367954385351926
33.956039823241255 0.9749604911117056
34.574196209455465 0.9762552695881225
33.20265555172492 0.9780725117648953
30.395822365827673 0.9001592338770539
33.14759017886501 0.9774377155361468
34.19887568069724 0.9661609375244238
30.188777877694942 0.9058694551548483
29.69333225983824 0.8716673927995326
34.82628166702931 0.9789660091370623
31.797860232291598 0.939038646019312
33.03550512463566 0.9252809231061667
32.46086897981131 0.9608753600381964
30.06978465285348 0.9395708747604273
33.36160072098929 0.9289814295428468
32.25767078184424 0.9669667316932093
31.52307569265779 0.959975180254093
29.61028890030321 0.9153358815699338
32.37894407283478 0.9594010023860223
31.532173968640144 0.9335532870599655
34.48296519148268 0.9730854505534777
32.214397004534 0.9561853304821184
33.06977614331858 0.9247398713530064
32.729591934256845 0.9698441218847114
31.020307426408724 0.8610149292036219
30.20454427554322 0.9478927938461871
29.42212672919396 0.8642394693614227
29.63800933730281 0.8794842105159355
31.63130259263161 0.9325822538761266
33.2179053357468 0.9310169243542611
31.716314660371875 0.9333627960592802
33.2089140027863 0.9267533733425334
32.21289327141274 0.9587871619753863
33.100271421255606 0.9316118476778074
33.48066676871126 0.9752109678248799
30.350736480328457 0.8922375317295475
30.380772596615788 0.8986285580357886
33.08248585870509 0.926574655599127
33.21100047229946 0.9227028006204723
31.197366026540116 0.8935712063472127
31.471772303811683 0.9588354887729391
32.16368353639104 0.9544008236835411
29.414952990158916 0.9082775119542756
30.38345338042934 0.9523394304787515
32.63457740717484 0.9633619554350993
31.670357297923278 0.9596354141087974
30.47267913123127 0.9496259471232134
30.136687346136526 0.9451590248181538
32.5713282320912 0.9599659260526267
32.34651867658403 0.9593811511933591
33.16605509305666 0.926308193780935
30.19290586865199 0.9361872328697639
30.591713167243057 0.9401798526119911
34.139746715976734 0.9617965771873943
30.271860607102987 0.8890851000118145
30.24982213882801 0.8910630470124412
34.37239410609791 0.9728124909595428
32.567246307331516 0.9587983571177346
32.162510515460994 0.9564914895297943
33.94214047757482 0.9739978958292764
34.46948997566302 0.9727011151932939
31.61705821039576 0.9363678234935062
33.00339597434071 0.97098308061224
33.08097981641466 0.9715368351252401
29.351388943026567 0.8885748091847229
31.68267861429061 0.958705160912105
32.9966423547348 0.9727755559168774
31.562209557692164 0.9556831709413417
29.646004952970998 0.9055708377868251
30.446323102106607 0.8984539881888917
29.640414138487774 0.8712181807849143
32.9841696878599 0.97344143849352
29.64760819298034 0.8962391759269736
31.664118876219497 0.9333181256064312
31.499174458367957 0.9551406842848024
34.56083393395356 0.9730400489265958
32.8957018527488 0.9720502299340098
32.460953351191705 0.9618923349801665
29.69002333843013 0.865884701448558
33.081502161490384 0.9255179639147973
31.758716234618603 0.9406207914652835
32.398881957725436 0.9589602744013641
34.606453824587796 0.9731285370869934
29.590222025466446 0.8971747431242352
32.26090214414399 0.9566100640747203
29.81120987315667 0.8938160557862589
31.66547083206424 0.95947302078322
31.68493679802728 0.9573493952016691
32.13533479434665 0.9536610357693217
29.56257721248174 0.9073446686255981
30.252270824422453 0.8865874646035065
31.268194061121243 0.9245362247722194
31.55200297206127 0.930417247118347
31.640860437027435 0.9589173190906818
30.113649806728656 0.9424136792097377
32.906752554392995 0.9300679849165947
30.532786774181396 0.9375071528706387
33.467787234781966 0.9342640175142576
30.025781276722057 0.8839119923927659
29.416390207787494 0.8860780752396697
31.68862561836898 0.9323473941318828
30.15980604748237 0.8915985406199479
32.64846810435181 0.9669437249680685
31.782929777805343 0.9614132025591459
32.425754872729186 0.9609606876331165
30.838250199027325 0.9533851518412543
31.959259404649778 0.9454339626250193
30.499438753964895 0.9428316644511127
30.11557450724595 0.9295930762970852
32.49046757371086 0.9611450936249177
33.180772846672866 0.9726306388027599
33.119297343436614 0.9681930730641428
32.96768038131752 0.9339843213355575
30.609760098536384 0.9461055661078895
29.72295725454956 0.9015486702106442
30.379294904356392 0.897179481471569
31.60192822556524 0.9303705087225891
33.46410580489738 0.9757869838324341
33.0513387834043 0.926605884722005
29.82145474019243 0.8838420797754677
32.8243283051816 0.9719999904401869
31.77388202657198 0.9392899639661821
30.069461298861114 0.9399078012707397
30.523709295866087 0.9296680587870891
29.662135564317772 0.8974977480369051
32.40316375925144 0.9584661563592888
31.55638465668042 0.9613549067574737
30.337991543183904 0.9509989535773941
30.084295398052106 0.8845018094108421
33.10999035100938 0.9300307815900262
32.93062877160998 0.9280779526275004
29.21339386788363 0.8889493344882882
33.49661510359647 0.9366845429188437
34.1799698524312 0.9643209481665201
29.466460890299814 0.8709085492358545
31.636851461766824 0.9586138548715235
34.2853093961151 0.9687312734060205
33.05951763015957 0.9698933715762809
31.160047243788046 0.8677740775832956
31.55035383993962 0.9303762900577891
31.564500084592012 0.9302985133740567
31.164077323656528 0.9199459733007679
30.38021909223624 0.8998874284510753
32.369573410521724 0.9596552186105163
30.43360168694386 0.9550106817469535
29.476170298608192 0.8907947589248757
31.52300490175818 0.9560852330732102
30.350123946114774 0.8995978504276377
30.501675895445857 0.9448561287215822
31.686671846973546 0.9330224506433126
33.3358659960066 0.9288924057364717
29.665585350592877 0.8852572791795807
31.47208328311764 0.9596884234624106
33.465982958841934 0.9329651898315172
30.997248108979218 0.892713367373274
34.38200478111402 0.9686193435663606
29.90165508369153 0.8702826943705123
32.21170140364342 0.9546599839873776
34.38754027841193 0.9743626783997911
33.39883167254828 0.9291439592460743
32.39678210872009 0.9584780912987638
30.29973866323978 0.8901544394090103
32.9475162434527 0.9267488437990425
29.35901367768424 0.8652477265931717
30.382864756370065 0.9530932572824237
30.28903302567506 0.9417153116325528
29.608348188909545 0.9068973258653216
32.76646437733384 0.9747849027485492
32.1621593212883 0.9562203547618677
33.00614020799726 0.9695868189251691
32.99362714729795 0.9739445940134465
32.50607684012418 0.961273266054869
33.325882922428654 0.9263520268606285
29.49709479600257 0.8970245292887736
33.484148200432 0.976112561426251
31.72381954932532 0.9340092022796637
29.537024983909138 0.8845853938522076
34.758729600049186 0.9787457206041019
30.497856102016044 0.9555231991354697
32.68083641989005 0.9699278697688637
32.649926360427465 0.9665109708223297
33.64503993067468 0.9376321573038404
29.421107553680056 0.867343265506928
34.79940423611677 0.978669480722561
30.187749531091825 0.9398514485921244
32.38215105238902 0.9665560549132189
29.757096100407562 0.883048794204862
30.329537604327577 0.8983337841064284
30.658727920836842 0.9474789488966173
30.984614145995167 0.8989589434923995
30.99427343539729 0.901179724546963
31.270391990356046 0.9107808433879007
33.84908930618885 0.9725972101008363
34.18444944654044 0.9696605653965206
29.579538054913222 0.9123686927469288
32.39416796662124 0.9579773448900504
33.19816322685091 0.9283049762014249
33.5852430318922 0.9371675978788135
30.98083796664984 0.8587647971805878
30.126102384500342 0.8909411962988727
29.6920436572627 0.8844538752132551
30.289114943869208 0.8968100261061215
33.211172511650574 0.9262023514557892
30.499382335134158 0.9425967540054576
32.481521842164426 0.9602038346631756
32.41490969077175 0.9610286394816616
30.786622719089166 0.8629478465390793
33.53749430178218 0.9763878068656319
29.714088633473203 0.8742434972193043
30.84466413978726 0.8578909671231978
30.279802369289484 0.8891347666078255
29.313971804151258 0.8837481578011341
30.701600378227887 0.8498126452190982
30.335571639296145 0.8982744277326418
32.958007963124174 0.9312470194616049
29.398913307606342 0.9046305824174463
30.433140647309717 0.9000629004451476
31.53727307349751 0.9568554418363621
29.4489378428461 0.8862131507357971
30.214835962042045 0.892432368643327
30.490716094313587 0.9432183610667395
33.183039159288526 0.9266718302965071
34.87941328817877 0.9771669809294081
30.157028894154784 0.9298661962895952
30.301030650862213 0.9193733519642611
30.326208499397815 0.9473964229391152
34.322249745379054 0.973226783618021
29.724787652646 0.868887979609419
34.14406752165575 0.9723477114946255
32.456400800450204 0.961794198642531
32.109548650257786 0.9542356320080077
33.356677017366565 0.9291799862120914
31.453796824291235 0.9585719698216236
33.330766143706306 0.9312814805452337
30.267983459840902 0.9450456482346433
29.646344015505584 0.8783656211352727
31.618575068341986 0.9305403340469911
33.02952941367619 0.9256071989114948
30.98304054543782 0.892561538585288
31.245132985039344 0.9086280988069066
33.072851833719014 0.9261498747380155
30.764754207637296 0.8841414200515663
33.469465327845626 0.937986856723653
31.609038415887134 0.9302640946894154
32.26089733928252 0.9612143863975896
34.05746770166389 0.976100773498149
31.933391746878282 0.9638179144461743
31.870635371885008 0.9623911721637467
33.1143190159103 0.9712072576891987
33.34127566513751 0.9254586389989048
34.18738523177643 0.9694852350263844
32.78514397672926 0.9613338407251489
30.972611308181605 0.9640662317039936
34.47913154053227 0.9819703966238181
33.17166743791019 0.9709760115798451
34.035409546939476 0.9401802990828568
36.49949947896088 0.9865468632662464
30.963937631480075 0.9669314446165612
31.207771281457806 0.9435862144414255
32.84415593805229 0.9707118499137376
31.090626964750363 0.9427321078435887
33.17498267391509 0.970918467195091
31.53111843565644 0.9480875419421091
30.83397931759455 0.9638134495109197
29.976521895342934 0.9370445359892913
32.716802446294466 0.968657209564861
34.487806920249525 0.9822503092547686
31.137000863458816 0.9683162793107422
31.260280791593935 0.9671278932848292
36.57097552210336 0.9868347320930406
36.51844246979173 0.9868257599629404
36.629387690065904 0.9843048401516147
30.029095164719738 0.9396640346755932
31.310986533658554 0.9685443673515388
31.293045469130423 0.9439699089934169
34.52746562147398 0.9501291054962151
33.163050095712386 0.9710851049455226
36.530381846545396 0.9865773404383675
31.54821002568614 0.9488943897722555
34.013279708955196 0.9423027037112369
34.512128517577985 0.9823566827983076
34.223722139736964 0.9763280873762457
31.180835763740184 0.9653648576575596
31.250016778049932 0.967667205646891
31.210738597122827 0.9672476038892193
33.14158736273344 0.971108999868524
34.364415722561745 0.9766411066690457
29.931899925043183 0.9375508058380184
34.26805757598328 0.9772119471472421
34.424292488381425 0.9828467519495642
29.956374991667673 0.940650720610065
31.47836496093881 0.9624300452483758
30.771147253118446 0.9093158534804557
32.22766944759104 0.9509244346949473
32.2443598645572 0.9519321574825628
30.047601453248483 0.9394548744364468
31.25350546877883 0.963232048535519
30.884245672695663 0.9634471103854504
36.503743678529325 0.9866676540654314
34.02008532799448 0.9430077917924526
30.634289865137866 0.9075494044305831
36.53617641689106 0.9843201415920849
34.5184422100671 0.949566751701861
34.92205191064079 0.9851000051443208
36.834841716134136 0.9840189180811428
30.901503214689562 0.9633437492844759
36.388207022271835 0.986383614539252
30.956280956185907 0.962131164082716
34.455157079755566 0.9825454291156404
36.5290218065953 0.986664933296087
30.66860515071072 0.9072397502669093
30.89193242597375 0.9626931420218724
34.66881380311537 0.9831722857399794
32.14770553577986 0.9507920809211504
30.800091475027294 0.9104171917300149
32.190027166591534 0.9511553466989974
34.505031378105 0.9500845351547317
33.25925966049106 0.9719948924913057
36.873205161435195 0.9841179655631028
31.46222815522504 0.9459848183197405
30.684062050094703 0.907847540200372
34.527451295596705 0.9501090836982704
31.3519503157789 0.9688673548072819
34.30817594233198 0.9780986418095958
31.53589318843448 0.9610430064676453
32.881207306016094 0.970312003037686
36.680492906504576 0.9839673833513691
29.981239787578488 0.9431515617853965
34.324194133816434 0.978525096015385
34.26458481643869 0.9822931801430187
31.265290100209803 0.9652537087546773
30.874837434160725 0.9627360537901475
34.02636936133557 0.9419460912484233
32.164237271869176 0.9507820474570546
34.39747955225187 0.977233241476625
34.44291355322221 0.9819326884790086
34.197246344699835 0.982185217515255
30.836297404245194 0.910526289061514
30.970953344528006 0.9661758999745943
32.84632889138389 0.9702641426549379
31.421675953524165 0.9663861741981326
30.852477240134913 0.9642741001095924
30.899671710771663 0.962742204125362
33.19647579084651 0.9710880160402521
29.957364767362293 0.9388629570273687
31.002962599462943 0.9625319855764489
32.16540533584897 0.9509358408449508
34.077614070085666 0.9428041351326277
32.13674258305821 0.9512951177612046
32.88857836168216 0.9711618241872952
34.04131203630104 0.9418559172450326
30.820228287593984 0.9647333780814978
34.56472722864465 0.9494296064595333
32.79972300440393 0.9701638821696887
33.20918435491181 0.9715084179929193
34.06912739929298 0.9425588675976676
30.705374319045752 0.9079625147217872
29.824759697131608 0.9353558898990653
32.77280590676626 0.9685456446335745
34.23713237467587 0.9775976658761035
31.178053557885246 0.9676638683490495
33.21358177842425 0.9710468014113216
34.56988871006048 0.9500216173631458
30.834824002303197 0.9636620851236949
34.6103419046281 0.984187085159139
34.05666843741338 0.9410185533882902
31.261574933543187 0.9667388487659533
34.63616613701101 0.9496114310995858
34.46037879193852 0.982974409852779
36.43708427833461 0.9865650251705064
31.17824395654178 0.968951610912501
32.24718192800785 0.9512028145238781
34.069347673602444 0.9420279965352003
32.72703093950406 0.9694318571878348
31.307396481686652 0.9680780169037038
36.737720625608546 0.9844728602835667
31.457578207562168 0.9643975365785269
31.381664628470443 0.9457724276921138
36.94098599343016 0.9846929140542362
36.50625584291617 0.9867148278172564
31.112473655604536 0.9622605733800962
34.425528004714735 0.981945318862548
34.327022538331356 0.9811229867653648
34.199029292444735 0.9822578718114189
33.22554297085149 0.9714527033312892
30.66305391210793 0.9075138597299676
29.77827290063344 0.9356509296219285
32.80593313522996 0.9695421410148324
31.139519632097414 0.9425084196799703
30.871611484337606 0.9632623721737908
34.47128560990093 0.9825933666340695
32.17505069889489 0.9508694623101838
34.39404373107094 0.9502080719395324
31.057741087644906 0.9648157077397602
34.4365610222802 0.982297657649431
34.461858979508484 0.9497742852208979
34.28250389817316 0.9778755202656455
34.33421808803511 0.9777901868004251
34.39341015943425 0.9813693600266766
31.119934605091398 0.956658588266064
34.734316456270726 0.9833672308389935
31.54916681479913 0.9482785112561792
36.73650022089645 0.9843531639714422
36.69873922286672 0.9835028539081799
30.752441258787595 0.9088276838857873
