31.280181745338158 0.9307642583059722
29.247354759377785 0.9276220525881029
30.735338512228935 0.9380046464900847
32.199046717960286 0.9439850364330498
32.18336563075182 0.9426696219608308
31.19475219417479 0.9121195659964908
30.160445638772618 0.9493179261273222
32.37786408828266 0.9497551636796603
29.55428130217957 0.8897678231975445
30.343138409478364 0.9050138544887188
30.82724767434227 0.9176773898446184
29.258697607854323 0.8954685684617908
30.214588841837116 0.9005060618250971
28.249188627549763 0.7789734710584364
29.162296739190495 0.8935601932173409
30.495720374801223 0.8352643739150175
30.452705001116115 0.9365288240624857
29.817983396765108 0.9493527789083828
29.848512853295883 0.8634631968028041
30.050153970677023 0.9174820270078027
29.425188192541285 0.9234100602447621
28.25764237845007 0.7559561799161632
31.029501745741502 0.9471034500842769
30.596713562831468 0.8434687320870358
29.406749019155697 0.8949822334882115
30.14901442762831 0.901602083474665
29.19894820137425 0.8105428526232044
29.631348573383057 0.8393094928506702
30.16532028967252 0.9017148136469998
28.859596790876832 0.8043660528739062
32.74005780874421 0.9568106471781658
31.136946651072908 0.9489713086338676
30.90766812295793 0.9446721605579291
30.133915872997452 0.8455349956261594
29.78791634381472 0.8577903250769333
30.59376696880761 0.8471204222534993
29.403721388276697 0.8780088439593137
31.198371543108134 0.9138892602865928
30.24865272949502 0.9026575737676226
29.62980536902437 0.9250372005318407
31.175139858092727 0.9294842327494126
31.263094750832177 0.916815029182492
29.36104512120047 0.9088298466647985
29.772782946857774 0.8330367817587051
30.484519726914066 0.9268597731153851
29.573039547891522 0.9233318273170757
29.525375979702552 0.9357647939020695
29.09511829557256 0.8415984311560981
30.862258133617892 0.943410209097022
30.901705111083707 0.9435344032383772
29.499373289164406 0.8532122109184632
30.92052994980998 0.9123535550330159
33.454580387772815 0.9588108636127535
31.16562083888597 0.9196312910409739
29.120083192049975 0.8385912889915424
32.894771536782656 0.960287432485876
29.297551302482233 0.9113960755622442
30.2810530608962 0.9180875799587845
31.431580456421884 0.9454228476468473
30.528941019715692 0.9314374531307926
29.4959534554744 0.8068239799797301
29.16660719974106 0.8931571910194555
30.38091643779891 0.9008100748641963
29.164399619613484 0.8464664253932235
31.164264239283206 0.9356788607439797
30.742080970061604 0.9420782314787871
29.042596275673457 0.825674553853351
29.24698600036198 0.8270927022041995
29.000073834032072 0.8403878600073724
31.3296775596811 0.9208927881601516
30.06295002751191 0.9179317384244886
31.201336784987113 0.9521912418806173
29.43965057955193 0.884021427162793
30.32426247374036 0.8982163323083435
31.703147380770474 0.9436289358380091
30.06818106236127 0.8696611025852621
30.898104007979583 0.9111369558181722
30.65028678166907 0.9493736233030943
31.67903427708207 0.9441354066627261
28.44974091358416 0.7988042862400564
32.57430469736224 0.956463673573711
29.511906199049886 0.9307377741467807
30.220913173526775 0.8205033854373307
29.570655244075418 0.9104331040174242
31.414250434237424 0.9515229424065933
30.61908856265525 0.906132376062075
30.251607327872478 0.9344854338151726
31.28419120301228 0.9493661395204612
30.231298200170418 0.9003522524796168
30.384992959145123 0.9351064336860232
30.02453151814542 0.9180952278247139
32.65530285621884 0.9549793885005089
28.23308716000436 0.7442583406010274
28.609578521878216 0.8546359716835976
31.135066755928978 0.9152169247493717
30.97146308173786 0.9108780192010013
30.21022513804191 0.9229706490938336
30.53514226451489 0.9171911373394315
29.517676823330543 0.8115860670306279
29.58569514416911 0.8192644312323238
30.554604186485278 0.9419097767185601
31.141820765636567 0.9290796088253276
31.020796876781354 0.9395719694682494
32.183084627712006 0.9462136861432416
30.74028864168863 0.943035828815919
28.275470229944982 0.7801451075963888
33.004712165426845 0.9514085166526559
29.738222893079186 0.9204993538789559
29.50366215594564 0.9242764989126201
30.093214899465085 0.919216366415668
29.50389135408183 0.8060830303360322
30.658852643792667 0.9061395543720911
31.335371462416852 0.9507152177783998
31.35964839743847 0.9199969206950036
30.028437268951937 0.9200342425058105
30.11642235858966 0.949112234623581
30.136373249124937 0.90175562366763
30.776681176459427 0.9407132326390563
31.777667709863415 0.9368964857068796
30.666642654817444 0.9066203839331713
30.31830886819126 0.9370851343681939
29.284522483621757 0.8548230811470451
29.123413393670376 0.8088838795427236
29.34526772774761 0.8320940598187764
30.41374108940985 0.8293402292766047
29.793460863213728 0.855521190730325
29.447233603442097 0.8176846698372648
29.62029745171144 0.911709386552297
31.371063370415722 0.9214847562712083
29.347226613612115 0.8549465161245419
29.498928491939452 0.8460386031324986
30.254841987226367 0.9023595424097928
29.54940407757869 0.8898013042378703
31.059931729053506 0.9387444789358979
29.72002326193964 0.9265930145400814
31.191057276496505 0.9127860014934257
30.483645492741577 0.9104393359858464
31.09540666756899 0.9384705344812642
28.974150718583836 0.8245187458232262
31.793173724597736 0.9536303520459816
31.398223917884714 0.9456912316754685
30.31179047996932 0.9528654924012807
30.748612384443987 0.9415870332070057
29.04452072093639 0.8237041557050226
31.11388796249455 0.9278581239478542
30.721059062988097 0.9254284159564228
31.036423245833063 0.9478196573006331
30.49140116363423 0.9281197425627504
30.48526619358833 0.8336763191221548
31.91468634781847 0.9572461876331416
30.62064306093802 0.9213703015074485
31.048521519978074 0.9477705449577092
32.24867731137924 0.941975946112309
30.514413658075462 0.928365531151894
28.760236935218977 0.7859216402559661
30.522942568807018 0.9145243664385881
30.45429029966143 0.9331283985520356
30.45333022660518 0.9386760099083563
32.15019126836901 0.9415019435940074
29.50413408221884 0.8828347700723166
30.490441703461148 0.9116886267588582
29.08188074883308 0.8264180464774382
29.040991402797793 0.8218325392522148
32.49493702216027 0.9173188127201305
29.53993387665688 0.8163243644236713
28.605680615288144 0.8512665569142648
30.74818814786483 0.9362686204310765
29.21942435361389 0.8942597072258668
33.1502932708935 0.949701110367499
30.599608959627286 0.9314623288906229
30.16689306427802 0.9028392998393161
30.19201885378783 0.9312458791726304
29.68422857506112 0.8518905093630311
33.508645449106794 0.9589927093266463
30.09780214266385 0.9196746864703919
28.918743178260353 0.8042852492556838
29.85120009639065 0.9523534070179617
29.59684418046745 0.8367140118388574
30.76045475317958 0.9121592821454216
30.709676710958313 0.9421942404341106
29.989103176624063 0.9036727030587578
30.59154984121833 0.8424874162562713
30.056631164258732 0.9441771372920288
29.44005942484322 0.8898514716132527
31.711883021291946 0.9544582034803918
28.272181537411928 0.7683963787538831
31.17078634185218 0.9290326693217343
32.97823406574203 0.9656943750075226
30.504518959122287 0.9105976554104932
30.317933154717597 0.8971096075867642
31.140670617601064 0.9371711092330478
30.476704268490007 0.9080166017240153
31.006528252505415 0.933522681235133
29.481673553760565 0.9111434422877073
32.483204790440745 0.9152441083437508
30.031671998304816 0.9140252431967717
29.190801064028726 0.8934109645107953
30.41471516100597 0.8234147764958507
29.507930359727244 0.8049897062864971
30.674725748102748 0.8754468143377617
30.4935271401768 0.9293600761571155
30.46923215509564 0.9388987687318668
29.802274786522087 0.9362871779312063
30.459935324298346 0.9070884973260613
30.488886903567135 0.9083668055055824
30.202760835728576 0.9002052256820364
30.544556857603304 0.9336614255268881
30.76218920499491 0.9122612856311435
29.81434038628781 0.8607972294746523
31.13135499835665 0.9390703928772084
29.052056319453484 0.8166344337525081
29.823076226799394 0.8433419600467897
30.567850002882672 0.9344515671509215
29.492702592229485 0.8104285301914258
30.31678187804173 0.8620467825776599
29.25752800493026 0.8920131573408093
30.427172177634173 0.9073933940238657
30.906010683875795 0.9432188761286486
30.566257489510914 0.840166159306505
29.13368594213097 0.8168929848929699
30.718105677730666 0.9421411697328788
28.899735301945164 0.8000205337406209
30.53390165464623 0.9342194738973582
31.078511208878638 0.9497854178374538
31.26824317292413 0.9538827063911718
32.477860270487746 0.9142499094068112
30.121115261376346 0.9003814987286065
30.111254367515002 0.922899869723449
30.49357511763865 0.8440493924147847
30.63331457746253 0.9425574413844957
30.476233239320074 0.909391539836433
29.197792751628548 0.7875383692888034
29.513807224771025 0.8140289960005974
32.85549482040611 0.9638791733594458
29.378406533052118 0.9299535198285844
30.55140300770578 0.9500013970631029
30.569267590737862 0.8723239533074864
28.892403555878982 0.8086148719903794
30.74872745206274 0.9345412194202052
32.86836242836422 0.9625600299379545
30.898487237982167 0.9424902864530601
30.493381242741712 0.9494320782266048
29.629581729558932 0.8390004252447691
29.542359871398975 0.8993071671042495
30.23981791719099 0.8497171257341597
30.58912961153269 0.9154681726018767
30.57730072874265 0.9341699726747591
32.20569113070639 0.9454421213254971
30.522675794398385 0.9102517813346699
29.028569140207047 0.8150718090353813
29.76294302184392 0.8397214233528031
32.514776702397114 0.95202398813978
30.155588516924027 0.9003288296204508
28.586590075823025 0.7890111862856207
30.39978866334588 0.8568677474299358
32.450832361965695 0.9160292993326912
30.363092487655585 0.8581947851014475
29.44643663881948 0.8863175197952239
29.154473407106707 0.8265979149276457
30.761578090205926 0.9364476326562622
29.64559973205707 0.8368231166944566
28.998819765953435 0.8154448470974553
30.000646836737133 0.9185294610536401
28.938166510882397 0.8043093419054183
29.61462707325208 0.9114773678689643
29.942219729169743 0.8957279585642587
29.593972733445625 0.8435813596325039
29.46041980653802 0.8811893793372201
30.69155932097745 0.9335233715745771
29.05089746214861 0.809313025026329
30.936405213745868 0.9321244127937279
29.483549104806734 0.9036629909901962
30.50910482310282 0.9113595937484967
30.274936088631776 0.9164937373836997
29.108864388279486 0.8243568186508572
30.65742416699406 0.9221593786736594
30.488605009745125 0.9248717739073263
29.27065327059449 0.8462758619265808
31.739719908111475 0.9471861514936827
29.742346435327143 0.8379217376523737
29.78635329615284 0.9244755747925996
29.14991620614746 0.7908524469052188
29.578905784419916 0.8933783801776822
30.75904896337108 0.9394359928506456
30.314316625805496 0.8989234363080619
30.70971627572642 0.9377234716776295
31.04401793145715 0.9381502624241164
30.28356326117713 0.9318543630210204
30.620847261579645 0.8510335262792939
29.258925159806502 0.8279534210091556
29.141115249918116 0.8925344984135546
28.642022323982538 0.8524265215599525
30.294320033565963 0.9365544660531343
29.024125953922095 0.823124204507833
29.539838864044796 0.8143157441269283
30.63624999676883 0.9209140313953038
29.497829902996422 0.9365152646188728
32.44326660863388 0.9149768595467717
29.681051665408038 0.9276353105919849
30.220981801115908 0.9273535046641148
31.19927077336785 0.9116167544017664
29.2829377724669 0.8177033601713815
28.27585528373912 0.7589636015429376
30.93321789207867 0.9475681945824933
31.842707613121476 0.9403933565064373
30.16798587672298 0.9479122561285116
28.6808125498031 0.7687229050518295
28.974040434150066 0.8288215927919168
29.17991920666023 0.9241599012646634
30.652612712687855 0.9254717344525012
28.909549676314896 0.8131819779783575
32.01008335186521 0.937398078141185
29.553937460941718 0.8423693896392731
28.941054923971365 0.7793301359104127
32.049410369331454 0.938930204605315
32.452775017926015 0.9142799648603691
30.26810282367456 0.929484378954067
30.940231835683427 0.9133876301633826
29.57059854772629 0.8851144441654821
30.528486117311132 0.8239269074879654
30.938494323862095 0.9326556415655713
29.572210405142574 0.9081011258987937
28.9868712752792 0.8229450508042104
30.660375421623684 0.9079857263894321
30.554089953130422 0.8698583557916041
30.23650746152593 0.9388042125836501
29.950454965323804 0.913162580721132
29.95583062421705 0.8979588622440204
30.49627476518345 0.9396929811725417
30.51592420618128 0.929138562564723
30.9232048932208 0.9249759005476442
30.245778688380117 0.8487212694132446
29.455442802212843 0.9096485010536635
29.59447197917769 0.8194289418872827
29.46933687892568 0.9029404425172176
30.277106841714463 0.9288752430373347
32.557324753383476 0.9115638836890926
29.38840096593602 0.9347556061227992
29.602298192198052 0.9256516900601678
30.096676322115442 0.897620687380112
29.323044055075314 0.9083260957701993
29.54247332050982 0.931084035954978
30.176177482352735 0.8256189151366005
29.95125446225192 0.9411807410834818
30.17795644298191 0.9062028054617186
30.438757258583454 0.9027427899766427
29.51498351340995 0.8874200587490703
30.23318770955667 0.9004892102089256
29.42384306757355 0.9153920249446993
29.35261929249905 0.91494771428322
30.497901664475712 0.9167623531980343
29.239412780069344 0.864389115203882
30.625755017869345 0.9186934867284656
30.750742020637666 0.9340992699687882
31.30511123639288 0.9516491916832157
30.596992987290015 0.9196397041347273
28.487848817782215 0.7926539906867931
30.539894134132865 0.9423757125237076
29.21847604630944 0.820203505884559
30.675836618920155 0.9238059588107047
32.44285765964228 0.9135446482462325
30.167992953054643 0.8120891765723388
30.544721413298443 0.9151452097776962
29.187126127950876 0.8474319763523267
29.039229402901693 0.8197502868698426
31.020709927254675 0.9380344732311701
31.038793676793812 0.9391663403626147
29.192308194820455 0.8453427173338397
29.13788219212932 0.9269425774116639
28.2865415866349 0.7650318930218569
29.30433934195763 0.8915237088256784
31.15131919478997 0.9372671773211213
31.274184208811235 0.9559673783963767
29.539617636911274 0.8129281716102378
32.43246648120429 0.9168429028197843
29.96044860786895 0.9064706522647086
30.280573731004317 0.904803342655766
29.154092026793275 0.889858927150832
29.094713031087576 0.8295462523341559
32.13381546924032 0.9408445234665497
30.509734270343753 0.9288101019821582
31.278408026177146 0.9447306177961579
31.189870044121434 0.9215104976240058
30.505950565384047 0.9271676282437077
29.33245712186716 0.9258483140371417
28.257731627774177 0.7598800837925666
30.543550987763865 0.9279618925450429
31.355734636026394 0.9490114021131741
29.152738668127792 0.8955541667951288
29.18519388922018 0.8307824546982089
30.094013962353166 0.9037789930456626
29.05043541762144 0.8123711788695336
31.160899266788253 0.929150445923495
31.715034791988572 0.9435376184027442
30.13154114939427 0.9204827135068483
30.517217082877337 0.9311390654289352
30.522254240022516 0.8329055743998908
32.33592686314651 0.9512796353477493
30.403199253318803 0.8316854934253701
32.07127189390376 0.9394171865908723
31.642605851179507 0.9504510467708558
28.909963311984846 0.7911037689736463
29.06740354757177 0.8172157091984111
30.53086756592494 0.9287958470168365
30.496536968233244 0.9291283935831309
29.08113564012784 0.8042170126993111
30.551188083977905 0.9170290236113434
29.063280654957797 0.7981467042126869
31.358336112315783 0.9222211714256044
29.36736118983926 0.9046919336662643
28.279911790746716 0.7600101849949369
30.955975790815526 0.8548273205168232
29.577710462683918 0.9256265918570293
30.45498013273598 0.9392052481703945
30.51977948608819 0.8368545904714468
29.240028475703014 0.895539615100897
30.052413466011725 0.9015679575281609
29.923889442919158 0.9060937055956794
30.68544531445186 0.9082477384938199
29.725542746581993 0.9075253765965413
30.776941433405526 0.9399319016474735
29.04389335888353 0.8116005284884592
29.29716144521808 0.8866996881833411
31.233905829257424 0.9560658438563086
30.609109922690536 0.91898189915699
30.33853779215207 0.8658079496650477
29.479945707039725 0.8814852068703916
30.51498478080689 0.9153442812860941
30.561742871798753 0.9168159699507249
31.260752545047144 0.9556079313720784
30.45538520773889 0.9354109711884057
30.754521040851674 0.9169590497828318
29.65505961355496 0.9301673418281676
31.80291932473015 0.9365297093102142
31.128459351225143 0.9287390426037228
30.36160552256154 0.9008163578358303
28.539936829394563 0.8473230776093086
30.259495320958436 0.9170261213846024
30.518392556953234 0.9142569405950258
30.302746599777045 0.9159884276208645
29.7652409709432 0.9187057636135727
28.897441864380035 0.7846609269374065
29.476965145894816 0.8041804020651824
30.471728693944353 0.9245926471364158
29.27882320375186 0.8362044377771779
29.19079705397555 0.9283625447779202
29.997531696219223 0.9171804252214061
32.86534234389638 0.9611925326000021
29.275408151703818 0.8278895672258956
29.661983798448276 0.9109035937476239
30.511670596217453 0.8466233003584511
29.391948836550608 0.9311450637130069
31.240698837205088 0.9138911158338952
30.57602369562787 0.9172399508975934
28.284982542935147 0.7567712357516394
29.01833944926696 0.8217589636641451
30.344258896903046 0.9316328429689842
29.578198675398394 0.902933549231715
30.970229763254093 0.9115786306106766
29.5182296800616 0.9046696489803997
31.07954279551788 0.93901701200276
31.167291037669603 0.9162902619491811
30.493235842248538 0.9344330024462894
29.5876457283332 0.833908798173036
30.552148840627158 0.9181092167572161
29.433092312292967 0.9110905113292219
29.552678857693323 0.898212930116691
31.751950255446918 0.9371317193974371
29.301595216377237 0.8323266942107158
32.22728507133442 0.9452856081717875
32.35842479068508 0.9064734449022473
30.55030730700738 0.9311361328964028
32.493390674581505 0.9133012925974895
29.452534760216345 0.8082587495399792
31.31677075841125 0.9518843162310662
29.365552977556714 0.9067665299667511
29.765663128722196 0.9147742068657939
30.30838158092966 0.9437755354997517
29.575508408791087 0.907166135988757
31.261915561318677 0.9544770314116021
30.62580549313885 0.9050256028227219
29.520033586919393 0.8977048334181195
29.58083756806793 0.9054848533261544
30.315936983650623 0.8983945260810624
33.395145340178225 0.9555236585745867
31.67378545701392 0.944739382287708
28.27683298358068 0.7583929233942316
29.040529002307103 0.821214455732511
30.99232291277644 0.9304158686888679
30.610191749786544 0.9075287201848753
31.29432041899598 0.9509076862040267
28.470382135304536 0.8078950639541124
29.066895810705546 0.8218487283120541
30.3948183697295 0.9069967006859475
31.291906613519068 0.953964848051739
30.66174706887134 0.827456331979532
31.213013615959806 0.912485957846916
30.5034113484958 0.8230464559733076
28.24049031424948 0.7700089404166419
30.943907355773174 0.9094247072197029
29.119283807117622 0.8308010784758346
32.31642800036798 0.9506508901161732
30.453922872332807 0.935309374909438
29.53940590149518 0.8933897511221739
31.064791963377164 0.9395906150901333
29.470102873981453 0.8784178824089348
30.692733750714964 0.9254716615089026
30.750375784575592 0.941236788421202
30.73046755066549 0.9266570652522522
30.95808583878053 0.9111271083972539
30.37993002271182 0.9073078926115282
29.63895238450423 0.9086587019598146
30.46304142257904 0.9043892665126111
29.743874882018385 0.9245804025506061
30.570905539633493 0.9149957676601643
30.450206216842002 0.9265938630012381
30.96981928402186 0.9110431790034748
30.36141172226559 0.9354650832868268
31.755316464989804 0.945915527376679
32.11437545551905 0.9416192138561161
30.215995376577702 0.934762564040633
30.076778468830643 0.9066313813415794
31.203736688190155 0.9378937384851475
31.140199736004156 0.9289946905032094
29.281431994749695 0.8249896019249423
29.694654201075515 0.9336254874880193
29.262733285850835 0.8433076570863226
31.734571458427432 0.9463113708121635
28.249677612901053 0.7472390397026198
28.91361495812277 0.8142591890488916
32.364050782162074 0.9470915454545825
29.754612964545288 0.9096742362611057
31.168500566010707 0.9196360054685604
28.625145061209647 0.8458549692475844
29.814280838581023 0.9212153243416773
31.606740816258075 0.9507993463762543
30.550443662431725 0.9156985598750474
31.155645493385062 0.9275926100715854
30.547142671076294 0.9378058580022983
30.530595837648704 0.9105680112054506
30.611312777615332 0.9210288512106425
30.95385281658586 0.9444275611050872
32.427833828389325 0.9029223505281605
29.24320179817506 0.8951665270515076
30.95919465442469 0.9113762318446802
30.38713853094206 0.8281245401507502
30.081470773135916 0.9187690602971835
29.57205697337388 0.9333606058108795
29.02063296977637 0.8093063222931802
29.807479679074298 0.8593659220716144
30.256958914331314 0.9415343048432024
29.91652852614003 0.9069156364226677
29.5700276467961 0.8149748260052965
28.90370165841911 0.8084122403761714
29.75625598098286 0.919360916514712
29.44068183925559 0.89295693448997
30.272921460633494 0.9171785318780927
29.795401253952395 0.8400607136483268
30.362930374424494 0.8998519910193314
30.40643913180777 0.9344279380446143
29.426668253627323 0.8918919601051849
28.77959399720495 0.8039394681574484
31.16022882255298 0.927781066142675
30.676142992175905 0.9070254776050204
30.197406862604407 0.8179750273742852
31.015068319685298 0.9396301820424726
29.545564071031798 0.9050173562045205
30.46341157690317 0.9335402623801219
32.037771786159304 0.9390933440465996
30.436573897937155 0.9321311927167584
32.535077091367505 0.9083480973861258
30.212036781215005 0.9007392703327132
30.346504069247537 0.937542199799827
31.045450067450673 0.9484826434710787
31.25107117573041 0.946578996690332
28.626629618685495 0.8371130095831583
31.29167509358407 0.9347658382070783
31.148841927646934 0.9381958668542951
31.19199949402848 0.9208654109504667
29.85511014295931 0.8968542372248872
29.627092022883485 0.9038274077542948
30.546127485995612 0.9336428032884838
28.234811089188305 0.7524921578804278
30.252752859704763 0.9271679733840231
29.48053762222284 0.9334729681306518
28.870719338665175 0.7974797446897871
28.90930742472817 0.7910499901366381
29.602702198455404 0.8457318845560545
32.89058181114585 0.959793005356081
30.209852666762234 0.9504437737175299
31.038133730408134 0.9390143457061738
30.716437170921324 0.9336495935894943
30.696675304558884 0.9338600672878995
30.74181289426056 0.9418609201734746
32.40454726682192 0.9512449309024638
30.55352264548761 0.9329737535008334
29.225316973482798 0.8077380333850984
32.45477187688162 0.9156022758380189
29.353986630223584 0.8059728627285383
30.75228796586407 0.8384945789475918
32.61832648351633 0.9582818013461506
30.224323913424733 0.8185235286946341
29.42825143048507 0.8272137504230068
30.78267261347382 0.9421414966495871
31.129141427747058 0.9201956759324665
31.748352126109644 0.9449269501032592
28.641854781206078 0.7943758639960607
29.00390525741017 0.8197083088964318
29.70000337915172 0.9022451777526516
30.2669941043392 0.9287104589748979
30.491266895303358 0.9288915945804149
30.477947766249333 0.9344404719542596
30.725221833681164 0.9128974460114785
30.510911919972198 0.9085609435349487
31.314294513111175 0.9514822767219382
30.215250167963962 0.900069613630057
30.37382905805852 0.9483450942325473
30.537718997147678 0.8757028532846215
30.725095449601618 0.9262830730251134
32.459190794356566 0.9130748574056072
32.323304084280174 0.949788900598175
29.317290090883663 0.8871255327469147
28.460341729017973 0.7880403136625491
30.323018439968177 0.899430422633437
31.701538311455376 0.9422443583672611
28.939365683025436 0.8094721992188746
30.49069962053848 0.9108591097373316
29.297776228869594 0.9236307949425229
28.936000171877602 0.8008392423627393
28.255282421454826 0.7655550128027118
30.178708093817633 0.936552386122628
30.10928316111277 0.8898560306649141
29.206207649266034 0.8185501306925925
30.719165244184712 0.8345322996200418
29.06048706255739 0.8191835045402509
29.46554640527325 0.8524986672072569
29.6008171573818 0.8341633456720078
28.86056751753435 0.7990045577714874
30.46787765962547 0.9077394001981436
29.22241483120663 0.8946025899813324
31.416620326127486 0.9457142003787616
29.011661865551304 0.8296289821061733
30.39112357564829 0.935758899231224
30.190320624856323 0.9371644272120078
31.238898519704573 0.9520978243095519
32.08242461315648 0.9636451971411011
29.70480801392979 0.9130833816690469
29.532661843663636 0.9440578765521366
29.03625052407682 0.7887567507535219
29.59186097486148 0.8977678897535551
30.09663725040072 0.9201616919318795
29.471107366061894 0.8094379918407323
28.32133218448425 0.7630682088664316
29.039998517376034 0.8010091602286543
30.42371438933277 0.8981392492119908
30.47973605624145 0.9386310107430207
30.398362015701576 0.9004889670920753
29.531279867067916 0.897863761235422
30.33511306085537 0.9318607844998449
31.701847014146843 0.9453005053019452
30.25159173657347 0.9024481894350026
29.894335796505757 0.8962917226078662
31.82627725647911 0.9522968026536369
30.16831048677103 0.8237911357181371
31.403178983921038 0.9488926616424724
30.917337706883067 0.8358384486712506
29.166497174721545 0.8362816260608694
30.542359976728115 0.8252951622930847
30.648024812198162 0.8831131244208204
29.112013079276448 0.8230236506596028
29.1485206449713 0.8943755408790545
30.458037785201768 0.9350971232481372
31.20053730489286 0.9116084645668802
30.318136130475878 0.8183735537975362
30.741363533169796 0.9267853348085134
29.707360958906914 0.919396447560433
31.186248247059392 0.9122047385720268
30.291064536413558 0.917166247193278
29.527335303375253 0.8145236887665674
29.242435872245586 0.936926839523188
31.377792510491336 0.9429566983708673
29.474482582268774 0.8453437871791789
31.04793277308859 0.9334173036826983
33.11821071699634 0.9537328210286131
29.389384255022172 0.8790035017973316
29.774323187275 0.8401026314584014
28.42766666242042 0.7956464097150545
31.200307709598675 0.9106349811842689
28.590436589760966 0.8533109680802059
30.119608863182982 0.9241368043971547
29.51550990265701 0.9292775069813096
32.5037689633702 0.9536523338454392
28.93226611846731 0.8054929442440955
28.255358249398643 0.7516949643908843
30.750434777036265 0.9420451243998487
29.475486530981136 0.891192565639109
30.738450196464928 0.9339452737662739
30.729949994179453 0.927174157341581
29.227524494955848 0.916685645952998
32.92082415722192 0.9650798735390198
31.267670922550547 0.9469838711272989
30.7512396082066 0.9337330478113809
31.180289900558726 0.9116863396132631
29.26746873865195 0.8259335298423237
30.085711647508226 0.9024399859040667
31.494292107558188 0.9481704166579067
30.72849586586978 0.9333068811527041
32.457816844504315 0.9160049265493386
30.585359558832373 0.8282181342279096
31.760739916462647 0.9368710939824327
29.77575677489899 0.9210519730051606
30.468165549352342 0.9373719853374088
31.194716339758518 0.9111408117624997
30.772059290337186 0.9404246223535649
33.271077445507885 0.9555950575806698
29.148785460204326 0.8602180469544636
29.662781898442788 0.9214213493922515
29.374363889771693 0.9313449507170241
29.53139618143411 0.9377802566079813
30.26262551176223 0.8271951062631248
31.67923955156231 0.9460060732215819
28.462092632741477 0.8060324122799879
30.59114620817659 0.9414076786291284
30.40861004525229 0.9345086853847749
28.377611144217816 0.7890470024970548
29.663193603081652 0.8571511302601348
29.628172602029366 0.8393534872723595
30.67310228413675 0.9077172459373959
33.08290432130037 0.9543698795656563
31.320482566925342 0.9507873165946157
30.68414842694144 0.9250236260226617
31.668278547961158 0.953860763452267
30.794889990843096 0.9382337920203702
31.20434694142814 0.9207673590291376
30.484876738059235 0.9092214198688918
30.5007676416685 0.9293706692261104
30.014530290379415 0.9400389469599194
30.294627432715544 0.9388000702839496
28.92604993610992 0.8133788792621595
29.18711119405005 0.8188268487190878
32.5282271585513 0.9158450414079168
30.575480593866914 0.8518452106506359
29.24247811271405 0.8334768508913446
29.033403416307245 0.8158764399792374
32.59554297150225 0.957746435014209
29.5901334998322 0.8451884794394718
30.499133017024995 0.916885034141406
28.546472668573642 0.7776058560526116
30.49191638925262 0.9302569764510606
30.609881906780544 0.9411635021186153
31.84730139715695 0.9400232671273663
29.541215861244353 0.8891213018662943
29.320973394953917 0.849737281694692
28.935434866431326 0.7909360728913741
30.794724116622486 0.9187880710968788
30.58785538191075 0.9430761327229309
29.192671975351733 0.827213432582029
29.343222127458645 0.8874960702200582
31.774950991555976 0.938064164104213
29.733792805432977 0.9159923276298598
31.19183565311499 0.9117856913570519
30.654705737366967 0.8715427459912874
28.85913152032797 0.8055106316814816
32.42727847240994 0.9116732072900292
29.23939711230738 0.8921188207486102
32.50275987262468 0.9555705925824707
31.181226325702397 0.9298381214353149
32.64300884401095 0.9557639173490105
30.455055974729305 0.9071022601896734
31.294638475260037 0.9486576031302749
29.15857509066468 0.8471327140636121
29.524744064827352 0.901711285462466
28.913721666610563 0.8025228466204277
29.21349061225144 0.9273622116012591
28.685542018343764 0.7792314247005041
29.776370182165618 0.8575251529565856
29.81665222586439 0.8434671808085381
31.314746607185135 0.949000139173982
30.25563175429496 0.8284680294212498
29.906745589318096 0.8482811865214647
30.831089630865623 0.9198712983409558
30.497542103468316 0.9172950532249752
29.523247915276286 0.9153096535549222
31.180395378803404 0.9205873846887468
32.47290845719428 0.9182515801376087
32.45760220409889 0.9165365977435072
30.527390727278473 0.9317584652339421
29.467051358808174 0.934068557993837
30.453333883159324 0.9380912597743548
31.02549056673974 0.9488805847717091
29.209283307836316 0.9248120769236623
31.173084542077643 0.911124601474804
30.11531763577324 0.9526150815152613
31.31150422329284 0.9552211996572944
30.32194788145576 0.9439414656364016
30.496364872615235 0.9282939228545781
28.423612361417995 0.7845296166384116
31.205748588297247 0.9129799222317149
29.50300734279076 0.8129626879431416
29.828020944002418 0.8403164255248355
28.245762138737163 0.7598547408291626
28.97752059895437 0.7809103828783479
29.62346102193145 0.8486851718299077
29.178001075336436 0.8905238897928475
30.06780496142391 0.9021229758918607
29.450208528145513 0.8859636686560236
28.917352000708256 0.8156551815215773
31.181018502012925 0.9381827918896233
30.330072128224735 0.899102790112802
30.339533846626267 0.8976552311485263
30.163306837946887 0.8997535481754332
29.42615309973794 0.893349520467095
30.597573310308267 0.9180628543942015
31.244558799259075 0.9545524838866793
29.550058598491063 0.8917738404894421
29.58441533098334 0.8848003097750768
28.64295685897277 0.8078282403300107
31.132344775260652 0.9206898403797047
29.25855282510505 0.9247311732644874
30.525064467037204 0.9163112030627342
29.823841647251882 0.8950188433314695
32.77341765312758 0.9603521669961049
28.25165715722287 0.7499465960731594
30.017912560319736 0.9118212255539239
28.999449022166573 0.8207895360108143
31.31618523931991 0.9412326301225981
30.732964223923425 0.9260125308218877
29.598315652312518 0.8999968007617353
29.15269693015955 0.8150770301648652
30.398887023387957 0.8342605741535744
31.1932248848374 0.911923995512947
29.840708343341383 0.8611774160771803
29.458652700799888 0.8789917775258629
30.323154939771804 0.8230732885651894
29.858758617036298 0.8629813686058646
31.311907012472766 0.9462491239689175
30.161157571126044 0.8473393531489262
30.51466064089693 0.9344352196799574
29.870876438968388 0.865396639621809
31.078450402466864 0.9493738265326198
29.730986480765562 0.9249045054802041
29.022507375097284 0.8085028380232422
29.417672721841384 0.927833586080531
29.185862391712316 0.8499136100733727
31.410472538415767 0.951696367818199
29.349657888327382 0.873889533778175
30.77523888462565 0.9390123040928164
30.473550425716745 0.9356252764752817
29.685731389378745 0.9001229909106245
30.60100895917696 0.9196639728218603
30.169389270392166 0.9035629535847276
29.078730195630904 0.8171025304393451
30.04454165377894 0.9142899138644831
30.40892636554701 0.9050754514039465
30.43907529644063 0.9281137634672952
30.25215538596058 0.8262075728780792
29.664585274841066 0.8471906821956913
30.379869143191854 0.9320222784733402
30.151000343764586 0.9220819766132837
28.318195256993533 0.754198312586986
29.426520263307037 0.8871114892882127
29.447615123228182 0.8898433272849965
29.54272414448112 0.8163262806887883
29.273355801549705 0.895575375629089
32.38480550642838 0.9490942847951727
31.156406943962224 0.9193727586044804
31.519664696240902 0.9472316830353309
30.49696785269587 0.9078749657244569
29.08714494204808 0.8138068225652348
28.637331642132317 0.8507017321984806
29.83068349445631 0.9556457453837965
29.63870604493848 0.8404259700902633
30.38079609035018 0.9382340226054395
30.473567814204156 0.9091027382031035
30.63508438586265 0.9216950338134909
30.423360918025967 0.934684525541423
30.12086438452773 0.897310075934369
28.88458609106604 0.7920390067582035
30.45388581436781 0.9353712594050663
30.811366538429667 0.9439254865332625
30.5316051643582 0.9340051791237681
30.48630384805247 0.9297618843678663
30.442561633542525 0.9082161029220265
29.48400812507693 0.8100914806489569
30.331488839993558 0.8979781686935423
29.769570399225906 0.8382984188315441
30.639671097582927 0.9076798936618098
31.751456527380192 0.9450099661463253
29.977159957802613 0.9097755689243451
28.975307833543674 0.7875304264696213
29.401413495761275 0.8842887720080809
30.519871072658585 0.9145441196427758
29.686704063805518 0.904704900355333
28.899187991149805 0.7974276991967539
30.088070176685655 0.9057959410255665
29.590494607825867 0.9226152753641296
29.018850125424592 0.8228150344798187
32.46065612352092 0.9163217227550982
28.25149315179067 0.7710369040437917
30.39553610466602 0.934834224773813
30.90837052673567 0.9112777918864922
28.61574568860246 0.8573405373552059
30.64569139873964 0.9422275186120388
29.396277150271438 0.9037903870197821
29.484271391388397 0.8112660439360885
30.53046680369038 0.917191244940223
28.851910430112437 0.8012138531843771
28.25823951633891 0.7821772135918559
30.14567978630373 0.9180606145048168
30.447356361140834 0.9339215502432624
30.510728632206423 0.9298145822115883
31.817654778786803 0.9359400360998464
31.76126764482305 0.9465077642799001
29.226307021664155 0.932973485333802
28.827501525320336 0.7883178973468168
29.536722575622456 0.9069114997108759
29.634647798741472 0.8342087183201732
29.528330072255095 0.8150943489928884
30.632718026889894 0.9091026906288537
31.930309053739045 0.9576052696147077
30.87427955531946 0.9428186710922125
28.44188045981117 0.7852706497384402
28.90942513202718 0.8116438999324872
32.92253133015519 0.96503857410819
30.996043079243787 0.9467196721986975
29.58539811087038 0.9260709040036923
31.436122855035975 0.9150537183364942
30.78696306877859 0.9146611582528501
29.26322441001531 0.8929946844523434
29.489173398897762 0.8106524196523763
29.503034567574606 0.9089975437085891
28.893447515902906 0.794157680784704
29.700781438972047 0.850172153175561
29.38649835956033 0.8508965558653973
31.48453085913996 0.9454788847867498
31.38604389072836 0.9522410056510494
29.784467096557535 0.838416365809436
30.11471780194769 0.9062039389186792
28.446047366287065 0.7940427911826897
29.130910348721915 0.9254131498537757
29.271720004846514 0.9044341790324327
30.453443093662305 0.9344589917268606
29.409358572910335 0.8289556371955351
29.623780808437505 0.9316793922850118
30.40946713117036 0.9070615714139225
28.927783757911286 0.8067880670068052
30.238301568403017 0.9028663015386197
30.609330511669178 0.9178921473190014
29.32255213222571 0.9139587359873638
30.072443584507287 0.9156066790801062
30.52133399672961 0.9088642201924333
32.17158094007701 0.9415897303361195
29.184374422256248 0.89192059902064
29.320233629790373 0.9276318693253501
28.61150358465341 0.7701452299065726
31.34355901917102 0.9488337597681886
30.21786299857924 0.8091453803795894
30.500595378325436 0.9405052424872581
31.325568394663968 0.9521146262864357
29.879662993268138 0.9425009197184883
30.5143570443725 0.9151004210662289
30.37750844307455 0.8967565569451018
29.414484514318573 0.8842800108885097
30.385284525694146 0.9328170563449408
31.34127171790692 0.9362649452812674
30.693299444672334 0.9065196799791647
30.50906334057297 0.9094292595805548
31.121811087763955 0.9164662403827766
31.095157694902305 0.9486712768768911
29.460369573808464 0.904839320659808
29.425313820362092 0.9070623685667727
28.9403019279182 0.7889415270401916
29.68909959807467 0.9167974530411296
29.801553228730707 0.923153053054157
32.14768284980152 0.9403178728915655
32.15246717172593 0.9449494043820407
29.69988532956709 0.8435091618264099
28.950781262190507 0.820774414065956
29.709015150483 0.9063723039702971
31.664401089631106 0.9413418835625136
28.28357611019041 0.7452158239939713
30.539172033934317 0.9409358159901829
29.11399217711178 0.8431823958349949
30.489991553153374 0.9453017469639744
29.245043746253515 0.817779748080811
30.940611165363183 0.9091377762360061
29.588961254885916 0.8341573778803453
28.89911180604708 0.8273919866915599
31.255939367540027 0.9557677414541847
28.258392159194386 0.7629278845165565
29.559771386194782 0.8783831971279574
32.016173898031916 0.9394643391451458
30.755664274152387 0.9077629795553073
31.072229284517974 0.9385866427290621
30.503232075809365 0.845960460695679
31.009898981108492 0.9390965388517183
29.80078207704565 0.8447072555269527
29.775097370079664 0.9171949345549493
30.442924939459026 0.9263627123695359
30.566473410512028 0.8378797054368187
29.857657164617333 0.9558751185928014
29.61656757736638 0.9309203111133934
33.63027297249529 0.9623050537362142
31.80338999790831 0.9378986193322151
30.21134758532738 0.9274401409319151
32.664297832823806 0.9103580530037828
29.011844300131294 0.7835189278155004
30.428538273257807 0.9067784322480547
29.524062644722413 0.9267776058662939
29.387701695547793 0.831579862759433
29.520780847137367 0.815176522647939
28.96860182405943 0.8086664917419237
30.53063281154726 0.9321224456421043
32.43626852414566 0.9505995672040017
29.423651710128368 0.8765089192507325
29.140204245289123 0.8280644034022964
31.105672746590834 0.9496110228938582
32.40114352994665 0.9510725160270614
31.186331071480122 0.9293960383687605
29.524396649248054 0.8506968796513275
30.378537916677292 0.8303878080760952
33.46652689496848 0.9598304423543239
29.469124849868862 0.8733781563829737
29.519559536635693 0.8539718583077015
31.296034943911472 0.9190104976668053
29.310975163319384 0.8858338891292913
30.93078220186287 0.9452363678356633
30.583611401508634 0.9511603844688319
28.958959088506173 0.7866707364380705
30.568036468232695 0.9159968532168348
30.506466286214003 0.9063550226301901
29.59051159482953 0.8339135626384794
31.25700693724795 0.9503961060995627
30.492660438641515 0.9376559667111661
31.178201324952425 0.918698856772479
32.15888215572244 0.9419424723921878
29.4622567064081 0.8856178297377618
33.34414286806795 0.9555870881062885
29.976311121599615 0.9107329866056322
29.20710186893215 0.8377049122652508
29.74654536550318 0.9071784024388404
30.04526945359761 0.9169684791254192
31.870499224494928 0.9401289458466485
30.955784765469577 0.8455592477215901
31.128716790487264 0.9502636084037058
29.516771728874083 0.9269904276566096
30.14597570658749 0.9221293084716882
32.33802344595371 0.950348889904317
29.461704332618027 0.9039033432629429
30.973982985110453 0.8466946372778084
30.42172902837807 0.8565386635094528
30.499100991032527 0.908700835307732
28.288750659710583 0.7641943108020506
29.395021380501042 0.9257830530478877
30.245125477217144 0.9253242294616401
30.46216173021389 0.8401802472896369
30.459474898400345 0.9258258932859048
30.293196378703044 0.8644250911969593
30.71817692928924 0.9249290336127306
29.596959462124403 0.8293720198587005
30.157660333842582 0.9075310908355634
30.227024816879073 0.9022428612753656
31.72330941444188 0.9388937903632022
31.234241083991154 0.9203645345914085
29.96003559083612 0.909930589854486
30.158447655726338 0.8225757113977245
31.257702171796403 0.9130916281397384
32.0579909465738 0.9419840471035085
31.06392127052132 0.9308454609931855
28.97958604253802 0.7915539186293785
33.48860958804916 0.959534366727427
29.252783774058592 0.8955684608826397
28.639092462129607 0.8470777077180793
31.876413237240993 0.9552663962868123
30.566662318917615 0.8333052397899137
30.54290318257746 0.949249863545679
31.37103054738054 0.9444162257211267
29.48720681895042 0.8112917307035588
29.560399487653676 0.8930835209454626
31.15631035815575 0.9200752540360638
28.282446204963755 0.7742554429137314
31.35455792516934 0.9463368691158934
32.416636358418145 0.9112606722958613
30.560885189936382 0.9131761994511314
28.238502823836452 0.7504417449911821
30.18904876507582 0.9374789628148904
30.758335517327353 0.9341624949695784
30.57586446900721 0.8426216883179302
30.854417273639996 0.9398595265632037
29.579546028647155 0.8827771758411865
30.178393231241426 0.9198705496660728
28.93420464898632 0.8052765020130038
30.957993016724174 0.9473288553921453
29.046775037775667 0.8243264137170838
31.414765372653335 0.9465802866358339
31.136385164688992 0.9153303080157207
30.78095414755607 0.9400414461135749
31.164673414471885 0.9281908185169551
30.250045218254577 0.9363568256131548
31.393112268681026 0.9449849956207463
29.454142115194536 0.9279350767969554
30.602941003603256 0.9503403560775477
31.261764918326435 0.950211680734466
30.459915304765993 0.9346047187513956
30.539741697337355 0.9325703850126107
29.164800206084855 0.7864574672818789
29.690525364737553 0.9064200385581896
32.50067286968356 0.9166539702947486
31.3385785190165 0.9419814066824572
30.612112713709656 0.9193330730593048
29.11578728647823 0.839003635689373
30.66892382305369 0.9267387094291244
31.659623332048664 0.9517982486136777
32.783656703756996 0.9621286630171543
30.099293804639224 0.8940723150824955
30.151590428587895 0.932748774403948
30.48344960593298 0.9144494794524092
29.218780568161993 0.893518069035817
32.475301335755404 0.91665512024026
31.10498018396042 0.9277041764863786
30.832614969233436 0.9415637880524339
30.04284755085294 0.9175462521477012
30.984721313697303 0.9324435496338325
29.11484109864398 0.9300056803062693
30.63882663641632 0.9068734334403967
30.331929968230146 0.8988328743769312
30.22433246964759 0.8999836186737905
29.556347895702586 0.8180963574939534
28.919301691849533 0.8209396041552525
30.460180693136817 0.8259010106215016
30.674471801377674 0.9062355021920432
30.544044559219827 0.9128449311762824
32.69759925508478 0.9574047632189895
31.810909386936665 0.9389113664969578
29.28748862026847 0.9358324591115386
30.834149891280553 0.940286234487485
30.95608745422129 0.849591422755368
29.501404123589175 0.8114815450835343
32.261215210805815 0.9470805487361279
30.496892998841027 0.9085046325779113
31.621508610534896 0.950868449123047
29.157554054779915 0.8429037695367526
30.58681178295695 0.9323541559008662
30.53811471194741 0.9148310234023133
30.11087789731263 0.9195210483727561
30.532233909565466 0.9304151805019558
30.15160748425472 0.8984405694143924
31.13392951493458 0.9406890402274241
30.880883881377294 0.9402946406393965
31.197911436132557 0.9202916932261814
30.598820901938502 0.8340553745192912
29.554871742081694 0.8757553493693672
31.701660815055245 0.9536394774736638
32.28732856129359 0.9486588230426899
30.70755599801427 0.9270647214351625
30.552078266529293 0.9154297005876252
30.558291183578792 0.931244035779885
30.44489714595548 0.9060698617468969
30.261574633651477 0.8278039909349537
31.77647872986666 0.9374387406695628
29.204073645189695 0.8489364687986264
28.961703153435483 0.822451867133217
30.252987728727145 0.9377420821214245
31.370051992850993 0.9513906975273507
29.95913135559305 0.8755333485282271
30.539163083032342 0.9299566837000247
31.764452176002113 0.9384263350015356
32.96948874602322 0.9654905001700844
30.084215014440744 0.9203034658911545
29.499048639448752 0.8106334282793359
29.507106691946795 0.8879835306312803
30.044501717075057 0.9582513218940674
32.10418742068026 0.9637608072526099
30.784318624206133 0.9191408730326043
29.124196845508603 0.8495029996111478
30.880133733406268 0.9419742706988063
28.44067717517168 0.7976535829011895
29.540641697147542 0.9011096010934047
33.21839050213672 0.9520107556668458
29.697125605381576 0.9351438637275378
29.64491244077644 0.9262045288630959
30.70313977070191 0.925849739287708
30.28879971985863 0.9168930692554298
29.730087626241986 0.9122770854030312
30.232088793565644 0.90170885328664
29.316028621862063 0.8882768833861092
31.63710757704318 0.9519944858883687
29.533280908302075 0.8159346732145056
30.350729814119997 0.9002032275128329
29.636022879447573 0.897895736469369
29.15161314822081 0.8506881556548652
30.469519400585952 0.9273060938377716
30.510080270589057 0.9296065080841642
29.332242443949497 0.8894169928276358
29.477465139071782 0.8921627253767237
30.084803707704527 0.8442655998331072
29.515528366721632 0.9051022286378512
30.61656156929654 0.9409827150475207
29.39869015674183 0.8948835178862907
30.54081309569833 0.9337295495570708
31.729882068026633 0.946058689295294
29.65885153588118 0.841834929692234
31.892680899184356 0.9568166499456485
30.629984800115526 0.9422132305410028
30.45070853854561 0.826141060484995
29.488457519276178 0.8782659626784162
30.667485628050102 0.9220110767418227
32.50382642059537 0.9095543037403182
30.621997906444207 0.9189788027502301
30.57173714591633 0.8700026798397075
30.461882542701918 0.9344676383382984
30.6476202300433 0.9419294324750839
28.261881466974785 0.7476935470320497
30.57025564497802 0.9168258380601162
30.804341830336686 0.8428650126714857
31.358291075242228 0.9453994782959305
29.14432673168269 0.8293027345258123
30.45018112664124 0.9259845841997436
29.98599827238566 0.95489422306009
30.487399978649332 0.8354103437270763
32.38705709486521 0.8963510677898102
30.79654723487171 0.940948118197505
29.484125910401996 0.9032113922225
30.66811104988244 0.9385338114067707
29.73315708868323 0.94676911735064
31.0765042025237 0.9390798630096732
30.464706510106474 0.9322056264611391
30.74706539936542 0.9348511450107482
29.709165898864075 0.9241329336718928
29.83096863824748 0.8400768396164346
29.739659089670752 0.919797976910906
29.603198840974674 0.8352750980438647
30.417266853267854 0.9366136805113692
30.02177660491558 0.9506252420043253
30.727069225687064 0.9069054954788183
30.530932584709 0.9358147900490873
29.18934984887786 0.8935862320061947
29.358166433991872 0.8430832732289182
30.344238214945 0.9050413359304642
30.182094996027743 0.8997836454244849
30.08368931095938 0.9080332908074916
29.58309978396592 0.893928004328425
29.689221034792617 0.909566910323303
31.328611361258744 0.9125519511397264
29.290810787260146 0.8908952917477435
31.854563691471895 0.9397415781605918
32.35810274794283 0.9517634138512933
31.4467430556872 0.9508977472046332
29.811656921144227 0.8601620457827829
31.401618754766154 0.9501522411297777
32.09999230773333 0.9411556505455244
29.201204113158674 0.8312707285775375
29.41906242753092 0.8375933547034142
31.316123391227244 0.9518501101344754
30.633779323766714 0.9195250507660144
30.099578716431026 0.9007294429747398
30.330225673847572 0.9358834008457738
29.4064561219106 0.9021206503614815
31.181327791088847 0.9149834970816516
30.468786154818645 0.9385946948167242
29.976103852526364 0.915367751417581
28.618346046950943 0.8514600569814726
31.15454954844745 0.9289379850678322
30.24752292519051 0.8998046507385259
32.30472105980986 0.9504493251995327
30.66333507932761 0.9260169075430218
30.156931214786535 0.8971662464503956
29.78943643745321 0.9468847186496753
30.887646168990152 0.8395521306971573
29.237125700685453 0.8954236954942387
28.905041194272222 0.8051038516312125
28.857546596970426 0.797023552834379
30.512691596743792 0.9097587592194702
32.58597406828801 0.9198595906997493
30.558253473996253 0.9101947322397912
30.990843076604015 0.9109445668614179
31.072069056921805 0.9424405397074055
30.46139748792056 0.9123448238543368
31.266529881612648 0.9521946671995687
29.649421889566845 0.8346927825440654
29.568875729590363 0.841101960485114
30.641849797161175 0.9060496388902703
32.46095644742033 0.9079485829624746
30.49503093203669 0.8405055536291662
29.947002013161544 0.913238950625851
30.547686475501372 0.9146715818410042
28.614375460997508 0.7675039466253948
29.565918976573904 0.925957275135731
31.039919666364597 0.9479704112855518
30.270139521988018 0.9306244629497439
29.927252361271883 0.9104544278700395
29.255287793549765 0.8946449133979005
31.322880148397367 0.9459067358417437
31.105949802569693 0.9289103158140242
30.195310948410853 0.9000686128745978
29.634300765681807 0.9027697322073267
29.493740274049003 0.8834640849857107
33.205932969476 0.9502374261455431
29.50527169605014 0.813486145516486
29.513952525318842 0.8131039203288447
32.18407802225298 0.9427083352923691
31.531634296131887 0.944910054582407
30.493371647635286 0.9161451493115159
30.497654155246803 0.9301901079961178
32.19332538018367 0.9460941302434974
30.239626459105505 0.9026583416987034
29.991044020388692 0.9486573349183441
30.83924597501468 0.9435769226498055
28.30889951167377 0.7832240695493127
30.2495255702638 0.927765403914929
30.033234721593676 0.9517081829005206
30.964787409262215 0.9309160995174448
28.62591112296379 0.8475454564734335
29.835762701149232 0.8580946584866926
29.37258545148115 0.8369189219112477
30.463952327681667 0.9337727558233893
28.87572524987268 0.790429982790847
30.457206439054247 0.9083534807505736
30.11768305121073 0.9189795646033551
32.5532646606501 0.956371517791005
29.822054822039725 0.9522546256839663
31.05071730476594 0.9385748771543476
29.428076242095486 0.8366487349305715
30.66218391848907 0.9068263457091497
30.638641940372068 0.9223113397931102
31.170173022924335 0.9285992453552803
33.589087853850394 0.9623536066730235
28.880490857470896 0.8111017942896773
30.727063254206758 0.9270664045680055
28.9998071180271 0.7884970551604948
31.10556481852396 0.9348906432181436
31.030062387209135 0.9323325042861076
30.497009712321905 0.9137903643345908
28.586860657950993 0.8483288708018933
29.5078164368312 0.8114323653888399
30.432677473089864 0.8586177431676947
30.330676864003067 0.8984240044495065
30.284930877343996 0.9273245230446083
29.50903170310702 0.9092251501432663
30.099251563787924 0.8988110145215648
29.450902260969233 0.8888323666398255
31.250615117317572 0.9214913363196605
29.186791584458497 0.8296612204300358
28.858524125954933 0.8139923468442063
30.503571393225872 0.9089647563359844
29.797728394346183 0.8428798092384064
29.698876710311907 0.9451725945751441
30.458074146502405 0.9357370995486852
31.077752878699823 0.9381195349368324
29.767458954141315 0.9148591067944344
30.291643901226813 0.9161957013054758
29.931234324074385 0.9027992584100303
29.230317849218782 0.8363320657410415
30.351599602671072 0.9359260770519927
30.89442116104638 0.9439334427035924
30.870436517253104 0.9382509191202204
30.141155603206858 0.9040054860026391
29.485920191430964 0.8910464622493701
29.101882325023652 0.8184502673813521
29.802831510733814 0.8568207382744234
30.32187314617361 0.8985663482235228
31.257997606836714 0.9532698375546379
30.475297214361238 0.9058997639617142
28.987886182346557 0.788825810223165
31.730585317431302 0.9462526235291129
30.62476237224081 0.9209524268823633
29.183758922600145 0.836721680388695
29.580935077142758 0.8992410780176954
28.882211505757247 0.8084122652038516
29.709074504466276 0.9314248239823871
30.159579125723297 0.9220062963311269
29.48946275160867 0.9241386749770484
29.760683074397 0.8585057658817297
30.46201346304492 0.9094240511360149
30.17588384206947 0.9008987624941864
28.237460684683647 0.7563952695739583
30.81317308804648 0.9157345211601592
32.292527683070006 0.9438196924838159
28.441567220928494 0.792141157753745
31.079394968527197 0.9357199408410797
33.192844983324896 0.9549424791690424
30.861063469426334 0.9415720694009656
30.966656463326572 0.8533599923146272
30.334938704624633 0.8986404026272832
30.31080407003245 0.8981389722655736
30.326188376694965 0.8476833334964298
29.796699101741616 0.8600160133337978
30.327533962248253 0.9340384560391627
29.55421847728107 0.9304299782798009
28.44593450786412 0.8033427736036277
30.169881376041875 0.9239626146452018
29.79576098336734 0.8597267733401247
29.9603837585489 0.9038795382781889
30.492666342353 0.9089037913150239
31.16755567402709 0.9155275677104364
28.9877717216635 0.8214706304692347
29.907597704600466 0.9149791592496946
31.186229200551878 0.9197413466998705
30.34837038108887 0.8279876890270512
32.28684368187773 0.9448660913822018
29.082377084917084 0.7818764641639113
31.36181678884263 0.9385853423694059
30.770408740374332 0.9385142206938664
30.694121841621996 0.9036236567260532
30.235478648918285 0.9323589614123462
29.609916507114686 0.8343807722254774
30.140085623647835 0.9035649425048473
28.277296437921905 0.7574860390604562
29.64000074693224 0.9120471421939234
29.324156630042832 0.8888282649897316
28.579764962416547 0.8506210093396671
30.1883161924207 0.9395879514955879
30.580316237428427 0.9174637477258891
30.77035131158487 0.9388671103423634
30.48413868549852 0.9345670525978089
30.312945390394667 0.9372134811859636
32.445732296129414 0.9080305799002909
28.447178262121806 0.8110500250982201
31.2725651272442 0.954907724172902
31.22069396100438 0.9113702031739869
28.45338484748156 0.7979527458822049
31.289165535452685 0.9515009460183773
29.67053625968614 0.931187286574854
31.649043600618167 0.9424617422185202
29.676473598936532 0.9391263277003068
30.781934241863425 0.9129378294501718
28.43532862713588 0.7909195337033877
31.33180149108153 0.9505405665695303
29.25434549581148 0.893465789285939
30.579602945061303 0.9416226189749582
29.027500794958815 0.8292478176500913
29.758404983916403 0.8584251062120961
29.569461196287218 0.9061982771411745
30.444981327631275 0.865284147813235
30.43346773775334 0.8699313323920005
30.66887924850586 0.8854145322215091
30.501587649706046 0.9279660152808407
32.08125631098418 0.9422387250534238
28.593515366128074 0.8516817344335079
30.456420381363834 0.9346405506018465
30.953217959131525 0.9119642593627028
30.790311130462825 0.9200730844253769
30.840745664038977 0.8389230984324271
29.298327758814004 0.8571804307662658
28.84259691408355 0.7908693354290209
29.851316389485202 0.8462699692065587
30.98697768373163 0.9095910345251862
29.96644918212995 0.9038338343130127
30.405449796503866 0.9367408727834621
31.025255302889118 0.937697698870282
30.224470065276286 0.8152995771386624
31.28145705358518 0.9549136223935536
29.37250353349562 0.8423040458123616
30.351792727456907 0.8149410561904882
29.52553013363648 0.8150464740344329
28.263776765786766 0.7736469886308782
30.54291786475964 0.8245344207917882
29.767677317540503 0.8568801091138429
30.154485393114125 0.9039327643395234
28.58401040011056 0.8400461767752102
29.584246101328628 0.8474418429268467
30.024553603369014 0.916684982425609
28.91613664713158 0.8130306602934916
29.798242188767688 0.8430159645757265
29.440992500663036 0.88669321464138
30.989103127533262 0.9106573784164028
32.84752048140816 0.9623333083089162
29.26354394853858 0.8489284574920729
29.445328826411775 0.8910124927620087
29.454885095844098 0.9158187589977442
31.988073584291577 0.9410950376391689
29.342034259701514 0.8272798235003459
30.455304726253907 0.9272254897795179
31.078445616813184 0.9394251593548375
30.49002916632982 0.9146182259528645
31.165883075614104 0.9153191327922285
29.958003501170563 0.9127344488715814
31.015820776680478 0.9171438942024609
29.442503454451124 0.9146983571736749
28.9271745772147 0.8029325674592872
30.322807429650027 0.8983522658471788
32.47150649516367 0.9160344161444671
30.34681851456273 0.8335621431231449
30.66046644221145 0.8845973171586566
30.67125488958846 0.9077494984578149
30.17942417081056 0.8203553393799384
31.18368031950423 0.9190022117292944
30.307503432211995 0.8977428337086252
29.43810820107433 0.9279874182782982
31.826283944622876 0.94059049314981
30.542542116056204 0.9404492102271317
30.47397609630394 0.937610947592263
30.87181843814402 0.942337633272355
32.54195519516265 0.9137238903745544
32.17748179691669 0.9414990915089916
31.362605344734952 0.9478858237679124
30.972611308181605 0.9640662317039936
34.47913154053227 0.9819703966238181
33.17166743791019 0.9709760115798451
34.035409546939476 0.9401802990828568
36.49949947896088 0.9865468632662464
30.963937631480075 0.9669314446165612
31.207771281457806 0.9435862144414255
32.84415593805229 0.9707118499137376
31.090626964750363 0.9427321078435887
33.17498267391509 0.970918467195091
31.53111843565644 0.9480875419421091
30.83397931759455 0.9638134495109197
29.976521895342934 0.9370445359892913
32.716802446294466 0.968657209564861
34.487806920249525 0.9822503092547686
31.137000863458816 0.9683162793107422
31.260280791593935 0.9671278932848292
36.57097552210336 0.9868347320930406
36.51844246979173 0.9868257599629404
36.629387690065904 0.9843048401516147
30.029095164719738 0.9396640346755932
31.310986533658554 0.9685443673515388
31.293045469130423 0.9439699089934169
34.52746562147398 0.9501291054962151
33.163050095712386 0.9710851049455226
36.530381846545396 0.9865773404383675
31.54821002568614 0.9488943897722555
34.013279708955196 0.9423027037112369
34.512128517577985 0.9823566827983076
34.223722139736964 0.9763280873762457
31.180835763740184 0.9653648576575596
31.250016778049932 0.967667205646891
31.210738597122827 0.9672476038892193
33.14158736273344 0.971108999868524
34.364415722561745 0.9766411066690457
29.931899925043183 0.9375508058380184
34.26805757598328 0.9772119471472421
34.424292488381425 0.9828467519495642
29.956374991667673 0.940650720610065
31.47836496093881 0.9624300452483758
30.771147253118446 0.9093158534804557
32.22766944759104 0.9509244346949473
32.2443598645572 0.9519321574825628
30.047601453248483 0.9394548744364468
31.25350546877883 0.963232048535519
30.884245672695663 0.9634471103854504
36.503743678529325 0.9866676540654314
34.02008532799448 0.9430077917924526
30.634289865137866 0.9075494044305831
36.53617641689106 0.9843201415920849
34.5184422100671 0.949566751701861
34.92205191064079 0.9851000051443208
36.834841716134136 0.9840189180811428
30.901503214689562 0.9633437492844759
36.388207022271835 0.986383614539252
30.956280956185907 0.962131164082716
34.455157079755566 0.9825454291156404
36.5290218065953 0.986664933296087
30.66860515071072 0.9072397502669093
30.89193242597375 0.9626931420218724
34.66881380311537 0.9831722857399794
32.14770553577986 0.9507920809211504
30.800091475027294 0.9104171917300149
32.190027166591534 0.9511553466989974
34.505031378105 0.9500845351547317
33.25925966049106 0.9719948924913057
36.873205161435195 0.9841179655631028
31.46222815522504 0.9459848183197405
30.684062050094703 0.907847540200372
34.527451295596705 0.9501090836982704
31.3519503157789 0.9688673548072819
34.30817594233198 0.9780986418095958
31.53589318843448 0.9610430064676453
32.881207306016094 0.970312003037686
36.680492906504576 0.9839673833513691
29.981239787578488 0.9431515617853965
34.324194133816434 0.978525096015385
34.26458481643869 0.9822931801430187
31.265290100209803 0.9652537087546773
30.874837434160725 0.9627360537901475
34.02636936133557 0.9419460912484233
32.164237271869176 0.9507820474570546
34.39747955225187 0.977233241476625
34.44291355322221 0.9819326884790086
34.197246344699835 0.982185217515255
30.836297404245194 0.910526289061514
30.970953344528006 0.9661758999745943
32.84632889138389 0.9702641426549379
31.421675953524165 0.9663861741981326
30.852477240134913 0.9642741001095924
30.899671710771663 0.962742204125362
33.19647579084651 0.9710880160402521
29.957364767362293 0.9388629570273687
31.002962599462943 0.9625319855764489
32.16540533584897 0.9509358408449508
34.077614070085666 0.9428041351326277
32.13674258305821 0.9512951177612046
32.88857836168216 0.9711618241872952
34.04131203630104 0.9418559172450326
30.820228287593984 0.9647333780814978
34.56472722864465 0.9494296064595333
32.79972300440393 0.9701638821696887
33.20918435491181 0.9715084179929193
34.06912739929298 0.9425588675976676
30.705374319045752 0.9079625147217872
29.824759697131608 0.9353558898990653
32.77280590676626 0.9685456446335745
34.23713237467587 0.9775976658761035
31.178053557885246 0.9676638683490495
33.21358177842425 0.9710468014113216
34.56988871006048 0.9500216173631458
30.834824002303197 0.9636620851236949
34.6103419046281 0.984187085159139
34.05666843741338 0.9410185533882902
31.261574933543187 0.9667388487659533
34.63616613701101 0.9496114310995858
34.46037879193852 0.982974409852779
36.43708427833461 0.9865650251705064
31.17824395654178 0.968951610912501
32.24718192800785 0.9512028145238781
34.069347673602444 0.9420279965352003
32.72703093950406 0.9694318571878348
31.307396481686652 0.9680780169037038
36.737720625608546 0.9844728602835667
31.457578207562168 0.9643975365785269
31.381664628470443 0.9457724276921138
36.94098599343016 0.9846929140542362
36.50625584291617 0.9867148278172564
31.112473655604536 0.9622605733800962
34.425528004714735 0.981945318862548
34.327022538331356 0.9811229867653648
34.199029292444735 0.9822578718114189
33.22554297085149 0.9714527033312892
30.66305391210793 0.9075138597299676
29.77827290063344 0.9356509296219285
32.80593313522996 0.9695421410148324
31.139519632097414 0.9425084196799703
30.871611484337606 0.9632623721737908
34.47128560990093 0.9825933666340695
32.17505069889489 0.9508694623101838
34.39404373107094 0.9502080719395324
31.057741087644906 0.9648157077397602
34.4365610222802 0.982297657649431
34.461858979508484 0.9497742852208979
34.28250389817316 0.9778755202656455
34.33421808803511 0.9777901868004251
34.39341015943425 0.9813693600266766
31.119934605091398 0.956658588266064
34.734316456270726 0.9833672308389935
31.54916681479913 0.9482785112561792
36.73650022089645 0.9843531639714422
36.69873922286672 0.9835028539081799
30.752441258787595 0.9088276838857873
