32.04676702238417 0.9503393845847464
31.401570234075223 0.955625540040733
33.52887909461825 0.9740084417270611
33.042012437494364 0.9716155369229957
33.99829129410519 0.974295984939136
31.821201585584124 0.9405862441580132
32.78769107728684 0.9734491398566799
32.98656499332263 0.9722405135950597
30.224190022295325 0.9444368624510554
32.02564680708476 0.9114429198974066
32.48365023717812 0.9283432741797034
30.242719598286016 0.9478335977998705
31.623016812199324 0.9425621851597229
29.24862451226499 0.8851840156172981
30.24911343173928 0.94865608860433
30.881026179352205 0.8586376832392093
33.11125833293594 0.974481192618119
32.26059464372628 0.9735162555212755
31.053051613143804 0.9508092528841593
31.73580633333237 0.9674449342414808
31.445001388247647 0.9528953814520291
29.10214484734617 0.864205481771061
32.3417225792436 0.9613480066079192
30.987888224536068 0.862196166931797
30.214361346778006 0.9259126041383197
32.23974435630788 0.9230597772211132
29.693544881226302 0.8663911521556077
30.323388205865488 0.9321963664312027
32.22807183208427 0.921955858614557
29.47274067194009 0.8620848142319109
34.15635521713074 0.9785600247967573
32.48296205092781 0.9623675717547274
32.81961700954588 0.9753663981204101
30.879280190883037 0.9053663803119971
30.897363300522436 0.9480489559047545
31.01730887228691 0.873211638152224
30.14967834455259 0.9406074199114685
32.72633929366413 0.9265230365647471
31.665955525009252 0.9459086053270458
30.839253434872433 0.9692316830011319
32.52329614022431 0.9706563783335365
33.66798116368198 0.9372640301981913
30.22316065531497 0.9517134656426257
30.44207265328021 0.9164047602709754
33.53329801261924 0.9716963421506591
30.641453935790267 0.9640269948929204
31.466404717964384 0.9601977531719651
29.600494049559583 0.8816788938195815
32.83574541791175 0.9755824270555686
32.85454510956267 0.9753710557761712
29.697839851294937 0.8604234777393713
32.229567620709936 0.9191042545675535
34.07474143322628 0.9803144220862218
33.79198521045653 0.9391445161496589
29.93130392745421 0.9313965854357805
34.42402669452371 0.9803825215568052
30.27205068589123 0.9526858460160099
32.36922136161745 0.9586684498946753
31.93788521965033 0.9626735032435062
34.193777814590284 0.975478276232616
30.07521519540907 0.8993161507400459
30.20556118015175 0.9466023010475101
31.979986047779704 0.909663844806414
29.926921523563514 0.9302781403432948
32.256811435887485 0.9731573179133278
31.83080313647586 0.9614242447507658
29.73555979360928 0.884303689832688
29.566605803822803 0.8534108824917758
29.645878039057866 0.9018235426730548
33.81540406798004 0.9386349272900749
31.360907302526442 0.9643200468649955
33.524322772705375 0.9806747726048349
29.926595245521717 0.9017899247863908
31.421485849975333 0.9368812816907917
33.41855703397948 0.9784180487347462
30.513747690318986 0.9070201255159563
32.236422475600435 0.9171867005663157
33.48851397034017 0.9722931212887977
33.32066268018791 0.9776907343261598
29.303041600184315 0.8704600445869126
33.21202452888202 0.9788240714761217
31.446684222803334 0.9551492638420915
30.609273405085556 0.8503484364713727
30.399581113077602 0.9575453465174233
34.0785222342875 0.9837353615271207
32.28744346780124 0.9247541370418664
32.23906359578939 0.9595006724390716
34.57679095103991 0.98152978948727
31.62722895783318 0.9428940597654983
32.19166886697001 0.9761879442581882
31.663305521209416 0.9665013009474991
34.15023671792512 0.9750138348906362
29.206613025547085 0.8710145739315515
29.710560877678127 0.9408798680059901
32.79513528268999 0.9283233970003367
32.23241056184833 0.9182159307998085
31.432923311657525 0.9659853465779968
31.988010759604148 0.9634886266405589
30.278100845223857 0.9101489073870076
30.30084965531129 0.9177546361505454
32.5385185246483 0.9821759755066445
32.47781481177221 0.9706269757803205
32.75913626709185 0.9783762783780372
34.18196027664557 0.9764090529066527
31.715226128870242 0.9607466181780943
29.22303546691518 0.8839147552791948
33.53734454157591 0.9715255236189012
30.799815042240546 0.9690157021339252
31.247019879290097 0.9507788593858577
31.81508037589364 0.9686854377800403
30.214732359049155 0.8966890232004888
32.277555536235376 0.923248987414436
34.62528820333327 0.9820125949019635
33.85156908823206 0.9446661810623791
31.81025764638155 0.9698364721287057
32.53796892540729 0.973899149840836
32.628591679795356 0.9240338743030467
33.716701024418484 0.9772247410939958
33.99734351929703 0.9761525783293882
32.273185577704766 0.9230100207100514
31.86734571856722 0.9604993988693771
29.7509532345836 0.8733455397051514
29.664568198905627 0.8703146428839439
29.707594799043704 0.8695180183668898
30.95289769358399 0.873787773175612
30.86934556932466 0.9438977189801191
29.821261053918008 0.8500110914034066
30.474453739556896 0.9575726730447178
33.94681387961002 0.9435340937455209
29.813112353751798 0.8733986277411467
29.784794154687187 0.8593909770072351
31.656980082668134 0.9454661536668687
30.498449929174598 0.9545267911091009
32.76906161843223 0.9783847363223491
30.877938902999635 0.9681959658970903
31.849422262436544 0.9414757832555483
32.636340482020564 0.9299872674932104
32.035191652925484 0.954792332671567
29.48916363699672 0.8617025410006475
35.152083434772095 0.9785267807646324
32.04710197081104 0.9636102417490638
33.2739915355394 0.9755430278488106
31.70833354288682 0.9590269295248086
29.740655297019565 0.8809613629321802
32.53919468622503 0.9709245607991513
32.136761260873676 0.9668027104073174
32.382950791566245 0.9621978699414072
33.585055016365956 0.9732679038728089
31.025139900340186 0.8724677523876091
35.441003871791274 0.9801136140303912
31.7785930646857 0.9498079609692259
32.32355568568002 0.9612851746559424
32.83549945006312 0.965528009082562
34.06595119870589 0.9732654978465781
29.256752145889028 0.8638839830238584
31.83301308565421 0.9609695261880115
33.05705512172488 0.9730403407844581
32.254464703551456 0.9777654704499431
33.93454013205719 0.9727852025520466
30.444388441131043 0.94831499460616
32.625046401945525 0.9303577911469393
29.621189564213903 0.8629228695289579
29.63827038751125 0.857990615097014
32.99937224628504 0.9206004661163248
30.439674991145104 0.9170630121756749
29.67662607586191 0.9323941043543656
33.528838511325844 0.9733033055332989
30.19431573191345 0.9465932491146426
33.5460143374456 0.9670517188657499
34.21940030306003 0.9759427211388333
32.400548827650454 0.9237917784909291
32.19380720832197 0.9579123169177584
29.94790133936226 0.8679788025576213
33.99872086575322 0.9768998296451854
31.436168706518423 0.9668301926854747
29.52736287805576 0.8684226406084462
32.405046614259795 0.9759459537635666
30.2388423812693 0.9270927202164405
32.4963149638402 0.9271697158590066
31.57474463823601 0.959675165971237
30.791587939377337 0.9529747881357095
30.995108182214594 0.864614104424188
32.81133774046528 0.9705562553858867
30.230052722668237 0.9503400336586817
35.392883549290474 0.9866360775352983
29.218381575496053 0.8542193624039071
32.57995387305578 0.9714528237645752
34.81236288682969 0.9853186330717146
32.622682481637135 0.9296063511604433
31.424547407134863 0.9349432397689112
32.30846628480537 0.9738700739650427
31.426470288063626 0.935736831362817
32.165145015835286 0.9736369963360988
30.346780456430068 0.9524121392742749
33.0874819061759 0.9250136766179646
30.896998528950395 0.9630693963351025
30.13975381794769 0.9475015550675918
30.84187663561442 0.8585866911119769
30.176348095561455 0.8964943148102111
31.123745842232307 0.9080658218677428
33.59248807688806 0.973933125975405
32.30370528508437 0.9779247784771321
31.73103938265951 0.9591176808312769
32.61246569266567 0.9282253448288104
31.40355851009187 0.935896518059689
31.59547649116004 0.9416162842810554
32.72206431473788 0.9730398561869564
32.39523104676957 0.9279628679406321
31.067020699619153 0.9536603754226273
31.977550463140375 0.9551523396290823
29.559234843182782 0.8760763243812042
30.69412854098347 0.9376100169610274
32.747930518199524 0.972920249097025
30.292743427347038 0.9107013458425147
30.752940869360735 0.8993932072744438
30.220209398954307 0.9421378663141516
32.02757777710853 0.9137280368213361
32.830317535468936 0.9753402219618565
31.000825386244312 0.8702890674467484
29.677483552494067 0.8689081734988453
31.669644701956674 0.959420922320418
29.478520025335616 0.8678049752260619
32.68035766351483 0.9724863387385931
32.39443704728862 0.9629833106003216
33.61361313959386 0.9811230750041045
33.272924768509576 0.9230578023380482
32.30117789211636 0.921711410594749
31.840732282513283 0.9707567622455632
31.07020494819889 0.8863028549820415
31.830229068555276 0.9609886583494154
32.597659302160814 0.9281069122478613
29.72261133375493 0.8542341031017505
30.194556648472503 0.9176995965321857
34.839517645241365 0.9852577669355592
31.61809021541415 0.9609608895874803
33.48319652779895 0.9724187748552818
31.06935283391931 0.9063955295149334
29.51170346422834 0.8681747207806058
32.88522241255559 0.974504963041079
34.49690166897361 0.9808181789513956
32.87168877807206 0.9756504259743475
33.61948643987128 0.9729187554765373
30.320532859545782 0.9301181630668502
30.209236177136553 0.9518400173963181
30.653862432656883 0.8878525706134595
31.877082764307044 0.9609781768253612
32.70539489422806 0.9727333516629704
34.14568101774238 0.9750369107289851
31.453655335812268 0.9371293038491876
29.434606496360228 0.858042572764485
30.54541107155087 0.9301320709720375
32.78809417834064 0.9725739780888318
32.6345113460704 0.9236193887730925
29.424045204042105 0.8931042479373675
31.214828214903484 0.9104865234586085
33.0720338126246 0.9250805849983657
30.78565525034162 0.8971122907690434
30.19103724237616 0.9476534816058503
29.702010508150142 0.8649465369774114
33.54887033211022 0.972462067497404
30.24442729359197 0.9192173197853832
29.419514489859047 0.8627645809678972
31.7149940484261 0.9673068969073478
29.461738672038464 0.8528272651921228
30.420102831846858 0.9544298032875208
30.767055804404748 0.9484346513961743
30.818884692599546 0.9305238052781355
30.180269014273918 0.9437545240491944
32.845503810645994 0.9743764623267885
29.55845475170612 0.8620843848048594
32.0255463248934 0.9696773311408192
30.39892722604231 0.9552471235765673
32.59924682766573 0.9306440691648966
32.315437554690135 0.9580483462473844
29.358355685408313 0.8437237647604513
31.780030103562666 0.9493534961990003
33.481823019190806 0.9705554632296292
29.840410705039908 0.9070906965140965
33.402277414178556 0.9793673274203398
30.49888124982292 0.9284791750172686
30.819948978691116 0.9703192065700392
29.74501432216261 0.8620165778617872
30.554477930444257 0.9585210393510636
33.63089766911044 0.9761646926334567
31.457496803295378 0.9380153229167331
33.60763840695442 0.974858222705226
32.7938769110901 0.9779712356450987
31.572717135959778 0.9703723614809554
31.02625512321047 0.8762712418709985
29.566106770110274 0.8573589757062451
30.066445157645227 0.9430496471838932
29.68377260500166 0.9519715921836184
32.34153205037315 0.9609731301964667
29.590030988203416 0.8638465602758983
30.346233645457733 0.912970462317898
31.77201106253271 0.9490075270471597
32.239441660308955 0.9679185343939934
33.080840088596624 0.924489330897782
30.863270414098945 0.9690251214196102
31.498507697486954 0.9669881993872439
31.81188451478716 0.9403338501887111
29.634368393567435 0.8595244913519416
29.131809875419986 0.8653262733100814
32.28391547692632 0.9603487799669481
34.29377219423656 0.9821209496737258
32.674379690251854 0.9732351359420628
29.484316830818575 0.889024729100587
29.406139493282865 0.8598388790752715
31.25163421177287 0.9506234326243453
32.08242851511714 0.9668985401290608
29.486600725804518 0.8617195951433833
32.784594372745616 0.9635565038412686
30.211417214739335 0.9233217001887709
29.422756000147814 0.8415336880671945
33.734178466472784 0.9679279487959442
33.04246816873349 0.9232976620632495
31.52473508741313 0.9685793589876794
32.262998309899984 0.9197911772140306
30.516090648344417 0.9499884587736905
30.94760510992282 0.8544969369707838
31.69824403336763 0.9504314606004144
30.458375542156915 0.9556138649611813
29.500247165602246 0.8701200519049707
32.340193688873796 0.9262862407500717
30.992967929238144 0.9059825340177985
32.510581963514326 0.9624824122158661
31.206666744079598 0.9615463601726371
30.808605608708582 0.9500850127442033
32.262499131040116 0.9773368849568874
34.08910507517781 0.9743377431422443
31.97658900496476 0.9670217807661216
31.053315256475162 0.9075979613807399
30.40094000103119 0.956785930087672
30.518571961636933 0.9155886950287353
30.31696613739729 0.9454668397921452
31.55035383993962 0.9703073062792412
33.28009010894088 0.9240822831792495
32.17441587250163 0.9671010365529785
30.818127412834638 0.9686802484072496
32.20237403514411 0.9189857985386252
30.197304593811893 0.9499997926567013
30.8446355970047 0.9739426167841587
30.710313411323263 0.8738568459573244
32.0603100826034 0.9633524414628523
32.635005620285675 0.9287806865081868
32.051562906204126 0.9144287377233936
30.448949205567114 0.9503417111339955
31.63229033821939 0.9420823032698254
30.346659624069254 0.959511211264518
30.336484195486126 0.956757605657401
31.995466860868767 0.9633023984361733
29.87337940200288 0.9226844031526696
31.771800365317993 0.9493173444615407
32.87991437296584 0.9745729584323554
34.70233576756627 0.9827713281430649
31.75256535740885 0.9497523119038161
29.30616323378414 0.8694538113235951
32.45573122112893 0.9807866860612005
29.743675722922198 0.8726743473782999
32.11360866547112 0.9668815140389617
33.061798416514435 0.9238166343033252
30.545195697195624 0.8452250765838476
31.855833839167612 0.9607901178213335
29.653589678349036 0.8624222356135863
29.59698147806662 0.8662006612032842
32.76815928217226 0.9781022201811511
32.799737230949965 0.9782212116688512
29.99865054473197 0.9334693358616919
31.67883224474492 0.9596866678782842
29.21949627857622 0.8642056951402365
30.19158666037837 0.9411294486121077
32.360680136976534 0.9759940691891025
33.56696493096496 0.9819194150791605
30.2076906133421 0.9130926303942384
32.97341170471687 0.9204322960671295
30.790625950454945 0.958202276024988
31.741610132466832 0.9468301710303417
30.14899670032385 0.9454731734095494
29.797125586183 0.8838961142447667
32.828497953938836 0.9683633140287587
34.07567650174878 0.9735904747738178
31.93232384642206 0.962726561721734
32.855745314235506 0.9329001633187802
34.016123038775284 0.9726018629716435
31.766469957337357 0.9596615568738142
29.259698999714306 0.874724751130131
34.140813266386516 0.9739401740825686
33.895298641909434 0.9826992540792874
30.171340894239023 0.9470160802670297
29.89922546570994 0.8880666857354222
32.596367019932366 0.9246847473501116
29.52973377337259 0.8745950383882168
32.47166323788991 0.9704960604458424
33.47850977959735 0.9788434066105542
31.873573208537834 0.9719050877252949
32.66381684069773 0.9711267216459512
30.90781400788284 0.8568891709221527
34.59379585559859 0.9816290319687466
30.943025634840687 0.8742789525098792
32.84289300426177 0.9655632870828808
35.03347949549483 0.9840425561934215
29.60137729460466 0.8630677045517946
29.56379697719275 0.8671050888447622
34.14562625513205 0.9745416342832931
33.602286941538225 0.9732892411418563
29.711668798975094 0.9005889446000102
31.998301820401327 0.9632425440560881
29.613547447811147 0.8556334811520615
33.955702362598984 0.945551202907871
30.245225392873017 0.947630685135341
29.178830792203957 0.8570423415685122
30.989220610074057 0.8778258201795659
32.020238429736516 0.9592819897478204
32.293986996367614 0.978355909957448
30.910748715833805 0.8617591814961654
30.13577072688735 0.9473620911596048
32.62052903097875 0.9262717423218059
30.758237192311555 0.9561107891702939
32.31734565558443 0.9250261416215985
30.534711053415545 0.947706707122604
33.72492428247461 0.9769082432080257
29.566396127157674 0.8715928263353101
30.25389031192944 0.9393768378576959
33.57360143398513 0.9826580730604219
31.771520332177104 0.9491362387317578
30.82386624856069 0.9052844483364554
30.436404647714056 0.9487349289761292
31.805914541356195 0.9604871959501928
32.01319563394765 0.9629867227633607
33.61417891329907 0.982901283953426
33.05244384048705 0.9745106185545129
32.46293461460853 0.9288325685724994
31.869770249791248 0.9595159889336162
34.00990632737868 0.9780118649807245
32.46896525907194 0.9705903780445932
32.09278211137667 0.9128058038375064
29.58436344383163 0.9320086084550657
32.32156614547507 0.9584078716862907
31.839900939010604 0.9604311643407993
32.26436709383051 0.9578059771385636
30.82283869146687 0.9667687915392267
29.44310574231862 0.8586352552368619
30.05503442399959 0.8989719561314435
33.39606350987704 0.9683099970804198
29.505655997057314 0.8615305656448276
31.64619791891736 0.9600362344310176
31.362397673788237 0.9660131368887757
34.364772086196396 0.9817196960632771
29.540480881583512 0.863798192754392
30.649521609407056 0.9603948793652957
31.094793728765893 0.8911848562584413
32.01302457151856 0.963746856891986
31.887136041368752 0.9412219562589517
32.057684784736026 0.9636076869817883
29.18685350128885 0.8597544085018283
29.618574521053684 0.8766930742777476
31.795385521855984 0.9753566267260315
30.319150442527068 0.9449948185944894
32.21618219808467 0.9176105128388111
30.287829311543902 0.9492339646945874
32.806667330646725 0.9781396423141274
32.77732679593941 0.9304259273425539
33.15386641825225 0.9751467423518974
30.60898257745356 0.9151924202082792
32.003518513436134 0.9632658576195023
30.377339562747352 0.9531237789073846
30.2592820127809 0.9506781630947057
34.01702175649226 0.9793480225137676
29.624909714190686 0.8670030260998551
33.096581683090726 0.9739293980288123
33.11717387946053 0.9152047867953284
34.210761983049615 0.9755135551238596
33.26242648346436 0.9191915064179728
30.06814380773087 0.9103422730413859
34.7277666906795 0.9827449039226932
30.200250439594765 0.9491454599273635
30.811991848404784 0.9643877489445863
33.12176025882743 0.971442677781749
30.47736531492842 0.9553310110064552
33.59337659975748 0.9819582018681023
32.27936725781007 0.9220451977853122
30.198546690625193 0.9509448528380408
30.276589797012914 0.9554480911007119
31.46262794685891 0.9366598194473298
33.87612824037063 0.9759768192893522
33.34708458308983 0.9784454610749742
29.260507058692053 0.8760149422035671
29.542709715286286 0.8599864456354512
32.10555233836169 0.9703493624285773
32.310000865904264 0.9246535361025583
34.60035996678143 0.982383037877607
29.27177645900671 0.8980348597601198
29.609366106227448 0.8763154447303909
32.1565361351812 0.9158720451196541
33.6128456019316 0.9808415488318213
30.666504906215998 0.8482590009302459
31.843625779834642 0.9402385149176234
30.522048678993634 0.8429193523974866
29.201777319695594 0.877972604029983
32.24940344711094 0.9173270177334201
29.568431114001438 0.8700884796606292
33.30242253209708 0.9789086651356647
33.1286116860421 0.974669528857303
30.47627538969314 0.9549044090424064
32.811787099271484 0.9783225433231777
30.214535081787396 0.9422546468913063
32.118757974589265 0.9665965796392475
31.66585303887956 0.9603034885368934
32.15428190133561 0.9671397063014369
32.202867809238114 0.9175206222717207
32.02151600041758 0.913363886244617
30.608821885221516 0.9576688417808507
32.058866872042515 0.9037154204613681
30.840217196396043 0.9717808898693207
31.880773951217442 0.9607899516390292
33.45853033769777 0.971914654559995
32.198357369388 0.9173537659511073
31.690016985414545 0.9592956325452441
33.501909170612365 0.9799350387163067
32.859925309747375 0.9705787530138169
32.291637217844425 0.9606275682124297
32.653484732890206 0.9260209483589893
32.263854072924126 0.9731929330966951
32.56778415433925 0.9712951149875224
29.601499508678128 0.8645393394746306
31.56847430868676 0.9553008151292968
29.53733688918794 0.8604262191235934
33.49076424152733 0.9802739168882967
29.2204727043884 0.8765691800404968
29.45882311673831 0.8617964476840668
32.78228912903522 0.9701513780277504
31.0884484407385 0.9674238106093953
32.852096144605156 0.9321256093230963
29.624856535237534 0.9474386057887522
30.85359309455951 0.968712943558542
34.95225192911181 0.9834070168614546
32.00708241610407 0.9631033987214318
32.54675547509028 0.9712216177605615
32.928874014179755 0.977797141848909
32.62701510728981 0.9292483319544665
31.790461221970272 0.9499298891299156
32.28675444616585 0.9597865841406841
33.256596682740096 0.9116193277931316
30.12986323290267 0.9455668810161424
32.22552243775665 0.9181438307590786
30.806098925398004 0.856790592158276
31.438264330174164 0.9661356628058342
31.812687509979494 0.9634176482772685
29.626958808369245 0.8723904124195685
30.94540240595917 0.9503533016607266
32.785837544444895 0.9704397916171243
30.779550379527606 0.9577241177632766
30.487594078114434 0.9145531551061548
29.46411379499438 0.8640506900100514
30.756455437119243 0.9656353991268652
30.098164452597512 0.9107259567644442
32.32399592945315 0.9583262169906687
30.57581306638405 0.9308086595411926
31.488616315537037 0.9371757459198253
32.19843023404423 0.9756410953414046
30.05951336703044 0.9212808768671875
29.39351902300087 0.8836107537451585
32.59459614766267 0.9718629191489374
32.52274924903079 0.9233485771204932
30.54898410899775 0.8455075664684162
32.76387034850109 0.9781864211365568
30.29674033295447 0.9556811881605126
33.02640444710334 0.9735931638010312
32.835543748561356 0.9659234136477147
33.04056989884421 0.9734964504986158
33.3328741513876 0.9202658120222251
31.627723457634403 0.9441867507801572
31.895570491267698 0.9614987655257078
32.32436270834245 0.9628149424950373
34.43936165627714 0.9796385769457171
29.495618698285384 0.9273742506172347
32.12374973470773 0.9535509186766977
32.31298674237727 0.975049460208717
33.815109606545654 0.9401245072216503
30.654335255457433 0.9458478965841194
30.454775292813988 0.9510811393230266
32.72099129627245 0.9724593604507767
29.162812855857464 0.8793239751838259
31.525135994954848 0.9689233937733701
31.455205208196606 0.9565133209691437
29.493790894250196 0.8520469979591074
29.592756662209293 0.8632207373281636
30.924214636755476 0.9346994493453975
34.301690915550424 0.9800567442377414
32.789408480847975 0.9731501372351344
32.78376050863256 0.9778588153906813
32.85238456016829 0.9747262080479105
32.83345799053648 0.9749045320629292
31.724641051208337 0.9602583936545604
32.93595256692988 0.9713643638129559
32.697789714703084 0.9726845261812135
29.739838621789065 0.8589798795792525
33.019424396173044 0.924281213407985
29.581932228106012 0.8396305739990131
30.767799512829008 0.8563967517350829
33.338602200076906 0.9816477420558257
30.652298552490876 0.8501765599656766
29.811813588077637 0.860543978060663
31.74054180050893 0.9595748611641002
33.77406563282073 0.9383840813658229
33.55209739004137 0.9799617006372321
29.529068712426966 0.8965183360276786
29.53597256761922 0.859150265828493
30.61543943901457 0.9497851551144361
31.546384554973677 0.9709061900449519
33.527870068919306 0.9725424815000157
31.7315959063062 0.9578105015316026
32.42084635930756 0.9241257146804542
31.42217440554553 0.9352482284630844
34.73843911125509 0.9830878258608376
31.61408404242957 0.9419336072372847
33.44064241562826 0.9722767174402667
31.036159789583767 0.9148661960504847
32.114927227920774 0.9671585317661039
33.071889917442455 0.9157139785255921
34.4060973699105 0.9774766276235113
30.214880726683347 0.9369229573698931
29.2594275197142 0.8467316359156399
31.480334057467584 0.936703293213199
33.45527374191566 0.9786952557281831
29.43548209176777 0.8534291044025506
32.58172554867083 0.9299899103354702
31.449270557929154 0.952727113936781
29.47509730059994 0.848572145431268
29.259666776780318 0.8724629989620034
32.36526627863136 0.9609129744493135
32.21194260163114 0.910141120628773
29.553719675876827 0.8561488049789551
30.71593630361121 0.8595548682782932
29.54856775687377 0.8672464906139847
29.684089716592386 0.8598268664353649
30.268417717006017 0.9285348917914602
29.50469364282702 0.8622074403608012
31.435305557165435 0.9357947896617944
30.161391868883094 0.9485712110880223
31.89823556540238 0.9626922125960481
29.53996745749511 0.881172449133418
31.7180750139422 0.9588557504461434
32.458947845913535 0.9614244523179778
33.55207897985915 0.9813711383214208
36.51498014719451 0.9874006818716818
31.068377588809714 0.9688079618721529
31.817927122151186 0.9679902661613902
29.4221884410112 0.8349858644401115
30.426944657948805 0.9261466960510795
31.809125996005086 0.9680064149387814
30.037395948437325 0.9085496179525925
29.21502543476235 0.8592133259996839
29.72102609576136 0.8756893759551062
32.223857265127094 0.9149094044349261
32.28344881174558 0.9780624690971811
32.05189575905892 0.9070421312529483
30.18044505355554 0.9493152252006107
31.678769212579287 0.97277967232692
33.53476273396088 0.979566873164633
31.672589392796237 0.9453463906051651
30.73283449463797 0.9478946020676047
35.05195729403722 0.9769766014344146
30.703548783737247 0.8744877354375485
34.03740656869002 0.982433512248428
30.905956844626303 0.8538457457546569
29.47450904508338 0.8606082411798768
30.97352213906717 0.85326367940498
31.18673309537714 0.9161930572905921
29.57988213484642 0.8705705232545299
30.178015014446345 0.9489249571696564
33.022162924818126 0.9744702418032167
31.839015421224598 0.9417734324500309
30.69821553108534 0.8506665203031277
32.133804341929256 0.9670434838703953
30.78333667663888 0.9687785345034533
31.835707396072088 0.9425756154552979
32.291039085571285 0.9580166860928802
30.40246507219484 0.9157274484319983
31.821509559562116 0.9655232616860031
32.24675640167077 0.9603903336421781
29.75662618659307 0.8602892510532412
32.13956851578337 0.971510690734575
33.708618653168095 0.9741733183415529
30.113473523715967 0.9390300576417288
30.520674394395016 0.9307023729245797
29.27322613377318 0.8691925845605333
31.835141391899093 0.9404191435510428
29.63219937546161 0.9347663242055322
31.81533888164492 0.9710241019522534
30.717934160590872 0.9683722287180104
33.09113438512712 0.9733325923082515
29.49551722033235 0.8881255561964513
29.160433253708696 0.8566633866773175
31.671953562938384 0.9598027965706757
30.209813946333547 0.9425100861652341
32.83467051865186 0.9743356982747169
32.10601881924002 0.9673042048533484
31.17393855136772 0.9493418430106366
34.735382690584935 0.9848264763993362
34.531525485647194 0.980215849589709
32.89498880653728 0.974734891654012
31.80382046736671 0.9407968214050874
29.60443307721004 0.8564504093499293
32.59023113406714 0.9265731794837245
32.50729363137338 0.9648014768054765
32.90151966900146 0.9750500042634721
33.06923161008696 0.925379574753302
30.62285177503564 0.8478446618348271
34.063135517329655 0.9785878423783467
30.780129336151493 0.9685544313873857
31.757537039186037 0.9603904232662878
31.852621316319958 0.9419184392419642
33.722186640503594 0.9772285805103258
33.62057814292124 0.9734783540898456
29.49956429394679 0.8738764567479339
30.756358722978753 0.9644869276468637
32.04167385366696 0.9636308562103968
31.562731957138517 0.9591809983674628
30.64569037949925 0.8521966225462262
32.6040936876652 0.962787282355016
29.31084136933634 0.9031803952955774
33.203713001889284 0.9824655418977027
32.88668213026057 0.9774195942598035
29.260472051417217 0.8718258742870895
29.913034196234577 0.8678275388126363
30.34267665501922 0.9327808098279682
32.29173921003713 0.9237534442993006
33.690300379097124 0.9739277402098102
34.666860664657776 0.9826204440340336
32.09863269658503 0.9668866734005341
35.20090641185679 0.9858165147111212
33.63280119184281 0.9752456290466462
32.83166744209865 0.932579140129976
31.41073205531576 0.9365581299919841
33.58615765551065 0.9736318331079755
32.15839480102034 0.9651518209622247
32.42103733191236 0.962178022982463
29.43297493929443 0.8671779318615757
29.670946664284617 0.8570823664810339
33.39944412378888 0.9290504115639681
31.022389222100028 0.8735494305976508
29.499466637788238 0.8557040977917308
29.49693558485658 0.8652671722928537
33.340624442809954 0.9805178608537569
30.946373904836044 0.934462879644505
31.98155611668461 0.9630265216512945
29.36149459676252 0.8904847661342686
32.623465892472446 0.9709040100081711
33.12534743143618 0.9803855511573077
34.322458285711946 0.98239114795287
30.4752300831517 0.9535411439797138
29.961038607068545 0.9079488631889882
29.44658182938769 0.8655628748741135
32.54043853103503 0.9278603095420269
33.24995913707466 0.9823603382384727
29.762227968784202 0.8644555996645152
29.98063129637455 0.9108975415145891
34.163452540474836 0.9807900100613346
31.073891221402256 0.9697789319989915
31.852642848635067 0.9423199778935354
31.096228576516324 0.9031911115106146
29.408885141919733 0.8524434771462418
33.23836986958541 0.9192963644004164
30.22833122626295 0.9446552797075115
33.251928904606565 0.9795046828816262
32.50523260064314 0.9706254717864736
34.09150833569933 0.9751021543137196
32.59006845836603 0.9281365142095916
34.46255477448076 0.9801919752821798
29.637261834497966 0.8642849279209112
30.25017711732054 0.952478316436971
29.447095351884155 0.8464832778546832
31.75964645131442 0.9607952069519579
29.508857540477777 0.8919336326888782
30.924693375800302 0.9493620982901922
30.673842385329607 0.9329840877829884
32.43837369609522 0.9679006944250587
30.770870558383937 0.873820110947896
30.762479220172025 0.9356066950479259
32.56092287647935 0.9286306772413587
31.98971602602045 0.9629794425020863
30.58159152064187 0.9526015302900643
32.82164944849717 0.9319812542495306
32.99043870651331 0.9210708993271647
32.94640640007164 0.9186828001281483
32.661659925797416 0.9711927731463044
31.73987988135704 0.9618587963551523
32.21075099469711 0.9759162063028413
32.551237814983196 0.962188256738351
31.330386018053147 0.955801157251109
31.83553514069395 0.9417268469196557
32.61641345790313 0.9762413118418196
33.610719812017905 0.9821359701543046
32.96992735637917 0.9716187155039153
34.05960072449354 0.9739438750883117
29.16031415397005 0.8729979804080759
31.82404867177482 0.9412869312426205
30.37100590459804 0.9143038220100745
30.572840773005634 0.9232225435407773
29.187296050219274 0.8797181673416109
29.47264206110414 0.8358140761045031
31.074737194975285 0.9385555096296494
30.184014306338902 0.9472335177974588
32.355864605927806 0.924325770933141
30.16877735599777 0.9473836288129426
29.53561083374531 0.8708846805808027
32.55283771123947 0.9799541431840935
31.425554785667593 0.9371195589602019
31.442167195959897 0.9362418422195481
32.28094580093427 0.9195948819188438
30.0335901354277 0.9134414685568866
31.7627721214247 0.9483669075480863
33.58038581857462 0.9823842501488483
30.47474892485578 0.9537458906063256
30.515300537603594 0.9494962306858306
29.55386770511884 0.9044875525559879
33.80982538378436 0.9401832043739807
31.33812961562796 0.9524524065502985
31.971174262929082 0.9628857244343301
30.65735518269178 0.9483028104339611
34.31604742835434 0.9792175739450955
29.2187965286311 0.8757215986650333
30.849116976425783 0.9607275028251644
29.49860798438854 0.8639302063935459
32.26471666333645 0.9590059505672218
32.1632238305479 0.9671429308435078
30.244696330761364 0.9492702447520752
29.706007643429956 0.866426599025442
30.768891197179297 0.8574325143004845
31.838079786121504 0.9425404895637399
30.984462077085055 0.9502724732738835
30.415195029567247 0.9475381381089498
30.6881578427609 0.8492943267919806
31.13116892383045 0.954535209596114
32.177457142007675 0.9647684577199882
30.95322042070029 0.9051121537230867
33.11336406358241 0.9750233898868146
31.233984315643383 0.9554851703108151
32.41428897827025 0.963037714950689
30.83003430923626 0.9718570192395329
29.432307765863616 0.8506199888726771
31.89552530005716 0.9602033058955031
29.551898952433717 0.8675400003819453
34.167909960802405 0.9845768082076143
30.111145546024286 0.9395234645209898
33.682929421636885 0.9762812993337568
31.743695087485516 0.9594464104149468
30.41539366137563 0.9410990992686845
31.777203122481676 0.9495778407752853
32.71305114948471 0.9286315179324484
29.50693809557084 0.855440128675205
31.283128734565953 0.9637412253149803
32.04654115788158 0.9130898490295312
33.505718794452136 0.9726101284402846
30.78089999643251 0.8704700422707241
31.036995098461663 0.933771796963162
31.63341713490299 0.9573594410688444
31.477346802307736 0.967011734446823
29.17648436646207 0.839160089014799
30.210336470745528 0.9501550579512069
30.12737606710286 0.9442348707846114
30.47288995964951 0.9191610179281494
30.173664801414986 0.9465781996918349
32.949324025356 0.9727440617658094
33.80667703307963 0.938948444571348
31.983552528131924 0.9639628135252736
32.59130183574169 0.9265157939689287
29.59258990641878 0.8657727386557763
29.570476603350066 0.9387107963962527
32.550926836379446 0.9773920665229888
30.346186079250206 0.9347737123623864
32.41743097873111 0.9629208144876358
31.462370230805586 0.9371939013866658
31.77077146433073 0.949927050126091
31.721382742541678 0.9593357533146961
32.5867496895098 0.9233248558611444
29.567910796585927 0.8515158106100585
33.13686650352218 0.9748720992238352
31.706951912726016 0.9598627569728574
32.7447116322817 0.9727882700535622
33.603520845173136 0.9742627309985626
32.60651234389694 0.9288253355350362
30.13633064608507 0.9137499938592489
31.404363785760637 0.9360293845640552
30.532180786631542 0.9295667340771901
32.28608412150187 0.9236347891691038
33.48608990663735 0.979735774720484
31.209268611496178 0.9605523890739535
29.617132564907696 0.859928280521575
29.952985979626376 0.9101004159132553
31.85840388505682 0.9603077419279117
30.5620617967165 0.9522993631693498
29.535908230859448 0.8563705587978386
32.315057681758496 0.9258166391422098
30.633136467540037 0.9626874274692626
29.594807442140265 0.8786618649333814
32.94805481880928 0.919834425813978
29.26757003461222 0.8858137127989415
31.60389220894842 0.9591547032891389
32.22033732354875 0.9181356084132122
29.728234777367494 0.9546114428884197
31.631588436983126 0.958831373790331
30.243948504413545 0.9454502504859377
30.25798327368306 0.9087267439024974
31.98769803807918 0.9634577163840777
29.524774772583605 0.8607406710017647
29.274295544195958 0.8913451905632077
31.507337702403007 0.9683299385379118
33.01747457743575 0.9741506899143433
32.66624302805145 0.9712892070032647
33.986830981043056 0.9764057976638882
33.44110800847417 0.9795243829947774
31.849910443350247 0.9655504137509083
29.341722670452736 0.8676835205678752
30.296350962995334 0.951347708598027
30.29079120263085 0.9251222748702665
30.391514566867656 0.9157536064015551
32.313475671889584 0.9264264398412297
35.648254263330834 0.9819833098799265
32.836620129989626 0.9746114212255471
29.21733501306605 0.8762450787547368
29.437602299819492 0.8531614636732118
34.75846946271616 0.984754219652129
32.475453167305886 0.9600957208817227
30.636877039255115 0.9665202514350865
33.73195875417954 0.9344771148143359
32.49523972612068 0.9303833175529339
30.147173674367437 0.9416217224890183
30.07849503015942 0.9113277193596167
30.366942007065102 0.9488580453326878
29.49750047830287 0.8660410776348861
30.4417381067605 0.8986107884835964
30.029113735804643 0.9064067668706103
31.976046223055995 0.9633157949601644
34.134760422702584 0.9838516865447807
30.554261357483394 0.927696721788833
32.6399615417103 0.9287374138690727
29.26173212056777 0.8896850095413376
31.692404798581805 0.9605573276172094
30.133842266049168 0.9457567667321535
33.09502954147839 0.973780804255018
29.771732461480852 0.8664864356819104
30.8557312577748 0.9756376198664632
32.07451651648407 0.9120216620511123
29.545098300965403 0.8641624676291069
31.680737864199738 0.9432198508861255
32.043763492673826 0.9636499453294389
30.359531926357114 0.9583539463483205
31.36868028007099 0.962664599384437
31.416771872832136 0.9355225216199123
33.76978572818032 0.9719954943534065
30.173929033207045 0.9456949628567176
31.824600195160034 0.9605234707461464
29.510578683588804 0.8961282670604713
32.394873481269364 0.965215861584153
30.586396524961973 0.8436507041893418
33.04585668028849 0.9792700817256043
34.71240239823402 0.9830138781489058
31.882924781794642 0.9659746108757066
31.842380342849136 0.9609509022948693
31.979041022854766 0.898932235924517
29.868157397277617 0.9003839064163075
32.166773718700924 0.9743043494562105
32.14713914196688 0.952483775346244
32.32917007439812 0.9244329634564116
31.372912701697686 0.9347433476639881
32.77996886367265 0.9300271321292561
32.38037155305628 0.9625121831392968
30.258248723767824 0.9487880066027466
30.315123895540257 0.951376610004796
29.480851537565762 0.8610452062598524
31.07981396553566 0.9705932958152059
30.820689597754864 0.9690728904044358
33.69140797596146 0.9706291497304496
34.08317723936176 0.9748328073657403
30.398236129206943 0.9306638951347251
29.38392479757284 0.8674350433463818
31.03870357676508 0.9655865248545358
33.46101799649525 0.9768148409248594
29.214773778326034 0.8656209503883416
32.27235836169504 0.9775544286607284
29.53569450545979 0.864571171159235
33.35610005538229 0.9708589593823495
29.557705741812605 0.8594031189586956
32.22833081575247 0.9169310672822616
30.235463579100106 0.9270393264465618
29.445323607932895 0.8631623093743467
33.58155840852619 0.982395042679046
29.15756979181777 0.869377880234789
30.501168630162255 0.9469764438155831
33.79569547989976 0.9696499920463469
32.45128531319238 0.9254221261851631
32.796671650616915 0.9781376628401769
31.109337093214968 0.889333647053056
32.734438988859644 0.977944635391507
30.745306992702155 0.9398733709790643
31.155264961421487 0.9718410529800519
33.415270477962316 0.9701555152603563
31.020391590167662 0.8602502007156594
32.5574739396444 0.9773982873518818
32.199554326258124 0.9630669018739592
34.383968882146796 0.9847129667868345
34.1984899428184 0.9800185698002573
31.42785671753134 0.9672269944051735
33.5947526872239 0.9297725914957541
29.659000349991878 0.8666407318817928
32.116653398770715 0.910694336841463
31.573430408465196 0.9543144228619833
29.468936539431972 0.8309035387984663
30.224398145000514 0.9189113008715108
29.44953270479776 0.856864820377793
32.70739176780664 0.9716803934352506
32.887769981654586 0.9735824488686706
30.169877493783737 0.9421159711555418
29.805671011864526 0.8839198221619825
32.38413128411845 0.9626159992865022
32.95209496420555 0.9757726012676418
32.502814581061116 0.9705377914045482
29.773328816108425 0.8563466072990643
30.745971364036325 0.8605997037107825
34.10604463945651 0.9799778158334301
30.177538000304807 0.9385986726092342
30.14698239530279 0.9101853206238141
33.747709554299504 0.9400120427366233
30.30520317086178 0.9389947371504207
32.262272855523086 0.960129630646584
33.69589467972003 0.973719792394098
29.47685514733301 0.8683643143575756
32.04982403276367 0.9638042880839299
31.358009754226515 0.9330128136715996
30.282987551609132 0.9280382250419866
34.63412484692677 0.9822139181052278
32.32533868606688 0.9787841496701312
33.791514091565496 0.9391833437497713
32.687032035657786 0.967940607537471
30.19394783746482 0.9453387298062367
33.72042353769809 0.9727486580161355
31.273419788123654 0.9621375023222654
29.55055737559638 0.8557191704140593
31.108721334898107 0.9659027721730328
31.71726355818016 0.9660901574230223
34.28443940367447 0.9826190445856564
30.960172805117185 0.8650033294341861
33.25949595250147 0.9770229777156556
30.643140479442184 0.9667247968505006
31.41534577809031 0.9679993394797813
34.57840967083369 0.9806012286370346
30.398272233946926 0.9541951096400727
30.965389127249566 0.8604353623952519
31.235118295839488 0.9113016273616752
31.400609636004614 0.9354056334445182
29.1704028659332 0.8614793948150298
31.2573304861482 0.9503809105844263
31.545943120157848 0.9660401973188466
30.861770426697575 0.8675945186606684
33.38805035318727 0.9692042932748307
30.754740257013786 0.901758944347836
32.161608740676186 0.9676316123170803
30.200311842217225 0.9171173087487888
32.71751720968109 0.9272222170962305
31.66706788067922 0.9448170858504608
34.19323680979596 0.981124674973936
32.82385198061015 0.9318393344855778
30.807779232489043 0.9600461589619399
30.630880363361037 0.8694030092061796
31.92673057110078 0.9426836024928469
33.954701056075066 0.9725123263299671
32.11313100870366 0.9686789210912108
29.331325850966913 0.8392179732728342
34.03409501772251 0.9793762697935672
30.202632669851187 0.9495849526942503
29.63870139715645 0.9301685018000526
35.1855452527539 0.979801186688131
30.99474560128373 0.8616556383681185
33.481232617443965 0.9729037537320228
31.804232014772133 0.9622628620569965
30.182876224070657 0.9163485891969534
30.24477602286337 0.9452506600127633
33.78200642297925 0.9390084217021432
29.21888568819274 0.879905968102214
32.07357760258241 0.9649081407721936
33.073414201201615 0.9147988713260691
31.88914209605363 0.9614652418973137
29.208615583326015 0.8728872620417729
32.43096220070941 0.9611995184964007
33.584646925338426 0.9732583481067324
31.043633650771124 0.8698102462728255
32.79820939880704 0.9742594295956106
30.508027393519058 0.9497219336103858
31.603074171667977 0.9711480627124376
29.554882247445903 0.8777308373383701
32.32699219725009 0.9609553652043693
29.641978105081627 0.8792110626238957
32.014570662034316 0.9643223914082056
32.77301300091696 0.9287393507118469
33.66263245060773 0.9762355123075844
32.57647747435744 0.9713215086323076
32.34777188437494 0.9616119345221946
31.948806818503588 0.9628466523281122
31.595547839073866 0.9535070471991992
33.56958394402842 0.9737187194406295
34.54313024741545 0.9816547633324697
33.101417258360634 0.9750912699437765
32.7597319946973 0.9726293740632121
29.77195374872064 0.8568637702045289
31.005767437522273 0.9649958092187986
32.9490126435249 0.9191432346880173
31.90512556403602 0.960262528433698
31.764285690731676 0.949485077285668
29.803658229910436 0.9303576581451566
32.09438567489242 0.9670912627139718
35.006975909583176 0.984371382400424
34.45315195376041 0.982082502087292
32.2219839303584 0.9106565510761228
32.211553036990246 0.9591541711174316
31.839405831812606 0.9607434498793569
30.181531664595454 0.9470472479781583
32.98687340027883 0.9191366353901143
32.52163879676894 0.9710852038267844
33.708374155046734 0.9776743032553794
31.342161246998756 0.9646119033954141
31.82518923262663 0.9511451167693994
31.59384405404242 0.9603634998574565
32.3016904910473 0.9248763352243904
31.430542372171853 0.9369529593362338
31.588983983268847 0.9416460941725767
30.470231479420097 0.9192881587820969
29.563011299829277 0.9065027802535744
30.894811352239593 0.8578300461792704
32.24094431399798 0.9219141659233747
31.84090138880435 0.9603968824140336
34.31733086068937 0.9771914222261482
34.30416389465421 0.982303810352424
31.60742949156573 0.963894602103674
32.783189820937224 0.9739758048375741
30.987378761287655 0.8718978676426421
30.141615478255773 0.9140126906620294
33.12423133509383 0.9716944619850136
32.61735622385599 0.9290411995045021
35.09268413150138 0.9849692475682131
29.491811868835125 0.8594149429437534
34.283027288708084 0.9762312156307017
31.837923531228075 0.9610023083406422
31.459404214371123 0.9676777527407412
34.20756385308255 0.9753465892629135
32.2601496936884 0.9165518792061738
32.04572856500683 0.9567518995548993
32.81751661697574 0.9741626347365177
32.80754458870867 0.9318093442592494
30.650695183776545 0.8562614593083528
30.464271971642347 0.9147251766420452
35.201515239109916 0.9857610261755215
33.24745399983595 0.9766738417017116
32.08847331247314 0.9673165168664403
31.851152660696172 0.9610600509489977
34.174593195842505 0.975113979816529
32.563130572400695 0.9258389577361815
30.64904778031338 0.8576176533882327
34.01311426975124 0.9782452253732611
30.029320233932747 0.9339540408743352
29.45672295008103 0.8588396765430542
32.32859978695248 0.960356888512467
34.10004341356098 0.9840908545274775
30.99338860775893 0.9219526192228981
34.01081316048359 0.9727693963652837
34.21832356092433 0.9812811888845081
34.74303694305582 0.9848497075735175
31.79813299837203 0.9691372211709829
30.15787303560535 0.9142237263841648
30.447337129811274 0.9535288027509826
32.91945743946384 0.9801263876467077
36.590279625013075 0.9878414204405556
32.45431778901854 0.9300552416224082
29.56888785972326 0.8673787013980824
32.80402447274798 0.9752583840735174
29.26265452582225 0.8753788731611165
30.200895325435578 0.9515797187722264
33.66833225488862 0.9711463225618955
31.658444352172225 0.9587098745587943
31.603844552064576 0.9518599876998033
32.0883621306851 0.9670272296096271
32.32375817727322 0.9586696720389983
30.73898568925791 0.960045640199728
31.66223695595398 0.9444612646783089
30.269202246425127 0.9411107490973827
35.07426784960488 0.9847645254749325
30.44301054206422 0.9176327915853748
32.03655786909968 0.9112579374961276
30.43971217105504 0.9260467262405795
29.628008310868307 0.8670136341365567
33.3839830146548 0.9687030105175416
32.698170658999295 0.9697996726310163
30.213964297238327 0.9394072872475773
30.258104926580604 0.9526901387586082
30.826651245227488 0.9010294728033053
30.280721788158903 0.9571406665883601
31.65324637187226 0.9599601025011655
30.091239527239296 0.9165522587531144
32.731085515910806 0.9729478035865701
33.47035832984669 0.9796772809435579
30.38935746456389 0.9347784078504572
35.425044600450846 0.9816971915877101
31.833124952376444 0.9601746391595443
30.870701112074997 0.8560218708768155
30.455866664495904 0.9485615657206322
31.799504729890828 0.9498442982063982
33.39378260244975 0.9249762682403094
31.77526066054614 0.9488040413071425
31.0353770424447 0.9065398539461639
31.671522413523295 0.9575282022143538
31.70833972639314 0.9602098872066757
29.192775188810977 0.867641840465596
32.04520837432888 0.9635869922827978
30.846499541086246 0.8660724833214867
31.96678715516842 0.9628287152018573
29.64271570013846 0.8714334908685896
33.461364443066145 0.9710210385623175
32.79731478718146 0.9773969598075005
31.014928496908816 0.8724472547902842
33.15377199198979 0.9102563050777293
33.74144260589505 0.9776420138182628
30.39876039949549 0.9545032543634422
31.62403395550548 0.9567758262148951
32.09903647589126 0.9684257881738997
32.81748930763618 0.9783222837388571
33.0230980302625 0.9733629357414962
33.52265943006667 0.9716500781490337
31.478887249498943 0.9499292741617961
30.610109864167732 0.9276766879721994
30.764445971171707 0.9657518111329733
30.172573758367935 0.9239880600963883
31.8382930529458 0.9604770778345493
32.43107904922257 0.9726399329018122
32.460714174201854 0.925893263132811
32.69436925324361 0.9726548342200876
30.123123475826425 0.9451148882247679
30.12490230365811 0.928879562687609
32.140646555503636 0.9152257649998703
32.45036826145843 0.9251818183530699
32.751975692928596 0.9330690277199718
30.55971289888175 0.9576970598793473
30.465554449655126 0.9512346812234004
33.74796356442107 0.9390069480738017
30.16299149389684 0.9400286445547369
34.15308774492164 0.9808962378030335
34.59316724444362 0.9810292682194836
34.12369240527717 0.9841904171483291
31.058026870462726 0.9532975041313069
34.00295267972907 0.9830130519752676
32.96875521698253 0.9682515916519129
29.901405405687633 0.8847843631955615
29.607151357527087 0.8531117878962974
34.68016400569534 0.9827471221404299
31.81232216042507 0.9498961347240297
32.35397802619218 0.9220073327687301
32.32768725757511 0.9598829872571283
30.193226836367412 0.944955134782789
32.775747319950746 0.9280308217804067
33.01750889301394 0.9798138864587659
31.684874648283078 0.9665405624962562
29.63323198118593 0.9422464114873771
32.48539628420751 0.9705147438246684
31.59063201522901 0.9418480743454812
33.345239135693674 0.9786328207089856
32.12486683906742 0.96701758276857
32.22082911602336 0.9187162899274102
32.23484129281824 0.9717660067005112
30.885038802938297 0.8622494719287122
30.21211887406349 0.9489356195684402
29.497622933733044 0.8625636424162766
29.46877077859096 0.8490615132501853
31.389232051970687 0.9354702697836824
33.6661020051315 0.9439636047058233
31.456390778040454 0.9358632935891674
32.24149032724222 0.9174704465768475
32.049193871838156 0.9598825776278365
32.65105069971177 0.9310221114615101
33.53624877138286 0.9805731510763828
30.314598527462636 0.9255018458801353
30.785275269882128 0.9292596757526375
32.298089029854154 0.9238770750478202
33.09592133917804 0.9142404945641309
31.056580778457455 0.883428628403771
31.62999415169063 0.9661524404268483
31.908933718888775 0.9606944338881603
29.480292312494655 0.8913534486839515
30.64172963478309 0.9680015369375254
32.27938433211196 0.9619101742823352
31.547474852946014 0.9706194455136297
30.830841265539 0.9625028709440817
30.194840299492363 0.9464360776120553
31.949442876826822 0.9629577288898318
32.5516780438614 0.9713500930262173
32.3403032270181 0.9226770324546312
30.372763849166745 0.9442359244187621
30.197731380875275 0.9446191267440351
33.703094497889296 0.9697118298120373
30.21982451993495 0.9179819115289372
30.411035756499608 0.9158471614149998
34.073267397340345 0.9729314722123527
32.001797373915004 0.9623455754757289
31.97334059501374 0.9633572961061632
34.13466255325428 0.9748478857385425
33.16883165949433 0.976022157986294
31.66173303735745 0.9450459228277753
32.39254316518402 0.9705634193881777
32.77641108770685 0.9751719302260768
29.181229047026605 0.8835698366834626
31.62391840982004 0.9697620760272073
32.50118300279664 0.9732178173887782
32.122620744856455 0.9708522158992408
29.632933898786323 0.9263433265105653
30.91468751879384 0.9443990922018135
29.594593799046095 0.8550547595356492
33.05416539843739 0.9738534909253159
29.513377045840635 0.8576251144373351
31.42290512504917 0.9363742878380048
31.350853458449777 0.963146170548754
33.236911988205705 0.9784823947245815
32.35136385268182 0.9746420614108282
32.830205448447046 0.9784778193179721
29.65251106891872 0.8522822299432974
32.2576135360667 0.922768560254641
31.76330339272717 0.949835813623923
32.498360444938214 0.97064259014053
34.36087767054412 0.9833848044493932
29.46925136641982 0.8680418868646393
32.150284947899024 0.967403639095757
29.651414892325448 0.8673055750691451
32.346817995993995 0.975903309708263
32.16513163870055 0.9704110550149609
31.83022371317683 0.9603910067182414
29.566306297219555 0.9302001587030952
30.175895047603763 0.9132650760660863
31.246723434272532 0.9114776443873444
31.44542502247837 0.9369715789010484
31.636490364887372 0.9716461590802203
30.400891350175698 0.9537042956975502
32.531949557073375 0.924617308365486
30.12239900212049 0.9403653584900075
32.82637221271525 0.9334880436135088
29.7669554487412 0.8695576711289466
29.450415378583582 0.8972235058644433
31.422510192151485 0.9349282216903275
30.67902688493835 0.9356721621141321
31.924827835883853 0.9677304676059962
32.24449057744804 0.9777177269913324
32.7893099674113 0.977989419053729
30.780800896367516 0.9639912199920277
32.3064040878717 0.9577080885098643
30.75435252105084 0.9538710181825621
29.768284171482918 0.9024721040236237
32.38665492628986 0.9612602047144659
32.800449454671 0.9755089557054382
32.77762735681663 0.9721242871754303
32.57229977707405 0.930515677658548
30.23891918169307 0.9520095574000974
29.559160041970067 0.8736656689229783
30.866368456182364 0.9447592146142041
31.435257575496095 0.936625934266782
33.572619959728534 0.9814061419812345
32.60083213580987 0.9266252545252743
29.570084136782956 0.8595811377818807
33.47739109218471 0.979951425963628
31.788648744290708 0.9488807696023019
29.94863026651497 0.9312589331091872
30.416043023636085 0.9285090465513934
29.52530313747397 0.8638819796372377
31.55813385332552 0.9527499253141987
31.917344399828153 0.9729259445905626
30.55901147448692 0.9640166189397533
29.968496347379514 0.8670795342644607
32.606072924576786 0.9284573778496065
32.56020649791953 0.9251626672161944
29.15839109109537 0.8745597802095453
32.46407973087794 0.929538036574106
32.82250071503097 0.9671614983588147
29.289928071275394 0.8725503873822493
32.196251016406364 0.9727190280211028
33.84775806677406 0.9776395506740349
32.743311244268774 0.9736478265869726
30.98163792421225 0.8708021115660176
31.42028357684589 0.9361694482748679
31.448162947133376 0.9367307096965857
31.126181223259994 0.904344199437327
31.084976745738796 0.9546437838974944
31.678609535187263 0.9596242817198533
30.832590229742838 0.9728149946219062
29.30963553561795 0.8962243895162767
31.43704486850849 0.9674682722021369
30.959043199092303 0.9513470850197784
30.791319425276917 0.9548518976960051
31.432123717637367 0.9358619193560979
32.77635615135225 0.9284932450369894
29.434775778513295 0.854023173597039
31.591041903524054 0.9666034959287665
32.82316619864873 0.931727539972526
30.872587823725194 0.8796515911824966
32.96274373114789 0.9687207098957629
29.69404137939824 0.8475262343293393
32.1691752167258 0.9550089948491437
33.61237787922684 0.9758040462432309
32.3921747734174 0.920817674132098
31.671154227735183 0.9571085591693528
30.29220267281429 0.9265979942479475
32.24281664527297 0.9216931440987477
29.177421185547626 0.8525403575720811
30.60848965520008 0.9577889360500333
30.323304692325166 0.9397676569086533
29.608201702309497 0.9293632515622855
32.69730540780959 0.9698570138467243
32.024753402402524 0.9632377213538192
32.66253837442783 0.9723370895961498
33.111320820170135 0.9752383654909542
32.33068231812459 0.9605305805414747
33.177786410432574 0.9170775781446632
29.348359388419752 0.9083099964388905
33.52886622670398 0.9813315414765598
31.823944391590132 0.9405301312523514
29.34049615834123 0.881210786443543
34.64300509347089 0.9825308054575684
30.90899967380487 0.9736824879655299
33.360394623259275 0.9777528675526936
31.773514971310988 0.963219570807694
32.603068216012716 0.9292956921654882
29.257852677925484 0.8632136829696871
34.631970944097446 0.9822164029170174
30.20331657175263 0.943104724773657
33.155095508846365 0.9811095335824722
29.569869916321558 0.8738867779358946
30.85243795659291 0.94794755368929
30.28274425755889 0.9563458567137787
30.890870305792788 0.9023636939262671
30.905934389257173 0.9108303503229674
31.186163692747066 0.9227101099418267
33.986436128132155 0.9724466988614183
32.94350587144815 0.9704650310683158
29.606810727182005 0.935680680147716
31.718812565670934 0.958572160760938
32.26708707983127 0.9187332605759003
32.53697273247602 0.9273739352318241
30.85596446865907 0.8566686029136595
29.809587135055622 0.8743915579293132
29.523542302290497 0.8505281078981507
30.824821024773115 0.9403722401481076
32.25971144029248 0.9168182210021083
30.787501417989578 0.9549005631168814
31.7790482078681 0.9596906517738987
32.767204389197 0.9779126130054907
30.621102399198485 0.8517724017343004
33.62834523792636 0.9825383826878544
29.65329708920133 0.8591509864834063
30.734567571398344 0.8516241196058394
30.203891482438433 0.9169575369941989
29.16988584653258 0.8786175864971305
30.574958868927173 0.8481999062916808
30.866701975847693 0.948985834035241
32.55568878941999 0.9281488197371548
29.43431209994918 0.9258455567584658
31.01667965812227 0.9384023994858497
31.375922108082158 0.9628733722117869
29.42588024880525 0.8919654504265261
30.65676145199992 0.934221834352692
30.17928295996127 0.9481474120875923
32.21147373965064 0.9172490437370215
34.35943689033642 0.9824081424009106
29.84586012406911 0.906080562714518
30.0885529290378 0.908398739246615
30.4107620087944 0.9590407727206937
33.92544483129213 0.9718916631945732
29.72878827959081 0.8682912238691355
33.53068246441006 0.9725223546646852
32.79635095425101 0.9782004710269214
31.809597675483055 0.9603420125505219
32.812705261619755 0.9284431041337368
31.605702922462026 0.9654177855451351
32.73178368514419 0.943216650910154
30.355714470226445 0.9568410183190527
29.521777459713444 0.8640493099613604
31.464006895285475 0.9371774344821325
33.07483916177088 0.9254182624628943
30.87740158998139 0.8808618144498573
31.18463334224842 0.9198409671950841
32.261631435906615 0.9232871357419344
30.650202095970947 0.8664485060641228
33.80093354736147 0.9393531629935983
31.42949293804925 0.9363903430914643
31.588664519849505 0.9566528209417191
34.33073609149169 0.9831471612282275
32.40752395128548 0.9795936357472426
32.290662829258096 0.9760558552960611
32.81554868355614 0.9750401417400296
33.18862408592289 0.9158410772184326
32.919819188490735 0.9717570688773622
32.17539278994572 0.9658466402910445
30.972611308181605 0.9640662317039936
34.47913154053227 0.9819703966238181
33.17166743791019 0.9709760115798451
34.035409546939476 0.9401802990828568
36.49949947896088 0.9865468632662464
30.963937631480075 0.9669314446165612
31.207771281457806 0.9435862144414255
32.84415593805229 0.9707118499137376
31.090626964750363 0.9427321078435887
33.17498267391509 0.970918467195091
31.53111843565644 0.9480875419421091
30.83397931759455 0.9638134495109197
29.976521895342934 0.9370445359892913
32.716802446294466 0.968657209564861
34.487806920249525 0.9822503092547686
31.137000863458816 0.9683162793107422
31.260280791593935 0.9671278932848292
36.57097552210336 0.9868347320930406
36.51844246979173 0.9868257599629404
36.629387690065904 0.9843048401516147
30.029095164719738 0.9396640346755932
31.310986533658554 0.9685443673515388
31.293045469130423 0.9439699089934169
34.52746562147398 0.9501291054962151
33.163050095712386 0.9710851049455226
36.530381846545396 0.9865773404383675
31.54821002568614 0.9488943897722555
34.013279708955196 0.9423027037112369
34.512128517577985 0.9823566827983076
34.223722139736964 0.9763280873762457
31.180835763740184 0.9653648576575596
31.250016778049932 0.967667205646891
31.210738597122827 0.9672476038892193
33.14158736273344 0.971108999868524
34.364415722561745 0.9766411066690457
29.931899925043183 0.9375508058380184
34.26805757598328 0.9772119471472421
34.424292488381425 0.9828467519495642
29.956374991667673 0.940650720610065
31.47836496093881 0.9624300452483758
30.771147253118446 0.9093158534804557
32.22766944759104 0.9509244346949473
32.2443598645572 0.9519321574825628
30.047601453248483 0.9394548744364468
31.25350546877883 0.963232048535519
30.884245672695663 0.9634471103854504
36.503743678529325 0.9866676540654314
34.02008532799448 0.9430077917924526
30.634289865137866 0.9075494044305831
36.53617641689106 0.9843201415920849
34.5184422100671 0.949566751701861
34.92205191064079 0.9851000051443208
36.834841716134136 0.9840189180811428
30.901503214689562 0.9633437492844759
36.388207022271835 0.986383614539252
30.956280956185907 0.962131164082716
34.455157079755566 0.9825454291156404
36.5290218065953 0.986664933296087
30.66860515071072 0.9072397502669093
30.89193242597375 0.9626931420218724
34.66881380311537 0.9831722857399794
32.14770553577986 0.9507920809211504
30.800091475027294 0.9104171917300149
32.190027166591534 0.9511553466989974
34.505031378105 0.9500845351547317
33.25925966049106 0.9719948924913057
36.873205161435195 0.9841179655631028
31.46222815522504 0.9459848183197405
30.684062050094703 0.907847540200372
34.527451295596705 0.9501090836982704
31.3519503157789 0.9688673548072819
34.30817594233198 0.9780986418095958
31.53589318843448 0.9610430064676453
32.881207306016094 0.970312003037686
36.680492906504576 0.9839673833513691
29.981239787578488 0.9431515617853965
34.324194133816434 0.978525096015385
34.26458481643869 0.9822931801430187
31.265290100209803 0.9652537087546773
30.874837434160725 0.9627360537901475
34.02636936133557 0.9419460912484233
32.164237271869176 0.9507820474570546
34.39747955225187 0.977233241476625
34.44291355322221 0.9819326884790086
34.197246344699835 0.982185217515255
30.836297404245194 0.910526289061514
30.970953344528006 0.9661758999745943
32.84632889138389 0.9702641426549379
31.421675953524165 0.9663861741981326
30.852477240134913 0.9642741001095924
30.899671710771663 0.962742204125362
33.19647579084651 0.9710880160402521
29.957364767362293 0.9388629570273687
31.002962599462943 0.9625319855764489
32.16540533584897 0.9509358408449508
34.077614070085666 0.9428041351326277
32.13674258305821 0.9512951177612046
32.88857836168216 0.9711618241872952
34.04131203630104 0.9418559172450326
30.820228287593984 0.9647333780814978
34.56472722864465 0.9494296064595333
32.79972300440393 0.9701638821696887
33.20918435491181 0.9715084179929193
34.06912739929298 0.9425588675976676
30.705374319045752 0.9079625147217872
29.824759697131608 0.9353558898990653
32.77280590676626 0.9685456446335745
34.23713237467587 0.9775976658761035
31.178053557885246 0.9676638683490495
33.21358177842425 0.9710468014113216
34.56988871006048 0.9500216173631458
30.834824002303197 0.9636620851236949
34.6103419046281 0.984187085159139
34.05666843741338 0.9410185533882902
31.261574933543187 0.9667388487659533
34.63616613701101 0.9496114310995858
34.46037879193852 0.982974409852779
36.43708427833461 0.9865650251705064
31.17824395654178 0.968951610912501
32.24718192800785 0.9512028145238781
34.069347673602444 0.9420279965352003
32.72703093950406 0.9694318571878348
31.307396481686652 0.9680780169037038
36.737720625608546 0.9844728602835667
31.457578207562168 0.9643975365785269
31.381664628470443 0.9457724276921138
36.94098599343016 0.9846929140542362
36.50625584291617 0.9867148278172564
31.112473655604536 0.9622605733800962
34.425528004714735 0.981945318862548
34.327022538331356 0.9811229867653648
34.199029292444735 0.9822578718114189
33.22554297085149 0.9714527033312892
30.66305391210793 0.9075138597299676
29.77827290063344 0.9356509296219285
32.80593313522996 0.9695421410148324
31.139519632097414 0.9425084196799703
30.871611484337606 0.9632623721737908
34.47128560990093 0.9825933666340695
32.17505069889489 0.9508694623101838
34.39404373107094 0.9502080719395324
31.057741087644906 0.9648157077397602
34.4365610222802 0.982297657649431
34.461858979508484 0.9497742852208979
34.28250389817316 0.9778755202656455
34.33421808803511 0.9777901868004251
34.39341015943425 0.9813693600266766
31.119934605091398 0.956658588266064
34.734316456270726 0.9833672308389935
31.54916681479913 0.9482785112561792
36.73650022089645 0.9843531639714422
36.69873922286672 0.9835028539081799
30.752441258787595 0.9088276838857873
