32.44099802493534 0.955286637492604
30.255923382570717 0.9341331176037628
33.32918380026369 0.9618600243299116
33.098753820698235 0.9412547924371552
32.80866520515441 0.9481643023807957
31.736763430968086 0.9331798386187787
31.17401020600954 0.9595555858034817
33.36893355251667 0.9465924864375791
30.60487643218575 0.9123341481496131
31.426268385205173 0.9120181768072485
31.62494981168546 0.9221378826972412
30.19797685414578 0.9308224613451943
30.825089228266837 0.9225366635045272
29.182296414395555 0.8725749584573185
30.25125176708994 0.9332534003172364
30.682989680653353 0.869163119594441
32.44035970568938 0.9424174997109553
30.78110135790657 0.961454464479356
31.229051476118865 0.9392279192400602
30.861935667773153 0.9399120171379379
30.455124258042808 0.9401618573067232
29.153713933022274 0.8502292105043919
31.811490571435836 0.9486541413084256
30.778514337062987 0.8735982384401769
29.961816980194996 0.9134170454905141
31.36411403715048 0.9176997619944779
29.675154733887474 0.8606879992397659
30.57982429912115 0.9125784596242741
31.377483384726048 0.9121079932402483
29.484437159846433 0.8682190246675432
33.989382992439204 0.9661156396771279
31.95161181704463 0.9496580863636392
32.535421190748295 0.944365805320692
30.75697433218838 0.9081063858492212
31.435200426046634 0.94764800992868
30.80910272699756 0.8787610958589016
30.44072368392323 0.906215678504715
32.226336746431926 0.9228974960502437
30.844460076353414 0.9250814169155769
30.59888089618338 0.9503120544267779
32.56314879957492 0.9604789254000088
33.309091877005784 0.9382706571784255
30.282122021201445 0.9332056108877363
30.74772795282845 0.9181797664647923
33.20202203146279 0.957086570316439
30.653458582668943 0.954816101333545
30.49416122357259 0.9435340943859524
29.481678036494472 0.8708160961383802
32.560537545961864 0.9454023641031732
32.56215632239491 0.9449037695854547
29.724121926605154 0.8716269465823472
31.78289766260388 0.9159497902146
34.90158718852279 0.9677832432537192
33.08181559869435 0.936379814192776
29.97809373818626 0.9365968731158026
34.124843582778844 0.9652095358825631
30.350970756438702 0.9367597934535489
31.953372748323723 0.95286793351146
32.69812038224793 0.9543204786986551
33.194603412706265 0.9630163092674212
30.19046563685414 0.8816961464729083
30.195363322454405 0.9332354490692123
31.49630966228723 0.9115805693640736
29.91356999616198 0.9332522758245771
32.40477496518882 0.9632938217344683
31.729336882784057 0.9396383665841599
29.464045272967127 0.8706538733811928
29.69204774875851 0.8770209969250738
29.514449529213643 0.8968141798335155
33.434706603602564 0.9404705174425896
30.916640631759705 0.9340813384595718
33.08175799956289 0.9642663258196619
29.751425853199326 0.8905475502834466
30.879399848832833 0.9140927081563649
33.37538055442064 0.9639587355061842
31.007101166598776 0.9265682470501782
31.782997982010617 0.9149668862499725
33.240836886303704 0.9677204217516036
33.368814297970054 0.9628854817608973
29.288247993701802 0.8588430403932749
33.65950737435015 0.9528974273563154
30.44392868746085 0.9401621780821205
30.417802613869476 0.8627679104747302
30.495291337040747 0.9519406067214212
33.47080612058055 0.9765051970181329
31.43759125996891 0.9183046978857405
31.303189452288812 0.9376140653993867
34.02328028070708 0.9768246902867078
30.806826872875213 0.9218874030272668
31.4694743978413 0.9633420280656333
30.839987227785443 0.9401532594461708
33.69459312006541 0.9608867263121582
29.064610843824042 0.8541371855383015
29.52419628281401 0.9132307962556576
32.205533481233914 0.9284665806582652
31.77672833576819 0.9121935253102286
30.968406378917944 0.9415125891236621
31.11609859749837 0.9393140223799171
30.321506819990915 0.9002243748961385
30.404882290308496 0.8952803880280937
31.72861977570691 0.9684713072199581
32.543600588107495 0.9604379181396611
32.16118971034894 0.9640018558094202
32.87291968835564 0.9492850478809555
31.660411213152354 0.9384442228128225
29.27090577235177 0.8632237044854761
34.58866906986729 0.9653255536773578
31.045274900837228 0.9492094172785062
30.421940786018066 0.9416238052056851
30.932105617321657 0.9412813973924585
30.19823590325207 0.8874213946246575
31.4203843880812 0.9200906585961589
34.07422964423904 0.9775287995099666
33.40982617408938 0.9434298086246387
30.95687656938235 0.9426546203128299
31.040097128416946 0.9588591929559609
31.12047066026996 0.9206759628429672
33.51415791618136 0.9651006866754771
34.75096700530741 0.9735971032831756
31.46592055392412 0.9197762175174762
31.561297397517556 0.9357500911904847
29.65093661793956 0.8608509232655729
29.625815266388138 0.8664330123511973
29.822570870209724 0.8873840278599728
30.668118989886793 0.8727840103740562
31.316668755247953 0.9436164966730899
29.951744395127356 0.8724509262288511
30.544059245261167 0.9512350445902905
33.47141610830316 0.9418551003385585
29.688277638462125 0.8598835932281307
29.791786967484132 0.8668599068589312
30.85737924665088 0.9248447010970626
30.499007131599537 0.9194303557742644
32.154521373912516 0.9644026750029021
30.69842908626629 0.9516832096900785
31.761133894864834 0.9327475529677896
31.08201661720207 0.9266266418052397
32.31549481920608 0.9574925128244572
29.548482451316374 0.8679719919755253
34.98811947229898 0.9755443165471255
32.74781020104029 0.9552917919100083
32.67046582130725 0.9685624750920059
31.558529681270077 0.9362370514534067
29.453469358649077 0.8656750796563225
32.605975682047045 0.9610616687728759
31.851453348188823 0.9424963919388414
31.846779574359697 0.9488542469310586
33.27571076710221 0.9583257208207963
30.688080134643737 0.8716089021161437
35.128758185935204 0.97627315610776
31.318027705391298 0.9385922953054364
31.841387270500718 0.9488849894929939
33.2186582192373 0.9443587776701923
33.07965994733295 0.961891915277827
29.439363368483207 0.8762378765588701
31.46603720389704 0.9312261628827221
32.39116918869065 0.9407370777642595
31.560252377377843 0.9651006174294818
32.756169624735826 0.9473601972472196
30.463373704879956 0.9152902066178539
31.099455253055154 0.9269962794509552
29.504212447710433 0.8520425846183612
29.464652109036848 0.845402866870353
33.41666650220364 0.9259538917569123
30.39347173418055 0.9026887923893429
29.532763996068727 0.9105034291938451
33.33777803197147 0.9630520265558757
30.134605347568233 0.9278526649152237
34.51877787216787 0.961767775573234
33.176910504709 0.9628407522668125
31.420652112660328 0.9201093598870989
31.324664083561107 0.9424140025274119
29.931436220182782 0.8726919635392125
35.005646170190296 0.9682650288569051
30.897626570692314 0.932797893881328
29.659980457876074 0.8788373581743302
30.868800734595546 0.9621220268885122
30.683245925112345 0.9182818108420379
31.687695588714465 0.9214830205993421
31.526271216431034 0.9372509631406741
30.915182831659806 0.9425731326162897
30.78012907333025 0.8752103555716119
32.35965761860776 0.9694687016435339
30.445122931703228 0.906509426068375
35.38304005819142 0.9848484178722675
29.23614276118601 0.8397365664752544
32.669263762448665 0.9619092517108703
34.26367090009344 0.9694330258746763
31.08437514334775 0.9256749239163876
30.902943722474177 0.9136969301330575
32.3603821296954 0.9628398363600328
30.969093146561626 0.9159549464411217
32.41409255904829 0.9647282435869097
30.25275844613464 0.9262435514689695
33.458142728329285 0.9284705627964775
31.035636827491953 0.9515402817488313
30.072172504782777 0.9225666332835877
30.638392892991718 0.8643601529897302
30.262465472622072 0.8916659974139005
30.925874146859616 0.9065479314621541
33.28438591874193 0.9582875712012762
31.574785665014065 0.9647751034360471
30.681029152783374 0.9401396112474781
31.095743834919453 0.9206681106632846
30.953325722448447 0.9156909457052783
30.840859201031705 0.9219768583524535
32.39735188562448 0.9357350500728772
31.76293788955155 0.9282030760361407
31.257297044800424 0.9420216995175952
32.31946587726776 0.9549484038818541
29.3920362769793 0.8633511060423048
31.023630772903243 0.9316421207914188
32.39274470813359 0.9359483346095511
30.27936299094684 0.8987520451273466
30.552264055929776 0.898491978369152
30.139406617116006 0.9231756991692281
31.454468113358068 0.910869220411873
32.565220063250564 0.9444488660632776
30.80910934151486 0.8762014799552195
29.59673610669318 0.8657918882752907
31.597831591424782 0.9375622912559528
29.630000382357885 0.879327172322461
32.308993198675786 0.933799723928966
31.89123020459769 0.9504510194899395
33.15805547101729 0.9645204195351501
33.40034590528107 0.9276156501631724
31.298529818793057 0.9110239349867508
30.893459864422145 0.9413657704299198
30.769306187845093 0.884277857764193
31.70578831330996 0.9400799991771527
31.08038677281663 0.9218301865347318
29.7707211847886 0.8581418842703662
30.355848187815813 0.8984153767903208
34.119998550863514 0.9682445315394789
30.3462892985819 0.931163254082765
33.227787519478795 0.9678905579656504
30.871481572849074 0.9050137901546619
29.70396974225053 0.8802191473874488
32.68556371456222 0.9709936462286264
34.057421306780526 0.9676888435802488
32.60544988978789 0.9451505198527161
33.30350361866032 0.968781978813437
30.492034936684178 0.9093738393671598
30.63151145660094 0.9224504231877553
30.478023765238316 0.8873967113227875
31.556882469501737 0.9315674185930012
32.374186788540925 0.9356859540419834
32.95037613273396 0.9484748188131753
31.001900084671217 0.9165092227264546
29.381344760808684 0.8511356226565451
30.98600780801673 0.930008543778452
33.452449442556144 0.9503101809471234
31.116731590811185 0.9207109401905338
29.431187946599028 0.8936062174770001
31.110524914228005 0.9133209778767188
33.46763107527172 0.928878792637099
30.599275164697456 0.8950694563146375
30.480377940856663 0.9109111558502353
29.552771179854638 0.8507707600491213
33.329249030397946 0.9614918202394264
30.46087488126534 0.9026924114337146
29.47775916505227 0.8686886959263442
30.859684162939708 0.9402448570514558
29.46535766741912 0.8482781183757869
30.495572680598897 0.9494097039372615
30.930881790967888 0.9378439091190586
30.869574414928938 0.9274771806808382
30.47304178203853 0.9074928677016243
32.639225958593045 0.9706706308730587
29.52054721618021 0.8659462295538184
32.2346094735973 0.9619514007663972
30.483672004417038 0.9555388630973259
31.086955517164732 0.9272711142898664
31.8774982680714 0.9520786349044255
29.405260792593214 0.8492747089261352
31.323740599356444 0.938191419611946
33.128159461817056 0.955617755650565
29.899372234438218 0.9120669572286694
33.41047581683518 0.96409248732628
30.90207000789547 0.9284507449561857
31.094268744391208 0.9513674834827899
29.729598339558017 0.8491445806336033
30.569859995667432 0.9242474918263265
33.39601550874326 0.9637574495027637
30.8684818059518 0.9135436193349021
33.34348837026597 0.9635149702053043
32.20749282826616 0.9641193110099265
31.085976593645622 0.9431442326631991
30.82050894084253 0.8830347475449066
29.671472348253104 0.8791850343680537
30.073669013449027 0.9219233079671362
29.51497565733724 0.9182252079974499
31.35212150926822 0.9377836526800125
29.476306364274695 0.8545505960215487
30.30023329141781 0.8988608096009144
31.295750523863425 0.9376495524286979
30.485313343159813 0.9408601103608163
33.46860716434515 0.9283354951290517
30.683980559227933 0.952168167491304
31.124318214684543 0.9448666704337205
31.757994589571933 0.9329524002675449
29.77912292572405 0.8805034343392822
29.195706855143136 0.8511003826373886
31.791937361745177 0.9501385374984606
35.053727352046586 0.9763218768680584
32.18635431886113 0.969296399796655
29.479912002644944 0.8904736226919239
29.451368294918147 0.8682327671173438
30.084553800017844 0.929577307050438
31.799731067355182 0.9420320014383758
29.32742947791343 0.8466255585852455
32.964933386455016 0.9390531147954855
30.32037374571239 0.925743401737438
29.59813847279227 0.8596221546919555
32.71330668630289 0.9459720059871745
33.48343895676966 0.9275285577794172
31.075932188412935 0.9415078003485655
31.817790614580073 0.9168362677273877
30.494393276452247 0.9154241483602351
30.733128535915416 0.8662792357252949
32.02103157748267 0.9497662700495122
30.50184672260159 0.95525121546672
29.568933397737617 0.87419690026639
31.459439248761825 0.9198236985003336
30.81503178788619 0.9042889638311398
31.449424781337374 0.9389854344140298
30.779804238432202 0.9316786195630238
30.89975816157164 0.9398722219551477
31.584345047917076 0.9636663751453509
33.110421809863155 0.962218648828174
32.103396763362355 0.9586643320363049
30.920009598521233 0.9091189037247328
30.51853335807232 0.9512667992023276
30.414128324350575 0.9005514233745676
30.275568527889988 0.9248032946691083
31.106001929596438 0.9456042602133083
33.390486449691835 0.9263268890998506
30.416339824426778 0.9369536954350528
30.605155877467194 0.9493946782693014
31.350358029965683 0.9150625319167468
30.26545423185429 0.9323160060768482
30.61301901402492 0.9545689301413876
30.438963045125703 0.8712359531454965
30.889140029592916 0.9428485837339937
31.08296083209005 0.9204189781419556
31.476373617650218 0.9086275503436988
30.428955191275758 0.9116914186393644
30.840746463584885 0.9222835657042955
30.216350139879037 0.931657875022384
30.218494339473708 0.9306450970955255
31.11003545518797 0.9385860540988396
29.95609432085489 0.9288749470360185
31.31574399624033 0.9389465522305914
32.695907555575296 0.9712351332788282
34.10175865560922 0.9776847376975516
31.33793357118194 0.9392449883643311
29.259691962501417 0.8590427334462934
31.707846700761184 0.9670916005201963
29.699109069520155 0.8660519188607534
31.861545845447303 0.9420336728417585
33.45502412167205 0.9275035957959772
30.381413925287934 0.8557073418897341
31.49992290309653 0.9313514632771441
29.559383854212665 0.8505253487924376
29.517528450370904 0.8689568386141132
32.18405877670621 0.9644681442399711
32.181511128855135 0.9637954819016541
30.030323901598322 0.9364745045211814
30.119493060130896 0.9420401012234091
29.226510829080325 0.8423861909354028
30.083790730058503 0.9138188712067774
32.5024343716765 0.9653553685950803
33.14771711081159 0.9647837160293271
30.373265907888396 0.896561554519374
33.38624728546855 0.9262887039856806
30.959297636112154 0.9462744254742578
30.906966915205555 0.9251351377295097
30.130047876077363 0.9280205910106873
29.517398161475104 0.8713219877852756
32.994485233179624 0.9409197191143924
33.019655915528205 0.9590440405595032
32.67175881204294 0.9556226593048637
32.162728761538474 0.9240842886839304
33.08313924967129 0.9615108482073148
30.253317823808313 0.9464865954395586
29.13257955645299 0.8555416156315258
33.08160261966942 0.9613862525728668
33.333579098400946 0.9740976402750761
30.1810872339226 0.9275356687749091
29.622626022977506 0.873025633152834
31.09643266467343 0.919011340942604
29.472292564988912 0.8741293129080393
32.53038053850509 0.9605415754048595
33.39026401473078 0.9644235072646428
30.937698457710567 0.9429187393345749
32.34782580606136 0.9353257506929532
30.71387361888046 0.8661891775166448
33.02078199743112 0.9490232456434278
30.65954072907425 0.8749539498599046
33.046266756619175 0.9412096686883955
35.08887894145045 0.9825393404971466
29.463029604376704 0.858298518179102
29.480397137355034 0.8670096362049657
33.10566869004591 0.9617284529428828
33.26136720660329 0.9584054134485585
29.78769047740894 0.9085283348735238
31.13589278261537 0.9385327727157461
29.672589688919054 0.8477278667512199
33.41681987522863 0.9435533348395351
30.24675555134666 0.9266413050062483
29.133502094582937 0.843817369809857
31.148194796980352 0.8888457615687368
30.53771427463852 0.9456667152947105
31.577888096357412 0.965552283335427
30.7260824850852 0.8722209141990295
30.151154508478363 0.9253877317103087
31.108660670985394 0.9221004005623983
30.878141857429043 0.9436302712991237
31.470487015084004 0.9193546099905243
30.504460254342646 0.94148561253565
33.49473203124698 0.9647828906005255
29.38733913403299 0.8592611049184906
30.179016342594455 0.9201084148836975
33.093893447756486 0.964499593535933
31.33495155937952 0.939544778064017
30.615306594339913 0.9020143542219679
30.43196740088956 0.9150370056890487
31.481143504514336 0.9320064936108325
31.140301675112646 0.9387126477306185
33.16692425847719 0.9660034178023487
32.43049214782856 0.9425725024951155
31.733749712947528 0.9274956975412472
30.709018902532975 0.9381440995109008
34.72123851129669 0.9729768603615149
32.53794686409405 0.960585820683423
31.44446355790128 0.9117340158718373
29.436176947681627 0.9113007091220466
31.901162198630395 0.9527413511279738
31.491520002407846 0.9309815232950222
31.855718692525645 0.9521306185568756
31.031338993416906 0.9443780036111348
29.59673310468228 0.8699165240456469
30.291749590213204 0.8907335390318946
33.128131932721125 0.9553217126045451
29.516411590685948 0.8676091855552671
30.153005366989905 0.9449645403051469
30.915421155022926 0.9356886878026045
34.0081219673659 0.9673420667872535
29.649335187556538 0.8809182933230026
30.904092903123765 0.9411453399054096
30.784107117140405 0.8904436474052904
30.441197197614592 0.9453827213207665
31.795469195911934 0.9333624888118378
31.178393458462764 0.9381140491939319
29.111896015980527 0.8402819586428113
29.379760882758504 0.8645280337229803
31.212371659533922 0.9481222189691076
30.483137383570785 0.9465105819425337
31.770532104797404 0.9137918549036643
30.463810597062544 0.9489435301042796
32.23004504605884 0.9642683866053305
32.25151619727635 0.930577149814842
32.46216917769428 0.9425647127057531
30.696494834944055 0.9137404885729933
31.153182368836873 0.9388464316336343
30.239004336620788 0.9253767514996032
30.5877329327194 0.9150328852817835
34.82551375293531 0.9746965325750481
29.751845010853376 0.8848952972161405
33.24801809804904 0.9432875654272179
33.24877575641216 0.9177869716249689
33.21156721591497 0.9630308144601252
33.426669268897804 0.9256981027495993
30.30675602590406 0.8962452979024395
34.13278923372275 0.978011831530303
30.227035460965443 0.9313744994308247
31.065311431775704 0.9444590230165598
32.70321641724499 0.9713576360352644
30.495826471569877 0.9553320384239448
33.13886163263211 0.965463250151334
31.43302838766724 0.919212044458162
30.61874415080301 0.9222309985882465
30.671567348101657 0.9253378384034784
30.901412134649537 0.9135560579534103
34.848391143552995 0.9653442169081449
33.273141273956576 0.9611940706445916
29.163908494132087 0.8601490874827541
29.412833065100187 0.8483205291165815
32.26141888258066 0.9614820613641116
31.425695056659567 0.9184329182485532
33.96499866461723 0.9773260429493834
29.299577554649158 0.8864057222559373
29.410618687495287 0.8644022812485973
31.519636962871648 0.9126490607529826
33.14300770108674 0.964292042751806
30.80159354920866 0.8665593849058105
31.759028040811884 0.9319109138726565
30.654802767486483 0.8633752915360482
29.14056332694701 0.862556437957161
31.751713245821335 0.9113785597170895
29.488135441219896 0.8682201665352204
33.20716815406244 0.9410661067768573
32.42833624477148 0.9421266712551258
30.45172091035689 0.9149869052476137
32.23235071060007 0.9641942383939
30.448656012097977 0.904507287259383
31.82538849380327 0.9421168716813259
31.61734566831385 0.9380771729822012
31.834439099695956 0.9425459425776057
31.71743183799128 0.9114730573154299
31.50386793896186 0.9115415020504956
30.90953197524378 0.9417964896572748
31.406945679650352 0.9045705933745537
31.05039340425043 0.9485707602099422
31.512589705350535 0.9318980417367319
33.17167928981702 0.9573942430584611
31.75401584380603 0.9113497953408276
31.44576475613961 0.9368288301022094
33.4313995812638 0.9647042831439888
32.97720962323522 0.9417582845512705
31.308871864509364 0.9382644479579697
31.103176923536044 0.925216990368289
32.45318142485733 0.9631457964512073
32.61011501726315 0.9615079790439897
29.76143113210266 0.8820971415324718
30.59774543143691 0.9426062238227958
29.659322561180268 0.8808832161045924
33.471395594913965 0.9650672731848661
29.038079945994294 0.8558527126864129
29.461770683607135 0.8691998498163581
33.30156997436306 0.9483588436763263
31.040844166908926 0.9603030546463862
32.176310843286046 0.9233525342275535
29.44028992399877 0.9112065130759401
31.085806552503286 0.9482920911034135
35.078210859131886 0.9826381977083927
31.13374076402731 0.9384054470162977
32.6193266636842 0.9614111384551909
32.39753953936189 0.9722589734703481
31.10104501313557 0.9256346650358
31.30819539966339 0.9379037851248883
31.792287396560024 0.9485671413926555
33.38915392778516 0.9229819919122465
30.112026560220436 0.9230208443971266
31.761417212462746 0.9141779682997835
30.618116682361634 0.8650608143454611
30.94239699608709 0.9347821471957377
30.660050217579595 0.9371562976807332
29.704008923641073 0.8730967877360372
31.48121763158583 0.9486547630105907
32.39589326872948 0.9685211188609519
30.887256082222386 0.942928565087784
30.348350155438432 0.8976749880708378
29.35029262912202 0.8568986892562889
31.068182678402756 0.9480963165285577
29.873293017430317 0.8979690118777198
31.907093272936923 0.952626581405969
30.958063386065824 0.929649290822068
30.93117540164778 0.9148379378811667
31.445418895875413 0.962464675593979
29.86267781819712 0.9103974752958176
29.556757564733488 0.8838119786512997
32.66986759299675 0.9620083296982296
31.818016571981946 0.926673274416027
30.369416519999774 0.8566305372337264
32.1533219796813 0.9643419932957551
30.624196153560096 0.9186120846501566
32.3766541714479 0.9426979656384753
32.92244481495657 0.9374699923198846
32.35859753941419 0.9419287237047703
33.45570294710469 0.9222523717277917
30.84446461099222 0.9236569673204217
31.540504426508306 0.9343912498812511
31.82826007333494 0.9495728054276437
33.88542266997463 0.9750575686565599
29.498811282832868 0.9299379287104437
32.4488975217867 0.9561996225094085
32.409538354575915 0.9652037194167451
33.09354287261141 0.9373984480314514
30.797377545363585 0.9370628333136805
30.518338365823432 0.945531511571004
32.38082253376791 0.9354932057532734
29.098218669878904 0.8580710235882016
31.066297217406095 0.9443396570053494
30.452939480595166 0.9390585717929386
29.443399962685692 0.8444008022543831
29.469098031165608 0.8571684716481298
30.97391977733316 0.9316486047462829
34.08944630559536 0.9661626745713612
32.24434955497544 0.9701854032059993
32.201010066282045 0.9646170359137237
32.65806771642894 0.9709356555603526
32.6373565089963 0.9709260938871543
31.608488153312617 0.9383557075228092
33.50642134653256 0.951272185047223
32.38193783881495 0.935261204458992
29.704859308443776 0.8490635378793614
33.48857575384993 0.9287091530515486
29.73359844550457 0.8636887061315905
30.912387101407468 0.8717647791358366
33.59929752583409 0.951153277304841
30.474317299688572 0.8623278444546385
29.928656326441224 0.8811195805605424
31.590841389192374 0.937955695118367
33.09089947132143 0.9359776653908449
33.51031673787573 0.9648007434424583
29.536694349291572 0.897885620120512
29.401990019044966 0.8485252906502189
30.545873477779566 0.9490835598642511
31.14740847132216 0.946950218631884
33.21707473508257 0.9577097528298499
31.442940475062287 0.9310942109483916
31.575320626555193 0.9197649587778063
30.978847796324793 0.9157597953672922
34.12554306645576 0.9780986351385803
30.809642769354145 0.9219137490661166
33.16874829566957 0.967947288045821
30.80008751454795 0.911060096162587
31.80249759167343 0.9419008007745979
33.343665738912534 0.9237330073568365
33.10413753357951 0.9513271603635988
30.160290232439685 0.9122273416789406
29.200334123988057 0.851178130921065
30.90020881423218 0.913609430076253
33.42325243037008 0.963265335133086
29.415501752672487 0.8487935964868842
31.042618654202762 0.9267286084895654
30.28684457465527 0.9344356261379835
29.48146618364998 0.8449327340981075
29.157365757405405 0.8556852617337072
31.395651442122052 0.9415673700006854
31.364090887282646 0.9154782184332584
29.664637926064678 0.8789826833309313
30.85948287222736 0.8743572885214321
29.493721902384458 0.8658847065040346
29.710453429279156 0.8686463852436441
30.631985408237156 0.9161279124050449
29.387379374769903 0.855193869903245
30.959397059579366 0.9155932057785797
30.072928846069594 0.9214036627454255
32.72068312473232 0.9560360672550143
29.40126789411994 0.863776368825804
31.47983197346159 0.9318484669618476
31.405775047076055 0.9378061958376405
33.10881484313547 0.9641322916558304
35.88824774627217 0.9824938719990587
30.99932274779459 0.9614724699207619
30.52594311349447 0.941951503497569
29.460050929523966 0.8414794611032466
30.155639048389933 0.9140900980451885
30.984525989456575 0.9408436597362547
30.20962933760775 0.8898621306165587
29.214942219731206 0.8472883668623994
29.66433544433755 0.8717651751730235
31.464995775185443 0.9108130326615379
31.602488773947933 0.9655089758014156
31.426807627074428 0.9030229882108884
30.616592448427973 0.9200074033851023
31.18508800546995 0.9461943693214275
33.46875750155793 0.9643169967085019
30.88891850482579 0.925652703530831
30.86003028700165 0.9388852358807902
34.959171443125435 0.9754224725031636
30.444275079356096 0.8705005114350232
33.41447116077403 0.9750375589259896
31.040960266608725 0.8730140990222461
29.4356818779732 0.853750498925742
30.740835300282434 0.8626562194093848
30.954767382329457 0.9142847567106465
29.480485402628986 0.8663508007342039
30.096094549197336 0.9228222620494893
32.3389727702695 0.9409220078840917
31.77542260936614 0.9347211806330049
30.51878626715215 0.8596347386733126
31.806054337528003 0.9419782557663043
31.010953754011076 0.9459353614881955
31.78807922675308 0.9354011748800333
31.87945383499706 0.9522586133063872
30.363725240788963 0.9034400239349828
30.1781870726916 0.9458531537268495
32.60911615512554 0.9508672851259392
29.745878988773722 0.8683018163589732
32.26711372939362 0.9625449502213312
34.624797699320624 0.9661245622789613
30.406288896506393 0.9049700912199827
30.795789619422433 0.9238849489506599
29.201094121703576 0.8541624342696333
31.77430429412751 0.9336398985833031
29.475726898163977 0.9095251321324491
30.923850319643932 0.9429923860570137
30.867770537279196 0.9624708499008751
33.526888980362514 0.9506782338107511
29.683365478285314 0.8952257492265854
29.133638090650077 0.8367042038164295
31.618092765452314 0.9385289185627105
30.58608636420457 0.9152738481974568
32.64579698288945 0.9706661272723803
31.834418327514612 0.9419843818060624
30.262763859386695 0.9387358964058051
34.2423922409889 0.9695422770700708
33.87953285143372 0.9748561693725112
32.715916647798025 0.9709320539052323
31.716426495624294 0.9329615704289431
29.723748917303887 0.8772137540631255
31.040311710929526 0.9170172493708688
32.83233601827948 0.9621992433473427
32.702492955996824 0.9709702520882446
33.501841294938515 0.9292501124116923
30.742189351370396 0.8683531992502785
34.893514419841566 0.9751101115986277
31.02075270731543 0.9475353082099793
31.472692978133054 0.9321589968965717
31.77926124184964 0.9350670411242081
33.46381033313985 0.9645652979306433
34.74448180320509 0.9674118396665049
29.49410479175945 0.8608185384481865
30.724285329363813 0.9542841344471602
30.38970673768172 0.9439177073152358
30.414737631009082 0.9393972637531021
30.443130680384215 0.8635266736058553
32.971058026613285 0.9605354800398188
29.28856322672932 0.8736816132225398
32.613034421104445 0.9769344317214165
32.32446434682866 0.9724359669892219
29.18951056489096 0.8586305181097221
29.90061632006065 0.8714591159748777
30.507355246437346 0.910344861501954
31.461789656878185 0.9209549856412282
34.658286518815025 0.9648316586158661
34.04755270614635 0.9772474592627683
31.813041221630044 0.9420134596665861
35.27192178121495 0.9842331292217928
33.42404080449154 0.9641725605651266
32.15293835884371 0.9240132498363699
30.9773307390206 0.9162268721544392
33.232289807090396 0.9577461813803864
30.94129846096716 0.9551266634748167
31.40896922573283 0.9384987858536077
29.4347306616681 0.8665026907408235
29.8330463174478 0.8633232706773349
33.52928791820326 0.9310566772936907
30.779240565629053 0.8787258200783766
29.61695119790738 0.8795854931930396
29.465383103832757 0.8633870131763842
33.721750454251016 0.9543606719265819
30.954919235847733 0.9303316491056474
31.10618296255425 0.9382020194231067
29.38496597149601 0.8889497555374651
32.312785126419584 0.9352812902544065
32.58061901212968 0.9751506243116038
35.09988595418666 0.9770444350391312
30.486489546815005 0.9200465406563539
29.95860121665718 0.911611887709988
29.618638082717546 0.8756227066316579
31.686247652686788 0.9212998210728868
32.59652354292386 0.9765801801628684
29.5851498002355 0.8473686330596046
29.788960501194666 0.8996146877653431
34.93460922704646 0.9759311004430086
31.02324467844984 0.9617257535490189
31.77860265660086 0.934308217741909
30.89815991046099 0.9021643308523256
29.383787975039507 0.8477167360346496
33.40937114493991 0.9243400964408159
30.15864627378187 0.9254123195566217
33.51247528774404 0.9516665852879218
32.567707994962625 0.9605755014817055
33.66737257062663 0.9610646146366834
31.10269904911466 0.9212613570155637
33.92213625530624 0.9759990514391972
29.562292676476936 0.856967022789942
30.593767724152915 0.9171116387059645
29.42449182244173 0.8453999185013603
30.148261308228584 0.9436677492247011
29.5491916665542 0.893712375062833
31.493898373830138 0.9490332303754846
31.06101919300418 0.9318115825729527
32.628689832313576 0.9620427829971078
30.476875096582233 0.8710857754738822
30.967624496338765 0.9261796857643514
31.632646928313942 0.9186524697416129
31.12471681481002 0.9388603520515033
30.274897017528847 0.9360214038127304
32.148478730360985 0.9236518940707636
33.39364539269839 0.9269049968642911
33.39750283030077 0.9254044082400127
32.33877333097964 0.9334865975878667
30.545398621875318 0.9309617734880392
31.592434355529456 0.9643950097971642
31.969154156881388 0.9496255498196782
30.26143888947558 0.9359704048964621
31.758286920379064 0.9341870166034418
31.108944437977875 0.9615877345358311
33.17479199065893 0.9656766020672607
32.54120921565646 0.9705992126373119
33.09980375545556 0.9621999460882821
29.20381275014087 0.867199189236529
31.749587969214872 0.9329413279019946
30.365412396297238 0.9033333132259128
30.75738138798431 0.9173816884382631
29.136748273937588 0.8600371917867723
29.301062528417408 0.8286218331238668
31.075128457233273 0.9340231752659349
30.19059137902495 0.9305557006681994
31.384317632133865 0.9185999628873758
30.44086587845276 0.9105620958707706
29.582299237297192 0.8735006064445568
32.616396610330455 0.968302250355779
30.872917256922356 0.9143375411932033
30.894012658177928 0.9130996262682415
31.381379072749212 0.9173847746733939
29.780123843710314 0.9011943404522795
31.341714365965604 0.9380922113992619
33.129463909165004 0.965817568522307
30.473523730850435 0.914141784501208
30.520265164477767 0.9167974440450745
29.53628459468881 0.9064601885409189
33.09884885131304 0.9372748520400606
30.303937969203933 0.9342931074740384
31.124028320799077 0.9379135835730464
30.8173901464875 0.939119148127132
33.86820628512557 0.9641262037737046
29.056353939318264 0.8600162198355421
30.966192279141183 0.9488519185686831
29.42058517958322 0.8534073683273202
32.50665096979315 0.9564258493520865
31.87619572236433 0.9419364696320519
30.65022148170791 0.9211977983259044
29.82199179584837 0.8669855875438125
30.608050847350444 0.8669636766051697
31.785019762941737 0.9352248298395465
31.227001662854338 0.940546686145445
30.41883297829854 0.9143871644584146
30.480262899914663 0.8604769475166592
31.3787903074717 0.9440516288178343
32.88728195182123 0.957082100705955
30.845031478132682 0.9079711285088852
32.41752638892095 0.9423152005869535
31.355188844966886 0.9420101533503732
31.839046612533146 0.949569606359538
31.05384958912841 0.948754307667662
29.361074882589516 0.839400222633879
30.29659243409387 0.9422020449151286
29.5062718118475 0.8617196647213128
33.476468281928796 0.9771293135961665
30.367582252470726 0.9034962075293419
33.41708612051144 0.9641321500669731
31.471005891912395 0.9322921718814597
30.457030283403892 0.9396552872788209
31.344903063837933 0.9397612502805284
31.084047595455317 0.9209079951861897
29.421249977827685 0.8501139320096454
30.865900660260532 0.9326991077482384
31.476836423996268 0.9095703601558816
33.146678191254175 0.9555102229219096
30.528840312023316 0.8698571794300024
30.993008780746386 0.9290267217826612
31.449338010833458 0.9370858225381545
31.018509544820112 0.9339350171724844
29.16811030824844 0.8361173438053292
30.428087949805498 0.9057390734565125
30.53491622109929 0.914614282187111
30.430782830943194 0.9044458444602279
30.08577772355151 0.918447174777069
33.390648968644 0.9465193655313615
33.08608944158268 0.9369351030476109
32.72549309281887 0.9549407297825673
31.06448889868492 0.9190859938638739
29.532558510470675 0.8679287733873964
29.561203351892935 0.9361340107831767
30.823282494102088 0.9602635804811601
30.574692389692828 0.9131768760956205
31.41970251117412 0.939407356785571
30.977833248537273 0.9159417267637758
31.29843949631389 0.937962286046261
31.445376009896723 0.9320961598834786
31.12750804050922 0.9229072261708339
29.494215423561467 0.845912087909305
32.41565765039517 0.9426109469206847
31.602646947429236 0.9375377346001136
32.392514210821645 0.9357628350811623
33.26012488679757 0.9586743921033161
31.05569212740185 0.9215258568788415
30.353815934043894 0.8986141123957975
30.884583798766098 0.9133696887314104
30.935241732300113 0.9292382757583413
31.45769463367467 0.9207575360704233
33.424657787737445 0.9646169556791366
30.75898566906512 0.9306445083010746
29.62401985818908 0.852260158014033
29.790295974498804 0.901896716142132
31.520864879433223 0.9317181759177801
30.546532186637542 0.9534898610874887
29.44674171862519 0.8558461438193281
31.3300190967633 0.9199157486379046
30.644996841875752 0.953051334100676
29.396325309354367 0.865506871976914
33.34828129243523 0.924924134974292
29.173438739184732 0.8697474556194137
31.42525443801911 0.932879560912164
31.802849476520414 0.9147590751008111
29.59780935849503 0.9280278404169561
31.554737943993043 0.9409636504182632
30.232186093059074 0.9247257557430482
30.27489561378319 0.8984164693329525
31.10270414465459 0.9386963532530576
29.374874648126564 0.8560049896969597
29.201482393016658 0.8743238147067549
30.934642814803198 0.9350757102242359
32.356136990740445 0.9405119476549054
32.33538802357894 0.9334028698531153
34.71293409947354 0.9727437535008933
33.42073513230809 0.9647164389878095
30.10832187216294 0.9415891153197244
29.531274347141526 0.8797227071232284
30.482792786833866 0.9514673833411682
30.65384252008325 0.9148372032821335
30.364756467768814 0.903208805051416
31.434126339662967 0.9198591786200343
35.288317072422856 0.9779906299237815
32.567021827471756 0.9440898972588492
29.24880701781063 0.8711844455201635
29.39968495873595 0.8469225570743878
34.229873002842794 0.9697865757563598
31.89503706109875 0.9469868826481996
30.7363481730879 0.958709468715596
33.44632509017029 0.937935719224467
31.731274939519764 0.929513777975931
30.104153570133754 0.9184903294548351
30.345739933583687 0.8975403522995201
30.243863949363522 0.9219107040929718
29.342488000802625 0.8545468990707648
30.370348652470952 0.895763339479874
30.01216598547959 0.910273139323388
32.76383299982418 0.9557165814854639
33.486674107239466 0.9765559710112087
30.8408919833917 0.924753915307207
31.13992791007883 0.9249366159837626
29.225315871105053 0.8597414681433229
30.120477597405298 0.9429784389640076
30.19636153624908 0.9294288861147829
32.4095077568016 0.9419999508743677
29.917241863950224 0.885458228529839
30.616831389457502 0.9552043438579885
31.508595092573973 0.9119343045046593
29.413315752121942 0.8589969543609957
30.880464277443945 0.9226988433844516
31.175402958112638 0.9387528005601558
30.228497419528328 0.931460197188665
30.864528660175644 0.9310788974034904
30.968097341461313 0.915273127678925
32.728102981915775 0.947634857270852
30.15624706541181 0.9320535739162212
30.21370407760367 0.9434292549678254
29.527933319290895 0.897940108864211
32.63178961612285 0.9585057639783451
30.416444241254442 0.8552229271784404
32.47588772222986 0.9739150890185626
34.06487655646869 0.9778039863160412
30.844808723866688 0.9455392420338009
31.480249446379027 0.9317084399958204
31.386262667615426 0.9035850668395734
29.696487860729235 0.888418795784184
31.46299025137267 0.9619500429667049
32.52523770862592 0.9540495680917541
31.460236511200318 0.9185487925958492
30.94101725664242 0.91474960655229
32.224291182130884 0.9302136076454584
31.84510734139718 0.9500536164384465
30.478983428180353 0.9480685869585954
30.555837995997635 0.9517821250368292
29.649199060789616 0.8725307679967967
30.98510950882355 0.9620264441432478
31.114780370582636 0.9514431838234987
32.784636070154335 0.9474813761909919
32.849497033587134 0.9476578400142835
30.590673673019214 0.9079589190992118
29.378015249363628 0.8544439884721978
30.99750396529079 0.9596236965067302
33.38597574050348 0.9624797982289985
29.10665788987401 0.8516683770048014
31.57528306663243 0.963732593977488
29.469227850775887 0.8524756601278066
33.1104105734119 0.9673692981048937
29.64113691019285 0.8787424006654204
31.75822502888151 0.9110202353222737
30.661714076744595 0.9177880321753258
29.461454264462038 0.8664327179958792
33.136385837497265 0.965722473389468
29.158895163553797 0.843095467262502
30.494865048899555 0.9118072193648952
32.75873957524532 0.9464106338972282
31.686370049533533 0.9201128879230517
32.17484560213914 0.9638383849009851
30.79387137525046 0.8884450251168841
32.17062442763126 0.9642970217112693
31.03093856922436 0.932670914134076
31.077702215478013 0.9649105783283125
33.08695079478018 0.9544081619658388
30.81580919713418 0.8738413337758538
30.82406164729829 0.9597867127441357
30.571678276981487 0.9481106060356284
35.30093375857536 0.9711503369444057
34.95758322843583 0.9756191769038388
31.0278542016501 0.9434588097017331
33.64193205518618 0.929519246396492
29.621056530624603 0.8579991718439534
31.499674751305456 0.906735687459804
30.497078658467846 0.9349344807720713
29.537459880781807 0.8521934369392491
30.39395936040027 0.8983132382816476
29.42040395851165 0.84844464903245
32.360696777579804 0.9349182795691952
33.30086222024328 0.9491739169981734
30.45487746771025 0.9084298641032827
29.5299842567996 0.8690369087090952
31.863006554128546 0.9494470418886372
33.40942747929637 0.9496559900680361
32.591024265381435 0.9608163764493183
29.79618528029304 0.8658706840936401
30.584383137015458 0.8694964332249588
34.94326327801961 0.9668915068957642
30.431087674027705 0.9003069302086943
30.111033573133838 0.9121973872674072
33.368828131329565 0.9409989773657258
30.216301436109173 0.917744558433686
31.80290801589617 0.9483849854235195
33.374558453064665 0.9689383999217117
29.328333019726646 0.8553682891356209
31.168467226906746 0.9386602425622196
30.936503842050477 0.9136312695603174
30.683310952440415 0.9176733359016624
33.98994706881669 0.9776050801154312
31.608384151978022 0.9659550554180404
33.08097936999275 0.9362487225520549
33.05766207033087 0.9417643764335031
30.42451489029276 0.9026280094315148
34.87023156897375 0.9664088783611695
30.768434831877535 0.9305703876295899
29.47092616316634 0.8473740916026337
31.02777044963355 0.9590310191324309
30.826688967938757 0.9374230111736185
35.07253247709136 0.9768179434673256
31.097470496741842 0.8812509879246355
32.93599919730274 0.9617189045443678
30.76600204248067 0.9609414810421835
30.95955099241249 0.9366636336532387
33.048342088596335 0.9497699077304246
30.540221157707776 0.9552753902128821
31.13649443201075 0.8802520463597364
31.11824046910733 0.9141489207357893
30.960237182883805 0.9155346718469942
29.152954049646883 0.8479280074717743
30.250884136681716 0.9322786003522278
31.01830381065421 0.9403540740333848
30.64393942292358 0.8736169756681782
33.11747279463145 0.9570532854768299
30.570772797947047 0.8993546046882448
31.870894840763743 0.9423792699266006
30.58022888921135 0.9113124221433766
31.058116811887082 0.9184380669299812
30.85544430789666 0.9240567121895815
34.90283179184804 0.9750702974488872
32.1169952112128 0.922115839923792
30.915949091910917 0.9446215352819202
30.382040480971874 0.866280689198138
31.867645166078816 0.9353445171304732
32.77013577592082 0.9478424818920239
32.19014679990754 0.9588029320606222
29.2949568977808 0.8334674558378282
35.115649740925804 0.9696258753654196
30.102047086480415 0.9206354714346939
29.486758582872312 0.9182694865667937
35.135002023552346 0.9776291413044615
30.78574498742196 0.8699568737134319
33.17432854664275 0.9682849542002743
32.65837836203297 0.9545659005821939
30.334954123600994 0.8972609148742502
30.610346932324276 0.9146876198995016
33.084121977570675 0.9364362796315293
29.243620974755057 0.8618667512224069
32.886371365619674 0.9561377950277928
33.32337279773177 0.9216810296273947
31.550264401684768 0.9318592277328597
29.099476966526247 0.8597056414283754
31.442976601522126 0.9412985070703281
33.287278058064864 0.9612464786506649
30.822953088405797 0.8787642579061267
32.52906841052393 0.9425970862561049
30.48244110055128 0.9138512235820627
31.00742074649314 0.9376161328554873
29.7331304476152 0.8827030302823778
31.810378590841985 0.9503554222433721
29.416263685902475 0.8655048243166142
32.77700960604977 0.9557533003711755
32.21722014943113 0.9286869453972151
33.392764666888624 0.9630919857255851
32.65326707851045 0.9615950118975424
31.326451434277512 0.9378133058921218
32.70207071983473 0.9551560941153612
30.535550166030152 0.9333834737496459
33.30127596296009 0.9690995904586323
33.96534232085982 0.9765367599714174
32.41261108622285 0.9425798530653242
32.406629470383905 0.9356906107848245
29.738936072309098 0.8441158318758667
30.946136061384998 0.9586494880911918
33.3481659268751 0.924622269434996
32.66810628306923 0.9554706222726908
31.32689764170832 0.9393619367192428
29.8954165782578 0.9326035773468121
31.7749136476948 0.942576643941619
35.12902645342411 0.9832812315524971
34.25751884294942 0.9699404334127937
31.404536147503478 0.9166937399127014
31.34367093219844 0.9413271623197033
31.47685216027899 0.9316496873891187
30.153420997490116 0.9310882803319613
33.41239690070917 0.9253427032586599
32.59165201446318 0.9609662052276943
33.4662151600116 0.9651591092076987
30.90292939343501 0.934296270622919
32.270237672776744 0.9557757776695311
29.978579278449775 0.939320376871748
31.427733461432304 0.9183565446161508
30.91755851587775 0.9151454734884356
30.82392598229613 0.9219821230695661
30.45812783488545 0.9058854283695396
29.749117581535856 0.9083929766782728
30.68784701863447 0.8628377969635012
31.45505415649727 0.9189855187564837
31.51143099508313 0.9313470612406799
33.83991369768163 0.9629352100384952
35.04522599657661 0.9768838660400341
30.3406674184458 0.9373548560078564
32.52151673892048 0.944158748395901
31.139827407322226 0.8846695668143837
30.376938827627725 0.897748185618435
33.26561937361386 0.9437547459709723
31.097491137159757 0.92118504760817
35.124315940134814 0.9829089984453436
29.427404238778223 0.8519460563940949
33.17484946846233 0.9631411818951325
31.488465953594705 0.9313321736461628
30.974546949130122 0.9350183088677166
33.19854390766856 0.9628689819117949
31.305068824018637 0.9121753324947531
32.31556443590906 0.9550987311386441
32.5169634109669 0.9436358638525522
32.1669165847897 0.9227970724686781
30.763206960846485 0.8701889768278194
30.52656930404723 0.91968542155878
35.25766795038943 0.9840988498432561
33.17295948616857 0.9411583339215542
31.774181376330546 0.941894804920221
31.515506980011207 0.9314305971761997
33.17149330977671 0.9630293430558865
31.07226414183056 0.9191831661315457
30.47309124789869 0.8654280524600395
34.746605775599036 0.9728857993318194
30.091874033876856 0.935330680561657
29.513968233777355 0.8686212323542797
31.38756860806265 0.9379067638717398
33.5205990538904 0.9769746549326019
30.819183557472265 0.9261034904148463
33.06468877733862 0.9617463586899627
34.96352705247671 0.9760896761029155
34.118856593822315 0.9682115797174738
30.93725670592123 0.9411025016673742
30.216045461767077 0.8909576093704253
30.438178095911642 0.91497035676836
31.098085227395835 0.9611403768276932
36.06424352368897 0.9834955108766742
31.611397383133056 0.9237220899559118
29.50364550527029 0.8604298585494609
32.54105309662584 0.9444276126060686
29.167977217465268 0.8648175759364969
30.61493794002384 0.9208297591542688
34.65426294657644 0.9628812324558172
30.66716014724342 0.9392147961056073
30.70346072906618 0.9393770629919513
31.800391202571472 0.9422082363160365
31.881188792310766 0.952823978728077
31.026971130426524 0.9439821583010315
30.87726129207458 0.9236874579286257
30.180545094662566 0.9228880128902923
35.043467115278865 0.9818915137439471
30.422613396761584 0.9029128198778748
31.38207458166478 0.9026067640789974
30.158089847266535 0.9106675785349932
29.506113439932626 0.8549268471318047
33.08112312022024 0.9560169468353665
32.33107896088006 0.9336697716471484
30.109155697589568 0.908994579759445
30.53541079951073 0.9161593251374139
30.717410323893446 0.908300095136698
30.621810376908517 0.9200874952971239
31.616851074023764 0.9394289001322649
29.855537304345585 0.9032832997270249
32.392239154006376 0.9363354485653371
33.438985116214184 0.964660679192466
30.636842455477687 0.9138338377496307
35.19120506846686 0.9785147637231764
31.657924467106984 0.9380125417495557
30.695532800635288 0.8654667873246119
30.486818469269338 0.9178850753504325
31.304679420669295 0.9380662519273162
33.47696169449888 0.9250011896422621
31.33784242548215 0.9387143108223156
30.81377005269411 0.9010823137304502
31.46246279769956 0.9306942301103506
31.586139084915747 0.9435465785248522
29.0813718499213 0.8494063323342916
31.178517903292935 0.9389266484788337
30.969951621583377 0.8787404161671467
32.71179009246162 0.9539559847197171
29.747765491386552 0.874702286204979
33.13060121945147 0.9567215193275719
30.971435066609047 0.9614927277466018
30.718412456395857 0.8722002058002182
33.29300343213681 0.9205594468423082
33.53275951973985 0.965075084907807
30.453764402987076 0.9552278287282391
31.573978139933104 0.9391668368615155
30.583044243245322 0.9545223751596416
32.222804536920464 0.9644106409144172
32.39622994647371 0.9402128986625942
33.27724805535976 0.9616514280184039
30.70405623034035 0.9394934060507256
30.870779742243716 0.9246686387467341
31.082594223536347 0.9477662319580724
30.392960122135506 0.903309204995684
31.516643112322463 0.9332564534559971
30.945969769855193 0.9593347377682073
31.750142931843804 0.9267843231820405
32.374036559498926 0.9346565975278119
30.130489377061856 0.9235967278020378
30.185828111283122 0.9327005184919813
31.442779440430574 0.9106131317813109
31.416163587826308 0.9203602451485734
31.060412489665747 0.923950909691241
30.567256620798968 0.9237083600113343
30.53514052567448 0.9465347697013872
33.29473536627473 0.9382015684562975
30.14963606540632 0.9161748128107914
34.93394913762075 0.9756971816530196
33.19016472565703 0.9534046942861935
33.47885077486367 0.9765557598576428
31.228826197008715 0.9412816746803978
33.404560383837385 0.9757470847644255
33.10110509429983 0.9404706086309119
29.597206047052403 0.8701454502018569
29.602221643660293 0.860151718447824
34.07410170641529 0.9776762420135874
31.3552029464565 0.9400797634679027
31.348833735516386 0.9155253968288978
31.32225360671725 0.9366264089869525
30.388874437783482 0.9460849724847649
32.226780445763254 0.9288009152668687
32.452640973790295 0.9749763566625084
30.840508471918394 0.9398836776141741
29.58499950334836 0.9341376989279089
32.54226119421754 0.960643203562413
30.816074459601413 0.9217801037111163
33.41559545354976 0.9472840115935992
31.823078494857135 0.942809608804455
31.300443616164483 0.9085757958495836
30.70997617090841 0.9568412250101027
31.016290573497358 0.8774928633195423
30.201189511658747 0.931193696600208
29.63387160549759 0.8736483314226705
29.41532496641151 0.8428532677487238
30.966145918315835 0.9159057457202227
34.06307506934455 0.9452510515735023
31.007670001901978 0.9158739135240489
31.74946837732046 0.9119777966244654
32.49902491645293 0.9603692895240621
31.10990558481898 0.9271849136846299
33.116785860634664 0.96430337364442
30.6444053076645 0.9151178460016726
30.810895629852535 0.9257499984320242
31.409608100422606 0.9165044886555462
33.31256412004711 0.9235450456304867
30.764788777577227 0.88276714561196
30.725055744479597 0.9383643628600568
31.54422358254459 0.9310781066894405
29.487136370425215 0.8957209044755807
30.738880772245874 0.9608339045459885
31.82161578558744 0.9492333100275367
31.137421175075268 0.9463948956805518
30.94206443278675 0.9459660921030535
30.175427869954806 0.92892923877011
32.77550347840633 0.9576173673522366
32.60323897783438 0.961796943113214
31.339762866341836 0.9150513479935972
30.516626373263065 0.9444820702923247
30.493586189435877 0.9102473199634579
34.59028211275988 0.9634218750623391
30.31869737592619 0.8953353554624001
30.332869263156326 0.9002541995111267
32.88341637095788 0.9467811943664702
32.726424457669275 0.9543228330382805
31.102171410009444 0.9384110306669493
33.049524385880844 0.9599973459870806
33.14568573846899 0.9436763409299858
30.842399706279263 0.9248923328319325
30.975314134716022 0.9555178696309407
32.47694225207612 0.9430818607590894
29.26070451241546 0.8662321808129032
31.127306757230482 0.9442029296603169
31.048707721503988 0.9610223112324395
32.241044386759306 0.9623352308662234
29.483878252908298 0.914719405851985
31.30079975077357 0.9429566527678507
29.57551637512993 0.8638513139151897
32.41668539538527 0.9415476663467738
29.414593712076687 0.8562512942274638
30.950570392571038 0.915623517365064
30.908127988351538 0.9386812284984226
33.44036211400727 0.9489989815847208
30.779243456072194 0.9593239133655432
32.232075699209155 0.9644009451362392
29.659815162109716 0.8630635561009088
31.480030515118443 0.9204916401278956
31.313497741282212 0.9378706222526194
32.5832069425153 0.9608152453671448
35.47416202635241 0.9727895101061299
29.341378457320925 0.8576331269198421
31.838253819111838 0.9421574391447197
29.591592704469264 0.8576386473384298
32.419051703843 0.9645300677311517
32.39159996182157 0.9633087295939022
31.480210538183574 0.9309157951651779
29.38512856429313 0.9119178408497857
30.341817442353364 0.8951706475341017
31.128429450530103 0.9150932407869115
30.90210082280786 0.9142606341939391
31.11741665656819 0.9449778781816552
30.476023228732622 0.9493924975738425
31.094929364754297 0.9216119517994988
30.496984596497864 0.9128344337935587
32.13427745728549 0.9248113417478829
29.61290538582719 0.8566113351915872
29.634315098668132 0.898096356920531
30.975035942124162 0.9156913948757751
30.915102580091904 0.9285800252081755
30.698679794878807 0.9396202622919725
31.59169355984011 0.9655474231774979
32.229391122397224 0.9647377648930785
31.01730137780146 0.9416541076971329
31.887576249288134 0.952013702141243
30.933463197072697 0.9455835665613438
29.829092735705473 0.9091785543634789
31.36674580885909 0.938228624124828
32.56304815482877 0.9454814711489848
32.51127375765541 0.9421077834480668
31.126662827282345 0.925327591602432
30.51593780819895 0.9144839565662969
29.490194614950664 0.8720047616555698
31.292752668069596 0.943728673841208
30.884357660580427 0.9135564097382607
33.13233416976213 0.9647171973311108
31.07210700502877 0.9189236560539533
29.586248342988164 0.853771153251979
33.47064985248428 0.9650364082387455
31.283595303282627 0.9375631356553816
29.979197754421023 0.9341285898755114
30.133667652709633 0.9139327338245862
29.428707530990042 0.8574238660274891
30.643471805394693 0.9363904657271502
30.946657367889845 0.944423230162697
30.693673265583993 0.9572303764551616
29.959520353840098 0.8694375687415529
31.098433349440885 0.9252957815844417
31.086230116766075 0.9170103428240625
29.10292643631532 0.8584706022771875
31.577904518904617 0.9186578306199764
33.17421953500873 0.9439442728334188
29.17050936143324 0.8567390570230801
32.39772262399327 0.9647480805534953
34.85056387594439 0.9687934172483228
32.523144197284005 0.9436766568840083
31.124776849833253 0.884462143961412
30.885091037236776 0.9137673728915593
30.909347043187335 0.9138246784919186
31.018347122300277 0.9103746283038839
31.17616759305782 0.9407016466482714
31.433400755971597 0.9347278786881862
30.59846649906451 0.952869242158956
29.32365330491367 0.8854380671185516
30.982286036418166 0.9433065332621414
31.081489231099813 0.9370616037358502
30.914775353408082 0.9415236851368097
30.968841703439512 0.9148082068050002
32.21075866729295 0.9289999397020872
29.424184454808344 0.8507302225422558
30.755974762950977 0.9395308029897973
32.1464853424242 0.9226966244028609
30.616853917414918 0.876421117190582
33.336224379453895 0.945898260122763
29.752654819378375 0.8350834942470499
32.46579196597881 0.9555568813706544
33.369418713771324 0.9642034912762952
31.75843836074145 0.9237963850281665
31.437526435451822 0.9390591611594709
30.68623330359843 0.9167143210325006
31.377965932140267 0.9189997444975144
29.15136062378794 0.8370998903265588
30.571238163038114 0.9573632293129914
30.199424003382177 0.9172471125285946
29.422181327766374 0.909042286048398
32.220563987919526 0.9684799732087949
31.143995654856145 0.9388632540710198
32.444774386653954 0.94323210810667
32.430197766128025 0.9433406520539241
31.338477795643456 0.9367933259792891
33.41274719992107 0.9232782973729985
29.326567685856713 0.8820558328914778
33.126518400773485 0.9646799258108384
31.728131635116036 0.9325321808951124
29.26685377817811 0.8595678417060206
34.00476584175932 0.9770238596909945
30.657623205622684 0.9541801970991259
33.34652075818941 0.9635140794674147
30.637418463850672 0.9393967196838656
31.685721515052265 0.9199372939666549
29.146913146073324 0.8546817944796652
34.01601562593327 0.9767507303645133
30.050142862766048 0.914209641750413
32.62626522966187 0.9761468385810926
29.648543605322395 0.8772058899465264
31.442548614129052 0.9479117020399362
30.698042734458475 0.9266657301792464
30.73068061894807 0.9019807212483885
30.7109240796648 0.9063207893465005
30.98054125454371 0.9181544020622507
33.05941279521529 0.9623980645164089
33.06171352651926 0.9407652189860388
29.43648863718721 0.9223090444500307
31.447918041726588 0.9314625841701897
31.80421138656878 0.9148530473600817
31.61446239031114 0.9216230384125256
30.983641217313107 0.8723873865738673
29.674532432262353 0.8604998683996375
29.42544253012187 0.8467069492124196
31.09331274641587 0.9334288197893892
31.790610803402622 0.9107772331007786
30.946859462674325 0.9439735133449613
31.49468897523436 0.9324902296215848
32.18803279379391 0.9640496695674357
30.454450251196118 0.8546243439206098
33.16496808434504 0.9658074131859166
29.64972981723816 0.8663893701111788
30.552597499255867 0.8590373935055182
30.45759220096685 0.9010450610559548
29.191556660576545 0.852160709599262
30.717026683389136 0.8697458510617406
31.413966681510466 0.948105445518243
31.083936257348395 0.9187096885034577
29.439582056368778 0.9264307086717188
30.986791078140858 0.9333671272937355
30.933180593864712 0.9342726379134276
29.655467949580515 0.9012068346407417
30.850967083790056 0.9271243156226292
30.40928228358372 0.9050159474302394
31.762508487338025 0.9119125468932251
34.035140936925565 0.9670928030058857
29.8633127775032 0.9103803569488597
29.87091886089476 0.8981041534813173
30.240109645920224 0.9296631419319431
32.68035766351483 0.9455519601179917
29.888570742776658 0.8868619769147299
33.18526412872882 0.9574677716025974
32.169406826359946 0.9641738157820615
31.476070351973092 0.9310131322306017
32.217978738867025 0.9289908633032438
30.735604627829538 0.9381116263437242
32.051937675671404 0.94144052023669
30.19527097917097 0.9291970333835877
29.570111387497086 0.8698015371179108
30.879678704983768 0.9136078955579967
33.48899257033431 0.9291376121666336
30.594754065421853 0.8751740276258635
30.969740487430695 0.9143116070902201
31.443993164093538 0.9203382744516334
30.393745836855803 0.8665259165097353
33.06394255015276 0.9364692389504127
30.8789863034395 0.9133849360555953
30.551426944185224 0.9351654319933825
35.10105294554733 0.9773930810185855
31.679263797220333 0.9666854807369247
31.512281722658773 0.962172054403038
32.53239334326897 0.944228325745724
33.37725080557056 0.9234146293729092
33.03485930218536 0.9416595536155171
32.90869404109505 0.9566851850142981
30.972611308181605 0.9640662317039936
34.47913154053227 0.9819703966238181
33.17166743791019 0.9709760115798451
34.035409546939476 0.9401802990828568
36.49949947896088 0.9865468632662464
30.963937631480075 0.9669314446165612
31.207771281457806 0.9435862144414255
32.84415593805229 0.9707118499137376
31.090626964750363 0.9427321078435887
33.17498267391509 0.970918467195091
31.53111843565644 0.9480875419421091
30.83397931759455 0.9638134495109197
29.976521895342934 0.9370445359892913
32.716802446294466 0.968657209564861
34.487806920249525 0.9822503092547686
31.137000863458816 0.9683162793107422
31.260280791593935 0.9671278932848292
36.57097552210336 0.9868347320930406
36.51844246979173 0.9868257599629404
36.629387690065904 0.9843048401516147
30.029095164719738 0.9396640346755932
31.310986533658554 0.9685443673515388
31.293045469130423 0.9439699089934169
34.52746562147398 0.9501291054962151
33.163050095712386 0.9710851049455226
36.530381846545396 0.9865773404383675
31.54821002568614 0.9488943897722555
34.013279708955196 0.9423027037112369
34.512128517577985 0.9823566827983076
34.223722139736964 0.9763280873762457
31.180835763740184 0.9653648576575596
31.250016778049932 0.967667205646891
31.210738597122827 0.9672476038892193
33.14158736273344 0.971108999868524
34.364415722561745 0.9766411066690457
29.931899925043183 0.9375508058380184
34.26805757598328 0.9772119471472421
34.424292488381425 0.9828467519495642
29.956374991667673 0.940650720610065
31.47836496093881 0.9624300452483758
30.771147253118446 0.9093158534804557
32.22766944759104 0.9509244346949473
32.2443598645572 0.9519321574825628
30.047601453248483 0.9394548744364468
31.25350546877883 0.963232048535519
30.884245672695663 0.9634471103854504
36.503743678529325 0.9866676540654314
34.02008532799448 0.9430077917924526
30.634289865137866 0.9075494044305831
36.53617641689106 0.9843201415920849
34.5184422100671 0.949566751701861
34.92205191064079 0.9851000051443208
36.834841716134136 0.9840189180811428
30.901503214689562 0.9633437492844759
36.388207022271835 0.986383614539252
30.956280956185907 0.962131164082716
34.455157079755566 0.9825454291156404
36.5290218065953 0.986664933296087
30.66860515071072 0.9072397502669093
30.89193242597375 0.9626931420218724
34.66881380311537 0.9831722857399794
32.14770553577986 0.9507920809211504
30.800091475027294 0.9104171917300149
32.190027166591534 0.9511553466989974
34.505031378105 0.9500845351547317
33.25925966049106 0.9719948924913057
36.873205161435195 0.9841179655631028
31.46222815522504 0.9459848183197405
30.684062050094703 0.907847540200372
34.527451295596705 0.9501090836982704
31.3519503157789 0.9688673548072819
34.30817594233198 0.9780986418095958
31.53589318843448 0.9610430064676453
32.881207306016094 0.970312003037686
36.680492906504576 0.9839673833513691
29.981239787578488 0.9431515617853965
34.324194133816434 0.978525096015385
34.26458481643869 0.9822931801430187
31.265290100209803 0.9652537087546773
30.874837434160725 0.9627360537901475
34.02636936133557 0.9419460912484233
32.164237271869176 0.9507820474570546
34.39747955225187 0.977233241476625
34.44291355322221 0.9819326884790086
34.197246344699835 0.982185217515255
30.836297404245194 0.910526289061514
30.970953344528006 0.9661758999745943
32.84632889138389 0.9702641426549379
31.421675953524165 0.9663861741981326
30.852477240134913 0.9642741001095924
30.899671710771663 0.962742204125362
33.19647579084651 0.9710880160402521
29.957364767362293 0.9388629570273687
31.002962599462943 0.9625319855764489
32.16540533584897 0.9509358408449508
34.077614070085666 0.9428041351326277
32.13674258305821 0.9512951177612046
32.88857836168216 0.9711618241872952
34.04131203630104 0.9418559172450326
30.820228287593984 0.9647333780814978
34.56472722864465 0.9494296064595333
32.79972300440393 0.9701638821696887
33.20918435491181 0.9715084179929193
34.06912739929298 0.9425588675976676
30.705374319045752 0.9079625147217872
29.824759697131608 0.9353558898990653
32.77280590676626 0.9685456446335745
34.23713237467587 0.9775976658761035
31.178053557885246 0.9676638683490495
33.21358177842425 0.9710468014113216
34.56988871006048 0.9500216173631458
30.834824002303197 0.9636620851236949
34.6103419046281 0.984187085159139
34.05666843741338 0.9410185533882902
31.261574933543187 0.9667388487659533
34.63616613701101 0.9496114310995858
34.46037879193852 0.982974409852779
36.43708427833461 0.9865650251705064
31.17824395654178 0.968951610912501
32.24718192800785 0.9512028145238781
34.069347673602444 0.9420279965352003
32.72703093950406 0.9694318571878348
31.307396481686652 0.9680780169037038
36.737720625608546 0.9844728602835667
31.457578207562168 0.9643975365785269
31.381664628470443 0.9457724276921138
36.94098599343016 0.9846929140542362
36.50625584291617 0.9867148278172564
31.112473655604536 0.9622605733800962
34.425528004714735 0.981945318862548
34.327022538331356 0.9811229867653648
34.199029292444735 0.9822578718114189
33.22554297085149 0.9714527033312892
30.66305391210793 0.9075138597299676
29.77827290063344 0.9356509296219285
32.80593313522996 0.9695421410148324
31.139519632097414 0.9425084196799703
30.871611484337606 0.9632623721737908
34.47128560990093 0.9825933666340695
32.17505069889489 0.9508694623101838
34.39404373107094 0.9502080719395324
31.057741087644906 0.9648157077397602
34.4365610222802 0.982297657649431
34.461858979508484 0.9497742852208979
34.28250389817316 0.9778755202656455
34.33421808803511 0.9777901868004251
34.39341015943425 0.9813693600266766
31.119934605091398 0.956658588266064
34.734316456270726 0.9833672308389935
31.54916681479913 0.9482785112561792
36.73650022089645 0.9843531639714422
36.69873922286672 0.9835028539081799
30.752441258787595 0.9088276838857873
